0.14464538710843114,-0.393408487962808,0.8747092410611684,0.9999988934978561,-8.617500999194103e-05,-0.0014851184905984361,9.582108707913107e-05,0.9999788941656962,0.006496309834871279,0.0014845273263687205,-0.00649644495235873,0.999977795944289,3.4628906,-7.1585846,5.736369
0.2733128648911767,-0.5852302017091698,0.9277620983745732,0.9999971123256569,-0.0011433202090857055,-0.002113802083237324,0.0011663681054380132,0.9999395348171104,0.010934637405219924,0.0021011724798833723,-0.01093707130087913,0.9999379808495972,3.4606292,-7.1966567,5.6904345
0.4439641951812574,-0.7487258772695647,0.9947027944765303,0.9999899730947183,-0.0038523988148855604,-0.0022831411248131197,0.003886874938039006,0.9998754956504662,0.015293312294941188,0.0022239409256517555,-0.015302033234365402,0.9998804437859827,3.4446945,-7.232648,5.6539397
0.6215594227504366,-0.8175347887816754,1.1066170708996386,0.9999583515759036,-0.009044971310887407,-0.0012180343127101121,0.00906737618755926,0.9997617886779332,0.019853175780541216,0.001038172757781185,-0.019863393302379354,0.9998021643324444,3.4105926,-7.270105,5.6251802
0.8233653826281127,-0.8830754638911731,1.2504862777355104,0.9998676329385618,-0.016243140251784634,0.0009364809653124972,0.01621546739018646,0.9995708145272004,0.024397650762871124,-0.0013323735044419491,-0.024379235840979115,0.9997018943868491,3.3526657,-7.3158646,5.598256
1.121640614462392,-1.0112568132530015,1.363894552754388,0.9996688139857208,-0.025403332364701665,0.004114978633088009,0.025276992564825934,0.9992800513548417,0.02829227122630593,-0.004830734029110363,-0.028178886937450607,0.9995912236207892,3.2704957,-7.366557,5.5773177
1.49232924151403,-1.0602940610627911,1.410354645381503,0.9992352060212804,-0.03808311137542622,0.00887015645726099,0.03777363121066384,0.9987487055952409,0.03277462214872513,-0.010107216865694033,-0.03241449829625355,0.9994234060033977,3.1588013,-7.424713,5.5592775
1.7928889248826791,-0.9900813071768066,1.415540156390735,0.9984626286863775,-0.05330369565645658,0.015201813906662797,0.05268385038720094,0.9978644006682585,0.0386141138362153,-0.017227623895011826,-0.03775385951582986,0.9991385564908358,3.0113862,-7.4961805,5.535341
1.9733554319464022,-0.9797180927158458,1.440304780218244,0.9970224045125057,-0.07328613470085654,0.023988900781598557,0.07211138322317176,0.9963057225989723,0.04663534631779423,-0.02731800339963253,-0.04476661230367615,0.9986238917195553,2.823433,-7.5825167,5.5011077
2.109610461931096,-1.1609367136209947,1.5460545048170884,0.9947975387271808,-0.09608814965407465,0.033836732088062677,0.09411060392119666,0.9939935761275444,0.05585664550224502,-0.03900065604487733,-0.052381658175662704,0.9978652768359251,2.5923812,-7.6805663,5.4583483
2.2694757929104963,-1.4128290665483252,1.7400507439906978,0.991062279888988,-0.12503669593222694,0.046490666284672966,0.12175334826104141,0.9902428108977219,0.06778862480242674,-0.05451311372932734,-0.061522354764186604,0.9966159341972228,2.3112152,-7.789003,5.404999
2.3635858054826215,-1.5949797999446607,1.9808226605256838,0.9856777194201901,-0.15721505371818306,0.06101524664378239,0.15201229306932726,0.9849555464800906,0.08218779844910687,-0.07301846474979973,-0.07173561418496996,0.9947473576054815,1.9711761,-7.906955,5.332947
2.319903585200914,-1.776006055252603,2.1744475344481424,0.9770521927809455,-0.19806179139126656,0.07836159373588765,0.1896952392810368,0.9764475821442762,0.10279025011501501,-0.09687480981171576,-0.08556661799720465,0.9916116301801147,1.5640701,-8.035678,5.224257
2.2383080468385796,-2.1032128915115997,2.1974928487553083,0.9625288720165615,-0.25283185368646577,0.0980521508993621,0.2391529912624697,0.9618832676117921,0.13261382378422973,-0.12784372219526002,-0.10419516903353622,0.9863059106815361,1.0866807,-8.1677685,5.069194
2.136917243380836,-2.5172261797282074,2.095692768219259,0.9444762924838795,-0.3078426970758078,0.11487996689152258,0.28781194854293213,0.9437563639323947,0.16275198251642306,-0.15852070909450758,-0.12065156192191588,0.979956318105035,0.54464877,-8.285945,4.880165
1.9973846867605047,-2.9231302417058473,2.0296146433051514,0.9256159975662319,-0.35628413368239925,0.12765829834229872,0.3299754254071488,0.9249159180755879,0.1888035039869855,-0.18534088506543905,-0.13263544238466096,0.9736819787520897,-0.056744386,-8.379082,4.670911
1.995481176383788,-3.201063952763552,1.9696822662735842,0.8920900175299564,-0.42799760680531806,0.14489116326512846,0.39207117288450943,0.8925833047832051,0.22265497842010457,-0.2246232312481658,-0.1418206352799634,0.96407017970292,-0.7077637,-8.422022,4.474101
2.1031248383123744,-3.3078176090700624,1.6337353258452012,0.8641613042899664,-0.47803604911082404,0.15718389204488414,0.435775116942002,0.8671069996304587,0.24129960349335094,-0.2516451621272473,-0.14002495114220756,0.9576365309633784,-1.3900894,-8.393591,4.318097
2.288509053411407,-2.8302450860217228,0.8355497423636373,0.8214927838142736,-0.5424093451604658,0.17590255377244957,0.49265300825477754,0.8304655857815655,0.26003831311943215,-0.287128228494854,-0.12696067546715512,0.9494410815244568,-2.0837493,-8.291532,4.2081466
2.0702476640659686,-1.6957512020022847,-0.21113794159399563,0.7804151602974556,-0.5948053761190786,0.19276602947028323,0.5395067991777037,0.7964125371639997,0.2732388777041625,-0.3160452360326379,-0.1092411789932835,0.9424339624574399,-2.7707062,-8.134275,4.1249237
1.4520924181044967,-0.10461076761050647,-1.31942808914129,0.7305962014670678,-0.6496892404936211,0.2100787499694176,0.5889382992984061,0.7552748443453906,0.2875962258419737,-0.3455153687195299,-0.08639328843068711,0.9344278087111594,-3.4329803,-7.9411607,4.0486784
0.6653569072342918,1.5835901232871907,-2.489609768293149,0.6918163858094779,-0.6874842017906422,0.22080661360972584,0.6234065258648843,0.7229751676785434,0.29777711535518936,-0.3643547609605053,-0.06835480384337014,0.9287482053586683,-4.0456147,-7.7310686,3.9747665
-0.24718743319852843,3.2951306199327925,-3.717622795067925,0.6419510431945944,-0.7306828752025543,0.23238200022183317,0.663773753683072,0.6813075417273818,0.3085845710771629,-0.3838010709506374,-0.043847114741114586,0.9223742019733765,-4.5803666,-7.51651,3.9213226
-1.2010940113353028,5.020998794575133,-4.8212838297288885,0.6082246180066344,-0.7565095232022888,0.24032510346388916,0.6885959535809552,0.6534776809003499,0.31432870259814955,-0.3948397482050391,-0.025695561277122116,0.9183906093640303,-5.0104647,-7.318025,3.8994126
-2.1778244070697,6.602824008367305,-5.760547427054409,0.585723957490618,-0.7722183275917474,0.24618346848018305,0.7039938689406522,0.6352299312197662,0.3176091418339581,-0.4016467080849794,-0.01271963104559186,0.9157063573387285,-5.3174696,-7.161432,3.9015288
-3.191408643697298,7.873904824232899,-6.57562717012911,0.5735140857573617,-0.7799718672739251,0.2504505534015129,0.7117677295035564,0.6257969903822591,0.3190059969120636,-0.4055469056413202,-0.004691810922633995,0.9140621938550003,-5.48237,-7.071307,3.9142747
-4.318431986743837,9.371463414833336,-7.427928178656822,0.6108747926758513,-0.756404711727995,0.23384588888608798,0.6862361702423314,0.6531635564028144,0.32008949879426846,-0.39485681749765156,-0.03506109899756322,0.9180734246304645,-5.3217545,-7.1562777,3.901837
-3.3979591170691448,8.254823258260924,-6.141192529292324,0.6763118945476324,-0.7117380582011916,0.18981874986783973,0.638129470442569,0.6948245375032809,0.33167701312578024,-0.36795787835848653,-0.1031881707917614,0.9240991295107744,-4.53228,-7.6095324,3.6662307
-2.1044075129627777,6.328783844459458,-5.178943405197181,0.7175919947455232,-0.6774959580124891,0.16143406069934807,0.6033174228794077,0.7204925178943338,0.34190440024725294,-0.3479508820613779,-0.1479518791196095,0.9257647785143291,-3.925551,-7.903563,3.5189407
-0.6930511646433928,4.01269841201273,-3.8892018763132943,0.7715389583758339,-0.621521275099956,0.13579005967469743,0.5522962883127778,0.7603059520475266,0.3419117856948395,-0.3157474396163207,-0.18880191704331187,0.9298695556348254,-3.2118423,-8.180377,3.4344573
0.30913785873476995,1.8248851900068408,-2.284327794453289,0.8235484022816848,-0.5561539795889789,0.11162786429304117,0.4953764311632308,0.8010140638952016,0.3361229847690805,-0.27635162483196063,-0.22151573404486716,0.9351794261120688,-2.4269378,-8.420746,3.403064
0.9067289331903466,0.19543086881223448,-0.5892819471381043,0.8717432120149576,-0.48233556744219436,0.08611720319460427,0.43257901513569524,0.8402016562891271,0.3270115784391128,-0.2300851320056908,-0.24781762881043104,0.9410883353228319,-1.6006988,-8.616656,3.3974824
1.5592370993920541,-0.8918901429784145,1.0926341386035434,0.9109736322304518,-0.4082797296784878,0.0586063453434703,0.370326111134358,0.8721729688553533,0.31964493396602195,-0.18161941744472204,-0.2694846465602454,0.945723221918199,-0.78607637,-8.776373,3.384044
2.7322501916385216,-2.0476709726999895,2.9301649438297677,0.938994998246242,-0.3426901149053696,0.029186956242204038,0.31646349828740533,0.8941193797619801,0.31686178214759514,-0.134682023745699,-0.2882950222952129,0.9480225380229973,-0.043510437,-8.909886,3.3326538
4.524346828593054,-3.686084989512498,4.865182978994433,0.9524911649165672,-0.3043900583418791,0.010357274666055932,0.285460077220299,0.904077918632281,0.31804977810855994,-0.10617497383687685,-0.2999830152261138,0.9480174394527706,0.57801974,-9.0155,3.2517517
6.313256573796586,-5.5011534986006785,6.559790294394315,0.9637036037272746,-0.2669117517200791,-0.0057862731341212555,0.25456444407955053,0.9121598925222474,0.3211872884848842,-0.08045065551959829,-0.3110023267879547,0.9469980172940938,1.039711,-9.08855,3.1730895
7.548003737562448,-6.875353567952573,7.530074838162655,0.9716917156475631,-0.2359040285593988,-0.012825718355769254,0.22736417545632567,0.9190050013513399,0.3220797094048143,-0.06419300165096042,-0.3158782942854271,0.9466256713920073,1.3171585,-9.122833,3.1373641
8.256606516426846,-7.3477353673867185,7.668641067003652,0.972249213605905,-0.23370893901830964,-0.010564017495026501,0.22461810747462943,0.919900551304898,0.3214493451594845,-0.0654077398876839,-0.3149017426625036,0.9468678471840213,1.3935989,-9.127446,3.1398697
8.566395021024896,-7.121086285160407,7.149926669732027,0.9669144968682513,-0.25509243440155693,-0.002050769880744782,0.2419908133575263,0.9146502463559443,0.3238137938562437,-0.08072671179095042,-0.31359651903696006,0.9461186084478637,1.2525146,-9.118999,3.1352966
8.641240951307418,-6.660933489280378,6.17214561850784,0.9575442816492883,-0.2882244437794524,0.005968139473371065,0.27014992267673776,0.9043390491270438,0.3304389557872185,-0.10063780581123995,-0.3147976401309579,0.94380849636432,0.91346586,-9.107739,3.087567
8.768273860978045,-5.994787902653566,4.762774235605958,0.9381768938845915,-0.3455849131109457,0.019879225617719418,0.3187164734574618,0.8847907855319888,0.339948636391626,-0.135070075619654,-0.31259611908625334,0.9402338756949322,0.40641937,-9.079219,3.0346634
8.570359488253672,-5.211828983311335,3.2028484325442683,0.9166256944893232,-0.39839486281880093,0.03284614865634576,0.363650922000314,0.8651587524276216,0.3453380083718026,-0.1659980214649784,-0.3046011595143238,0.9379034014717301,-0.24849549,-9.010687,3.0186431
7.962961832882598,-3.881753791635165,1.3785512315172963,0.8793069926275122,-0.47298049595514036,0.05575538684638166,0.4266602716573506,0.8343406281835687,0.34905118356986575,-0.2116133864046317,-0.2831345379996545,0.9354435354878912,-0.99122775,-8.889676,3.0559356
6.372689457055603,-2.053603862549007,-0.6229667496633549,0.8377341667908612,-0.5398222267093987,0.08242226241573411,0.482784012159362,0.8026835605476196,0.35016952927104517,-0.2551882900811291,-0.2535568282991072,0.9330529842556455,-1.775528,-8.708875,3.142804
3.800834824482509,0.08538364796864184,-2.5792405335324027,0.7919813955695078,-0.6008652027705942,0.10828885986669005,0.5353077664848939,0.7686724697486014,0.3501260193009656,-0.29361720694252436,-0.21932542568074165,0.9304221049809767,-2.5574157,-8.47994,3.257216
1.0056218322370822,2.008630543239331,-4.2259165770416685,0.7369924740246278,-0.6626688223675558,0.13308690804529005,0.5908442494518803,0.7272597098010767,0.3492798124565724,-0.32824558812069754,-0.1787829588133365,0.9275189957716475,-3.2980285,-8.22654,3.3636765
-1.177636231923124,3.5272460020965672,-5.518140914178165,0.6909494312831239,-0.7073183843361487,0.14929697448249823,0.6333386011275993,0.6918632755020723,0.34670942348496947,-0.3485270430415165,-0.1450031420061112,0.9260145728211256,-3.9623399,-7.9670806,3.4563813
-2.7619108281853277,4.943242069437883,-6.485472718688753,0.6440480326866337,-0.7473522071724309,0.16329975513445327,0.6739068580560786,0.6553091570227074,0.34120295336818757,-0.36201060517263983,-0.10970226595966409,0.9256963511788591,-4.517241,-7.723593,3.5448182
-3.902715399440981,6.5188722795436735,-7.068025493057983,0.6118699441058679,-0.7717198401308786,0.17338875352298044,0.7004345661919881,0.630496814063349,0.3344625329381585,-0.3674324291394585,-0.08320009497793979,0.9263213018236912,-4.9218416,-7.5214767,3.6404572
-4.868801019002338,8.260438355895335,-7.239246770593951,0.5942673614246129,-0.7834854814432367,0.18165022299212197,0.7149923469244858,0.6180741647276417,0.3267572045657823,-0.3682828355827134,-0.0643026225272966,0.9274874261957773,-5.1528335,-7.384778,3.73965
-5.625234727167195,9.819431927099874,-7.211014356686383,0.593236918686347,-0.7833296712451084,0.18564639628756147,0.7170737679362157,0.6189923027058206,0.32039622427348424,-0.36588955935539713,-0.05694870795704018,0.9289142452437342,-5.2031646,-7.332324,3.8154495
-5.946967776323777,10.731312142105406,-7.196035841920213,0.607223448756735,-0.7729653244530952,0.1838594312867785,0.7072619582734568,0.6312948145753082,0.31819393374092336,-0.36202238281516763,-0.06317803640070467,0.9300259835388358,-5.070433,-7.377777,3.841977
-5.678653223379593,10.658485395509693,-7.050919602448175,0.640506376669019,-0.748915864509042,0.16993118999465182,0.6833930403550174,0.6567922982234201,0.31874414408538515,-0.35032204304132863,-0.08802786423100677,0.9324835447761405,-4.759511,-7.52381,3.7903962
-4.87879179563431,9.593884009234504,-6.400157879703014,0.6799742909515043,-0.7181389978532046,0.1480248067297959,0.6531031671812928,0.6849590750480887,0.3229354711502471,-0.33330349032490375,-0.12291234792185098,0.9347734153609494,-4.264366,-7.750853,3.6558197
-3.2551285122982856,7.795898747993209,-5.360088850932749,0.7371986067799616,-0.6655951865934537,0.11628096037317678,0.6020109339605704,0.7251665424677332,0.33423991544595044,-0.30679154087687144,-0.17639879044091872,0.9352873447114396,-3.6183121,-8.022426,3.4543152
-1.4741296539291247,5.33682277306081,-3.9526265541083028,0.7882240407687322,-0.6089000861892743,0.08912657624359695,0.5491148958243302,0.7613022551289694,0.34480676837814744,-0.2778051344702732,-0.2228442536262498,0.9344328471793533,-2.8644593,-8.298433,3.2510285
0.179662762575852,2.5342001635284483,-2.3803449745053205,0.8414575071866794,-0.5370628207466421,0.059268795928707305,0.4853932466167573,0.7995401380705799,0.3537357258645539,-0.2373660880117936,-0.26888490880995686,0.9334657176759296,-2.0460846,-8.558269,3.0682175
1.6362446730117906,-0.03313357701167524,-0.668377128612366,0.8819985420665019,-0.47026520806412775,0.030482878423255644,0.4295631548859526,0.828889220713206,0.35835479032640555,-0.19378871937497144,-0.30297408118493807,0.933087690612812,-1.2210861,-8.790985,2.903534
3.34326281630314,-1.908628433976672,1.1550718580924193,0.9174846309329352,-0.39773457354538516,-0.005400093381175197,0.37220528384819485,0.853647479375584,0.3643476466661993,-0.14030387976581216,-0.3362933094225684,0.9312473524044388,-0.45647278,-8.996223,2.7280517
5.432730153453331,-3.221505323999901,2.9363948806457194,0.9389176970822933,-0.34270999178465006,-0.03135952226433437,0.328871307857155,0.866679423977657,0.3751139012647787,-0.10137662932849228,-0.362514327419928,0.9264481320836426,0.19785614,-9.171336,2.528183
7.246771215488208,-4.653418779074988,4.7873067485370395,0.9537850054359882,-0.29625834610334273,-0.050250928046985784,0.291509377721829,0.8716717167969934,0.39396789315427105,-0.07291396372234422,-0.3904092858786724,0.9177494992611008,0.7062195,-9.316093,2.3005097
8.173868752125982,-6.478009754866016,6.629471094432156,0.9612531862916401,-0.26923155640325924,-0.05921723466059017,0.2689823602961488,0.8690279082188803,0.4152577327229817,-0.06033905612189753,-0.41509621026142485,0.9077743852593116,1.038675,-9.430692,2.0510101
8.46414148897798,-8.203778912169492,8.075107904138472,0.9631161242823768,-0.2615168083077734,-0.06337420705466747,0.2624817509884673,0.861191536484697,0.4352613788118081,-0.05925083581959615,-0.4358418250462468,0.8980708446414658,1.1532288,-9.496457,1.8416321
8.65989152946055,-9.232133337826552,8.305480134200298,0.9589102765117831,-0.2770726009481435,-0.06100701110467501,0.2748588189433765,0.8539719863433083,0.4417968720915962,-0.07031152998724499,-0.4404118757988897,0.895038361415954,1.0249145,-9.502927,1.7479721
8.825695930510628,-8.956865829785064,7.138349265428886,0.9475422053841942,-0.31489688107951536,-0.054806234153155234,0.30599387449046345,0.84413117030047,0.4402389306972691,-0.09236621563088618,-0.43391533922362524,0.8962064274465312,0.67693484,-9.4613695,1.762764
8.655853029258909,-7.262111970151908,5.137451575698354,0.9296983340374061,-0.36517349399918725,-0.04805545721868069,0.34839499604368207,0.8295497100183951,0.43642663225348766,-0.11950704757374626,-0.42248739376320266,0.8984556014024191,0.1487442,-9.387823,1.8160919
8.289181569131772,-4.484172161397732,2.7818006143739167,0.8915133721975363,-0.45158037814326496,-0.035764077912929765,0.42101682915456956,0.7968568949437278,0.4333173416207506,-0.16717875690890982,-0.40136548314052584,0.9005315164844392,-0.5106796,-9.289507,1.8775345
5.359502767118311,-0.05062582177320363,-1.3676665669044903,0.8193249164276821,-0.5732811527657461,-0.007443198529407266,0.5188563828529658,0.7358936666923865,0.43502708570245696,-0.24391542651810236,-0.3602904817027684,0.9003866022442133,-2.0234299,-8.977304,2.0626647
-0.19873465417374359,2.0423888073949388,-4.383257831526996,0.718573149777108,-0.6947715472858444,0.03074289351116671,0.6232215871957715,0.6629296757507358,0.41487238792453895,-0.30862190731150185,-0.27895652365746626,0.9093600916228686,-3.4771028,-8.518946,2.3788986
-2.4637156463365617,3.581290069877485,-5.704181077217791,0.6735274535979441,-0.7378169994917011,0.04457403404372981,0.6636923481098177,0.6302042022067323,0.4029331589500347,-0.3253816778958914,-0.24180309919858256,0.9141433284270112,-4.0902224,-8.285057,2.5508454
-4.013819717975386,5.43452480083122,-6.851840530729971,0.6328919655115013,-0.772038872085865,0.05834158019263293,0.696900867867725,0.6008811407367256,0.3914984483649257,-0.3373083757575556,-0.20711792461136058,0.9183274061839177,-4.573062,-8.079541,2.7092788
-4.841890195868993,7.11786112360061,-7.57285804539274,0.6088777047349676,-0.7903749997981071,0.06764096666088566,0.7152179031404544,0.5838556700101135,0.3841560979919678,-0.343119937782766,-0.18552605286369875,0.9207870503024935,-4.889749,-7.929759,2.8263335
-5.396332426511341,8.240609383632613,-7.643020094251783,0.5831874791096812,-0.8086226246954541,0.07760035464048658,0.733793676463043,0.5653704735986752,0.37670023621662607,-0.34848128298740244,-0.16274421161271713,0.9230791499075305,-5.027191,-7.850375,2.9123473
-5.353919610784837,8.831763785846757,-7.3705596488391505,0.5907237728541447,-0.8029042968079203,0.07993819082480645,0.7300747881902633,0.5740528102877459,0.37074812831582116,-0.34356400835056494,-0.16064887540260112,0.9252868263397964,-4.9815764,-7.8478394,2.9773438
-5.073327136818461,8.822399600053158,-6.814635571408838,0.615285076416829,-0.7843590566798825,0.07877274238581065,0.7144555196634615,0.5970819084972113,0.3647554043023107,-0.3331329841987282,-0.16814893621302832,0.9277652451397804,-4.752475,-7.919342,3.0202026
-4.664841488566356,8.187917478010869,-6.011064053126964,0.6536736610147185,-0.753323206614976,0.07221420408025495,0.6874658420181264,0.6309901357911769,0.3595026628448554,-0.3163881491995605,-0.18535262315263545,0.9303456046741521,-4.334665,-8.0557995,3.0352814
-4.0129350714480445,7.040369633101317,-4.952526860861767,0.7031321775380202,-0.7088255113981364,0.056316385731083246,0.6487444843906283,0.6719202520012612,0.35728667610659764,-0.2910940309992287,-0.21468481395229808,0.932295390836449,-3.756021,-8.244336,2.992714
-3.0798894139817556,5.467109688150437,-3.674520111645873,0.7570216885033171,-0.6524470078548681,0.03508653697383137,0.5999660210278727,0.7153883491639375,0.35813444890498836,-0.25876424936140013,-0.2500648152414223,0.9330105312539105,-3.0531082,-8.461901,2.8951004
-1.9118875277401353,3.4289345487595324,-2.216756036764164,0.8099033571201073,-0.5863764771923994,0.014804699288105981,0.5434640578718496,0.7596507124928076,0.3571800845660825,-0.22068840007359392,-0.28123552763582754,0.9339182020221873,-2.2721267,-8.671471,2.8024154
-0.5970391168983886,1.1321836307528252,-0.5705717360933228,0.8578228805114125,-0.5139276205712908,-0.004278607838338333,0.48310672558402185,0.8034818876323029,0.34788611346576814,-0.17535049862086954,-0.300491692165963,0.9375270372488725,-1.441829,-8.840317,2.7743363
0.6599515084338634,-0.831443968775005,1.0280788339078366,0.8983525241086334,-0.4384852327713934,-0.02633330721850603,0.4216773719190546,0.8440147936785458,0.3314019041333382,-0.1230891402158884,-0.3088198968544283,0.9431221208665047,-0.6019592,-8.957861,2.7985566
1.7591389179430124,-2.0011593683363444,2.2930434420188446,0.9289819619522297,-0.3665817854017479,-0.05109118298740883,0.36337226404745915,0.8770547542897715,0.31422214387075464,-0.07037834957151028,-0.3104718225368871,0.9479736996996352,0.21898651,-9.022517,2.8342056
2.7532433739043833,-2.5590645356782886,3.2795591112092155,0.9507145948664742,-0.30105439964696934,-0.0742159522008467,0.3090792336817343,0.901044382212239,0.30428448627966126,-0.02473431653770467,-0.31222631173071924,0.949685707931021,0.95975494,-9.058901,2.839601
3.497155071467736,-3.132864513327085,4.098099975537412,0.9650991194256668,-0.24579962482762469,-0.09036721816234679,0.2617388400295374,0.9168387091587447,0.3014955406106698,0.008744672880928409,-0.3146256916126315,0.9491755395465472,1.5886352,-9.073031,2.816899
3.791752597082775,-3.962385186960224,4.688054812714422,0.974902282614685,-0.1989505434170962,-0.0999210719854355,0.2202005303288941,0.9278440562541088,0.30102679900101403,0.03282172749186478,-0.315474386516505,0.9483663035222649,2.094197,-9.056967,2.793988
3.71252604224123,-4.694431830161047,4.865410061736964,0.9803694428851869,-0.16611102942084155,-0.10622090830781018,0.19087930969357636,0.934581536561182,0.3002039983908351,0.049404904492283644,-0.31458620030714785,0.9479423389576074,2.4616776,-9.02018,2.7822585
3.5537689631759797,-5.040259528631529,4.477183390715275,0.9831013615934788,-0.14535408864200222,-0.11128298049612323,0.17226547511410642,0.9402385964683562,0.2937277443397672,0.06193802480511272,-0.3079343609054847,0.9493893355504747,2.704239,-8.970789,2.8100448
3.47445377792487,-4.909341722036265,3.7475045799983313,0.9839213560460207,-0.13653780693813283,-0.11513553922696691,0.1642877117254461,0.9447744217561853,0.2835680513938114,0.07005935264171377,-0.2979240159366001,0.9520152140778173,2.850203,-8.914859,2.890599
3.499249378660747,-4.058518036119457,2.8288181961480108,0.9839725975345911,-0.13259227205343238,-0.119235970632765,0.16062433218378283,0.9494470546058329,0.2697222912753472,0.07744514969669063,-0.28455154171435776,0.955527429693381,2.9265747,-8.864802,2.9889894
3.296960808956144,-2.4650245700048363,1.7892582864879814,0.9841468634091589,-0.13305506841068127,-0.11726593713496955,0.16005504994450756,0.9511357401802322,0.26405148122868755,0.07640243601597335,-0.27863444245468205,0.9573533909945655,2.9390519,-8.839708,3.0521514
2.5175099321309244,-0.8716268363125943,0.7570923234598284,0.984856940869145,-0.13513160766328608,-0.10861056409118106,0.15977161253413727,0.9506394744714394,0.26600304773612593,0.06730407008577069,-0.2793278328183602,0.9578340795580869,2.9065902,-8.840716,3.0777068
1.2217802982861956,-0.1446001199123295,-0.015627430162384437,0.9852111928784391,-0.13798814323069172,-0.1015784315432599,0.16074222650552192,0.9496207297331162,0.2690397856808397,0.05933668380597382,-0.28138895143358184,0.9577574932967211,2.8372345,-8.861247,3.085794
-0.16905048816843218,-0.3493399622995261,-0.5081024698328598,0.9853382721566192,-0.14230746027001803,-0.09411204054160494,0.16281674050847342,0.9491518157776502,0.26944672871680364,0.050982334524851555,-0.2808191897956539,0.9584056470038708,2.7740645,-8.874382,3.1081283
-1.107738390977234,-0.7223656714713242,-0.817705874312604,0.9848801331623129,-0.14679895803428616,-0.09198472276542366,0.16629062134225284,0.9499619840531698,0.264423255609966,0.04856493133724616,-0.2757214078990127,0.9600099752973373,2.7321427,-8.872272,3.1527436
-1.3483971054913522,-0.7109777147368362,-0.982932299174985,0.9839121844462623,-0.15186859866805563,-0.09408901124352838,0.17142677092959946,0.950840457002985,0.2579055787202097,0.050295879620843566,-0.26988581671691575,0.9615778545849569,2.6992202,-8.866287,3.1998413
-1.0268012810320761,-0.4252325763529405,-0.99662741574164,0.9830194993185511,-0.1558385664804879,-0.09688655818435893,0.1757168755391835,0.9515669961323516,0.25227729093678086,0.05287951976192402,-0.26501809951201555,0.9627923780965382,2.6755662,-8.860956,3.2363846
-0.07071126073562951,0.08452199140236707,-0.7082976201682105,0.9820377304662514,-0.1608311844609766,-0.09866724910309935,0.18068810240536973,0.9522150469198051,0.2462484803377698,0.05434800446971701,-0.2596532967716636,0.9641713851208018,2.6379592,-8.861522,3.2675033
0.04629498788152996,0.06723464569781971,-0.4710261794032069,0.9818251701548394,-0.1628592030809857,-0.0974485260137209,0.18232479255401313,0.9519574447021073,0.24603799197760337,0.05269729851289033,-0.2593335756281112,0.9643490505420647,2.6148744,-8.871152,3.259999
-0.0755709671996547,-0.22828514257901633,-0.28856337891313516,0.9816939009346632,-0.16442750840246723,-0.09612845233457239,0.18357452773494778,0.9513573259857607,0.24742601128441358,0.05076886481471178,-0.26054334144971036,0.964126386731348,2.5975082,-8.881868,3.2448273
-0.13359479144321668,-0.6199717130287405,-0.23089984616594605,0.9811122208897316,-0.1661600128035327,-0.09904372855435381,0.186019891979425,0.9508738341939508,0.24745818077658868,0.05306043543716663,-0.26120834900597184,0.9638230068849738,2.588945,-8.890379,3.2284133
0.023921319611965225,-0.8575426338490804,-0.29083278136168145,0.9802363192155537,-0.1687258435307179,-0.10328769634177591,0.18959426341387048,0.9502991427727983,0.24695253496540057,0.056486934518480636,-0.26165459860306894,0.9635071858883935,2.5806687,-8.897771,3.2145782
0.2768904005213467,-0.9451898481144646,-0.47895020873150007,0.979245397140497,-0.1716540961773037,-0.10776513093159307,0.19364136025366346,0.949371563836736,0.2473795815690979,0.059845432392634255,-0.2631131031395889,0.9629070667400847,2.567241,-8.90941,3.1926117
0.4734724852177339,-1.0156100104925954,-0.6586883952832387,0.977999357051089,-0.1752097978254724,-0.11322007045402194,0.1985711037678252,0.948223466115267,0.24787451473835984,0.06392788402633252,-0.2649033504021926,0.962153543146627,2.5501099,-8.926676,3.157402
0.5479237815983017,-0.9581219963381771,-0.5793605502898898,0.9763851101666046,-0.17933882797850348,-0.12045622202378892,0.2045725783754705,0.9467352129801679,0.24868151656327184,0.06944189529210443,-0.26745096986680306,0.9610659716666418,2.5362396,-8.945374,3.1147964
0.5264496369833911,-0.6326429546073346,-0.24575334263372708,0.9747336718324675,-0.183142956649239,-0.12787856124374758,0.21046260747860596,0.944802099783944,0.25110651743265683,0.07483154314393219,-0.2716756331981688,0.9594751640751684,2.515036,-8.972557,3.048973
0.5187478018484996,-0.2886642460106105,0.14881275648042525,0.9718763071929633,-0.18997032642400719,-0.1391679510351619,0.2206866947150865,0.940953272607724,0.2567183700956071,0.08218166640254573,-0.28021101664133596,0.956414115255588,2.4809449,-9.007544,2.9635072
0.5797373446099742,-0.1738789201277178,0.5608227054962954,0.9692644695399955,-0.19640084777504682,-0.14816576892317,0.22976428175773048,0.9379337203278856,0.2597858947291913,0.08794750090653858,-0.28584443892637673,0.9542317296229248,2.4384751,-9.042007,2.885846
0.6691261395708917,-0.08078298069112083,1.011018153337309,0.9660704451780723,-0.20436329969471378,-0.15793522941804328,0.2404146597138297,0.9349981362865354,0.2607283577507235,0.09438583764593542,-0.28985190508015357,0.9524059989171005,2.3893325,-9.073061,2.8272674
0.7321917087128392,0.29315861309947583,1.4846223889656465,0.9628254958938081,-0.21289255166960333,-0.16626432539919078,0.2512198026902288,0.9319361274923056,0.26150270555183164,0.09927575329920829,-0.2935503631717234,0.9507746889187908,2.3313203,-9.10332,2.778192
0.7304265112617996,0.8459154405252057,1.9886433957160716,0.959705109038187,-0.22226733477990943,-0.1719399185059637,0.2622175512811324,0.9283205034766353,0.2635583400786504,0.10103494190688947,-0.298023949901216,0.9491963262671997,2.2580934,-9.13604,2.731421
0.6405320034784162,1.295327825753898,2.5685912753847684,0.9570081515043671,-0.23144975311454677,-0.1748325191073153,0.27222396148519656,0.9247766190596663,0.26586146699715524,0.10014745502258497,-0.30202519203501654,0.9480249314383615,2.1733384,-9.168942,2.6905563
0.5264021863707966,1.653358015453891,3.2735551766699853,0.9544932132317551,-0.24163853072736627,-0.174795670319488,0.2821969477575487,0.9213810484842492,0.2672486598102773,0.0964758444940641,-0.3044138366795861,0.9476416134104553,2.0768738,-9.197538,2.6678696
0.4925631135055573,2.037684409917676,3.9564504206307958,0.9529451063416517,-0.2516448160537683,-0.16902813627548308,0.29013490197774994,0.9186976480565575,0.2679857647519943,0.08784852277562577,-0.30441668483940715,0.9484793719620499,1.9679215,-9.217995,2.675377
0.5739959858234069,2.358918146451169,4.327079631207014,0.9524439282978534,-0.2618423559233964,-0.15584974845356406,0.29588985335826756,0.9169335044794732,0.2677352106888726,0.07279943769134978,-0.30111713502801135,0.9508042452915031,1.8427277,-9.228435,2.7195525
0.6867792354668816,2.4539668141900393,4.351887115845005,0.95311209748443,-0.2702030363869122,-0.1362631599373935,0.29779937371033877,0.9175017414098929,0.2636400719305474,0.05378533858367568,-0.29185762562781764,0.9549483042114538,1.7140259,-9.21781,2.8232408
0.6854024474958341,2.505696795552061,4.300304215868436,0.9549768982666776,-0.276419375500709,-0.10775645050183238,0.29529230301042103,0.9206882253937411,0.2552168634791317,0.028663209167109543,-0.27554585910356594,0.9608604997454728,1.5945221,-9.182665,2.9875672
0.4948138500244428,2.7438802344774764,4.325653059458106,0.9574306897014864,-0.2783165521737256,-0.07659223984103249,0.28865467003293943,0.9251318358327024,0.24659596062585637,0.002226181913317204,-0.25820724837801134,0.9660869841785181,1.484401,-9.125938,3.1902497
0.2877794024026367,2.937019917363943,4.369983185064115,0.9605664035358533,-0.27564044445808084,-0.036531216475063834,0.27626489014064376,0.9312574883624433,0.23756515073649204,-0.031462594835364656,-0.23828939495459275,0.9706844334686733,1.3857056,-9.052935,3.4078064
0.21906749655789215,2.8002475371361912,4.298720232515783,0.9635482293462971,-0.2675057807118058,0.003932811892647242,0.25955364886971805,0.9382666562119947,0.228664787842768,-0.06485917885720364,-0.21930877576269114,0.9734972767252297,1.3087295,-8.966324,3.6368651
0.3903338822607484,2.450043322347606,3.915712946910443,0.9662586704871673,-0.2527692041612615,0.04951677630918953,0.23646566794457446,0.9467454487855436,0.21853384883671065,-0.10211840966200941,-0.19945120864898921,0.9745722373311068,1.2608109,-8.869746,3.8740737
0.678268311447459,2.119582465637822,3.1600320466560134,0.9678828463907669,-0.23390418740080132,0.09215002321691304,0.21071281359493874,0.9546985104998803,0.21012107042420797,-0.13712368814107678,-0.1839553890639827,0.9733229212265101,1.242955,-8.771861,4.103035
0.9516634251333763,1.7536960473819163,2.215218300631823,0.9682508197942927,-0.21149917011355826,0.13326083824198381,0.18231798792061127,0.9621830686610792,0.2023953894300198,-0.17102777917127887,-0.1716736538413094,0.9701946481652608,1.2544174,-8.670674,4.3240175
1.1214896737569533,1.2064130214586035,1.215117481976037,0.9668597176227332,-0.18116874610140038,0.1798893322977626,0.14623530004434843,0.9705436684545142,0.19146859962874804,-0.20927857859663457,-0.15881710568733082,0.9648728431672595,1.2912887,-8.5584135,4.544873
1.1527012217152501,0.4987121303699611,0.16179949141407018,0.9633725962968662,-0.14548743093980032,0.2252701670056909,0.10635570657963761,0.9784339437243879,0.1770747905431144,-0.24617413426715015,-0.14663023292104083,0.9580698671868039,1.3555237,-8.430257,4.7678986
1.1555684222897313,-0.28303655727858357,-0.8982069329663893,0.9584965414282659,-0.11021834343674669,0.26293781934159205,0.06871818828434957,0.9843738704397438,0.16212925027395808,-0.27669873629810593,-0.13733171507535488,0.9510929551655255,1.4451523,-8.294505,4.9804063
1.1676787907168427,-0.9535751301850135,-2.0682405993746604,0.951835965400914,-0.0738384140360554,0.2975839101530022,0.03027192788561562,0.9884585123830169,0.14843644996981736,-0.30510966118987093,-0.13227871298963445,0.9430855935377276,1.5427597,-8.173393,5.1566286
1.1726581482518308,-1.6735979695392642,-3.4404715763609754,0.944220769332592,-0.04258718205343552,0.3265478076571878,-0.003530821547852615,0.990236542091155,0.1393525170441862,-0.32929420289486594,-0.13273252288757467,0.934851541854499,1.6318207,-8.077894,5.286348
1.0552794523694418,-2.523306832331558,-4.891723152305182,0.9350798193526529,-0.012898911652717445,0.35420241320124496,-0.036123103183127885,0.9906657115308438,0.13144036447571436,-0.352591623348926,-0.13570212258937933,0.9258855658605474,1.7053573,-8.00369,5.3813553
0.7920564056491677,-3.295166934119391,-6.1692839497766965,0.9273102638001581,0.008962472662561772,0.3741862487246881,-0.059581247552719395,0.9905005735201592,0.12393017710105099,-0.3695209731408254,-0.13721620873646492,0.919035343427579,1.7639542,-7.9371595,5.464139
0.4627310270153835,-3.817036874526269,-7.095891818610625,0.9212255620931059,0.024994749940787715,0.38822509736187677,-0.0757237758541025,0.9903673478522863,0.11592422558907516,-0.3815879630132986,-0.13619023013207154,0.9142444135459262,1.8037674,-7.875487,5.542894
0.2060666275688871,-4.089395813814513,-7.700571002078213,0.9166734276705615,0.035430811571963775,0.3980634178043193,-0.0846179140014252,0.9906860092551434,0.10668195581336999,-0.3905760305404713,-0.13147581016092041,0.9111336212157788,1.8139694,-7.8195724,5.622548
0.04646415331134804,-4.147869783135568,-8.156958117135986,0.914217413627843,0.03977335384027229,0.4032674062503864,-0.08574456233057517,0.9916246866350388,0.09658338825439823,-0.39604847007702915,-0.12287620266047525,0.9099709051224584,1.7934754,-7.773758,5.696448
-0.056344179057218266,-4.032224561582383,-8.54317406069081,0.9149492703193653,0.035498985933711175,0.402004545670493,-0.07877025903092917,0.9926736211526654,0.09162056624937012,-0.3958068708780348,-0.11549417243018388,0.9110422696562467,1.746875,-7.7512636,5.7421203
-0.2579799413430314,-3.7558066152053673,-8.879540316646061,0.9212204587180748,0.009777840359491807,0.38891806370643756,-0.049645226793820676,0.9944657775325497,0.09259140766384263,-0.38586036061747797,-0.10460502451835697,0.9166076428601626,1.5783112,-7.8226547,5.6852007
-0.2233939585398545,-3.8258234701671237,-8.695544282553326,0.9298274806289094,-0.02129815930632301,0.3673788843652529,-0.017543997005191457,0.9946230148420082,0.10206501122165482,-0.3675772904252614,-0.10134814629166722,0.9244541572229882,1.4700836,-7.8993654,5.5987077
-0.19152908137268201,-3.8853555109847377,-8.344152842961893,0.9398013211032806,-0.05837090597116097,0.3366991449181818,0.020840899436174933,0.9932595876262578,0.11402214039039986,-0.3410852294709049,-0.10014104515443556,0.9346831748309996,1.3612808,-7.9938917,5.4750915
-0.20760980111891258,-3.8511433599160356,-7.858600961696004,0.9489498986782616,-0.09669815235965494,0.3002391665468488,0.05979493046162322,0.9897388672765735,0.12977496250500503,-0.3097073717069176,-0.10519715743457514,0.9449946571161543,1.2593673,-8.115179,5.2909727
-0.13664753153801812,-3.869655182345921,-7.13021658211225,0.957618338999455,-0.14441793316116083,0.24921993779267276,0.10810999958770985,0.982178688482895,0.15374411168941116,-0.26698191849087893,-0.12028501349494566,0.9561653469601635,1.1568588,-8.27117,5.0254717
-0.011486681187647063,-4.10847562802597,-6.172182117796523,0.9619933012413748,-0.19967253717726666,0.1862787327203908,0.16664576326664163,0.9696718126954579,0.17878972355586775,-0.21632863414721581,-0.14095195479700973,0.9660923705769037,1.0429138,-8.448227,4.698827
0.0025873169115457895,-4.448234241716379,-5.105277437583947,0.9623499438184642,-0.24042880921179768,0.126793427801271,0.21326714065080188,0.9570934235969336,0.19618691400328453,-0.16852214202065569,-0.16175959386848776,0.9723343670982073,0.92357177,-8.627085,4.35038
0.02161286143170471,-4.479126417584995,-3.818669752066006,0.9585238556463324,-0.27833700773011627,0.061323146402761014,0.26047637393848755,0.9428256907196081,0.20792252292368804,-0.11568957073455821,-0.18332546753503615,0.9762211307774041,0.80742186,-8.799849,4.005496
0.20769684718343984,-3.9785851648791786,-2.026699557098189,0.9470935478582656,-0.32006140726718857,-0.023968879477152392,0.317530546045435,0.9234802192635962,0.21531055932524176,-0.04677781454205858,-0.21153009291116814,0.9762514306569087,0.6972168,-8.964734,3.6683946
0.5584217196310239,-2.9730901625147457,0.1908431246131479,0.9228289714221422,-0.3628901941540202,-0.12921840616107674,0.3834442566379079,0.8974549605640313,0.218048379517977,0.036840080827188315,-0.2507694174852088,0.9673455988935779,0.5934967,-9.119469,3.3287215
1.0149231275327164,-1.5702739667465018,2.40358456707921,0.898774258358491,-0.3876966767357489,-0.20468541560209147,0.42795416910733974,0.877211279677022,0.2176134185914287,0.09518435615053175,-0.2831813158657507,0.9543313264735419,0.49137267,-9.262898,2.9696412
1.5845435095357625,0.022249928826070686,4.498304923400871,0.8667817415500445,-0.40892170692124413,-0.2854337928909054,0.4733586816963371,0.854751500783154,0.21291179011894107,0.15691071020863456,-0.31966061615025754,0.9344496345465918,0.39084014,-9.388094,2.6177688
2.0819716523127854,1.6531253079815498,6.52260188261906,0.8398629403770678,-0.4213465330659958,-0.34219488665737235,0.5042265692173341,0.8390197062722358,0.20445414982868035,0.20096220608985968,-0.34425721715037033,0.9171156743635881,0.3034256,-9.488482,2.3161378
2.1404699031921197,3.4914063686896504,8.401278262796083,0.8036283888167448,-0.4354548912695874,-0.40566051121251,0.5393642854401728,0.821000818800189,0.18719995491727912,0.2515304758461987,-0.36923798991817086,0.8946483815006725,0.21998902,-9.558469,2.089354
1.9612107668697236,5.490989490021837,9.81606096819589,0.7702091337484831,-0.4476175103883899,-0.45433077673002864,0.566890834672957,0.8068800607131548,0.16607031398577618,0.29225446421604906,-0.385464825914422,0.875216656679107,0.14373168,-9.597776,1.9500396
1.7733214945677513,7.523507697453887,10.668326377641186,0.7496177505966946,-0.4545618425432393,-0.4810891386157532,0.5815688538086493,0.799383451379764,0.15087665803520028,0.31599192437473167,-0.3928862799384474,0.8635910344405395,0.09276275,-9.616287,1.8791153
1.598804166085407,9.359986592744793,11.164168149690267,0.7385289635542456,-0.45723988665126375,-0.49548628240005965,0.5883996286743547,0.79590585129914,0.1425473705252852,0.32918208785924863,-0.3968193063888532,0.8568393029674203,0.07384491,-9.625418,1.8413147
