0.1693543535493409,0.15130839993822406,-0.07535561713519365,0.9999969349982116,0.002433365606694558,0.00045686541404230515,-0.002433335198827007,0.9999970371841992,-6.710166555849918e-05,-0.00045702734331936023,6.59897531986534e-05,0.9999998933856743,0.0031860409999999997,0.021877442000000004,-0.11650269
0.1744977455627683,0.14926522484015686,-0.08112045889461107,0.9999868652650802,0.005008626986256686,0.0010876364424605568,-0.005009237139498715,0.9999872974546875,0.0005589924422903935,-0.0010848228420777847,-0.0005644333289347021,0.9999992522869297,-0.032266948927171094,0.03237250228593529,-0.1323097602043127
0.16999706214104854,0.15845290099408207,-0.07073328691907879,0.9999656238141118,0.008047974783097166,0.0019953175047753824,-0.008052128867235542,0.999965412196029,0.0020826983293916745,-0.0019784869874889272,-0.0020986932878462638,0.9999958405292113,-0.07449434841734028,0.04404490755712378,-0.1482005488138371
0.16696609819684793,0.18491740857238761,-0.04501754815106351,0.9999313775036639,0.011282132013321879,0.0031549613086486188,-0.011296287950957553,0.999926043776954,0.0045056470232432986,-0.003103894675104705,-0.004540977185913592,0.9999848725676017,-0.12453872360006356,0.05885445874965013,-0.1658672117075154
0.17102732730661763,0.20637032453319148,-0.019341272302598793,0.9998751033578125,0.01508683084090319,0.004707995367618882,-0.015124828637730105,0.999852459036416,0.008142463847725741,-0.004584456770746967,-0.008212654504494507,0.9999557665527544,-0.17678660326716705,0.07401540475117241,-0.18467477605008625
0.18204596515882218,0.21414847795820555,-0.020018393170400803,0.9997989845811507,0.018986605673018037,0.006441990027716923,-0.01906731201170363,0.999737450265798,0.012707011792300335,-0.0061990356627646005,-0.012827288920837362,0.9998985111579038,-0.23561562318481366,0.08698159142891941,-0.20128388068105232
0.19909978286209093,0.21451365169214776,-0.0437807609571262,0.9997002330873079,0.022996134142030934,0.008403676558719765,-0.02315035855717835,0.999556332798086,0.018740289803427117,-0.007968993904875044,-0.018929220210142712,0.9997890676329582,-0.31172110402112224,0.0975862266950761,-0.20772590695161727
0.21650342568065548,0.20350698501690714,-0.061037444597507595,0.9995679974294324,0.027357077265047495,0.010742850572736367,-0.02763896796386676,0.9992523943118148,0.027032201390152926,-0.009995297134466148,-0.02731744471248475,0.9995768360909401,-0.406167567067893,0.10907528375116882,-0.2151141561037384
0.22421255029964435,0.16788642851805774,-0.05980473266602269,0.9994383345833644,0.03090296243373814,0.012962340762744752,-0.03134605926286316,0.9988779513163352,0.035500182292073426,-0.011850735585591951,-0.03588656136913014,0.9992856022074871,-0.5090884691746038,0.1259995866262462,-0.21616567836157088
0.22239388547597935,0.13595137005536836,-0.04883312893922153,0.99925738040376,0.03506798049173112,0.01596635377430572,-0.035795123753694896,0.9982154970934891,0.04779676221101469,-0.014261725844805343,-0.048332785008006536,0.998729465405571,-0.6056413503325375,0.13845658582606923,-0.21004188793441994
0.18629514067066627,0.09487955459637344,-0.05745473711521506,0.9990584254972522,0.038967042483642286,0.019074381851813437,-0.04007750827555839,0.9972843920320702,0.061787011091706034,-0.016614926222325584,-0.062493287713978316,0.9979070764441571,-0.6931536099216306,0.14221981489854074,-0.20020973431203912
0.13949172886934652,0.0750120335541509,-0.11938668707262567,0.9988389379448006,0.042710496115728004,0.022284289686920186,-0.04432302541914796,0.9959877503869449,0.07774233400693752,-0.018874465899615778,-0.07863977747108046,0.9967244052075295,-0.800938321441233,0.1464973185495566,-0.19745653950599337
0.11543922843866593,0.08767614330882888,-0.21507838291578354,0.9985870151808234,0.04644655925913042,0.025820345567818787,-0.04873081265829486,0.9941578208881335,0.09630957929832235,-0.02119624990217992,-0.09743174174747037,0.9950164695572323,-0.9089768232762864,0.15509826311360875,-0.19581847008717587
0.10741655643311322,0.13234511462963178,-0.27207384242946975,0.9983307012733421,0.04968967671289497,0.02944056594640137,-0.05280899087554,0.9917383727780378,0.11690256815945807,-0.023388488146598045,-0.11826214942972071,0.9927069268593218,-1.0571188918102492,0.1652293099014494,-0.1837757824379735
0.11305815323375283,0.20957343471511133,-0.2509052788062862,0.9980216397511821,0.05298170154145339,0.0338488683730162,-0.05725604990226947,0.9883227370279626,0.14120875405988523,-0.025972126173077346,-0.14286744477076885,0.9894010015593885,-1.2178099883223859,0.19502538866761737,-0.19000773382019454
0.19592418638280462,0.42296694500349136,-0.2018871010573956,0.9976259361500582,0.05721656542232031,0.038324354684625,-0.06287558382541876,0.9837838415422848,0.1679762306962408,-0.028091857883243282,-0.16998711057482363,0.9850458008433366,-1.3605157710063078,0.1877956968832661,-0.24388147651173053
0.36533172773913203,0.7197460676954316,-0.24160350465198696,0.9971313378861286,0.061708311853430724,0.043831258864176624,-0.06922356576546818,0.9776846685317573,0.19834512058697326,-0.03061360723816495,-0.20081029148464186,0.9791516909476898,-1.5309382983890192,0.22564526091811318,-0.26774771064447545
0.4243995831949616,0.8398126152788288,-0.39689070230492973,0.9965624712746617,0.06665781820708774,0.04919325277728019,-0.07624920028480074,0.9701897759418037,0.23003881871093046,-0.03239290513163162,-0.2329989998473445,0.9719373260489947,-1.6104233662744845,0.20521088826992245,-0.2954090031255584
0.26917149144382035,0.7840836786818758,-0.5946840010696826,0.9959441442126088,0.07227420050888954,0.053588259436322484,-0.08387185058262339,0.9613685239878551,0.262175654409898,-0.03256953006200534,-0.26560685425307273,0.9635311228420838,-1.6916318923475486,0.14487966459539792,-0.33056058554561923
0.04153132545121817,0.7004993117806944,-0.7198810512700718,0.9951635915787286,0.0793711605023508,0.057876116634025386,-0.09309614230134017,0.9500629478384134,0.29784812141961214,-0.03134540292824231,-0.30179564944692877,0.9528572042494994,-1.8035009591848215,0.10146798094156423,-0.38538249383710976
-0.2167419815517328,0.7084622404624021,-0.49392667558081127,0.9932315069911356,0.09509505551454335,0.06669410721198263,-0.11311293438793511,0.9223803051187244,0.3693508315994954,-0.02639389312451269,-0.374394849251127,0.926893661247048,-1.8989756401747073,0.07452586376059374,-0.4397068637502116
-0.2704838236349223,0.6880864015777509,-0.23133544270355405,0.9920232809532832,0.10373636522281689,0.07161408085733857,-0.12395230784854434,0.9060946440589978,0.4045099768690719,-0.022926740407279236,-0.41016004502871295,0.9117253435307922,-1.90221466907802,0.05675628946451301,-0.48544232466446463
-0.19100770750953322,0.7781782274042776,0.08337060394759549,0.9908528091893279,0.11164593017794604,0.07580169388818521,-0.1335903318058351,0.8909732107996936,0.43395893916969946,-0.019087529164976132,-0.44011580738708456,0.8977381256905549,-2.0497274404737116,0.02775706110621158,-0.5552246902867192
0.21227337758458842,1.0107340924114028,0.3410496457167228,0.9886394901804876,0.12490278809497636,0.08361370690124248,-0.14984785840654416,0.8624538788173224,0.4834448533637802,-0.011729355763968169,-0.490482008272532,0.8713723783631805,-2.049727440473712,0.02775706110621154,-0.5552246902867193
0.6468610815370326,0.9157996062285703,0.45911074788240974,0.9871662129469694,0.12902251418376628,0.09410663552395515,-0.1592979760881574,0.8371558624625253,0.5232534918744849,-0.011270440548422272,-0.5315291645604451,0.8469650077727647,-2.778949128255335,0.4074986625573854,-0.5300590594002965
0.6304559891248042,0.413350184664423,0.5783516736046047,0.9850523496542131,0.13375900007630911,0.10853754345524842,-0.17196883530104465,0.7999575121597207,0.5748866831162746,-0.009929155347569257,-0.5849585529230389,0.8110024064306269,-2.778949128255335,0.4074986625573854,-0.5300590594002965
0.3548948960889484,-0.04709074872465202,0.7838327603598689,0.984046245393343,0.13568836005893845,0.1150723940473155,-0.17767406569370295,0.7829927268740959,0.5961160256545166,-0.009214841677124611,-0.6070511169636232,0.7946093556497322,-2.2749900977333914,0.34330765579416095,-0.46230104863073834
0.206195818796031,-0.21079515323366182,0.880112433120227,0.9822980380823507,0.13854458063006136,0.12607919557803804,-0.18713658622327914,0.7559336509459842,0.6273310238336466,-0.008394193008379448,-0.6398200641942348,0.7684789021035145,-1.9932606182367012,0.3295856041315575,-0.4458939057638026
0.1553255760834253,-0.16871875245531814,0.7319760020158254,0.9807812431506361,0.14038211469270045,0.13550282269494743,-0.19495788915686565,0.7325935297828224,0.6521488645821929,-0.0077184544691356535,-0.6660327184116032,0.7458825936203751,-1.743894469186621,0.3042294977233334,-0.39313908242914986
0.14492558384523463,-0.10253652320054821,0.4152821466119171,0.97924686496281,0.14159859270957956,0.14500143448660996,-0.20254800271238582,0.708679680510843,0.6758309086067845,-0.007062864697227462,-0.691175049443855,0.7226528675432988,-1.5649716191981937,0.2863053344830241,-0.3480351990895425
0.2032181423498899,-0.07927877755428128,0.07974236341404899,0.9779804706785578,0.1419212647270956,0.15301161259724122,-0.20859075985619624,0.6880543588069384,0.6950331605250115,-0.006640321826630294,-0.711645666005937,0.7025071901276203,-1.4600112649053174,0.2843360181754202,-0.3094985736313398
0.275161729182261,-0.10450186001305484,-0.1999025378544637,0.976690877079073,0.14177910903864144,0.16116331738556489,-0.2145513640663704,0.6676577244033566,0.7128820906866647,-0.0065301460757828025,-0.7308432439892562,0.6825141096764877,-1.3309219878004928,0.28258143726748763,-0.2903758035817189
0.17202067180995412,-0.4193037864503366,-0.4115055527206763,0.9755574947771916,0.14145017717748762,0.16816486482172038,-0.21962265679892823,0.6530859348671103,0.7247376423915979,-0.007311840030408256,-0.7439560531746542,0.6681885422095774,-0.9550770995840595,0.2531131967303186,-0.25731762706091105
-0.3159667800506487,-1.029376404975166,-0.49511694816450025,0.9747465016453132,0.14391228483278723,0.17075863610497277,-0.22322849227465094,0.6491131059320269,0.727200946055533,-0.006188518967399334,-0.7469547710413816,0.6648460515423901,-0.23122944262244347,-0.005052740780072548,-0.18315764618370786
-0.9161263456434934,-1.4019971109722174,-0.4703359796291624,0.9744624185750723,0.14847593644345036,0.1684573865464541,-0.2245311635616146,0.6541550980978459,0.722265092761836,-0.0029582722133732176,-0.7416441221568717,0.670787033786189,0.33259479478409715,-0.2329159730861019,-0.06467877406134431
-1.1121860914898578,-1.294892565441013,-0.477694615192492,0.9744712508257111,0.15270551379712075,0.16458070169412897,-0.22451216644362684,0.6619470453839805,0.7151366276636978,0.000261596948874332,-0.7338304539628857,0.6793326110261899,0.46066451593840224,-0.25026865191696873,0.00021295233110346645
-0.9015455659752609,-0.9246237866472471,-0.5416212207991151,0.9745234284069827,0.15511140710524673,0.16200166317581843,-0.2242737759074948,0.6664679759975163,0.711000499584893,0.0023153673781271663,-0.7292193691582823,0.6842760778503805,0.4047250879707419,-0.23240896428845878,0.01669442744915043
-0.5596409786123646,-0.5507683515084487,-0.49196186965842276,0.9747362942566191,0.15698048647910737,0.15889079118582325,-0.22331851865703384,0.6714274525377277,0.7066215501975042,0.00424215554902393,-0.7242529273972447,0.6895213566473616,0.30079332511286855,-0.1590434810519158,0.045619343644494464
-0.20790868040834798,-0.35937081363692275,-0.1834354200829865,0.9749656878626953,0.1568833381155648,0.15757387382475277,-0.2223161021345079,0.6744513586218809,0.7040532050809915,0.004178303739651027,-0.7214589268106777,0.692444625008414,0.18267546256061043,-0.038729023397279835,0.0482675459625403
0.07944340717059258,-0.38682189860555405,0.30805097467546,0.9752672249342816,0.15455471198518578,0.15800848386134836,-0.22102271728879377,0.6765262374724723,0.7024679412283642,0.0016728452599284469,-0.7200174241048023,0.6939539686277616,0.12210099363039448,0.09334606298983816,0.06288284583852519
0.21000628361541532,-0.5515743563607585,0.8532936404363696,0.975729167960467,0.15030200065957422,0.1592541973980735,-0.21896407595728315,0.6786486783316013,0.7010639805602213,-0.0027063317143963157,-0.7189195226146654,0.6950880489349187,0.12825502729997076,0.2010860308344909,0.10805923863643345
0.23750455043255547,-0.6944024008073864,1.3627967025346621,0.9764453180850009,0.14327452698532817,0.16132870391536774,-0.21555630660998876,0.6806411352775004,0.7001879202391414,-0.00948785911269986,-0.7184706360633565,0.6954925777060257,0.10202631924419425,0.32107418021125317,0.17211652216520326
0.4261474475905197,-0.31200645606200716,2.0762366832338426,0.9779988611633638,0.11704717368657545,0.17267943332993885,-0.20589068831609586,0.6748059257179732,0.708693154390976,-0.03357457412817673,-0.7286541852949807,0.68405835001425,-0.2575511499146532,0.6978687396072467,0.26343218848782
0.5589929382645573,0.02863608985501709,2.3908022440122365,0.9784186868452729,0.0956731419302317,0.1831489097569798,-0.1996090886379058,0.6667432484021487,0.718059644070946,-0.053414276791109334,-0.7391211609900955,0.6714512822324006,-0.5059554226577541,0.9604160658294569,0.2933781956614077
0.6126234019230532,0.15463342432897687,2.8686353128189728,0.97812698889791,0.07086380385286206,0.19556562809709546,-0.19332025683169746,0.656725054082536,0.7289303681688775,-0.07677806905643618,-0.7507932635844515,0.6560599084444745,-0.6606187096843749,1.2380908202937522,0.3415047506257517
0.6589434474787845,0.07170486054362946,3.4561169541642824,0.9769640137501133,0.04391182503570718,0.2088374187239981,-0.1871112847051067,0.6468376226125351,0.7393175617479721,-0.10261911602266674,-0.7613624902731915,0.6401534780283005,-0.7066161760270289,1.50548422647927,0.3935323001529989
0.5900898411829835,-0.34284341061602674,4.4350518328468915,0.9707972218987471,-0.021485497323673622,0.23893749676103584,-0.17269068122355177,0.6287648827527998,0.7581771896037245,-0.1665253211143013,-0.7772985884598086,0.6066928562346575,-0.5927016800422731,1.7467379480315364,0.45135027473723766
0.5847700741493392,-0.3260769333122382,4.502483510860519,0.9654066813084009,-0.05709216949017276,0.25442174409433976,-0.16448679438278513,0.6237536316076874,0.7641174657929862,-0.20232161070626045,-0.7795331238883473,0.5927850155006432,-0.33869125541134204,2.1627565395170367,0.5466694760065754
0.5923616240461985,-0.11250264495090967,4.32103513339303,0.9586668680813786,-0.09201667784311761,0.2692410946377936,-0.15665785047424918,0.6192243231060957,0.7694280704254194,-0.23752084945921925,-0.7798039296339255,0.579214707513248,-0.31383073755782187,2.384576633324789,0.5904638282041439
0.6715844895352452,0.09603220538242896,4.108179463918542,0.9447285388314186,-0.14750056734373806,0.2927995398745171,-0.14495425536820875,0.6131291733490222,0.7765699457479612,-0.29406844742015675,-0.77609032942153,0.5578597931472373,-0.2449308532958266,2.5934078037007193,0.5971274284611529
0.6030036801307415,0.10337197439452095,4.012513584562424,0.9294304911592423,-0.1945034284904896,0.3135719668735325,-0.13549029148289207,0.6105452934490389,0.7803055975456709,-0.34322200252514623,-0.7677257719737374,0.5411060857447055,-0.053593453835844546,2.731276135184731,0.5425563595339191
0.42053166200122805,-0.0432083819733009,3.9270867773007794,0.9094032534194704,-0.24338958654166346,0.33726433525227917,-0.12542260410116823,0.6126661386219565,0.7803264528173716,-0.3965537706926577,-0.7519319861191825,0.5266340239675895,0.2576779324812818,2.7683819900827684,0.4258367572573214
0.19738044454193804,-0.1947444287946083,3.6506651720112333,0.887751308308716,-0.28595381733014746,0.3607326280647219,-0.11605420783770477,0.6193021871417359,0.776528313614271,-0.4454537410768112,-0.7312285657410943,0.5166001831251074,0.5593051215720615,2.7289473682062146,0.2751702389457876
0.013959682389120043,-0.2828331525184824,3.0204376283562784,0.8645121884260408,-0.3231359552392994,0.38496990855702534,-0.1071735940383378,0.6298067041841884,0.7693226475969326,-0.49105243793685005,-0.7063474143764062,0.5098439304336577,0.8112085807863849,2.6350701736339315,0.0997674802305838
-0.19824298730358525,-0.3774446243881212,2.151845973719612,0.8373587841096358,-0.35820590380733147,0.41293921726085353,-0.09751943284644114,0.6453936127656368,0.7575995279952503,-0.5378849569301426,-0.6746522178714681,0.505493974276021,1.0319175835725185,2.4932680080407263,-0.08433593171218223
-0.41955675466561004,-0.38271731101344764,1.1351542344686287,0.8107009141467972,-0.38585175303695635,0.44032085174319907,-0.08891667472740031,0.6622223057149368,0.7440130662622886,-0.5786690355954511,-0.6423239389061405,0.502555573793715,1.1188343554445301,2.307740750530911,-0.24452692338513826
-0.7453071456762564,-0.3158625680346467,0.2262504115636897,0.7854604512326946,-0.406279307245996,0.4668929256832306,-0.08166911050349168,0.679742864347204,0.7288894256048891,-0.6134998255410514,-0.6106445470752778,0.500730667313604,1.1636713908864256,2.0937416672815328,-0.40760136092657917
-1.0341088790328503,-0.3064982784113285,-0.3416670352220281,0.7608121457239116,-0.41980120501929336,0.4949058770951583,-0.075428353037029,0.7002301198558243,0.7099213638177241,-0.6445738456353152,-0.5774467313190422,0.5010786664904563,1.2342147716768535,1.8114614647746077,-0.6151895067407509
-1.2569498461427409,-0.33628525172663926,-0.7560127759300848,0.7404713139300788,-0.42470124202326176,0.5208945078137825,-0.07156937291075496,0.7208050623413116,0.6894330184755422,-0.6682664574163695,-0.5477854663342535,0.5033398700333,1.2407893909422243,1.482981467394393,-0.8237121539308813
-1.4522678788856311,-0.3106823241265725,-1.2698987627677578,0.7142612891274621,-0.42912536484950453,0.5528853697619037,-0.06549306138918808,0.7455244735451754,0.6632525297765999,-0.696808058050313,-0.5099457623982845,0.5043945376867033,1.2407893909422245,1.4829814673943935,-0.823712153930881
-1.549568216251361,-0.24760232710610985,-1.9243865995636311,0.7034355908982964,-0.420561285186293,0.5729804314808835,-0.0662387653996511,0.7638543406581789,0.6419805076604639,-0.7076657370651025,-0.4895454541307794,0.5094648691754843,1.0845570461042655,0.7544488563523377,-1.1331779853274428
-1.494333775476535,-0.22440865533255727,-2.4740486143481997,0.6896898429407855,-0.4089571083638644,0.5975633891588258,-0.06656493081467772,0.7859424033037131,0.6147061482324858,-0.7210388550764458,-0.4637333524859395,0.5148342910706303,1.0845570461042655,0.7544488563523377,-1.1331779853274428
-1.2740263034195332,-0.308962443069533,-2.7592847567393526,0.6873716274977487,-0.3914683917501672,0.6117783454582509,-0.07005569830454587,0.8026526864194231,0.5923182118749548,-0.7229193902823182,-0.45000129249172105,0.5242960918313436,0.9868557330051873,0.06301292859568924,-1.33350743716703
-1.0337230163298567,-0.33933371935820866,-2.762953146259493,0.6894030215951199,-0.3654852196223401,0.6254150846063194,-0.07534780452344811,0.8225175946795447,0.5637264538728608,-0.7204485978673392,-0.43575837419398444,0.5395076062029148,0.9530650288995434,-0.2700595897130865,-1.3620062486474782
-0.8005440172680987,-0.3050552258885888,-2.5906588878444285,0.694767760006671,-0.34135718225844136,0.6330663739102649,-0.08052269353479105,0.8377444443971888,0.5400929009971763,-0.7147124285201811,-0.4262153446348701,0.5545508313189719,0.8942552451298005,-0.5703664060451226,-1.3509064745796253
-0.5061444404628659,-0.2886283466423555,-2.319252807498382,0.7047737163787153,-0.3085009160198269,0.6388436377680089,-0.08772151090402285,0.8556936336967023,0.5099934722872904,-0.7039878871304885,-0.4154703239292306,0.5760082158334979,0.9105622095745324,-0.8262234402791021,-1.4041511751967313
-0.17431359851132022,-0.4013456247284711,-2.0412177934900413,0.7137881112622335,-0.2823588949204653,0.6409212016152909,-0.09333075163141408,0.8686180998842273,0.4866127488603515,-0.6941151943450085,-0.40715605240841757,0.5936565050318104,1.0291323663579985,-1.0817477311855477,-1.5542658220720817
0.18984958798223917,-0.540659578565008,-1.9550136936567586,0.7303016349905002,-0.23656728613122918,0.6408552418937594,-0.10286845007443784,0.8893421289541015,0.44552066130165824,-0.6753351789367156,-0.39128825282633933,0.6251527007784771,1.1916749773855932,-1.3182057862218317,-1.7173256565076984
0.546441252147523,-0.6513380087048493,-2.058769131090406,0.7451133979867132,-0.19641697243822157,0.637358923275495,-0.11133833905374284,0.9056059599405496,0.4092451827168002,-0.6575787393137404,-0.3758965526023833,0.6529103945750859,1.3275738873382203,-1.5359635399923222,-1.840073299206579
0.9302657252730266,-0.7174333481867676,-2.1789328041236526,0.7638734395016784,-0.1454072499442044,0.6287718982966245,-0.1222425234908355,0.9240496463672409,0.36220024364868586,-0.6336829916247307,-0.35353780945216945,0.6880820324738119,1.459387646067555,-1.7044240831142736,-1.9235023731479737
1.3263473361975529,-0.7777121506817171,-2.2556036260402483,0.7832765156070363,-0.08961475176429792,0.6151805396505362,-0.1347754344877122,0.9415430985573912,0.3087590902590449,-0.6068883607033085,-0.32475496889988886,0.7254107304263441,1.597532737399265,-1.803613694112176,-2.000459694436778
1.6304675101713464,-0.7662953409460083,-2.391831058902702,0.7995597473556966,-0.03885358689627751,0.5993284651956634,-0.1469972298907696,0.9548934381872538,0.25801227899339113,-0.5823195212363531,-0.29439585678507174,0.7577829865435401,1.6722171603714804,-1.8008026892978517,-2.0040890271806893
1.814237110999891,-0.5300609849451953,-2.694021007297276,0.8128415426893814,0.006938100353936688,0.5824435502620204,-0.15911050721543832,0.9645455856247851,0.2105603470394754,-0.5603324664625398,-0.2638250860233288,0.7851266464799097,1.6463228844766593,-1.6979143050761178,-1.9299279004038348
2.0063428573432693,0.00869432149380378,-3.1446475397396774,0.8238763270489737,0.049681265274058445,0.5645879644564367,-0.1717380184103528,0.971201477668702,0.16514763942186078,-0.5401239216705537,-0.23302244882177353,0.8086820682965121,1.5163420549691033,-1.5175301929308334,-1.7762356201944252
2.3075248204538092,0.7712361993144708,-3.6138350971824154,0.8320051483159585,0.08553655215663798,0.5481340451211695,-0.18360035195550525,0.9748192616971993,0.12656349310105097,-0.5235058203473532,-0.20593908145196665,0.8267591854906507,1.3068210574245511,-1.2872844898923739,-1.5581270258709754
2.674951375929174,1.5824168558923135,-4.004308411498125,0.838030690337392,0.11432546661465934,0.5335112461194947,-0.19447632339621668,0.9761688469618212,0.09629819240004896,-0.5097877221853474,-0.18445614629110887,0.8402930491230468,0.9807260797966362,-1.0325362820638597,-1.249389027410887
2.9634087406333216,2.271970433368181,-4.301348218212747,0.8418855414298839,0.13413467695640474,0.5227204066890002,-0.2035052921224452,0.9760169446448301,0.07730795459929794,-0.4998142967237635,-0.17146081827627463,0.8489916705048166,0.5787235586866872,-0.7368774949140099,-0.8907809090582385
2.880546125540909,3.1615778820730727,-4.434633027138418,0.8455437126230456,0.15668583091308566,0.5103972770643609,-0.21765948215252315,0.974082005257976,0.06155157887247432,-0.48752454284141705,-0.16313735753552827,0.8577330719423097,0.15415046152177467,-0.40442481030282196,-0.5116631672086281
2.008643670430249,3.6409031881276492,-4.121242569728538,0.8418619859972896,0.15349944692367246,0.517403436717256,-0.22721779597023004,0.9704013732929263,0.08181227234120617,-0.4895308669809606,-0.18643791059043568,0.851821833347526,-0.5381268994422502,0.19841082780179478,0.042247997260683144
1.448527387870309,3.7620621073049594,-3.8259635416073703,0.8336201482051049,0.13663830632567772,0.5351704604618519,-0.24118426012999294,0.9617134298159911,0.13014388797446008,-0.49689797863550167,-0.23756525873117684,0.8346587007106199,-1.2800022614532072,0.5851313764431594,0.3226983282132534
1.220970633594851,3.294455918326932,-3.6935195104358347,0.8276766044884591,0.12519446286872696,0.5470628710207512,-0.25289240466301266,0.9534202782491271,0.16442385680646887,-0.5009958782726804,-0.27443782445276355,0.8207843873170457,-1.5775129842748254,0.683234209251357,0.3359312417771001
0.9594765840122204,2.6548767624976484,-3.4276477124995184,0.8238804184920734,0.12151013548852051,0.5535849916669427,-0.2637883853312504,0.9467153440168093,0.18478567359907574,-0.5016340735931509,-0.2982705891915821,0.8120331962633339,-1.9055987256432005,0.6574949692096727,0.1096133437547895
0.659387283952683,1.9456937001349845,-3.257458863173939,0.8176963796166818,0.11877671557054899,0.5632625698553436,-0.2845881584421021,0.9339534933296489,0.21619540321634184,-0.5003820648627458,-0.33708005597426904,0.7974928369760301,-1.982643222600129,0.5862663661386116,-0.05314289331073116
0.48004944472755734,1.349001560375275,-3.226328212367097,0.8118573018140405,0.11861215679360265,0.5716807481033425,-0.3073081757710893,0.9193522751871473,0.24566863701429026,-0.49643670955668856,-0.3751300446098439,0.7828333430785528,-2.046145564506887,0.4944506353282748,-0.1808902084439012
0.47635772140880456,0.8085260326240089,-3.3891321570942905,0.8060723991578991,0.1205911646071916,0.5794006026356128,-0.33378183033731146,0.9010888133362807,0.27681878588146047,-0.48870950170065586,-0.41652937651370114,0.7665939612654162,-2.069269756694618,0.3750073253141898,-0.264352889124125
0.5968310185421707,0.3174630690115978,-3.7357097507962784,0.8010090738302347,0.1242432384651912,0.5856176921314047,-0.3606722559955671,0.8809159838076094,0.30643523496383024,-0.4778074794273299,-0.45667345791927855,0.7504327854214188,-2.0616069482765846,0.2593200276953213,-0.3178640314227327
0.7640038682830715,-0.04516132202303469,-4.2307598706336496,0.7968489931538429,0.12759300632531334,0.5905520356806644,-0.3859318564110703,0.8595376390404932,0.33503977268347984,-0.46485297064428055,-0.49488894896689806,0.7341639080434459,-2.0824860332519664,0.19376391771870152,-0.2909342864626296
0.9502824523027065,-0.338070194950604,-4.783997625058841,0.7937214196911276,0.1289089393388176,0.5944651320994725,-0.4075809616061395,0.8381606683718547,0.3624423453884195,-0.45153523412876223,-0.5299709231203014,0.7178069050847158,-2.120445779113743,0.18722431466652284,-0.19362232175023833
1.1899545195453296,-0.726283374760941,-5.286628855387966,0.7911892807186159,0.12695060509921208,0.5982500028758083,-0.4283600263031635,0.8132142152174272,0.39394203638841946,-0.43649422669894844,-0.5679491033827285,0.6977869345475312,-2.1840344336880135,0.23563055873837507,-0.04215781989253628
1.409318192758947,-1.2294820545633804,-5.659589912732166,0.7892883679010995,0.12242013884048687,0.6016952566725919,-0.4459672645722013,0.7878671518579524,0.42470995979988957,-0.4220628759154348,-0.6035550187261399,0.6764497528600923,-2.2586181004317254,0.30274762184119675,0.0718653043443333
1.47265561041921,-1.6084388339865776,-5.809629885145132,0.7881949862565721,0.11566380161059431,0.6044588891206654,-0.46351362734275287,0.7576842188011231,0.45942327090308865,-0.40485031913976116,-0.642290050971299,0.6508146506615524,-2.3617273246178097,0.31244454766811036,0.16848142380848496
1.477037211851886,-2.02877558915631,-5.859950142209521,0.7880886666302993,0.10794819310991056,0.6060226407760556,-0.4784023170687052,0.726935563962082,0.4926417652518118,-0.38735962173692273,-0.6781680274470571,0.6245323450361836,-2.4596925365070383,0.3183994202568431,0.25608107457011964
1.509440001511639,-2.6664618068918613,-5.78452026398617,0.7884315377705164,0.0999406068328874,0.6069494092218021,-0.4920271576023629,0.6946434553142412,0.5247663729421206,-0.3691679650654414,-0.7123779510168483,0.5968523003846735,-2.5713912134909873,0.3269098400540017,0.2933075515490679
1.4484506037307376,-3.475396281807634,-5.4099464350202435,0.7893063175239713,0.09170523167842626,0.6071125823103617,-0.5089678071484933,0.6507884292823348,0.5634058853071052,-0.34343457659822585,-0.7537005843138473,0.5603464292754627,-2.6564913548542894,0.25536184069872314,0.25841292963256657
1.1916693826997389,-4.149570156492319,-4.651816265076083,0.7904907660799263,0.08309946891317557,0.6068103715401715,-0.5250290648432444,0.6021171462998723,0.6014976502044908,-0.31538679397241737,-0.7940714202123408,0.5195976807009005,-2.656491354854289,0.25536184069872303,0.2584129296325666
0.8264302817497906,-4.592571857188306,-3.5315045239494722,0.7919106357055804,0.08487704349572918,0.6047093785809917,-0.5367635226679965,0.5689096442572094,0.623078435996766,-0.2911399419341621,-0.8180083765821454,0.4960844989031752,-2.7447116270352687,-0.19481730706170772,0.06644397361841853
0.37866472487166913,-5.139805519063533,-1.782308685892867,0.7943167910997964,0.0945742859070161,0.6000971086600084,-0.5545332912969464,0.516288260457597,0.6526402232141701,-0.24810010927103401,-0.8511769126091497,0.462541024365251,-2.7172200176465733,-0.4733135270210651,-0.043508957761095424
-0.2742788290252024,-5.612030878033229,0.33871324256960866,0.7966681310293925,0.11023322211337645,0.5942798379085724,-0.5667058417000516,0.4780947801351988,0.6710215124647713,-0.21015322501729797,-0.8713633099631731,0.4433526858662875,-2.4726987391448185,-0.9360608206564872,-0.14705007671480996
-1.0898759494083996,-5.610909759744786,2.684008869998441,0.80033052753413,0.1401047634034199,0.5829594342393081,-0.5780985327897781,0.4381392773792424,0.688357508859966,-0.15897525934322976,-0.8879215218076792,0.43165059715872833,-2.09666110055966,-1.4920406259341494,-0.18210090095479237
-1.730618199923032,-4.870459010684318,4.785636157045891,0.8036447212378696,0.1705648174516335,0.5701427935826247,-0.5840323984796744,0.41003154248933166,0.7005571294975845,-0.11428613018466471,-0.8959809022582504,0.42913506409509855,-1.768120522926154,-1.882037446917926,-0.11877303560780272
-1.990998935950761,-3.7145859607624816,6.280952075399208,0.8065257844863948,0.203281600678068,0.5551511053617469,-0.5870756380109936,0.38609723517647265,0.7115273151770531,-0.06970189532997398,-0.8997808154294269,0.43073905090270603,-1.51549683799204,-2.0647669556531953,-0.043004846566493615
-1.9993232767684186,-2.5470920919093523,7.089133865480127,0.8084670796452889,0.2411908483399417,0.5368500310206558,-0.5881710580564028,0.3634649918507771,0.7224596917224679,-0.02087552621205765,-0.899844527891331,0.43571095697652196,-1.2863122436395904,-2.154594548326925,0.0028043386373073353
-2.031404332562327,-1.446059093449671,7.525746215090896,0.8094711703890469,0.2878830647067891,0.5117418933056143,-0.5860588422096389,0.34279471014816987,0.7341844592214732,0.035936858194400234,-0.8942120149883124,0.44619885082063715,-1.0003856559708137,-2.2323431686636965,0.10067643971241547
-2.0038252208581104,-0.4427251323021335,7.868464623965407,0.8093530108330803,0.3255259658176183,0.48885636892029527,-0.5819264873063106,0.33189728779567135,0.742432322656559,0.07943089592070754,-0.8853683052449886,0.45805425098000135,-0.7007519788625168,-2.248759327108628,0.21175019774140202
-1.8975322157785777,0.4500891714341839,8.030482787244914,0.8083615259793621,0.36276235278566243,0.4636325255174932,-0.5759465489909491,0.3243908029753914,0.7503706948238279,0.12180811147757556,-0.8735983529897424,0.4711567696975981,-0.5107538058158032,-2.0899430708387543,0.2829663493981983
-1.6829933878698897,1.184186237244627,7.881222155869916,0.8071833936674314,0.392583300303688,0.4408325320461208,-0.5693180750829225,0.3204008215870536,0.7571130978329552,0.15598685320053204,-0.8621030482772953,0.4821269913410684,-0.3715644644923388,-1.8052802018319303,0.33730032270886723
-1.4213177688194503,1.8506188333851,7.377794202310194,0.8068382291834265,0.41551849572699534,0.41994815351055986,-0.561724153017347,0.31942609863200777,0.7631729446394678,0.1829700736325393,-0.8516521280555277,0.4911319628505089,-0.25700734714420037,-1.5140359677225321,0.4228094776066022
-0.9846314137548047,2.5373667959120834,6.485398191134667,0.8073935281274567,0.43097606356549967,0.40295821541629523,-0.5536855285405968,0.3175040311860863,0.769820450277402,0.20383332951854985,-0.8446601818566863,0.4949759094776345,-0.3291529396772423,-1.088945974877083,0.4283322840959223
-0.4020515154790696,2.9969150234166797,5.20787976071009,0.8083358424796887,0.43992356118644804,0.39122937782800343,-0.5460369387473171,0.31180880230051516,0.7775724611451811,0.22008368246217336,-0.8421653822860158,0.4922607455332364,-0.5010121488275523,-0.642019037074418,0.3312328791390115
0.048045235313898926,2.901762542046799,3.798606699850866,0.809357112158317,0.44464752911595073,0.38370514702024855,-0.5393896108781632,0.30425444730212264,0.7851675483446707,0.23237881287986095,-0.842447509431869,0.48608875853756084,-0.5869231678163337,-0.376442408920069,0.25227409922053157
0.1240984229564186,2.424833876333045,2.744438302467874,0.8105842921987169,0.4479170604240643,0.37725775303069886,-0.5329546483247548,0.2972263104544476,0.7922221047172759,0.24271886632427747,-0.8432240671106944,0.47964645789952026,-0.515899744813979,-0.26498623465484317,0.22613793820556316
-0.7096404560218985,1.7967239088347782,2.0672305303830543,0.8143687529660596,0.4515448538675467,0.36456930635784796,-0.5213697261735669,0.2933140684046907,0.8013366745042845,0.2549061451244463,-0.842658947749102,0.47428762893013626,-0.2672197834819248,-0.20733561690088126,0.28006660254322824
-1.145033336603641,1.6074947222316576,1.9389038464976722,0.8164470544933047,0.4536536938736549,0.3572289647327,-0.5146140608203458,0.29107966648313033,0.8065017025190092,0.2618903885506317,-0.8423009876492235,0.4711077059335175,-0.2672197834819248,-0.20733561690088126,0.28006660254322824
-1.4863107829146789,1.3644297926128557,1.944888322915158,0.8188227569583257,0.4539518511394315,0.35136449669004943,-0.5088925622632728,0.29079845436916646,0.8102250422010061,0.26562690518900406,-0.8422374818206483,0.4691251127962825,-0.19004456573207645,-0.1294465556652983,0.31904518033937923
-1.7056178226831267,1.1645262588854943,2.163204937431708,0.8229167544041935,0.45081196575024723,0.3457984772338768,-0.5028398505064126,0.2945412936036685,0.812648454809928,0.26449971656611965,-0.8426232835013967,0.46906918683470034,0.02600020355610247,0.07065075367956142,0.47381015345183425
-1.708251976015482,1.0581756869482173,2.541943155934525,0.8296410728001117,0.44551160265499484,0.3364745194258547,-0.49267536247686744,0.3007317390649182,0.816597457948085,0.26261507483647606,-0.8432554968802561,0.4689919929485622,0.02600020355610247,0.07065075367956143,0.4738101534518343
-1.49669038637265,1.000793902796554,3.0614866777654517,0.8362239353709658,0.43611028932803286,0.3324715708972969,-0.48595350281970556,0.30835532787244146,0.8177812573481583,0.25412344049684604,-0.8454139857578051,0.46978342848077076,0.23342760109606725,0.43704782519016283,0.5269181153707833
-1.1760182644769837,1.0241300940227398,3.7329228022113945,0.8443239470200659,0.4241557748731467,0.327427780022129,-0.4773580846001983,0.31783557556065306,0.8192129185839635,0.2434056933501927,-0.8479813827848985,0.47083037592632354,0.23342760109606725,0.4370478251901628,0.5269181153707833
-0.7859169763331053,1.06558577015022,4.581451491322961,0.8529848269701614,0.4019795505601807,0.3329103871766711,-0.47167470471809375,0.32058490101647613,0.8214306386843337,0.22347227543430073,-0.8576932797752882,0.4630576421359709,-0.0010548058599081298,1.4124009478302073,0.4022428877612524
-0.44355959299949,0.9373041497463777,5.6913357676682566,0.8657453100688933,0.36239255338317466,0.3451908100545852,-0.46390420131559934,0.3222145778879859,0.8252094629839143,0.18782425321414883,-0.8745566894426509,0.4470711876822947,-0.09153000461312229,2.0408271482108495,0.41209262975263494
-0.20028720409655154,0.548143976014901,6.878779945659906,0.8792037096995229,0.3135453573800665,0.35873408775303967,-0.4541823800509704,0.32408596371538456,0.8298714682249918,0.14394166353712218,-0.8925567752182917,0.42734435822892225,-0.10265901541084542,2.6372027423105826,0.5527656371872145
0.07515998599350526,0.06695008534960456,7.744674500177361,0.8923958536961041,0.2528209942567186,0.37377959437220226,-0.44227352931487574,0.3256042690754948,0.835688928505801,0.08957547417327245,-0.9110781551671931,0.4023839330835375,-0.10265901541084549,2.6372027423105826,0.5527656371872143
0.284985676618319,-0.29303067795583937,8.139365305484798,0.9023712301517044,0.19509973734933017,0.384268467976133,-0.42932739868116665,0.329435666127049,0.8409221882107092,0.03747195933179523,-0.923800971188951,0.3810349300184786,0.041709191954070066,3.7440012941316083,0.9382552191870256
0.7164653890329261,-0.5330925213420112,8.225758616097199,0.9129759207382587,0.09985896494556844,0.3956047968264924,-0.404929817869518,0.3407367709610581,0.848487062668128,-0.05006806119961973,-0.934840435601194,0.3515203396856013,0.34846262697449915,4.091961299927022,1.182651022979806
0.9406680875024716,-0.8919467162159886,8.140041781085136,0.9160133377465614,0.02308311701945852,0.40048312670956815,-0.3816711177955246,0.35745141971858413,0.8523823322792893,-0.12347762109435113,-0.9336464278568378,0.3362404271336894,0.9374059407678632,4.207805946116626,1.3719655772748132
1.3917073204694417,-1.6310314060076943,7.682687380485934,0.910221411634102,-0.08515313728181861,0.4052726551519216,-0.3468889071815345,0.3777600448947449,0.8584669094120743,-0.22619696699386746,-0.9219795505824318,0.31430660258828774,0.9374059407678633,4.207805946116627,1.3719655772748136
1.403244757478767,-2.83354827723186,6.807941543759049,0.9007994827350161,-0.14713631713634218,0.4085476668442536,-0.31837534175692367,0.41601195568058685,0.851804669212357,-0.29529211582006537,-0.8973767084732954,0.3278987792355175,2.894891780079259,3.9076013366675975,1.2178015862672213
1.4017086466507953,-4.088069269543385,5.353903222865552,0.8796598580266638,-0.22633769101147433,0.4182938964461542,-0.270241800864083,0.48586130669474875,0.8312088544539249,-0.39136671197516054,-0.8442215587655082,0.3662267828453933,3.813993516120795,3.5932942496389937,0.9610405646157825
1.0376478843139434,-4.667009483202534,3.624659356975157,0.8565747904685969,-0.2825837820168794,0.4317708124395604,-0.2234602646900583,0.5510737510566693,0.8039796210109922,-0.46512916317763786,-0.785152295441698,0.40888963611750107,4.420851009251948,3.2177378998764756,0.6571782385025285
0.32365782374354524,-4.524453825175827,1.6367279476738752,0.8280435336377427,-0.33140177398040344,0.45223530446368715,-0.1666727868368635,0.6246395377048224,0.7629191504110621,-0.5353168113638455,-0.7071055876872604,0.4619930728189535,4.676301775057358,2.7550483467461095,0.32814149793826536
-0.6042629484663854,-3.7818944985464755,-0.19634474879320551,0.8048303650852021,-0.35880642155362885,0.4727642491651643,-0.12082084103281512,0.6808325611388348,0.7224052519640588,-0.5810769379427688,-0.6385334568720833,0.504603425123178,4.550899358066664,2.2659218642501195,-0.038108883847540666
-1.3329789173820736,-2.9786193090274615,-1.7435807461806931,0.7823860941337856,-0.37326311745965146,0.49854452644712016,-0.07421456808599418,0.7389156870784617,0.6696982942140226,-0.6183560443546172,-0.5609618993600772,0.5504157972628011,4.386718237838828,1.7301959509903206,-0.47798109153635765
-1.6754242822426815,-2.335560268903538,-3.0070573236736275,0.7669464823177905,-0.37030549198928847,0.5240867636784388,-0.03847967763337537,0.7886938759626512,0.6135807073468322,-0.6405563266954745,-0.4907502548359797,0.5906367578375236,4.171327294065913,1.175397354942719,-1.0090402507827572
-1.665400195914947,-1.5900660101753021,-4.235143592036699,0.7571703901558523,-0.35199084436204775,0.5502685215024831,-0.011273803063875393,0.8352299810615457,0.5497852126971079,-0.653120128028307,-0.4224847029434559,0.6284431351706115,3.760198284405543,0.6733367025937791,-1.46781460587977
-1.3179746336730778,-0.6140262818067446,-5.398140759726333,0.754010481887419,-0.3247558568274721,0.5709656965704316,0.0026418232042901895,0.8707241076830301,0.4917647293876872,-0.6568570727137374,-0.3692873701547924,0.6573930515833711,3.1431433361015824,0.2388126463128333,-1.768508136656039
