0.1634216396682326,-0.05893297418382708,-0.12772183296200315,0.9999944615238164,0.0014148220727236004,-0.003012507293770872,-0.0014161563868783915,0.9999989000809695,-0.00044083776953528296,0.003011880273249942,0.00044510150941038046,0.9999953652201924,0.023364257,-0.15887696,-0.074659415
0.16641290997035338,-0.0834108905482129,-0.24945757729852006,0.9999758803625444,0.002802613919045258,-0.006354844480815326,-0.0028103585957899207,0.9999953187575921,-0.0012101022538893555,0.006351423282827631,0.001227932458473257,0.9999790755831643,0.03884263712770718,-0.16729099922669413,-0.06962501715992954
0.15517684610053875,-0.10768967282216353,-0.3834952034336312,0.9999404976209736,0.004104861805223712,-0.010106993968535795,-0.0041269500313514,0.9999891392699578,-0.002165554332651649,0.010097994897935534,0.0022071365360922285,0.9999465780967265,0.04683410960799009,-0.18176442865150463,-0.06343195733854792
0.12556987649951398,-0.11255268366818964,-0.5015718926515631,0.9998892384282244,0.0051520497091246025,-0.013963067686590985,-0.005195055055648488,0.9999818682578074,-0.0030454159968293887,0.01394712437724685,0.0031176175871444403,0.9998978738762206,0.04614254864455009,-0.1991981567539149,-0.05466153409375849
0.09355534631970579,-0.09173607710599202,-0.6063416710535162,0.999812613169197,0.006018345915172794,-0.01839886029696371,-0.006093881232546489,0.9999732220708105,-0.004052129421044125,0.018373980497036625,0.0041634905748178,0.9998225153430625,0.050347216795449214,-0.21858354836470487,-0.0435096017058567
0.07143843620937929,-0.04517580054471247,-0.7162457329661619,0.9997275998991508,0.0065953944323430234,-0.0223880944290841,-0.00670500343937535,0.9999658837987087,-0.004824330787304658,0.02235551226793367,0.004973128889259709,0.9997377151334692,0.0473122006665118,-0.24047498083412422,-0.03590011189350136
0.061846227240114585,0.006745251019281068,-0.8401618203437539,0.9995614925666911,0.007418168068522072,-0.028666938454531977,-0.00757765936886158,0.999956388411251,-0.005458970050899259,0.028625192686482826,0.00567380454671028,0.9995741124527124,0.027303082126511946,-0.2609482479125197,-0.03559715628082819
0.057954957267450535,0.020775975098454295,-0.9702501930032206,0.9994163242601449,0.00801244399060289,-0.03320860646938239,-0.00819620400189946,0.9999518241673094,-0.005401072525830505,0.03316373082601085,0.005670104564069815,0.9994338481720202,-0.002424226097091183,-0.28418094259715787,-0.03880776413848405
0.04708661012458788,-0.0233455544842782,-1.0542523567598274,0.9991805533702101,0.008706748621153575,-0.039527386648358906,-0.00891018307370892,0.999947935503871,-0.004973421271017226,0.03948202634609594,0.005321542069180296,0.9992061102623485,-0.019400184488872776,-0.30541264811545193,-0.03523612295032116
0.004881230099016446,-0.07752088170037766,-1.046205944936333,0.9989121559546011,0.00917756029329308,-0.04571954804231493,-0.009395721229680402,0.999945465992537,-0.004559107757233331,0.04567521328581517,0.004983716287159841,0.9989439110697181,-0.020789852771056508,-0.32753759701770574,-0.02657952121003007
-0.058412857373973094,-0.07029967310018288,-0.9642638046703322,0.9985587361082928,0.009543999590806068,-0.05281441672137967,-0.009748960057814738,0.9999459089234668,-0.0036245006570426227,0.05277696769993506,0.004134162434213652,0.9985977670620779,-0.045019653283426615,-0.34901626004624264,-0.01960035866152937
-0.10782105585540074,-0.008556453669384251,-0.8695989617122569,0.998161680668698,0.009867744264980395,-0.05979871961640294,-0.0099843236006577,0.999948792358318,-0.0016510431182829243,0.059779365393734143,0.002245057741356917,0.998209089914964,-0.10062954608101614,-0.35964466070257006,-0.017794297840763917
-0.14489309480488965,0.02869788060821404,-0.7924591382791832,0.9976770259121879,0.010329895636706136,-0.06733383416341773,-0.010270341363587742,0.9999465014548962,0.001230575632901087,0.0673429436191147,-0.0005361755754152726,0.9977297431972575,-0.13870418710028107,-0.3664798823725232,-0.022746297455321054
-0.19483358501820222,-0.006385635389468272,-0.7136825929478314,0.9971386237365147,0.010950498789750952,-0.07479740389281796,-0.010687721118849164,0.9999352301131876,0.003912568947902982,0.07483540385496282,-0.0031019598227658533,0.9971910750578962,-0.13317307364518963,-0.3767370745633208,-0.03055646521491167
-0.24501542713037044,-0.07049195151532221,-0.6184331095651934,0.9965023379608543,0.011831936574653111,-0.082723005962339,-0.0113305580617698,0.9999144996351638,0.00652777706180328,0.08279316935931763,-0.0055676472816738,0.9965511990917408,-0.12374496013206185,-0.3850506985065957,-0.04099919401502819
-0.2724518917545636,-0.10751372671125516,-0.5287829814045928,0.9958007398275798,0.013012906344291753,-0.09061760771130449,-0.01222338758699718,0.9998823933965818,0.009262190422404712,0.09072747849876145,-0.0081156419337928,0.995842688882767,-0.12793699378629628,-0.3834829496266167,-0.05446539179029729
-0.2817207480582833,-0.11969356438869654,-0.47726787305812274,0.9950276784019563,0.014528741546553396,-0.09853342013290112,-0.013423676516369309,0.9998394546510174,0.011868859757351781,0.09869004064644629,-0.010487163211720572,0.9950629604627909,-0.12143000022903494,-0.3898586294512912,-0.07055716936594829
-0.27910362364105384,-0.1258169281215407,-0.47154659748048344,0.9942005873068523,0.016318540809858045,-0.10629627192214774,-0.01491053456088061,0.9997904322523334,0.014027385208962507,0.10650290210984374,-0.012361100376942016,0.9942355530957703,-0.10149424258569636,-0.398175900764839,-0.08652092816397347
-0.17064922611423977,-0.1224239768789702,-0.7639169937603795,0.992197187403471,0.021714017769087875,-0.12277313525753689,-0.01965332782153278,0.9996453343874028,0.01797086928994988,0.12311981162339826,-0.015417745289789897,0.992272041889722,-0.08654441626767141,-0.42756213464671056,-0.13246878934411804
-0.09413396508908865,-0.13046478349270155,-1.0566740744661702,0.9906581839644537,0.026219890422704326,-0.1338240631966919,-0.02359519074222401,0.9994975978762229,0.02116172992686498,0.13431168794296675,-0.01780643664186886,0.9907791385046569,-0.10703680955399374,-0.4520854041645716,-0.17394658894355353
-0.04689848514849398,-0.30217815864437675,-1.5160923173118301,0.9875963603456522,0.03476313609735439,-0.15311744969368363,-0.03106599123241384,0.9991666899252045,0.026473192717486934,0.15391014658159644,-0.02138808342480552,0.9878533376299566,-0.10484614602487427,-0.4934887934670687,-0.20449448603456388
-0.011050156600387483,-0.3291213150088058,-1.66579914651015,0.985526879263769,0.03956184736606524,-0.16483819485058934,-0.03512575951345321,0.998940249417158,0.029741538510787046,0.16584013768451755,-0.02352101884208554,0.9858721065155513,-0.12104319896862017,-0.5629303492284948,-0.21256205178288243
0.04645699351686148,-0.3295322926199951,-1.829264148001571,0.9830470970866267,0.04415893778151948,-0.17795615505951004,-0.038740172095477,0.9986770888962699,0.03381229332186952,0.17921384984305563,-0.026345024723450475,0.983457338015611,-0.16462523309703456,-0.6533561251988356,-0.20710280627915528
0.07826271145880695,-0.38712756875714294,-1.9971793036977397,0.9810211115597731,0.04635582736976202,-0.1882782938707807,-0.04009510374840202,0.9985132429166125,0.03692812445216673,0.18971020354591395,-0.028678231971561077,0.9814212131809427,-0.237534339324237,-0.8921202368672434,-0.16100858722851666
0.12587110829599674,-0.5832340883797227,-2.212235429886589,0.9747868323053289,0.05066086571021012,-0.21731108634773938,-0.04164344001521893,0.9980786174923382,0.04587915875734527,0.2192178265284131,-0.03567281864494165,0.9750235866593606,-0.2968467895178327,-1.0469157555595985,-0.11765106990601522
0.13371160464206738,-0.9346187000348009,-2.5230278530471693,0.9704141447490562,0.05218300438901666,-0.2357399451172707,-0.04121816038370063,0.9978371319698162,0.051206653052460964,0.2379021877275226,-0.039974893560677016,0.9704661544635502,-0.3411001821913555,-1.224381697511854,-0.05195895725892871
0.1551932046120273,-1.4366925961409371,-2.9123271260264647,0.9626937936341818,0.05252602918530617,-0.26544618278711735,-0.038679377627103606,0.9976172952223367,0.057128259378778246,0.26781442351861334,-0.04472972760137738,0.9624316526507738,-0.2984341503248175,-1.436234975463508,0.04487368227256752
0.19246424741556534,-1.9880235896017893,-3.279678879019311,0.9540408556588769,0.050409838055203444,-0.29540632010999024,-0.034037396690394815,0.9975992400151407,0.06030930233184843,0.2977373026011663,-0.047482676298432995,0.9534662522036739,-0.23305211609255516,-1.6593855248271425,0.1900301923370445
0.32293630673942697,-2.494312584407689,-3.528932261167102,0.9416808199004866,0.04440918842769825,-0.33356417285844797,-0.02532262400204702,0.9977948067692092,0.06135379611765974,0.33555327169496985,-0.04932897290223671,0.9407287889116672,-0.176918068841935,-1.8813074673016659,0.3757262769595884
0.5543762282823441,-2.8567003628401597,-3.6295088545323546,0.9283801765603934,0.036232796522108396,-0.36986136892879234,-0.014673807778265286,0.9980336755499023,0.06093818042605973,0.3713420621677259,-0.05114652407094714,0.9270863530116712,-0.18446280588923125,-2.094260998044793,0.5545850038513118
0.945283950954294,-3.054915319021417,-3.52112541635149,0.9091649842979203,0.023944824190271236,-0.41574713074302677,0.0010514140544769356,0.9982103720915647,0.05979086533331091,0.41643477983358734,-0.054796883518290214,0.9075127413439631,-0.2361067498832663,-2.254648729988904,0.6856542794695792
1.3500017770093438,-3.152569046703173,-3.1683884709320713,0.8882735663947547,0.01138985096699002,-0.4591735429435073,0.01741224427820786,0.9981388815888872,0.05844302190750854,0.45898462391842626,-0.05990863339649177,0.8864220612389032,-0.2956226385914989,-2.3513330369612926,0.7589636396394834
1.6710744577725534,-3.152211348322138,-2.5380374453637415,0.8646453917664525,-0.000883663341600328,-0.5023818922255622,0.03484049673057543,0.9976962841156202,0.05820880044675752,0.501173110097304,-0.06783320574012679,0.8626842817128486,-0.40712246164966315,-2.403230816264742,0.7647715211066884
1.8869622482019763,-3.015103240498979,-1.6216593867449918,0.838883546413633,-0.011984139155947454,-0.5441789925798097,0.05323553797344075,0.9967709066704761,0.060114366934994924,0.5417013688861826,-0.07939861474867003,0.8368126952447774,-0.5672105123273337,-2.4205157701459106,0.7380800166025947
1.9435502843283439,-2.6353310458527153,-0.4139684593266703,0.8111663023739938,-0.021958876809605808,-0.5844031464855084,0.07252970880177953,0.9953572296329632,0.06327263830852428,0.580300500804567,-0.09371122209561027,0.8089929144432085,-0.6730822124256435,-2.374563480770641,0.7036233239029411
1.7740625897086224,-1.9325858812489671,0.974226936342383,0.78576889168269,-0.02932137078843286,-0.6178248182768669,0.08953286121711843,0.9937473808098727,0.06670839449270147,0.6120058133923507,-0.10773300491773571,0.7834810042530469,-0.7255456649151861,-2.282835126255358,0.6430598123646669
1.424341791421659,-0.9388198405245487,2.4665252002814406,0.7614288869050504,-0.03376543156427302,-0.6473684776213726,0.1054150804522046,0.9917995984514656,0.07225799142494048,0.6396199738905837,-0.12326172213136523,0.7587442499666273,-0.8220283177981851,-2.1342614437132292,0.5029533659866647
0.9622646866479938,0.2494884672570385,3.9766151168862596,0.7338183863806184,-0.034896536078076516,-0.6784488245840627,0.12306810814207357,0.9889845137713255,0.08224276429465342,0.6681053933086277,-0.14384666589895814,0.7300296707269356,-0.9156504134532111,-1.941830158842627,0.3158673990429539
-0.22794114995605536,2.971807724046611,6.487778613645651,0.6861775959874001,-0.02835757054171183,-0.7268811147346748,0.15284829184453683,0.9825530421326291,0.10595715679520468,0.7111945630030924,-0.18380796388864135,0.6785402905988361,-0.9651045518065016,-1.7147329808008236,0.11805099854175122
-0.9222051855018258,4.385280456165377,7.308983866665481,0.6670841401436632,-0.01976330403910672,-0.7447201902609104,0.16320821228891208,0.979241216665249,0.120206984095852,0.7268850180119596,-0.20173262353278604,0.6564618185335176,-0.7499176585301502,-1.162978244609497,-0.14468398817035727
-1.4682919197149935,5.651759754620667,7.865012326516008,0.6558155504289256,-0.011261819463687116,-0.7548371580930365,0.16829632160917155,0.976906479165489,0.13164375829225744,0.7359227622165436,-0.21337034092594795,0.6425657831418646,-0.5986388077489427,-0.8529830842441332,-0.2661885395756194
-1.7907460654095737,6.644842934963765,8.201882286226768,0.6492432152226689,-0.0019027182290053159,-0.7605784819140438,0.16953789823369547,0.9751989759445424,0.14228091361534317,0.7414446362000552,-0.22132179508592592,0.633463901473566,-0.3901711778853049,-0.5098656583709797,-0.3497541761308302
-1.9127255456835184,7.28831720134184,8.375384802572185,0.6485250170943855,0.0064688108975564235,-0.7611658536011044,0.16581495860503848,0.9747496850116885,0.14956086076384828,0.7429136569652872,-0.2232066442899616,0.6310769305237506,-0.09769085197386425,-0.1392635254988186,-0.40069623171810353
-1.9313193073273727,7.635378617299827,8.486435882596616,0.6536803621927956,0.014800299744004689,-0.7566260207070482,0.15641347456989182,0.9755780258411405,0.15421524071529544,0.740430151369101,-0.21915397925520375,0.635401230971534,0.20793444380173093,0.2398960771328599,-0.47650600241538765
-1.9247516827990299,7.744416901687323,8.684368919239526,0.6641452156645444,0.023345651765209433,-0.7472389932635695,0.1423958819287718,0.9772640564984961,0.15709352846578736,0.7339172605407392,-0.21073667079974806,0.6457209228920928,0.4680459257782705,0.628704339859234,-0.6010985597185512
-1.812369631197353,7.601854087532344,9.020407024185966,0.6819674387140913,0.034770745326797775,-0.7305555473768992,0.12105618346822289,0.9797255222939357,0.15963490035071493,0.7212945396839285,-0.19730407049854204,0.6639316913560134,0.6808961090959171,1.0220067350592779,-0.7664142565364079
-1.521718251441825,7.1626048121182295,9.378893726253844,0.7048333295057121,0.04913033421226866,-0.7076695470896588,0.09466684427869747,0.9821610001968558,0.16247448503264936,0.7030278559290558,-0.1815102750604012,0.6876087941811775,0.8519614350150114,1.4266675227532348,-0.9945952029767245
-1.0051253939820162,6.338635312914713,9.701727649306958,0.7322775812846444,0.06781697099703794,-0.6776211348480046,0.06313808031573818,0.9839826220144722,0.1667086752018854,0.6780730983912828,-0.1648607230916789,0.7162665811132995,0.959392998027466,1.8473373167120184,-1.2788919779109003
-0.2532226377367772,5.065518461853241,10.018582545119655,0.7656030986945908,0.0926339273126691,-0.6366088679714347,0.02480218578105049,0.9845923871617056,0.1730973215381919,0.6428349297056928,-0.14831313715866531,0.7515094586872694,0.9959492774965837,2.3172332884586138,-1.5790459052639427
0.6364341816637467,3.352313268754962,10.280527030280494,0.8005566416375781,0.11994617464280632,-0.5871302910926325,-0.015892843299107756,0.9836686392527428,0.17928587697453216,0.5990463096137327,-0.13419732985128466,0.7893887480823083,1.020610035037059,2.8040348387608094,-1.7912494719567102
1.6436454391591475,1.2715818074582121,10.297220900033365,0.8351954864132253,0.1471522324188093,-0.5299006699081785,-0.057076107187425146,0.9815276437710078,0.18260833086599015,0.5469833795128562,-0.12226898628636011,0.8281663344577593,1.0727478985706234,3.256452437908585,-1.8622192788669434
2.79703192425136,-1.0462642212365043,9.891947092750224,0.872361171761981,0.176939451338196,-0.4557174744973043,-0.10375882634794954,0.9779770868320774,0.18109368731775033,0.477723865802159,-0.11069439096711846,0.8715082672307017,1.1484206531755836,3.6417122201652785,-1.8383494392601218
4.760784693288128,-5.348425301884743,8.11343299179327,0.9249637869297214,0.2134088707645834,-0.31448155231684727,-0.16789577782168,0.9717891729870196,0.16564060810941644,0.3409589427750527,-0.10041143930942122,0.9347002418944427,1.1729819343004388,4.306663987938515,-1.5684897645636926
6.306531981729787,-9.43880986904453,4.371878835897297,0.9621859688340141,0.2500720858216313,-0.10799126479381568,-0.23631736341689916,0.9635189953623092,0.12563936215888563,0.13547053231841413,-0.09536822043440413,0.9861808340281926,1.2132566416744375,4.582199775925856,-1.3059681281954174
6.52413547702263,-11.12962829560864,1.9229745246368393,0.9672210299568241,0.2539273108229329,-0.002097624249899316,-0.2527714620709161,0.9635428371543546,0.08770284448675807,0.024291298273075912,-0.08429781602610276,0.9961444729764046,1.7664670843323171,4.766543575111277,-0.6254307207598722
6.4183219897821076,-12.318028345817936,-0.4555240221154365,0.9646878007411437,0.2526072846215076,0.07461237737375664,-0.2566609529635567,0.9651659361718405,0.050792429331284625,-0.05918278740524314,-0.06814892082552171,0.9959182307123731,2.230780953075178,4.637916373760517,-0.28380320417018434
5.87381226804365,-12.891850883555918,-3.3672466420085723,0.9499753696690796,0.25288846882757093,0.18328725912114552,-0.25683744886182625,0.9664519598385451,-0.0022658743089365857,-0.1777113442756094,-0.04492250725729569,0.9830567869952758,2.230780953075178,4.637916373760517,-0.2838032041701844
5.08130906429808,-12.645031148093228,-6.142473992095591,0.9341659312884866,0.24799154794573028,0.2565817705282173,-0.24058104180336953,0.9687476917123388,-0.06040423931166407,-0.26354273874405976,-0.005301127191078191,0.9646331545752432,3.191729879387019,3.971704425453805,0.16434763862038326
4.034192485860958,-11.681878844416364,-8.787908270836276,0.9121581254133457,0.24343286512924053,0.32970895410555623,-0.21103137057682572,0.9686172111620613,-0.1313257738339931,-0.3513307770106079,0.05021093920252508,0.9349040307483564,3.5768343673616494,3.561436918471594,0.3021028166725681
2.9310517020756133,-10.21957436480326,-10.837654337833682,0.8906080253954722,0.24125259547558153,0.3855055515520796,-0.17589041684121473,0.9644526888269872,-0.19721453363740304,-0.41938038385766413,0.10783411422499901,0.9013833243657822,3.923706602477759,3.132026688953502,0.3748167907619717
1.9319161524468274,-8.68664449467504,-12.260750385618012,0.875779646925501,0.2414448951606326,0.4179884838508302,-0.14709984414277505,0.9582230337409878,-0.24529625651727552,-0.45975172200244807,0.15333942809691495,0.8747087366127627,4.250423242375766,2.6780603981371476,0.3486634016784095
0.5011045528799314,-6.126907481315419,-13.798341150462239,0.8489727778933065,0.2471501435878983,0.4670781828779882,-0.08512251509000303,0.9363047357303969,-0.34071630321072677,-0.5215355978462781,0.24949999674010637,0.8159352742747508,4.537964361972373,2.1926027059804385,0.2305300998336628
-0.7739168128895582,-3.5898699714429334,-14.548607637772086,0.8318147525471016,0.2558199652298168,0.4925853863390784,-0.03760938708511965,0.911393293897559,-0.40981434557814017,-0.5537777094178546,0.32236378399003374,0.7677316193329161,4.687623799699507,1.7113483119166628,0.02732896182571143
-1.963961996196536,-0.6364671752661053,-14.733716671542812,0.8172692981053193,0.2682273205094367,0.5100245081432521,0.013085444883002117,0.8761994947095527,-0.48177091714106013,-0.5761073385287265,0.40041047688971926,0.7125810722228703,4.654225795328799,1.2597002000643953,-0.17185862229035676
-2.9659353543227125,2.4115438878238162,-14.31140894468844,0.8073935819889573,0.28185522993544515,0.5183369879924429,0.06010178710221771,0.8346583293715721,-0.5474789935675852,-0.5869441020660833,0.47318400497976887,0.6569577752650058,4.460717843294123,0.8572153406362139,-0.34601228233172066
-3.7939931113080214,5.301692082887288,-13.362697722877774,0.8020313175233414,0.29496241785074745,0.5193678251176266,0.10228570198984938,0.7888776823526963,-0.6059782483342798,-0.588458495460994,0.5391374354851272,0.6025341689716062,4.12114262339952,0.507098768836308,-0.4670156019914039
-4.474370004329748,7.662350217501967,-12.177502778046168,0.8011598525661182,0.3047535803506962,0.5150418875195172,0.13265347288739993,0.7487829195114697,-0.6494052629743554,-0.5835631471975827,0.5885995198021416,0.5594681925914476,3.677191653432891,0.19710846753348144,-0.568131411170591
-5.007948387339727,9.661931371946151,-10.91572313665621,0.8041057390996189,0.3135317479549659,0.5050859366200554,0.15830591739379846,0.7060105292923756,-0.69028136947654,-0.5730211138039883,0.6350173033489744,0.5180731874766671,3.149679619783277,-0.08480645823309624,-0.6737889691630803
-5.437281946548885,11.180566967930377,-9.788910329191976,0.8099492472753724,0.31900369846563853,0.49215735004498395,0.17195888536806514,0.6731006953018814,-0.719281305003193,-0.5607248510464202,0.6672121809060202,0.49032188108384744,2.5312408942888567,-0.36233478355327087,-0.8005994877349119
-5.5545524000795465,12.417072435494102,-8.806024670622357,0.8208043752766754,0.3225594047945807,0.47141871823807735,0.17776568851453925,0.6400691424241612,-0.7474696334322556,-0.5428439347672758,0.6973284185338819,0.4680315579011928,1.8154861915424891,-0.6245265026233346,-0.8993293342611373
-5.518619386648101,13.213675639362055,-8.173202677196281,0.8323026004389309,0.3229028700238143,0.45056200220721687,0.1728351476143011,0.6211287640277827,-0.7644128925171668,-0.5266881364258509,0.714095788411963,0.4611581203020955,1.0355646943059145,-0.8682665220873826,-1.0020043134088454
-5.058135628725152,13.652187363879689,-7.982421742997232,0.8537798908165121,0.31970298927298757,0.41091349051504716,0.1491345697367814,0.6060048669291705,-0.7813558609030736,-0.4988173795556539,0.7283873282176692,0.46971600137227265,0.22857022361086177,-1.093555047965702,-1.1060681195489626
-4.783340470982723,13.42518074244202,-8.210853022640935,0.8655308023683128,0.3166052382175039,0.38809477358617067,0.1298347314103367,0.6065466874216338,-0.7843749476477742,-0.4837348164762069,0.7292888584854978,0.4838784849708141,-0.580425532936494,-1.3009663468200947,-1.21252011117067
-4.131005443763356,12.51194542407386,-9.051657674673079,0.8837155282551945,0.3101933497327206,0.35046676147993727,0.09183996916317838,0.6193313446281195,-0.7797397678874867,-0.45892514115566596,0.7212549974473103,0.5188245787089631,-1.3870396405441663,-1.5084210496079442,-1.2934132783414616
-3.3319963175468796,10.873184610962614,-10.27889353430469,0.9010945714207396,0.30272110354244813,0.31046498486321217,0.047714872788901734,0.6424100152027692,-0.7648742793962394,-0.4309894015759684,0.7040378582414587,0.564427878379487,-2.1877062855831824,-1.7213247742823976,-1.3578799114208686
-2.376240655730572,8.480376898908581,-11.821655355735148,0.9184946155562054,0.2946740134504253,0.26369464725563824,-0.004421338822357207,0.6744607680773163,-0.738297449601158,-0.3954087669201014,0.6769563487563842,0.6207914375385267,-2.8727980146510927,-1.956156911131387,-1.4614634876331705
-1.2602250617968687,5.278078602431284,-13.395119601944696,0.9346453795168234,0.2873813867831764,0.20940380387765167,-0.06150301965528743,0.7106841582256084,-0.7008176694550727,-0.350221919818182,0.6421370303741538,0.6819124878612584,-3.365850626657127,-2.2344139471696867,-1.6195651937849416
0.09099165775031492,1.3302227134213593,-14.386438934738191,0.9483131177964206,0.28048724800089053,0.14842214903483053,-0.11921450822985297,0.7483410119239867,-0.6525133185614663,-0.2940920462078921,0.6010928660211088,0.7430997475277362,-3.7270866214921288,-2.542937024681033,-1.7070381669309738
1.5866008052922749,-2.9197333496933062,-14.286079471252943,0.9582023117627224,0.27325915072425905,0.0847216989798344,-0.17155519488037924,0.7858003689105432,-0.5942109013890684,-0.22894790857775515,0.5548398118065351,0.7998347569294307,-4.084372088525201,-2.843035482250313,-1.6642369588857968
4.253791398516614,-10.966833354406504,-11.391364052788944,0.9639032666564042,0.2618755838722972,-0.04807984089672905,-0.25488740736885945,0.8553916017112781,-0.4509297254413318,-0.07696039302064675,0.4469075813782506,0.8912635477863721,-4.440895215208984,-3.1280043583307515,-1.5484573169130276
5.316854340527694,-14.787894936064726,-8.442187717005346,0.9568976232692503,0.25823549731321216,-0.13289607409196214,-0.28896760499774427,0.8923582714155678,-0.346690696007388,0.02906306665728743,0.3701501632629896,0.9285172022062149,-4.742502073027309,-3.360761967097601,-1.3936510915380538
6.06481672395318,-17.52612262633814,-5.1777794525025875,0.9483391450435682,0.25225552882984137,-0.19240585789629594,-0.29810804698325993,0.9160334791923643,-0.2683547229369333,0.10855624487729446,0.3118490230440191,0.9439098095287666,-5.080766708805644,-3.6693363664270366,-0.9689257512963301
6.243620781713715,-19.308588663648315,-0.37516817211900255,0.9265445750075995,0.250423677806034,-0.2807189557512728,-0.29940530435834095,0.9426928606134097,-0.14726382539712646,0.22775340666184318,0.22049524290243994,0.9484251333718016,-5.080766708805644,-3.669336366427036,-0.9689257512963299
6.111269495081189,-19.566646541686968,3.6916672161320907,0.9074334520682725,0.24376926224868053,-0.34225878637398166,-0.2830106139860574,0.9566315718658243,-0.06900020348344589,0.31059543209566376,0.15947596211422044,0.9370687781956307,-4.831866664919213,-3.850537929880485,-0.35264734993619096
5.590130286083063,-18.387249972877424,7.923070957003098,0.8786389342205676,0.23364599888283966,-0.4164170631443718,-0.24877670710890604,0.9683855074942541,0.018429836546895423,0.4075583065915771,0.08740169381159515,0.9089868924506398,-4.548934262749642,-3.855127103139167,0.010227558091930544
4.970666507951963,-15.959121568629184,11.369573713170148,0.8476094181223444,0.2234101155424911,-0.48129636876210713,-0.20535606087256716,0.9744768638224801,0.09068478448783901,0.4892720741808211,0.021971848988969693,0.8718543888051512,-4.338977152257017,-3.725465257342207,0.33196055462036095
4.379729030821649,-12.722293897317751,13.852875198627723,0.8147558365455649,0.21319049523018468,-0.5391871099705964,-0.155269342386114,0.9762076874214638,0.15136043847128974,0.5586272085478116,-0.0396025726783751,0.8284728590046475,-4.12477899818766,-3.516665391407921,0.5857456198180288
3.639134474398716,-9.062215128441633,15.489474223363443,0.7768597586261037,0.20144431665058973,-0.5965811786476066,-0.0949976774213315,0.9740960177634443,0.20521303433737262,0.6224663498631429,-0.10274792195745841,0.7758727394498921,-3.8251049265413863,-3.274698981586287,0.8210493507964464
2.6006246941241846,-5.242184757415531,16.312753894434906,0.7353251785664052,0.18767303135976676,-0.6512109604932329,-0.027580438560883047,0.9683836332074859,0.24793639979772705,0.6771530116414411,-0.16435319356831798,0.7172529725200322,-3.4530059520412513,-2.9774154602276828,1.047969929845518
1.7590377006120244,-1.8828584783573183,16.178552297904833,0.7115741315582057,0.17823620708234378,-0.6796279201019364,0.012369614982817306,0.9639611738579023,0.26575524062503725,0.7025021337493307,-0.1975112902580367,0.6837251218861596,-3.096256353023648,-2.621800051157355,1.2308797954308746
0.6183087676685706,1.7913306399596902,15.381942459590977,0.6738355611415616,0.15959712778168528,-0.7214391127079761,0.0779178041018582,0.9556010550655846,0.2841750153716644,0.7347614935099562,-0.24770018240077596,0.6314825154298743,-2.7336514617095697,-2.258666012881271,1.3914525619814264
-0.22477854850063214,4.880507152702517,13.961296841751146,0.6434306917776303,0.141019403059547,-0.7524031318643535,0.1314681506590771,0.9479253470511011,0.29009250555698873,0.7541306718605487,-0.28557146982634374,0.591384701679355,-2.3328528520780054,-1.8759993551276586,1.524604134516403
-0.9240594950856611,7.4948118315058005,12.261760056762908,0.6129972654200887,0.11843794329122638,-0.7811573504591992,0.1863891139744497,0.9391159992906793,0.2886524520389325,0.767784768525212,-0.322542390183388,0.5535999961664329,-1.967922382237283,-1.4768020832943543,1.553875929295832
-1.4254372017481154,9.545994405038513,10.583601805174332,0.5898874751063403,0.09861507167847466,-0.8014410984910335,0.22979179693473126,0.9309761509162663,0.2836884496884572,0.7740985058596705,-0.3515088534631559,0.5265102365223719,-1.6609901177918989,-1.0944874563508171,1.4442410657241282
-1.8834683070375196,11.01973948271111,9.018989669117996,0.5715816493154593,0.07973546252391187,-0.8166619093492212,0.26642913551959796,0.9233071029925394,0.27662159949975673,0.776086292825804,-0.375694356598049,0.5065015464026534,-1.332804714869024,-0.7350288792370199,1.2734820369249231
-2.3321096357492723,11.953094799684372,7.652858019807423,0.5597964913770428,0.06343321320903252,-0.826198593380507,0.2930692401454616,0.9174656564181689,0.2690115049096231,0.7750730989542307,-0.3927250905597399,0.4950037318266704,-0.9868749446304641,-0.39549059606828707,1.0803127228079714
-2.7106709045089885,12.313939196438142,6.410648635364036,0.5533847382511039,0.047824448260003094,-0.8315516542099968,0.3125332188018091,0.9134828984873614,0.26052251594921566,0.7720675609142882,-0.40405669938729544,0.49056076592416925,-0.600178264054576,-0.06644446764796297,0.8500711441965326
-2.8269315388471137,12.170602471311811,5.374569951141053,0.5536226274583012,0.03535127827349887,-0.8320169911069096,0.3215847916059445,0.9125232726073251,0.2527538303523381,0.7681700385812562,-0.407494250357532,0.49382509834112853,-0.18345419499478596,0.26017620161794225,0.593033691752014
-2.6957502712878445,11.7173826878686,4.606610087237744,0.5609233232522923,0.02536970496634184,-0.8274789444460345,0.3212470270366091,0.9145388981167117,0.24580266770645662,0.7629976232281098,-0.40370160007286493,0.5048362556778828,0.2192372093713949,0.5739442461139195,0.27196697194420455
-2.502458875189513,11.080979967729062,4.169084581140664,0.5744584296405348,0.020202519286579852,-0.8182844070550315,0.3111350073403345,0.9192690560781749,0.24112115159079522,0.7570947891923843,-0.3931110030915144,0.5217961473852823,0.6188980977623673,0.8821264682138494,-0.09202844281259315
-2.3526930891514017,10.232633952366076,4.150140895788748,0.596058014292535,0.01971402888382505,-0.8026993214540586,0.2899727785526351,0.9269461053955883,0.23808970030308996,0.7487527170542386,-0.37467622657051314,0.5467971232063842,0.9897675087018802,1.1962635712966803,-0.47194944265252275
-1.9224967275353961,7.951093967364802,4.937111787341074,0.6471576554769544,0.030342787960887962,-0.7617521146516959,0.23291496585155277,0.9435617022495454,0.23546110661913996,0.7259046684241268,-0.32980392548709997,0.6035658896039096,1.2935387364590252,1.504191246434789,-0.863377762969322
-1.2922583341384453,6.490950491942726,5.592731617650571,0.6816806934071619,0.044685782540640144,-0.7302839263428026,0.1906638526613876,0.9527964650111191,0.23627566855398288,0.7063701066185116,-0.30030330850832376,0.6409829914862858,1.4899658883669642,1.8150609677648197,-1.2925909354166207
-0.34806221243888336,4.801771758692289,6.2578464317772,0.727093868843236,0.07444545221988433,-0.6824898391436683,0.1335215974845868,0.9597876045313171,0.2469407564441314,0.6734289041136701,-0.27067624356750025,0.6879156069405967,1.5391745258556877,2.4474430183796896,-2.123590075596956
1.12478818951759,1.2367458995034744,7.246019562609554,0.7997866905693908,0.12853744732825978,-0.5863611295288891,0.03891004893296349,0.9636507525159779,0.26431654368847884,0.5990219175289793,-0.23421219398170526,0.7657136478541974,1.4595625718696414,3.0809114989296873,-2.4915682590927113
1.888106488164307,-0.5216814943969386,7.73396897607326,0.8381564477761724,0.1608778513137841,-0.5211641641631615,-0.01684325894022742,0.9626894201864482,0.27008403301445333,0.545169765925716,-0.2175945707450894,0.8095940520426033,1.3947336501046705,3.392124552605045,-2.5181272979023848
2.8079842898712215,-2.471606891782254,8.050262741593587,0.8746211744843052,0.19221406016038164,-0.44507477598753453,-0.07367891489526093,0.9600815168242233,0.269842358706626,0.47917556140056894,-0.20321721415559155,0.853869747225706,1.4049930063197902,3.681694791479536,-2.3944352937456466
3.86719796620136,-4.580775031512891,7.940669423859593,0.9058335204341454,0.21833100314497358,-0.36303884960647204,-0.12604796777772528,0.9570564927252522,0.2610647037643056,0.4044472067859873,-0.1907208504546591,0.8944540313089686,1.4785224017851635,3.9322752132042544,-2.138162638715618
4.975022505581942,-6.6378384956214145,7.216623657896603,0.9310402420752607,0.23828136022744797,-0.2763802833137621,-0.17228114952486007,0.9546776423579028,0.2427134209316592,0.3216881613532451,-0.1783608492638252,0.9298946898950744,1.60768655801988,4.10677381547491,-1.8045726829030098
5.967152890734002,-8.516908261440731,5.936130172365069,0.9486186584827067,0.25061188475168217,-0.1931743357686986,-0.20806001647953715,0.9539857452642008,0.2159218084752948,0.23839813405520466,-0.164635600809535,0.9571109907555555,1.8173924620959263,4.200747872096006,-1.4209518425043761
6.7556515679702525,-10.199868337183856,4.113181895909167,0.9602729376112501,0.2567477007380679,-0.10934579762009247,-0.23506610742516265,0.955373135405215,0.17890247982068458,0.15039883786599145,-0.14609171883349137,0.9777716498532959,2.1024537665967644,4.197392000556463,-1.0096963373393888
7.250945864556904,-11.49483657319234,1.6210966742930957,0.9660804801933867,0.2578680374380186,-0.013877357716023636,-0.2542307271244166,0.959136958366519,0.1241895022987544,0.04533478989809529,-0.11644900327304793,0.9921614719699662,2.451039821077064,4.115025383450035,-0.615133146353994
7.347680038540786,-12.15901980423954,-1.1113883318366973,0.9640572810562066,0.2558134059950924,0.07178481842076793,-0.26031195331695817,0.9635078249551086,0.062372736115911584,-0.05320945219434707,-0.07881733669355509,0.9954680214018495,2.862465670527026,3.950459447735679,-0.30255421227952206
6.983337685913101,-12.257167559467137,-3.9222249541281013,0.9531436821076904,0.2570981858683229,0.15942911930199433,-0.2601534433487694,0.9655656718825912,-0.0017661244855074823,-0.1543933520977217,-0.03979266396129822,0.9872077981473268,2.862465670527026,3.9504594477356787,-0.30255421227952206
6.276874282548288,-11.74824687296427,-6.6125002140383415,0.9368943946714644,0.25861607023611,0.23525862672560993,-0.24939774102326598,0.9659636071036941,-0.06866641481620651,-0.24500951003110194,0.005660209081886906,0.9695041526612815,3.2599199189938677,3.7324788936603155,-0.1415414663222044
5.398462936416549,-10.612327721359472,-8.928432434521067,0.920917807173633,0.25943559141499073,0.290866922041093,-0.22947427928067834,0.964129254445709,-0.13340290802892513,-0.3150427710313614,0.0561066362306149,0.9474175941958052,3.79425078547503,3.2400742338441524,0.056177812115108056
4.110334414360423,-8.76148392889106,-11.02281195992597,0.8956181231583892,0.2644820618451317,0.3576554437337567,-0.19840688013888416,0.9571468701186159,-0.21096108393656665,-0.39812421099927753,0.11797926929882485,0.9097131441459548,3.79425078547503,3.2400742338441524,0.05617781211510825
2.907689286700765,-6.759756260196788,-12.293460481207125,0.8768524037760788,0.26863612663389924,0.398703515734745,-0.1677852901936985,0.9481714229181877,-0.2698500493902397,-0.45053075187685826,0.16972207937812384,0.8764795818413793,3.937543404356599,2.662402119103565,0.14570989137400636
1.3818154069067303,-4.3248282591673295,-13.16871732202699,0.8468794100425965,0.27828682707037755,0.4531574855665559,-0.1197575728342285,0.9300582835358739,-0.3473466754917306,-0.5181248774135021,0.23989170703758214,0.8209741654277793,3.937543404356599,2.662402119103565,0.14570989137400647
0.23593294425069788,-2.2967373295352504,-13.232620182162028,0.8299977686625218,0.2837497205034654,0.48019766776759537,-0.08668454121250367,0.9160904085220212,-0.3914896597979738,-0.5509895591842109,0.2833098295650206,0.784949709307436,3.7079827426092558,2.100603380766483,0.20923638270812905
-1.1377637632486968,0.16735199030050651,-12.778413280690629,0.800559560099602,0.29550274004294447,0.5213276525950271,-0.02998760003012081,0.8886272557593685,-0.4576487126235651,-0.5985024098343827,0.35074168692741,0.7202604629394505,3.7079827426092553,2.100603380766483,0.20923638270812916
-2.111343886821755,1.883169438172156,-11.887736117319282,0.786311435314395,0.30057985573206675,0.5397833611940104,0.003697294106967803,0.8713707831039159,-0.4906111376326001,-0.6178192751202416,0.3877688856535009,0.6840574790241982,3.2664689702089547,1.5350742954645273,0.2675256861954576
-3.0685049797393753,3.5220295683388114,-10.758581062186057,0.7685162283716443,0.3068192831081384,0.5614665922763598,0.05148150908477407,0.8450268478274395,-0.5322398713673888,-0.6377558004062174,0.43794012600334853,0.633621326254409,2.9862035177901634,1.2256490004634017,0.27219215361706084
-3.743067460205141,4.571762006341682,-9.785204529506064,0.7604975992504468,0.30896033456459393,0.5711277555854193,0.076927839081034,0.8304874231378552,-0.5516998709299888,-0.6447677947204152,0.4635020514254264,0.6078160406042226,2.6516993039107204,0.9183349309497034,0.30023704337268
-4.4344935640266385,5.598015967735103,-8.79855771806986,0.750264283164272,0.30998397634081265,0.5839635603528162,0.11840260622061291,0.8059917572209974,-0.5799638869205341,-0.6504493279634977,0.5042689973652423,0.5680039172823436,2.3088754523790067,0.6121259819933381,0.30983366287588365
-5.0793487106787625,6.253918205858911,-8.072442275822313,0.7464775680489842,0.3090537118170212,0.5892851971768791,0.14234532161664726,0.7909280142701437,-0.5951224123292108,-0.6500069613577425,0.5281275219630277,0.5464176705887777,1.972187782300534,0.30691485502042015,0.2706765368280448
-5.690752843645786,6.821926300822857,-7.371958767200618,0.7455764406045315,0.3059644414058178,0.5920316983158088,0.16718884996400146,0.7740886464963295,-0.6106018799620533,-0.6451074791561406,0.5542314750721993,0.5259884146785969,1.61315846911675,0.0185081822429759,0.2028485414716127
-6.136378052275087,7.319391338349799,-6.651092925949514,0.7495117907928174,0.2994429120763387,0.5903947983085417,0.19047569805766404,0.7565817958403463,-0.6255421605714842,-0.6339961229471266,0.5813070863237759,0.5100303789753843,1.2097983886613557,-0.2625019507805635,0.1216649624115228
-6.435639539492685,7.634289885669455,-6.120586954304911,0.7544323529789965,0.29464014057920956,0.5865313396043181,0.19788274492152227,0.7499156178485268,-0.6312439982836942,-0.6258388323209875,0.5922953263924386,0.5074564043272856,0.7754563686674207,-0.5325846424370209,0.015838361868767234
-6.614709893606457,7.875528843546042,-5.81123554783045,0.7653718675572307,0.28679482842923626,0.5761550405387417,0.20093796698863509,0.7439868131419837,-0.6372656865808071,-0.611416255732892,0.6035166511846043,0.5117986068450082,0.39148526887370194,-0.7709471238676531,-0.13362689591685314
-6.622851526972772,7.872090689337706,-5.938728682304851,0.7800220252818361,0.28010268449551573,0.5595606546332805,0.1951925091307768,0.7406894216916994,-0.6428678440964718,-0.594529666589021,0.6106731259294294,0.5230801170118462,0.06757608840460028,-1.010782796365007,-0.4025330548158511
-6.48311512181606,7.7409838763007475,-6.199756754636004,0.7965938363215771,0.27544731832146463,0.5381143324275831,0.1819889434830733,0.7395917234472092,-0.6479846503261474,-0.5764705407775712,0.6141114373123984,0.5390258418459313,-0.2234736864483401,-1.2325231439409565,-0.6960656163761971
-6.085316370732407,7.479519910623433,-6.580631288647917,0.8164012003522436,0.2722367047364161,0.5092899534230677,0.1600561438073532,0.7406903101741924,-0.6525027932841181,-0.5548613438445085,0.6142190496950705,0.5611273011525557,-0.5278445727026951,-1.4462293758127402,-0.9840555226359646
-5.44821854790413,7.117710943294991,-7.062390010596388,0.8380146075018327,0.26987415723911995,0.4742356554161879,0.13060204775129614,0.7446550688315302,-0.6545471209826494,-0.5297873372747934,0.6104561963957637,0.5887857076605217,-0.8614725740398776,-1.666472028065606,-1.2150060507379996
-4.632170443360568,6.552294475809523,-7.664066382618742,0.8607558031143452,0.2677553136938138,0.43290476942822326,0.09419660933357063,0.7519920201036984,-0.6524070818824819,-0.5002263949403664,0.6023413431677137,0.6220598525189351,-1.2242572108336804,-1.9002982196716214,-1.398470882026846
-3.6960124900326945,5.60483515706199,-8.412918623693486,0.883447197519539,0.2659738723499354,0.385718742637754,0.05209917945652881,0.7623796398728863,-0.6450294258460172,-0.46562509027631543,0.5899450685737341,0.659665135785351,-1.5991130273460237,-2.1624779942960783,-1.5822715893257693
