1.6313292367657772,-0.2621758324287682,-0.011010879319224147,0.9999957128411677,-0.0025281329869854667,0.0014774447146481033,0.0025476687245181736,0.999907320488872,-0.013373848243281822,-0.0014434969188874686,0.013377554947161918,0.999909474572714,0.69349366,0.07572143,0.13158324000000002,-2.7435546,-9.077278,2.4735641
1.8242320522321989,-0.40902246326901504,0.15281705464007533,0.9999779223267057,-0.005708395792472995,0.0034013345382672712,0.00580899939679157,0.9995227263444573,-0.030340979663669672,-0.0032265128502469024,0.030360068155714307,0.9995338192759701,0.69349366,0.07572143,0.13158323999999996,-2.775711,-9.04019,2.582019
1.977520911857902,-0.5643793103661402,0.32062224428910646,0.9999477635319783,-0.007854895910574077,0.0065399401854040005,0.008106429242018718,0.9991919404188665,-0.039366889728863826,-0.006225432702933926,0.039417848903947394,0.9992034213189259,0.5692264119197977,0.1927431942844486,0.1419333644817565,-2.8112717,-9.002893,2.675589
2.0308500808425918,-0.8160979975035502,0.446383198271192,0.9998718568073868,-0.011152734081271938,0.011484184213995736,0.011751397624067867,0.9985011727797167,-0.05345383626467981,-0.010870814984609279,0.05358194173453012,0.9985042818643934,0.5692264119197978,0.19274319428444858,0.1419333644817565,-2.8493896,-8.962484,2.7664826
1.9926978089601692,-1.0374699376606833,0.467804954187662,0.9997733449701742,-0.013207318697036383,0.016698066354635544,0.014255617857194548,0.9978285495452922,-0.06430367852500954,-0.015812528155185517,0.06452714502574128,0.9977906651738974,0.656266364700853,0.30602872070954085,0.14199798426370613,-2.8904495,-8.917603,2.8617845
1.881741777482934,-1.1402042151692178,0.3435952398902068,0.9995795952670737,-0.016033040411107122,0.024157283392151143,0.017912608159868663,0.9966569427859948,-0.07971246367654763,-0.022798491060241316,0.08011167213115529,0.9965251370606395,0.6562663647008529,0.30602872070954085,0.1419979842637061,-2.9349303,-8.868813,2.9612885
1.681934621117872,-1.1515838492599235,0.09179351077498231,0.9993812137725564,-0.017136897134794573,0.0307167106813755,0.019854118605943542,0.995702309076081,-0.09045841959122021,-0.029034523121156754,0.09101229838407332,0.9954264201888432,0.705731555763838,0.41971954592754085,0.10822359402375291,-2.977501,-8.820157,3.0597138
1.3561922722326258,-1.1209303887668511,-0.2232567758012431,0.9990723656714288,-0.017496642352957743,0.0393481341116389,0.02149103177523923,0.9943973830335504,-0.10349869646165474,-0.03731680191188007,0.10424831951834415,0.9938509667815747,0.7173683897006756,0.46691269938234164,0.06552999425354042,-3.015651,-8.772455,3.155922
0.86849278645558,-1.1056347074891224,-0.49940083791218604,0.9986885066664735,-0.016998012713198174,0.048294246200669806,0.02257277782330723,0.99283497202488,-0.11734218348784463,-0.04595363264888393,0.11827842528609073,0.9919165679421904,0.7876518132633855,0.5050586567654428,0.028250867955844174,-3.0493896,-8.721863,3.259027
0.23174237072686196,-1.06662100000952,-0.743039883671258,0.9981308247460663,-0.015912903507529337,0.059005391225694155,0.023761720959027045,0.9905872774717004,-0.13480440025559062,-0.05630486043675542,0.13595449684789473,0.9891138142185828,0.8667384637621038,0.5293839894516585,0.014108769746914794,-3.082109,-8.665558,3.374452
-0.4756548053719272,-0.8815549124093197,-0.9552322391210482,0.997380722660451,-0.014810840873492036,0.07079783229687425,0.025612002958765707,0.9877096667809657,-0.15418702750839142,-0.0676440638175769,0.15559644321144805,0.9855019165329868,0.885434321881511,0.533396234151241,0.028464726173413793,-3.117801,-8.605766,3.495317
-1.170475510988341,-0.5178359134413879,-1.0718075689564168,0.9965288350188085,-0.014195266788697937,0.08202911298346188,0.028113369195584686,0.9848517090564234,-0.17110449918431242,-0.07835763809947709,0.17281668197670996,0.981832203068341,0.8033034277706825,0.5207826290378935,0.057715922447565494,-3.1580367,-8.54778,3.6057954
-1.855223458476127,-0.10282691346683154,-1.0808858910544914,0.9957188905652694,-0.014345533451709656,0.09131317890345614,0.030942007502919817,0.9826196937181176,-0.18303313822639228,-0.08710041987934371,0.18507496639820917,0.9788568708802853,0.6643406936899218,0.49265102916844,0.09784671911969564,-3.2030792,-8.496058,3.6929002
-2.517181362938313,0.2953739109714836,-1.0183216078332555,0.9947748585554637,-0.015500505455200857,0.10090944017578367,0.03478672506013825,0.980722577287067,-0.19228393109930683,-0.09598366811883746,0.19478952931316898,0.9761373749244553,0.4728460504651514,0.44824470072666395,0.14375287384037128,-3.2524338,-8.45459,3.7474487
-3.161888971522472,0.56294406107852,-0.9205938874524675,0.9939811402031359,-0.01743284621332087,0.10815539188305093,0.03864150090108054,0.9795948315708674,-0.1972328582355269,-0.10251013280932485,0.20022502798737815,0.9743724189645703,0.3068339792143409,0.3820766011880914,0.1883531053221993,-3.3050141,-8.42185,3.7758713
-3.8050690334760517,0.7779558120057057,-0.7619278682952813,0.9931399179649246,-0.021125662043063414,0.11500786819981018,0.043993420124829215,0.9787854155325676,-0.20010919350809195,-0.10834058487170414,0.2037960174880289,0.9730002574129547,0.1704122585764022,0.2905027377851936,0.24207258549175897,-3.361,-8.395979,3.7834916
-4.45266923973065,1.0767624875448436,-0.5508899573077748,0.9925231634265888,-0.02609644683930988,0.11923399483385677,0.049753337857279596,0.9785348469950218,-0.19998539593802434,-0.11145571063761836,0.20442242704456873,0.9725168871991229,0.030210089670940916,0.16957050485476877,0.30755738929990895,-3.4226823,-8.374964,3.773459
-5.072727338703356,1.45727113372338,-0.35402109684783634,0.9920469146408183,-0.03323721654426959,0.12140101559716139,0.05675262773263884,0.9790147057682377,-0.19572773215610242,-0.11234793454742915,0.20106091943965582,0.9731148176227751,-0.1668221357515302,0.0344494676031534,0.3592939461413157,-3.4865997,-8.363005,3.738942
-5.613891513726068,1.8344489963621171,-0.23653557431453393,0.9917929703945076,-0.0413189801414079,0.12099357733414243,0.0636437143754175,0.9803117069838911,-0.18691825692218814,-0.11088814858468633,0.1930846939309348,0.9748959531524672,-0.40100258123515786,-0.09749030014803424,0.39045573901756014,-3.5481904,-8.365263,3.6718903
-6.056082278905189,2.097247967621631,-0.1703039982287719,0.9917781827525306,-0.04991413004036031,0.11783299978529653,0.0701177786282722,0.9822292744675009,-0.1740952311215981,-0.10704920988183118,0.18092604014171101,0.9776534327983079,-0.6003260105135625,-0.2313785362693216,0.38788900258257686,-3.6027236,-8.3821745,3.5757966
-6.425280984238662,2.2087719578514937,-0.12271616062267071,0.9920714069324372,-0.05875388636992517,0.1110959242435298,0.07595307481510667,0.9845865973344675,-0.15754479609134986,-0.1001271889809408,0.16473376455895164,0.98124274919156,-0.7051857574034803,-0.35920489421606155,0.3326838358161463,-3.6430497,-8.409886,3.4663405
-6.746542760189479,2.242920225367661,-0.13974456045500755,0.9926733137472932,-0.0650944833843332,0.10179587617823357,0.07920075892282043,0.9867906202085294,-0.14132059883298767,-0.09125202441599206,0.14834749779282333,0.9847162474228762,-0.7582240025317472,-0.4835194166213806,0.22835616225616076,-3.6614976,-8.4463825,3.3555617
-6.989619365319145,2.251846537447111,-0.29654469325899047,0.9935527146062513,-0.06814743161049655,0.09060315040571731,0.07930393231734505,0.9888729247582924,-0.12586192831426748,-0.0810178351818556,0.13223564664973117,0.987901738098265,-0.7861391186349165,-0.58433150708774,0.0734419565738589,-3.6498857,-8.492923,3.2476592
-7.093425152978612,2.2015431086878627,-0.5625030067415246,0.9947659263019772,-0.0672376338728148,0.07694057745919113,0.07557517057709634,0.9909256250274692,-0.11115214463140813,-0.0687687826038188,0.11638516338049278,0.9908205429259552,-0.7411687450706201,-0.6629271841982226,-0.12839384278608182,-3.6014144,-8.548001,3.1526215
-6.983483207143681,1.9855973197400625,-0.8174221260450788,0.9962036673919366,-0.06110175999155721,0.06200667706617724,0.06712513537209452,0.992697747933861,-0.10022673020865089,-0.055429859066509,0.10400844279660115,0.9930306010143359,-0.5804660191969983,-0.7145289017128583,-0.3900790429442449,-3.507155,-8.607715,3.08815
-6.599382444314807,1.576367324368121,-1.0383637975222124,0.9977677810829838,-0.04851251840871618,0.04589107310122595,0.052666924689920215,0.994165518541778,-0.09413350512045619,-0.041056669086086,0.0963403202205632,0.994501328618195,-0.34094695868755,-0.732786004094882,-0.7000182033252603,-3.3591888,-8.666403,3.0689132
-5.9608640260339305,1.1086739390309435,-1.2378965983508006,0.9991252193522161,-0.029685651655170325,0.02945433992118949,0.03230582545676584,0.9951527991241947,-0.0928829372750246,-0.026554278298271977,0.09375323184342532,0.9952412781948761,-0.10227128586626104,-0.7373358819152742,-1.0256337951575676,-3.1526291,-8.720868,3.0950942
-5.0088067429708545,0.7190023516517037,-1.3752468380545968,0.9999033040557694,-0.005467159684006735,0.012786426527532445,0.006649794939525034,0.995516085189914,-0.09435838253917468,-0.012213220935391452,0.09443428558069646,0.9954561783128609,0.04789178478363021,-0.732191822322513,-1.312483391347787,-2.8921387,-8.772344,3.151027
-3.690303331463227,0.3351499587162582,-1.406419095212052,0.9997243772340313,0.023311517527035017,-0.002782573379768333,-0.023471603078072716,0.9949907692429945,-0.09717228499000378,0.0005034014029241165,0.09721081355394498,0.9952636858216054,0.13829403958925734,-0.6585846101213946,-1.5580194276168402,-2.586966,-8.823316,3.2206376
-2.152601798601416,-0.13102972861819595,-1.3739095724794115,0.9981659580804007,0.05787064440309571,-0.017768191967814827,-0.05937745384973587,0.9930968361321326,-0.1011582524496609,0.011791441971072236,0.10202775397271707,0.9947116664217451,0.21498144880050862,-0.563929988606751,-1.7641108471282412,-2.244475,-8.872688,3.2985535
-0.5383347828551203,-0.6435126855010698,-1.3190820110699053,0.9950258595509909,0.09474343234045642,-0.03077695327935892,-0.09747517752867181,0.9897207397595146,-0.10464916175312368,0.02054576819114845,0.10712861110938984,0.9940328626817164,0.21793167147023274,-0.448113782802539,-1.8719645282644841,-1.8817688,-8.921498,3.372081
1.0843306292230797,-1.1577951166235216,-1.1909167561125265,0.990319619589844,0.13236712515557716,-0.04178510779539846,-0.13617192685904678,0.984827553953753,-0.10757274426619624,0.02691203059822355,0.11222135782244756,0.993318735078306,0.21027423081083618,-0.33392402725047016,-1.8742823696363275,-1.517923,-8.9694395,3.4342926
2.699425153012525,-1.6086971468056979,-0.8796101721364757,0.9847977123526488,0.16610478613282645,-0.050819934757497166,-0.1708302978040848,0.979130136108167,-0.11009625750663908,0.03147181432895139,0.11710412712013385,0.9926208482166164,0.21113187248969184,-0.2664739848426082,-1.7697557769666539,-1.1712143,-9.012258,3.4893723
4.331215347294897,-1.8752288695267871,-0.36691704200634256,0.9786946216963405,0.1967889590381813,-0.05857425256309029,-0.20230536269913918,0.9729625052586238,-0.11142936589620496,0.035062482596436795,0.12090520651125652,0.9920446327422192,0.15385553978818545,-0.21048097183995204,-1.5835235997771488,-0.8566605,-9.050189,3.5303528
5.948746811643512,-1.8588453631012964,0.2237805718683235,0.9729673119226339,0.2217843638643028,-0.06439181528229282,-0.22781893864677577,0.9674483011110424,-0.11019217699642953,0.03785685042233436,0.1218830612622705,0.9918222513401472,0.018787290869176423,-0.14858101224735992,-1.3180914379266344,-0.59022367,-9.084946,3.5447495
7.448809014777378,-1.5989451554690473,0.7845980072082769,0.9683850693445921,0.23995501301258051,-0.06820519921970856,-0.24619253208562425,0.9633937724895592,-0.10612104538498646,0.040244187353413785,0.11955764659136536,0.9920112774186577,-0.14766137475070595,-0.09220454556673993,-0.9930517310348769,-0.38417053,-9.118956,3.5258408
8.757101846654464,-1.2591917036187747,1.258068461872653,0.964982785808612,0.2526520201764891,-0.07053495441118406,-0.2588293948996576,0.9607764353026872,-0.09957904248854856,0.04260947581144262,0.11434858139827557,0.9925264905801132,-0.2683782965964442,-0.045872046384165394,-0.6311187170482335,-0.24682617,-9.151896,3.4804535
9.763708377915153,-0.8588817087213667,1.5905874099721982,0.9635400939519497,0.2577706332645507,-0.07172717736993903,-0.26379220005128984,0.9600403885313061,-0.09346725405593466,0.04476787396299318,0.1089805166763715,0.9930352886205928,-0.2790584092995587,-0.032656841072329315,-0.261612915732778,-0.17951354,-9.178998,3.4281967
10.882226295214442,0.33626928636988795,1.979772776128609,0.9643536296344962,0.2536666264582105,-0.0753347173093644,-0.25960270722034723,0.9620890738448181,-0.08361248945154177,0.0512690102755822,0.10018910424656104,0.993646633353947,-0.2619849404061513,-0.10201712832065758,0.09852648740845793,-0.24272613,-9.206157,3.348355
11.429338268451886,1.7609032433212501,2.3140782784886498,0.9736483921533194,0.21149766974359932,-0.08530852331556034,-0.2182905808594463,0.9725857178723434,-0.08016385531386144,0.06601538279294897,0.09667345594196795,0.9931244696164404,-0.16285213323277242,-0.31979290991961734,0.9985504564366752,-0.528746,-9.195745,3.3191543
11.453974988613869,2.083188741083187,2.3119260607255896,0.9765774950523539,0.19619386490338342,-0.08834230884203126,-0.20325242585979417,0.9758888026479555,-0.07955813125285449,0.07060345274401753,0.0956504691081572,0.9929079213200044,-0.14726002758154852,-0.3241337577700061,1.1564151201379114,-0.72531587,-9.1782255,3.3171387
11.186621865144483,2.225264839462062,2.2116399541269263,0.9818888849466246,0.16508398131321889,-0.09295965109685676,-0.17259205549671924,0.9817800859890099,-0.07949745363738107,0.07814217809665842,0.09410176336916859,0.9924911375589821,-0.11685969144409658,-0.2877766117673157,1.252734970573262,-0.94416046,-9.1530485,3.3198898
10.673579742210276,1.9290890792904487,1.9990380863395865,0.985877160667078,0.1363782311493895,-0.0971967187902059,-0.1442857746226872,0.9863317659945202,-0.07956923168951587,0.08501670022148437,0.09246959207594928,0.9920793996574856,-0.11685969144409657,-0.2877766117673158,1.252734970573262,-1.1724106,-9.1218,3.3258026
9.97736227584399,1.3618660437170118,1.6839156270172166,0.9888223137137031,0.112990261912807,-0.09728120381015129,-0.12097943818910123,0.9893808157882843,-0.08055791013647345,0.08714589742108526,0.09142648447239995,0.9919913258187749,-0.06910801752279207,-0.10483073267926724,1.243076035067073,-1.4006622,-9.087397,3.3302016
9.103743084519637,0.6807199542738468,1.3395123353458522,0.9906467376373524,0.09753992055432335,-0.09542015042287837,-0.10532812216748304,0.9911900352053664,-0.08030131250642017,0.08674691861466999,0.08960065852346337,0.992192871423203,-0.13316112972580488,0.045393476362626195,1.1718048316901473,-1.6238877,-9.056478,3.3173203
7.959792871453693,-0.0944519017463532,0.9774207148859122,0.9931101474599091,0.07582200732468244,-0.08934908067468515,-0.08304508821904373,0.9933210314373706,-0.08010519225922025,0.08267858449953534,0.08697328158377846,0.9927738412930214,-0.10836109871540978,0.20602299630717055,1.0628133047942165,-1.8357773,-9.0291,3.2911103
6.487896567706938,-1.0277981146997544,0.5117799073993384,0.9954827172448351,0.05291466264902988,-0.0788301854848574,-0.059532991108933,0.9946757157979922,-0.08411922117668905,0.07395933096277532,0.08843222760107544,0.9933326524810555,0.07831274383073977,0.3333147631766744,0.9201167847691891,-2.0283325,-8.996762,3.281479
4.709261061329084,-1.8587272603363978,-0.12866092370901677,0.9965600868569271,0.04265366726479057,-0.0710539087776062,-0.04884836262344701,0.9949344889664116,-0.08785897867691593,0.06694647677600406,0.09102761852321027,0.9935955625470918,0.18925895117713243,0.4430333749413968,0.7040712282380661,-2.1886032,-8.962047,3.2895522
2.670812910368369,-2.3754024830916425,-0.9030149835279201,0.997807489442102,0.03373864899312266,-0.05693783959166796,-0.038845103926862024,0.9950836457233184,-0.0911021180593391,0.05358425061675226,0.09311413199995662,0.9942124956505699,0.11543171056802926,0.5882487106601368,0.4511519093445127,-2.309543,-8.93967,3.2827759
0.4270721734432884,-2.7846760843819958,-1.5073750171696334,0.9986634328911004,0.030899388494676473,-0.04143157729094586,-0.0346249713083378,0.9951153773681886,-0.09244726652130726,0.03837263566732593,0.09375827172052556,0.9948552293253131,0.05626327141776479,0.7494351430460082,0.2110804067747707,-2.3924623,-8.932547,3.252388
-1.9162238070086721,-3.187402047740963,-1.7598970399269738,0.9992164017222985,0.031425411405821564,-0.024062960065517183,-0.033559435793908056,0.9949941577309857,-0.0941296465009732,0.020984441816125785,0.09486342603542468,0.9952691010990372,0.0849492096339734,0.8910996618913459,0.05730742424034449,-2.4491258,-8.93161,3.2169404
-4.163300452691628,-3.3302478802556483,-1.6893492775377437,0.9994464019682455,0.0331109324643397,-0.003248960459565634,-0.03326985823980711,0.9948963974369036,-0.0952589885510618,7.82651201010516e-05,0.09531434581640967,0.9954472207787609,0.05518421530494552,1.0193788258506835,0.014726825218271802,-2.4973817,-8.934057,3.172458
-6.1076229599405565,-2.995105169142161,-1.4749971978280596,0.9992678126704709,0.03394748782006727,0.017646717300299194,-0.03214736078664289,0.9950669056184563,-0.09385307953051356,-0.020745740652570576,0.0932170661070916,0.9954296523768823,-0.07576652696495068,1.1268663018760383,0.061392397731453184,-2.5557587,-8.940416,3.1002166
-7.662621306075119,-2.262222760888404,-1.184638080524792,0.9985485678262017,0.032419236252152026,0.0430087294983984,-0.028557798449042823,0.9957512447157193,-0.08754376502548257,-0.0456640979324362,0.08618846655974467,0.9952318013368016,-0.30173704618422625,1.2186927411843056,0.1842656130211643,-2.6344619,-8.950415,2.9831467
-8.858935886267824,-1.3687468851320763,-0.8381968353130647,0.9971458792252511,0.028267049302548364,0.07000763863912211,-0.022794209789570984,0.9967102571354568,-0.07777587878666564,-0.0719758261096576,0.07595812823323386,0.9945098507360971,-0.4472134220130976,1.2582528867483451,0.29946163874107107,-2.7328522,-8.95824,2.8274796
-9.684131487405773,-0.36429627158323236,-0.47922043085879984,0.9952217651497098,0.021217491874342742,0.09530716767828012,-0.015076610851995012,0.9977910810529682,-0.06469663342372584,-0.09646934216377326,0.06295058863671303,0.9933432888044186,-0.6016861830344622,1.2018490281742753,0.4259536121212276,-2.8484313,-8.961004,2.646321
-10.065460233694118,0.7560049044576198,-0.09621016748719913,0.992973843661366,0.011281843328623253,0.11779501608930348,-0.0058574297643315554,0.9989106546451951,-0.04629464928975052,-0.11818898561594843,0.04527939981286727,0.9919582348222419,-0.8835463971094186,1.122466769657345,0.5678899551701214,-2.9787629,-8.967745,2.4208312
-10.076440120233883,1.7061689812102248,0.3728194082324844,0.9902559985890409,-0.0026290501617404942,0.13923413860711872,0.005910860456749208,0.9997142467554381,-0.023162179579334415,-0.13913345746828912,0.02375948083295498,0.9899885696731385,-1.0334912339700553,1.0179582624056822,0.7060811762995676,-3.1251235,-8.977358,2.1613922
-9.87748882574564,2.4043526210469066,0.7727886168540002,0.9875436384697311,-0.01872334084577433,0.1562273939664086,0.01921509111304697,0.9998140315152628,-0.0016378823864453447,-0.15616767396449205,0.004619403940714282,0.9877197571759669,-0.9486609235965752,0.8335011351230823,0.8020446031620947,-3.2846267,-8.976886,1.9153244
-9.594985008309832,3.1127372141506786,0.8399539471092462,0.9850322325884383,-0.03673669590298797,0.16840996388564972,0.033992074124746634,0.9992385746264708,0.01915228119974509,-0.16898532379627612,-0.01314101033359945,0.9855309605430357,-0.874965050170184,0.6040778553120241,0.8678533681758873,-3.4508057,-8.965756,1.6967392
-9.298077738827331,3.8530729432313797,0.4427816701549933,0.9831725540212323,-0.05438428333863514,0.1743963266388022,0.048167144381896676,0.9980504479512506,0.039689161573393195,-0.17621479853138997,-0.03062112130619065,0.9838753435819458,-0.8671263620154444,0.32157411900893884,0.8535768180169329,-3.6078568,-8.953787,1.4970306
-8.682218366375578,4.3507612978960974,-0.9292975700871432,0.9814516456072719,-0.0828231468437839,0.17289590417840547,0.07072526964316192,0.9946717442193534,0.0750070495722162,-0.1781869904585559,-0.06138768279158176,0.9820799095963635,-0.771283230428455,0.0034568119467632066,0.7125508315561895,-3.8125565,-8.940761,1.2217362
-8.418183812191085,3.958593149653544,-1.477206465039084,0.9818782993502962,-0.092530880845346,0.16538754897195837,0.07877772442414747,0.9930112669230285,0.08787885922377865,-0.17236320778959968,-0.07325749008738973,0.9823055862340262,-0.5470147769095391,-0.3277309332652349,0.49322314821568874,-3.834224,-8.937648,1.199289
-8.10480864733499,3.364856973500778,-1.947797341977682,0.9842422782265071,-0.09022924998572106,0.15207176002962158,0.07790715352078205,0.9933187856715016,0.08513674566473126,-0.15873756071510592,-0.07194770655904255,0.9846958486452102,0.18311891842141345,-0.9710037287611236,-0.09380962543014251,-3.795793,-8.936226,1.2714615
-7.631350757235128,2.6113086252796816,-2.5270247772754026,0.9880973901817157,-0.08604620384332623,0.12751312999151315,0.07620811258430449,0.9938670579502067,0.0801286134769395,-0.13362586236360766,-0.0694573388890731,0.988594864938125,0.18311891842141342,-0.9710037287611236,-0.09380962543014251,-3.6944535,-8.942841,1.409964
-6.915594426526708,1.7833260344838837,-2.933016928139868,0.9908015508750034,-0.07663629250408334,0.11153100669730473,0.0689283954071802,0.9950630977299686,0.07140243583120043,-0.11645240697502618,-0.06305799082801364,0.9911924771216013,0.6547245132884054,-1.4074219611696088,-0.699691113294779,-3.5307586,-8.955812,1.6056824
-5.813412792257621,1.0065635980808474,-3.1619339805808724,0.995781227589778,-0.05101919238195406,0.0762678752063122,0.04758951813472065,0.9978011977073417,0.04613033294371441,-0.07845370955855163,-0.042306168137589674,0.9960196803246487,0.9424371538376357,-1.4994470210993516,-0.9655475267420845,-3.3129973,-8.966009,1.8598725
-4.444172883804205,0.14591065293273667,-3.0835867076223535,0.9986088777764516,-0.025611046512960783,0.04609103516482292,0.024745387267521617,0.999508331152451,0.019255175040005113,-0.04656151882224612,-0.018087848223374066,0.998751648164654,1.2264180950756627,-1.4971540906214134,-1.1811375907493398,-3.0532165,-8.963382,2.1675568
-2.8384099404646,-0.7132828942506091,-2.9142874762554856,0.9998688325115654,0.003517059617102959,0.01580974584257637,-0.0033507945635535023,0.9999389349973542,-0.010530833402364843,-0.0158458179892988,0.010476476888976006,0.9998195604629087,1.3640552438144167,-1.4358311576719005,-1.36933294723843,-2.7584229,-8.951472,2.5029845
-1.0431002349052543,-1.471181303803836,-2.691959482828391,0.9995255737506916,0.029947029894107892,-0.007197417513966391,-0.030170264886263672,0.9989926273306574,-0.033218754577518175,0.006195363995894824,0.03342014272127079,0.9994221888298495,1.279589163373234,-1.2708591838909546,-1.5264399159110904,-2.4361541,-8.944631,2.8227432
0.8531843034662734,-2.0726321560416525,-2.329272831862701,0.9974371853205153,0.06429854899590018,-0.031380853030283797,-0.06595050024197835,0.9963168142344173,-0.054802711535224646,0.027741536686334833,0.05673184529699395,0.9980039603485938,1.0263882481673499,-1.0427574044071017,-1.6321510326454345,-2.0986755,-8.952055,3.0892441
2.712695110859867,-2.600049393704395,-1.7554049396223024,0.9943860561711446,0.09435613066685755,-0.047888327366639616,-0.09741769275218541,0.9930374839080242,-0.0662295152666858,0.041305743320225394,0.07052287684998583,0.9966545838000066,0.6807104742493019,-0.7861017335177881,-1.6705347848603562,-1.7582932,-8.975431,3.2807617
4.45198220460336,-3.0327226942774455,-1.011451260361405,0.9903209385340733,0.12486240452078494,-0.060612033774477325,-0.12899831901533418,0.9891757095824085,-0.06993460705083993,0.05122374832251726,0.0770765561596078,0.9957084573801537,0.27709628859329194,-0.5408303944079981,-1.6085224340919584,-1.4328598,-9.013376,3.3839371
6.078920707033276,-3.331775168283489,-0.14512854105577846,0.9867338084246228,0.14788304400965036,-0.06698504763212262,-0.15233938473249037,0.9860430684116083,-0.06716977815018829,0.05611687064657303,0.07648315194772659,0.9954904441012861,-0.07866766850697383,-0.2979495062777331,-1.4789432369567612,-1.1390473,-9.062284,3.4025588
7.455042367919507,-3.2774396803722707,0.8266845176133322,0.9824623256814341,0.17216304023512707,-0.0716077243991449,-0.17654754159401725,0.9824504163970481,-0.06018425772886334,0.059989533868289244,0.071770933519521,0.9956154824670019,-0.2531740648260618,-0.14618319586517076,-1.193043164466882,-0.90069276,-9.111404,3.371112
8.622997807559438,-2.977222588066626,1.6763244974729798,0.9781848654919794,0.19431480515000635,-0.07345832438840229,-0.19806670047687935,0.9790253862770629,-0.04773756578679598,0.06264144861542427,0.06124581230224276,0.9961551080985324,-0.41181716095254817,-0.02399111529608039,-0.8589266059940491,-0.7312622,-9.157183,3.304854
9.629336249019449,-2.2916031903568723,2.1550042189260923,0.9766341338674371,0.20208578091618162,-0.07312390660034897,-0.20521803806057237,0.9779730973795813,-0.0381336813900319,0.06380693864752479,0.05224899954337885,0.9965935563845203,-0.5934393950666137,0.04430178453997183,-0.517763518994769,-0.633136,-9.20278,3.2077332
10.446497923830478,-1.3792630839733027,2.3423355213148183,0.9758898787468149,0.20615835527008428,-0.07167759142060555,-0.2080838371947874,0.977897367644589,-0.02044150317554298,0.06587914129539613,0.03486360431906312,0.9972183651718736,-0.8022261040692897,0.07222879237753922,-0.18823818973020834,-0.6014267,-9.25482,3.075531
11.019023533707525,-0.37140601527652906,2.444041908637249,0.9766129773740053,0.20304602161444005,-0.07070647446470102,-0.20367568765619865,0.9790368731718092,-0.0017364411133575022,0.06887166821308799,0.016097020734094192,0.9974956537454344,-0.9169875359319672,0.0453123291390711,0.1548286509495413,-0.6327133,-9.308871,2.924054
11.271591447256016,0.5984816234677579,2.555675310997379,0.9785056250579167,0.1932180753774969,-0.07206606050999471,-0.19265757167647282,0.981155701122031,0.014715645805045103,0.07355135488717408,-0.0005152699784511747,0.9972912978117824,-0.8789654517234394,-0.06628285573822543,0.511547948645769,-0.7241394,-9.351262,2.78078
11.21791634886979,1.479775937978643,2.5947211547766473,0.981363287429451,0.17606432793174204,-0.07698993775554953,-0.17439847253118754,0.9842797200064268,0.02790350449061116,0.08069244614242413,-0.013956547352869506,0.9966413316341732,-0.7091587360716962,-0.22272141195147122,0.8532629482415693,-0.86913145,-9.370438,2.6747804
10.935156047396951,2.134804395299164,2.454861142767862,0.984376207844844,0.15386809182910482,-0.08560427410984378,-0.15143195797641465,0.9878724739753706,0.0342977734730535,0.08984343900604258,-0.020798689349322497,0.9957387061819565,-0.41384964461494855,-0.3974830632129154,1.1338328806887445,-1.0565841,-9.361151,2.6294417
10.517438300682313,2.496232319032943,2.1209266442887102,0.9870586996286809,0.12754168981547556,-0.09720206194494761,-0.12469891093803305,0.9915839703664815,0.03480533469329232,0.10082313771255534,-0.022233917137035878,0.9946558941817705,-0.14417613197571227,-0.5197213040917106,1.3006263414234023,-1.2688217,-9.326518,2.6465545
10.031339464431149,2.7185035175348484,1.735074229102636,0.9888712449888398,0.10061532857804323,-0.10959113326064805,-0.0976659610651477,0.9947056402656156,0.031969505360446765,0.11222754066378601,-0.020910401213342488,0.9934624976503411,0.0003381185895378544,-0.5886662929973115,1.3953184224743425,-1.4922577,-9.27775,2.7009673
9.556610384960123,2.728975797345466,1.444628073738104,0.9898631783366185,0.07267372066655314,-0.12202220493748869,-0.0695987719045277,0.9971452277348456,0.029281491679961566,0.12380185427814949,-0.020492074812032128,0.9920953460969306,-0.028526367800846844,-0.5600021078524171,1.360424632646201,-1.7130417,-9.226608,2.7559357
8.94298653957723,2.5151211636156816,1.2413983021579325,0.990058854497705,0.04707670561061404,-0.1325414969718638,-0.04390646266871222,0.9986776601391543,0.026742357317639645,0.1336251741499779,-0.02065707936362017,0.9908166318272781,-0.03733220441218589,-0.48649398452662435,1.2731397406830571,-1.9213959,-9.176709,2.8013718
8.129859937479322,1.790268518191224,1.0361999853907786,0.9898366146349405,0.02485450719626703,-0.1400204620763328,-0.02183727496392252,0.9994959245906293,0.023044091409132873,0.14052263074035093,-0.019752220096817763,0.9898804170459464,0.03346906426143294,-0.35763303960246545,1.1453655035242978,-2.1127548,-9.126366,2.8434327
5.991118527190182,-0.16740871637649476,0.5016945319077755,0.9887023284882369,-0.013406819331580324,-0.14929153638886472,0.015842104491447837,0.9997599512269018,0.015134980940342302,0.14905278718366632,-0.017329083016502624,0.9886773839400732,0.05933071719505139,-0.21562012516241438,0.9603259423473756,-2.414369,-9.044698,2.8923995
4.613666570558542,-0.8665056805946729,0.3042446091798438,0.9883088400868357,-0.028512834119377977,-0.1497753480940477,0.03104747206814348,0.9994111053335326,0.014611537023315788,0.14927052985901162,-0.019090857143845414,0.9886120817029915,-0.0801897379312963,-0.01195518908751102,0.6899396845330684,-2.5149703,-9.029875,2.8608322
3.054936161036021,-1.609365043636816,0.14539550895546371,0.9885500519276077,-0.037224971745440996,-0.14622960135510857,0.040208444276916055,0.9990380674688355,0.017499164464739928,0.14543753244177687,-0.023178464718030846,0.9890958916761111,-0.20323764213162276,0.1797296191738995,0.4167690573934949,-2.5761352,-9.029454,2.8076873
1.383458322531799,-2.4106376092101445,0.0432262595094361,0.9901605091305199,-0.03538554648494882,-0.1353884384220085,0.03848408340756604,0.9990522394259472,0.020337114403931236,0.1345404826907793,-0.025347307509094773,0.9905838543603317,-0.14326919449963185,0.60891999081555,-0.11752967456603723,-2.5997512,-9.040552,2.7481704
-0.3816994645364373,-2.96734880582827,0.04128953203365171,0.991986347509766,-0.03313868116566834,-0.12192175427229054,0.03630348490550462,0.9990566990554448,0.02382790498876801,0.1210171200200548,-0.028063141004494335,0.992253655462661,-0.14326919449963185,0.6089199908155501,-0.11752967456603725,-2.5937912,-9.060648,2.6867766
-2.249152723317853,-3.127056543609021,0.03383811402727116,0.9941403167166493,-0.025955927749302738,-0.10493483927272282,0.028869432476567293,0.9992360419875903,0.026341758890690826,0.10417094867092291,-0.02921681378328819,0.9941301681597597,-0.09935527270459105,1.0153112296926763,-0.46075069226761395,-2.5710692,-9.087687,2.6149368
-4.1182758214146995,-3.0244417626917395,-0.03002852935791371,0.996608754728672,-0.015799792795676098,-0.0807549165424493,0.01824960558842241,0.9993925773937006,0.029688855589983874,0.08023678641390881,-0.031061918775078762,0.9962917320283144,-0.099355272704591,1.015311229692676,-0.46075069226761395,-2.542375,-9.119351,2.5251892
-5.781990254278348,-2.719036340755538,-0.12683970305579625,0.9979197083234935,-0.009803265248877797,-0.06371931991172108,0.011947907868675302,0.9993718408216977,0.03336422140875766,0.06335221572379073,-0.03405612666042772,0.9974099844095079,-0.24716518667133458,1.298973080931512,-0.5039961008354767,-2.5209014,-9.152438,2.4144745
-7.12782464258774,-1.9602141881834843,0.06788948582796259,0.9995697418287235,-0.001268183019720542,-0.0293039746840928,0.002594944968765069,0.9989708614320678,0.04528227324550854,0.029216390623527072,-0.04533883237910192,0.998544336921217,-0.4595566455272678,1.3647506510459717,-0.3961452822603071,-2.518898,-9.18759,2.2681136
-8.138966619490352,-0.9666505527409732,0.38392768456087234,0.999989229127778,0.002402196939455293,-0.003971281694240245,-0.0021806910829141263,0.9984911187396249,0.054870122876594166,0.004097098342953472,-0.054860871738933406,0.9984856025688164,-0.5389783108300182,1.4223586324645936,-0.27941717629131224,-2.539151,-9.222789,2.0929077
-8.787634738357399,-0.2009005889055368,0.6598512331686919,0.9996752080677491,0.0021644908523701678,0.025392781534342292,-0.0037646350895876087,0.9979976905646251,0.06313823841632268,-0.02520527518879915,-0.06321332618225489,0.9976816974845396,-0.3869196701939236,1.3673549037045414,-0.06976611220667356,-2.5905151,-9.240007,1.940625
-9.069768497343578,0.3097244261968054,0.6383130025453324,0.9987841576990063,-0.001986277004926166,0.049257091196544915,-0.0013383332649554672,0.9977271380014814,0.06737037152520625,-0.04927895284558097,-0.06735438218135549,0.9965114008416615,-0.2223858365101979,1.2922899869755118,0.13847666245705587,-2.6735764,-9.235573,1.822519
-9.156632782168648,0.8779315894776916,0.42073056410687437,0.9972249766993267,-0.011311874577565412,0.07358252061846665,0.006051016818821284,0.9974344298030718,0.07132982152563368,-0.07420061349129156,-0.07068663053903355,0.9947349743627967,-0.16110010466199517,1.146821667719299,0.3501151521447969,-2.7880616,-9.214871,1.7268798
-9.1391963431503,1.6781196422690607,0.02943487954406243,0.9956589097223155,-0.0230731857922455,0.09017185585294776,0.01620155859655475,0.9969602990996862,0.07620808039903623,-0.09165612357944636,-0.07441632963577333,0.9930062260096504,-0.2160931832339375,0.9342579236482946,0.56266705663648,-2.929535,-9.185544,1.6342895
-8.95733399595976,2.4443865399414255,-0.4336203362808828,0.993971119071925,-0.0397004378529458,0.10220220000170106,0.031429308804544386,0.9961936443590378,0.08130449856389713,-0.1050410062736072,-0.07760217891878124,0.991435468816849,-0.17316946534807195,0.6398715250937717,0.7498069115136264,-3.0909715,-9.148961,1.5541703
-8.5705031168302,2.9338307222495703,-0.9170619491002815,0.9926411342707454,-0.05612757277514627,0.10729992603938247,0.047286581652017975,0.9954073464534318,0.08323577249118319,-0.11147895653150602,-0.07754940490363303,0.9907363584979298,-0.013836009845027166,0.34653844273575074,0.8564148681698173,-3.261174,-9.100424,1.5136445
-8.080476863316493,3.15819225787417,-1.377446030864817,0.991462407744922,-0.07444685298189353,0.10705120321478218,0.06586653515876757,0.9944886356882285,0.0815717661519222,-0.11253396631603799,-0.07382424783265566,0.9909016534738061,0.1687271765962922,0.05864053780920091,0.8442151726768227,-3.4209335,-9.043866,1.5208267
-7.5469945280042126,3.2438867574841277,-1.8598729000759464,0.9909843235119574,-0.08822557879158689,0.10082815975924474,0.08076766724799377,0.993846241897293,0.07580390091508436,-0.10689553068703904,-0.06697682221124009,0.9920118198920916,0.37679272093143396,-0.2653856215669027,0.7333035495267379,-3.5513458,-8.98479,1.5834427
-6.945482588940564,3.206448308962173,-2.3731794669068433,0.9912535627566228,-0.09812016437739855,0.08825422179619949,0.0925328584244267,0.9935644668305054,0.06532473010750164,-0.09409593208053972,-0.05658695604435012,0.9939536568530389,0.5577245099984066,-0.5736733769402952,0.515579888839503,-3.6330247,-8.929918,1.7008057
-6.217670582221734,3.145607564143293,-2.8429809013376,0.99206904957084,-0.10305234575197207,0.07196676259652557,0.09925797183108324,0.9935705375417271,0.05445587164872691,-0.07711586031153773,-0.04688070993552392,0.9959193456923869,0.6107925280949935,-0.8590698822228061,0.31090852860499324,-3.662709,-8.885191,1.852565
-5.3966368317193645,3.0621958910290905,-3.179079561805777,0.9934830437179157,-0.1025772170195614,0.049692619104916146,0.10055586306541064,0.994061121738366,0.04160534402490956,-0.053665261092767286,-0.03633731961472254,0.9978976094545281,0.6178550496764931,-1.0675828931145603,0.021831555353083537,-3.6313643,-8.857859,2.0165222
-4.527170291233555,2.83129035905566,-3.2944901732992764,0.9950157104305175,-0.09589795204197613,0.027337132084508907,0.09519813739341342,0.9951227239418567,0.02584722289460292,-0.029682497086260026,-0.023115948795006235,0.9992920505427981,0.8326354731094682,-1.2098562894893128,-0.32349193666274323,-3.5313904,-8.840769,2.2184768
-3.5463247464070244,2.440652049804368,-3.1534558141349214,0.9967043083748429,-0.08111926110825739,-0.000432601750661777,0.08111927144825037,0.996704401394412,6.3805495785357325e-06,0.0004306584834679744,-4.145186009556559e-05,0.9999999064075022,1.1805730876863174,-1.2869930822147908,-0.6679112828037995,-3.3624482,-8.817105,2.4839814
-2.596097982658283,1.8982867889535737,-2.8696387688557743,0.9976085474291023,-0.06564525238114921,-0.0216306943071724,0.06513210996397012,0.9975968151509513,-0.02363054490102863,0.02312994483427088,0.02216518081346164,0.9994867234793415,1.4946609011190408,-1.3189819223570327,-0.9885027837644259,-3.1277938,-8.77814,2.8042526
-1.4652672907968824,1.236756287491575,-2.459280951527847,0.9980689952584398,-0.041842104406133195,-0.045907722690993635,0.03946898900158807,0.9978960689437448,-0.05143573168346033,0.047963315262807116,0.049524477639715236,0.9976205924616399,1.4870197677678396,-1.2123955286780792,-1.2804765354938477,-2.839801,-8.737045,3.127391
-0.3546225342811199,0.46590456935778524,-2.066335107050115,0.997334631213806,-0.00864622633032959,-0.07244912802694614,0.0027287743362212928,0.9966792948082731,-0.0813814296452507,0.07291218809116945,0.08096682080165694,0.9940463705265614,1.4266330340113647,-1.0796885319074918,-1.5479785677951294,-2.5074508,-8.70721,3.423825
0.7664281848195196,-0.5101737102695445,-1.6779989469643815,0.9951367447199603,0.02672793406553412,-0.09480757801329938,-0.036675374172110156,0.9938185330967398,-0.10478377833796344,0.09142087418907717,0.10775129147268817,0.9899655968509574,1.248665111070362,-0.8888497537694678,-1.7440429507212267,-2.1478972,-8.6979065,3.6757507
1.780608861815259,-1.674344767098176,-1.2330866264225264,0.9919756544518038,0.06092329054897982,-0.11078200956653034,-0.07402735623982282,0.9902138591942021,-0.11830665064934702,0.10249025077077609,0.125558216491032,0.9867780311541874,0.8977571180035206,-0.6243446449954905,-1.8503859313015847,-1.7821381,-8.715352,3.8520265
3.2334940003601504,-4.170711817809062,-0.24592016108217674,0.9845363684615224,0.1229072230459331,-0.1248276960443211,-0.1379797965342654,0.9831030604026115,-0.12029109848771674,0.1079338451319088,0.13565466136538054,0.9848594305406659,0.2430219834794216,-0.1651655116486958,-1.608280651456124,-1.1223205,-8.808566,3.9667602
3.6513219089377698,-5.290787944565802,0.20501666679373376,0.9800338149091314,0.15152308066203568,-0.12874190328459262,-0.1667152391809665,0.9790638739988982,-0.1167902378416225,0.1083501299467901,0.13592161953477383,0.984776910108862,0.008827985133956651,-0.019328685015044006,-1.238742864083711,-0.8852173,-8.861873,3.941687
4.152372983053244,-6.688047928151645,0.8378261427731681,0.975192386950549,0.18117573377839352,-0.12718161000533984,-0.193929700521636,0.9762833613825027,-0.09623964642116052,0.10672900116312475,0.11851646205292343,0.9871994573201404,-0.44810131509116435,0.12639534445137326,-0.7836089229014422,-0.6996414,-8.98866,3.6566558
4.3581609101287535,-7.034022655149579,1.0974384720246118,0.9743374730272463,0.18933776072155473,-0.12172797960956318,-0.19929064511608907,0.977029319368786,-0.0754781283749119,0.10464094525610904,0.09780041645470572,0.9896895225863483,-0.8939066605377876,0.27586087732863956,-0.34226173087996486,-0.7692032,-9.068903,3.4026427
4.595091589517118,-6.976408631658602,1.4661801734145692,0.9758841571296489,0.1855224369111782,-0.11502841938360861,-0.19202427779175632,0.9802063197425049,-0.04818970300187022,0.10381131249487144,0.06911581685397289,0.9921926301171058,-1.362626261895606,0.31471504209090023,0.21609889328328152,-0.94596404,-9.147827,3.095131
4.864733556317055,-6.621019325697002,1.9821138457294127,0.9793862909102101,0.17122995287235945,-0.10715781080476404,-0.17397383208850561,0.9846080820808008,-0.016734110362002536,0.1026430656478094,0.0350318132630436,0.9941011885788701,-1.6727807514976694,0.37306854294056074,0.7496288159041838,-1.2241821,-9.206859,2.7630858
4.985394525889176,-5.99690288574315,2.4511149482884753,0.9854056191009217,0.13728346655863774,-0.10064301095441829,-0.13647368761365505,0.9905313289701712,0.014920419488641964,0.10173838230214914,-0.0009675423659597955,0.9948107183923539,-1.8694452397424575,0.34396713546869734,1.8194353306038182,-1.5919144,-9.226446,2.4394424
