-0.22749078765300065,-0.2876963579185112,0.11631769598586339,0.9999910814987201,0.00233161930374755,-0.0035214307379855866,-0.0023314564261864208,0.9999972808838269,5.0357575566846854e-05,0.0035215385775015963,-4.214706412927372e-05,0.9999937984756067,2.9180236,-7.8032045,5.171982
-0.08015715961097333,-0.3309692929359408,0.2460412551102746,0.9999721494230092,0.004038421233584509,-0.00627626738333724,-0.00403282588163179,0.9999914595948968,0.0009039096616833021,0.006279864149442239,-0.0008785733937340728,0.9999798955054329,2.947496,-7.802545,5.1568084
0.12264207140051674,-0.47914899893052426,0.4222350306738634,0.9999577973581893,0.004755350961763924,-0.007860670441435028,-0.004743494375599787,0.9999875847587986,0.001526299241062127,0.007867830937879423,-0.0014889477811745257,0.999967939621485,2.964171,-7.8047395,5.144368
0.4286025996082438,-1.0616507965605866,1.0832049918339834,0.9999520639719487,0.0033400568438009645,-0.009204008828778271,-0.0033167378797069724,0.9999912542846018,0.002547666411853615,0.009212437683771203,-0.0025170170021173778,0.9999543967688396,2.9457612,-7.8276796,5.118541
0.7150329994497416,-1.4730219276059595,1.481681263657872,0.9999603737372127,8.936914810090423e-05,-0.008901851969643307,-4.059670715351656e-05,0.9999849896743972,0.005478939477931409,0.008902207998100459,-0.005478360982158239,0.9999453676345063,2.891826,-7.8706846,5.0774355
1.1898223071650265,-2.1574966935047155,1.8762891051727748,0.9999358343830642,-0.00975577068901821,-0.005757782117135848,0.009823239134944994,0.9998820282458235,0.011808199012357818,0.005641904779664495,-0.01186400140260673,0.9999137034670424,2.789537,-7.933954,5.0240173
1.8048117399437706,-3.1013910088496908,2.2492539616023217,0.9997189988415695,-0.023661556092736676,-0.0014332196204003876,0.023686243902106087,0.9995034819845069,0.02077862725629702,0.0009408533466838172,-0.02080673602746142,0.9997830737369302,2.622615,-8.007831,4.975299
2.4922286597773384,-3.9654693053294525,2.479172204412984,0.9988963334989068,-0.04604366502674759,0.009278784044560059,0.04577964831033556,0.9985893384134514,0.026899014992503523,-0.010504224056202752,-0.026444547980436325,0.9995950916041395,2.375824,-8.084589,4.9381456
3.0778616374023553,-4.462752815214845,2.478408891520033,0.9970296968533047,-0.07371744635765144,0.022305194352759704,0.07291741469618898,0.9967315162402459,0.03477549665273049,-0.024795850996317856,-0.03304576577909564,0.9991462070875524,2.0357254,-8.161179,4.903755
3.398377287251236,-4.672072165052974,2.234620008442697,0.9932520004526719,-0.10836025484382543,0.0413342323860844,0.10660017570735635,0.9933869102430325,0.04264796709060946,-0.04568222997978934,-0.03795394219290221,0.998234758028437,1.6018035,-8.233789,4.859215
3.505999889199164,-4.639224134365126,1.8843305035795523,0.9850856813565733,-0.15842621884379365,0.06713667826988691,0.15502975963633472,0.9864802772085498,0.05312660638176321,-0.0746456563596045,-0.04192607615077918,0.9963283746462527,1.0880142,-8.291376,4.809001
3.557111710111347,-4.279725964036285,1.4681549298635623,0.973122159700666,-0.21050517981761718,0.09338539269856101,0.20530856286549534,0.9767155021070418,0.06225128077312113,-0.10431517777206108,-0.04140528002250074,0.9936820147676229,0.50373685,-8.319697,4.7652206
3.6625545883262305,-3.430282428865972,0.854929233256986,0.9545925069297602,-0.27040541101558935,0.12503623237704495,0.2633715387945626,0.9621484795251731,0.07004095873402563,-0.1392428751015301,-0.03392958945946063,0.9896768183061443,-0.1398468,-8.305746,4.7390885
3.5753594312937325,-2.3728115077193346,0.11732737156548537,0.9352220986702117,-0.31933850882047843,0.15291351458650873,0.3114399760568344,0.9474003985566946,0.07374026124400795,-0.1684184297296573,-0.0213401405555222,0.9854845665602622,-0.8309616,-8.236369,4.738988
3.054219405929652,-0.6674692179725673,-0.8640125135070831,0.9031377523885972,-0.3839910502230143,0.1920756974713352,0.37575021067227105,0.9233365432044426,0.07912905384885019,-0.2077353590273384,0.0007080479481906803,0.9781848083454817,-1.5368363,-8.123718,4.7524033
1.9845330684437807,1.2183254978496185,-1.7971461406563707,0.874676029431921,-0.43117717855058774,0.2214228629441061,0.4229963154980348,0.9020728344438337,0.08566632029890532,-0.23667691186995127,0.01873077829729343,0.9714078429434683,-2.2277846,-7.9874663,4.755267
0.38426866685880756,3.232955045865278,-2.6765258153011207,0.8293589559874966,-0.49508632971964345,0.2589464196471211,0.48652713280687754,0.8678149334739581,0.10093854705863661,-0.27469086472988,0.042270171094074535,0.9606030197066993,-2.8757737,-7.845117,4.7269745
-1.1593537201977375,4.9632500351846565,-3.350591434624602,0.8034259021635892,-0.5277186813602389,0.2757169074903355,0.5183763631009162,0.8477729230832814,0.11210270766174943,-0.29290402167073526,0.052858908712149565,0.9546796163419804,-3.4477615,-7.7141695,4.6626663
-2.6268338260407322,6.233756280535115,-3.817644365609307,0.7635932487772303,-0.5738088695094741,0.29608906040935523,0.5626670904678104,0.8162678190498937,0.13081510955550524,-0.3167508417136792,0.06671003564524197,0.946159962912132,-3.9161224,-7.6008654,4.5798006
-3.5404878866860363,7.337680003574343,-4.201449275023804,0.7477518019880807,-0.5907768539559991,0.3030675691218562,0.5786487118063157,0.8036605618342855,0.1389077739980451,-0.3256269505868182,0.07150112014544223,0.942790898804967,-4.2570543,-7.5144134,4.5035553
-4.181548084636699,8.307648746871306,-4.5516289583993315,0.7335495977828159,-0.6051718962296462,0.3093088482512004,0.5910936358257789,0.7926995805208655,0.1491163596937155,-0.3354300244148265,0.07344624602972326,0.9391977148956501,-4.458804,-7.471138,4.4379854
-4.53110671428556,9.079232069844656,-4.821008167652151,0.7322121386062399,-0.606412533510254,0.3100471307387834,0.5901599498559571,0.7921473369357467,0.1556079373670219,-0.3399656124723374,0.06903937852617072,0.937900286037396,-4.5068254,-7.483313,4.3813477
-4.696863967371875,9.501652459117787,-4.970822321617694,0.7430201476145396,-0.5957507517041821,0.30496246012053757,0.5768334705144117,0.8011204188878455,0.1595907946444988,-0.339387989671361,0.0573333784532652,0.9388975855661614,-4.392897,-7.5523252,4.334871
-4.770867088015569,9.727486207562276,-5.058101383895657,0.7648350791130017,-0.5735563245834993,0.2933606045270511,0.5516511079735492,0.8182728635133877,0.16158767251605655,-0.3327286534546803,0.038244782230633836,0.9422467722430082,-4.1064606,-7.677495,4.293317
-4.4709697798669445,9.420121367229694,-4.942378504240667,0.7969789974968481,-0.5382247807119744,0.27411414224090463,0.5131817473501883,0.8427289167298869,0.16264214427349052,-0.3185419465871447,0.01104800139476109,0.9478443806499328,-3.6655152,-7.8425584,4.243805
-3.8422536019146647,8.532296058800856,-4.611061993978744,0.8334859274571105,-0.4930520415437272,0.24940106868360415,0.4658362205628062,0.8697826688323137,0.16271055469974394,-0.29714949830467763,-0.01943690635108216,0.9546331139913272,-3.09328,-8.0262375,4.1833143
-2.6980787655042553,6.700783905020183,-3.9502618216793173,0.8744140767039686,-0.4340035588997222,0.2168892190135837,0.4064607406797334,0.8993735885465326,0.160987001062244,-0.2649333666189091,-0.05261234728947297,0.9628303340488724,-2.4006271,-8.210245,4.10793
0.43728845243332237,1.6806286524866483,-2.037717661309819,0.9442970526939514,-0.29625282988175605,0.14330853798908438,0.27398990567873793,0.948945705913117,0.15630604215836458,-0.1822981290624612,-0.10833424212181335,0.9772569181766989,-0.7808243,-8.499446,3.9360185
2.4705586953555243,-0.44403741732407576,-0.8610061224795524,0.9693111192552579,-0.2238971693730682,0.10151852852975897,0.20635045506079114,0.9654642937574052,0.15905403853948344,-0.13362426345662015,-0.13322445355955823,0.9820365579699329,0.034510802,-8.611012,3.8164277
4.440058904212772,-2.507779190872747,0.5562746852426157,0.9842292264854268,-0.1636359089026817,0.06720207622903206,0.15068691170510026,0.9745366658743324,0.16604740740920676,-0.09266220574041326,-0.15330223802715073,0.983825258591783,0.77507323,-8.703755,3.6814163
5.769896552997337,-4.750437316205669,2.2472761576192597,0.9928962691364154,-0.11297050448618594,0.037345198501605975,0.10476114261366122,0.9788440665295197,0.17575379488999193,-0.05641012084074834,-0.17059296156667775,0.9837255408550918,1.3982254,-8.778229,3.5445862
6.403405615668004,-6.969480012664608,4.055262043915709,0.9969983448916429,-0.07621410519523301,0.013627562240377724,0.07232099274814362,0.9795975654177518,0.1875054234829925,-0.02764008486326256,-0.18595703804078903,0.9821690311305121,1.8694961,-8.840816,3.408191
6.783732898525897,-9.04249381400414,5.668180438976744,0.9984615633608318,-0.0553799876276231,-0.0027501747959891437,0.0547994109435478,0.9779982538828446,0.20128695924561799,-0.008457603164274335,-0.20112799997133993,0.9795284562360834,2.153752,-8.897296,3.273703
7.390166603738717,-10.943275927384088,6.703853768859789,0.9984266271773083,-0.0555789790412619,-0.00743284818057827,0.05589686050284442,0.9759718267798647,0.21060516213497465,-0.004450969475305089,-0.21068927457444173,0.9775429496702566,2.2264526,-8.94279,3.164009
8.289753626146343,-12.064498011675965,6.84220429067636,0.9971235288373319,-0.07578022138684186,-0.0014234765710377396,0.07431626943077238,0.9738257830330488,0.21480325043621168,-0.014891619686249462,-0.21429116254906638,0.9766563046007997,2.0829315,-8.966881,3.1080184
9.014164930855719,-11.635723286510302,5.864444562886994,0.9940463267304648,-0.10794714091234676,0.014809290412456723,0.10241210717738357,0.972055470243615,0.2112342847952295,-0.03719758886216444,-0.2084600142432934,0.9773232637385276,1.7263825,-8.954346,3.13656
9.110714176911664,-9.52432269509695,4.096856992693668,0.9860620288593028,-0.1602862093188606,0.0446094871531411,0.14810580079351998,0.9677899331082053,0.20358614183122914,-0.07580466353190954,-0.19414164024393551,0.9780402223376136,1.1914139,-8.913855,3.228511
8.259488332718057,-6.655837342719697,2.1623057154126677,0.9698804832946932,-0.22918213499758375,0.08250695196164984,0.20967219157140332,0.9579080768015845,0.19608592116705875,-0.12397346573237929,-0.17288049455111654,0.9771094689941676,0.51089936,-8.849596,3.3570037
6.555170056047645,-4.05786995873145,0.35743720971190246,0.9451713928746577,-0.30295670625182614,0.12193552488272008,0.27756157271524384,0.9419597988765611,0.18886850095309315,-0.17207734145790407,-0.14466848805967725,0.9744025949879789,-0.24438629,-8.75564,3.5082488
4.461327865659932,-1.759545952784815,-1.348989122145775,0.917296195053445,-0.3664257762625364,0.1558840627866429,0.33777408903285416,0.9233154352982137,0.18274920442534145,-0.21089418038082017,-0.11498155256591147,0.9707228684084016,-1.0171677,-8.63355,3.6652908
2.4693398802115643,0.7241332565123955,-3.0491745528112175,0.8845146918497446,-0.4266344730658665,0.1887241009880877,0.3965562608292454,0.9006827681098702,0.17752093743293668,-0.24571709728685734,-0.08218015345417493,0.9658517124689326,-1.7710571,-8.485167,3.814595
0.6508412150307283,3.3214016838486247,-4.5523774842505835,0.8487871287665515,-0.4811040655129634,0.21931549919495433,0.4515028069396736,0.875364664119395,0.1728638774780153,-0.2751465525239768,-0.047703070740120035,0.9602180958907898,-2.468985,-8.319092,3.9525268
-1.110949262904301,5.833508108379135,-5.6620302420329995,0.8187058664342582,-0.5203252245225087,0.24286285222679016,0.49290153079512566,0.8537885255392061,0.16761036542353155,-0.2945654175322563,-0.017516117811579874,0.9554707742316658,-3.06568,-8.150172,4.084558
-2.9378936165301806,8.224849257922349,-6.277342164025374,0.7931022524137025,-0.5493989294218712,0.26296317910767303,0.525681207967947,0.8354841047622168,0.16007991216588258,-0.307649288648084,0.011275062739463953,0.9514330182175462,-3.5124772,-7.996997,4.2148438
-4.466227456118206,10.281406787409354,-6.441753990160316,0.777458139709043,-0.5650319673311114,0.2762204136085684,0.545384612529191,0.824409459773808,0.1513428790919546,-0.3132322866764196,0.03298361001152018,0.9491035855237667,-3.7720444,-7.8858824,4.3241987
-5.081616430140132,11.618646823377823,-6.380820818631495,0.7770999649341946,-0.5653397300159747,0.27659832639540444,0.5478427882978836,0.8239386243666933,0.14489107145273383,-0.30981272376917335,0.03893755182578897,0.9499999701308104,-3.8280365,-7.8404694,4.388396
-4.756117437311202,12.014779496645438,-6.184413502191621,0.7871872613929867,-0.5543164960930462,0.27031359133372845,0.5379266004648577,0.8315148034051439,0.1386293772272892,-0.30161430339579604,0.03628159143743414,0.952739449225147,-3.6851013,-7.8515825,4.429825
-3.7463858230127585,11.61542552793433,-5.776124055386654,0.8166333833747229,-0.5181370668755482,0.2542516412681672,0.5024848074007292,0.8549918904780969,0.12844409503025747,-0.2839347380814913,0.022865851094890564,0.9585709245352176,-3.345491,-7.906563,4.4638166
-2.880447885988291,10.545160863274708,-4.9297261853019405,0.8450464746654904,-0.48006952159722877,0.23543515049549155,0.46395828523334187,0.8772165805790131,0.12342520131885834,-0.2657802950159467,0.004932057448162214,0.9640210109694523,-2.8381805,-8.009746,4.44915
-1.7284981642190655,8.65581514117528,-3.8376475398319028,0.8821892985822043,-0.42356721486029475,0.20574949808573406,0.40747639795917534,0.9056518091722197,0.11729358741764624,-0.23601912332108638,-0.019637083250280782,0.971549977298218,-2.2044601,-8.130939,4.4060593
-0.7476840185122036,5.914610155065509,-2.7174273074007043,0.9168897525091461,-0.3597635837995342,0.17286800026445776,0.3451859624316392,0.9321693867080237,0.10911867770702463,-0.20039918433930787,-0.04037819035199952,0.9788818971970206,-1.4610322,-8.237012,4.3755937
0.3478033760374656,2.188089862450984,-1.8515002306936172,0.9496517387956556,-0.28468015442590416,0.13083877360488955,0.2736494028970235,0.9570176194953015,0.09608995925510813,-0.1525699160925594,-0.05544804461466045,0.9867360006870737,-0.62490845,-8.308723,4.350192
1.5783235187625024,-1.1664146464828276,-1.0499583543057054,0.9735076174546843,-0.21425001751530012,0.07987395540724071,0.2073583617998458,0.9744348186628357,0.0864829114288505,-0.09636092854154368,-0.06762924051192556,0.9930462513289058,0.2193634,-8.383748,4.260469
3.4108395175127737,-3.471723544852663,0.038086931854987516,0.9884519559692343,-0.1489230784186542,0.028011559308728992,0.14597933626374404,0.985397993841891,0.08764032813934987,-0.040654201807337934,-0.08253914493552535,0.9957582665630857,0.9920944,-8.470789,4.0994964
5.361009436790066,-5.457983159253538,1.6029409070587282,0.995068669655243,-0.09811619219369593,-0.014544947574833225,0.09905361540391905,0.9906168009259126,0.09416334211742228,0.005169520863422421,-0.09513972121422289,0.9954505058019325,1.627217,-8.551906,3.9334075
6.354091313773226,-7.656509603461274,3.440631410247406,0.9970699256973632,-0.061255072604701755,-0.045818984602975114,0.06566003157165066,0.9926374542116312,0.10178234007066785,0.03924695559995373,-0.10449258622717718,0.9937509627163599,2.1002517,-8.615944,3.7874572
6.5149873430352105,-9.713055377942325,5.069190814760165,0.9969865541618829,-0.04236695970920125,-0.06498347132474602,0.04937222213975287,0.9926725819847972,0.11028838858473805,0.059834726550708164,-0.11316441888082265,0.9917729678701515,2.377156,-8.670664,3.6586335
6.664089909009097,-11.260980057071095,5.9700700281723345,0.9964674672774335,-0.04375215179381453,-0.07168218656757276,0.05178606049618484,0.9920895086307426,0.11435300959352324,0.06611195501558496,-0.11766119189529757,0.9908506715574229,2.4328523,-8.714862,3.562947
7.129587469787179,-12.002149614383725,5.842291009255119,0.9957835458716365,-0.06510064320630594,-0.06462999323406916,0.07185299367665322,0.9915141108780251,0.10833704458522686,0.057028738991962216,-0.11252410490150075,0.9920111132165321,2.259552,-8.717494,3.5611007
7.555602875633497,-11.200267145615468,4.951264687709987,0.9933444794169501,-0.10591292464853791,-0.04526806384485401,0.10996342615955594,0.9889845986091446,0.09908334179447384,0.03427521143801246,-0.1034017219697133,0.9940489393257147,1.8779373,-8.691351,3.6132858
7.8229965178339675,-9.092219899472536,3.637690459757991,0.986152479488311,-0.16478269598119843,-0.018706958711256928,0.16581756367306452,0.9816215466011825,0.09446520431265257,0.0027969226992946503,-0.09625903777552576,0.9953523872829888,1.3049653,-8.662966,3.6537309
7.5583021903094725,-5.793244084710846,2.050710592844841,0.9709654712503446,-0.2386204005198465,0.016922118524131554,0.23585759995515534,0.9667390554861207,0.0989282120590308,-0.03996556246308161,-0.09206466778059283,0.9949506775531436,0.5628769,-8.642629,3.6805375
6.544541294293703,-2.81063190047096,0.3406058685020953,0.9477592731214325,-0.31292350029762456,0.06189703687428902,0.3054669476111992,0.9462329434889747,0.10645731808235193,-0.09188201200143156,-0.08198841148402038,0.992388833196392,-0.27007142,-8.578287,3.7634995
4.581062831652879,-0.8067557335102817,-1.1563785013224595,0.915619665400478,-0.3865298162028882,0.1106134237698064,0.37523512626000316,0.9203689079697368,0.11008938760495025,-0.1443579867986407,-0.05929396620867379,0.9877474359464007,-1.1181015,-8.457087,3.908406
2.0708987128484404,0.8916755681105786,-2.2994304772872995,0.8778760137728214,-0.4527040274055826,0.15618184277664005,0.4394499239816835,0.8911385467937373,0.11294182011477401,-0.1903088772360184,-0.030514815895091384,0.9812499056081766,-1.9228958,-8.29883,4.0499816
-0.1579357188319621,3.0678625293752875,-3.3017080461582293,0.8431449421991999,-0.5033259833067457,0.1891284245485218,0.48993900715103067,0.8640841435042611,0.1154052087921902,-0.22150931293236964,-0.00464192554923663,0.9751472077647692,-2.6556962,-8.12883,4.1690125
-1.923983603908155,5.5835308164605895,-4.239933140246881,0.8064537787281435,-0.5500204090278725,0.21704804175092401,0.5377052774141061,0.8348682630403685,0.1177625492632369,-0.24597832712683834,0.021737824655872352,0.9690315420888598,-3.2740676,-7.9691024,4.26069
-3.2312623787738,7.902939915869455,-5.028315324408249,0.7772346273288585,-0.5839776864443246,0.23425711476090783,0.5730435910356003,0.8107259795423444,0.11976822979458651,-0.2598603025742757,0.041151522817996666,0.964768975100136,-3.735199,-7.839142,4.320479
-4.127657338431906,10.669563057571253,-5.942318502788871,0.7472077720517772,-0.6185010120280683,0.24318109199868954,0.6096881901001565,0.783571574827711,0.11956545477024415,-0.26450114600472835,0.05892440277402889,0.9625835332686252,-4.069374,-7.7265306,4.37478
-2.7087182516944877,11.007321651662888,-5.1692199141424355,0.7894213957668813,-0.5703005053732237,0.22709291815579585,0.5632665158472998,0.8200374642426973,0.10133799565636503,-0.2440178108882882,0.047915454807945144,0.968586298251135,-3.5944443,-7.796674,4.4723344
-2.278727488588541,10.125482344307024,-4.162229512755378,0.8198313308480804,-0.5312128725355293,0.21375096026080803,0.5254387879934244,0.8462809360212877,0.08787865155390868,-0.22757563365146677,0.04026737363529371,0.9729274739612662,-3.0911193,-7.886627,4.5181303
-1.785228038857456,5.875203302443165,-2.0663238755404087,0.9026860683358519,-0.4044778189905937,0.14681810507214305,0.3994604215194362,0.9145468770843769,0.06352465076430526,-0.15996635168646,0.0013052048979640702,0.9871216048533734,-1.6692307,-8.112279,4.5290008
-1.0594990276961826,2.810185692620306,-1.2560789260979957,0.9405726514195321,-0.32300306355603964,0.10484325603034755,0.3189618373935558,0.9462435645049158,0.053725812414119625,-0.11656085830225557,-0.017092032250254616,0.9930364689906405,-0.7893158,-8.202896,4.4748626
0.6218798067121559,-0.02808569029152827,-0.6400187850878641,0.9646605054065265,-0.25793942065243614,0.05382717327067116,0.25563485073959413,0.96567147211234,0.046145758588744146,-0.06388217588788303,-0.030754889397803607,0.9974834356428982,0.10817413,-8.280803,4.350104
3.3159729858147244,-2.2074595284348892,0.24213667609239342,0.984546576062425,-0.17482801779182394,-0.010158925077863076,0.17510150462771537,0.983675690167425,0.041492163727015495,0.0027390948990380984,-0.042629810797389193,0.9990871816766114,0.9274948,-8.35288,4.1994505
5.764384292343286,-4.151458570403997,1.5605719383825256,0.9904075371422993,-0.13087068429344206,-0.04433705407772842,0.13280022607530786,0.9901750656500335,0.04378857521429426,0.03817080462961426,-0.0492565057379955,0.9980565045709646,1.6296508,-8.413396,4.054471
6.775287690736639,-6.261412684570392,3.1219701404322775,0.9929105148473123,-0.08436567084558766,-0.08373256886313475,0.08878783187754606,0.9947660551003386,0.050568928509449454,0.07902803563375577,-0.05764485408848996,0.9952043209215824,2.1757615,-8.464773,3.9207656
7.042646901888217,-8.102259607425983,4.252738377475122,0.9927177888743869,-0.06835827190374692,-0.09918940626237314,0.07418978570510124,0.9956512774972558,0.05634189662331609,0.09490662437037675,-0.06329044383170986,0.9934722202307456,2.5363877,-8.516398,3.7916732
7.178800688952697,-9.545938843304084,4.972341158676198,0.991839739162463,-0.061420526372158175,-0.11172041334646358,0.06917421720144244,0.9953587795532617,0.06690162659314051,0.1070927611592177,-0.07408386400834875,0.9914851091170703,2.684546,-8.568769,3.6772752
7.746268873046194,-10.32387856614334,5.116531603596959,0.991128043762084,-0.07678115811135974,-0.10848896085511733,0.0850286272200132,0.9936597971970816,0.07355501333922547,0.10215347973233578,-0.08212710388983746,0.9913726874315455,2.5963593,-8.616178,3.5886428
8.684929863943152,-10.258395779064227,4.547303739997124,0.9894940693871405,-0.10828753552871836,-0.09578776694752597,0.11565961789220562,0.9904475872282974,0.07507615961590035,0.08674295035739697,-0.08536619121619474,0.9925665085829443,2.2732024,-8.643286,3.5445907
9.748607068713076,-8.78532642045811,3.0793281945247624,0.9826800390629619,-0.17383891385180966,-0.06418701471511931,0.1783565646333706,0.9812519322073158,0.0730313726530623,0.05028793771271503,-0.08321464757019371,0.9952619985462985,1.7390884,-8.639506,3.5639954
9.805637982695844,-5.895936169832594,1.1260875283969034,0.9684356830368189,-0.24855172648095003,-0.018824640351118464,0.24926215242865024,0.9654097516250153,0.07650092047787063,-0.000840944496353288,-0.07877849154854749,0.9968917905578776,1.014534,-8.625282,3.6323287
7.990106811765399,-2.8993701877454052,-0.724895162391485,0.9533182139745016,-0.30135716056516,0.019189702461754585,0.2990131106268002,0.9509507618104586,0.07927047549619282,-0.04213718758710459,-0.06983201549584846,0.996668423817088,0.18360138,-8.580411,3.7652237
4.678167092169165,-0.3836605295901112,-2.3613231320381933,0.9127508227065055,-0.3991511047714358,0.08697316372502126,0.3923658797134447,0.9158382356535918,0.08537764667411285,-0.11373193080789229,-0.043803215346112805,0.9925453774211296,-0.65923464,-8.49634,3.9139938
1.2156124684046423,1.3633160351842224,-3.420080679237575,0.8879434452948441,-0.44451263610678265,0.1181734077503096,0.4361435746429431,0.8953065805561627,0.09058095335392323,-0.14606580796201724,-0.028890191315216356,0.9888529398197564,-1.4772599,-8.386844,4.0383196
-1.245793892910579,3.5139184612434926,-4.231887132356479,0.845376256258046,-0.5097702205831584,0.1596035950777063,0.49943853141960015,0.8602837055871427,0.10233816118480088,-0.18947331919973034,-0.006802066439841551,0.9818623086785573,-2.2376525,-8.265965,4.1177216
-2.744444883685367,5.686630381284226,-4.846126337481725,0.8084524139226474,-0.5582915275252786,0.18632032824180852,0.5467635086967597,0.8295815306341797,0.11333203248975471,-0.21784021662735253,0.010249601169920863,0.9759306254522434,-2.9047456,-8.146057,4.156125
-3.7348233839165967,7.487376751401926,-5.271843516906493,0.7743857089252122,-0.5986877418309803,0.20469431255830703,0.5862967712243234,0.8006136129591697,0.12358777769827098,-0.23787154067758734,0.0243070056935506,0.9709924302536482,-3.4406419,-8.037224,4.16398
-4.259920333328514,8.874669729581278,-5.443121740749061,0.753216810823417,-0.6223898306082885,0.21282700638872623,0.6095265433518324,0.782056758498003,0.12986384961628838,-0.24726873810202363,0.03190807488680592,0.9684214195867686,-3.8012986,-7.955289,4.156096
-4.3457388380213775,9.83366713368895,-5.347167698061459,0.7422878270097399,-0.6346618931168236,0.21497223843679855,0.621393554124778,0.7720234545768716,0.13360328018192022,-0.2507565208829757,0.034410274752790286,0.9674384219298429,-3.9717789,-7.9148726,4.142543
-3.9898030375164684,10.319813643304744,-5.063106782869637,0.744732758790471,-0.6321894017665376,0.2137982186043689,0.6186770498606273,0.7741329959781489,0.13400303173303715,-0.2502235519692031,0.03247560364277647,0.9676432758036166,-3.9609253,-7.920511,4.1379547
-3.4164322763684556,10.227661941097107,-4.573417809433359,0.7588856246803348,-0.6160428585460718,0.21114877477248747,0.6028824840761186,0.7871882389742352,0.12987450409857385,-0.24622209293186145,0.02873800367157101,0.9687872873325847,-3.7877014,-7.9610124,4.1606627
-2.8644508941817532,9.456691173053036,-3.816034745866532,0.7825849838508488,-0.5878006065678485,0.20506386802563684,0.5761019985690303,0.8086261574060999,0.119290505923203,-0.23593903936384722,0.024782745552395603,0.9714517925388535,-3.454451,-8.021265,4.2215867
-2.490753136123961,8.001595122316688,-2.956696445189584,0.8139488171909687,-0.5478520433738108,0.1932497388473347,0.538326409853302,0.8363432643196633,0.10360801456250138,-0.21838497990447295,0.019699817214121014,0.9756638343988439,-2.9746003,-8.092252,4.304277
-2.4176828877987675,6.185236070225701,-2.1780579532550943,0.8487128225653446,-0.4985784055722639,0.1763692669094724,0.4914228941845748,0.8667278708121331,0.08536004351405627,-0.1954228335799617,0.014225732124749126,0.9806159006772708,-2.3795257,-8.16579,4.393344
-2.670382159466053,4.105556665734356,-1.6490761057979573,0.8871330528353302,-0.43609012149085746,0.1510640675513413,0.4316142742916348,0.8998549090603654,0.06301000609162109,-0.16341378398033643,0.009303148824481862,0.9865137538966088,-1.6711289,-8.224683,4.478732
-2.7318170447661574,2.077501631091167,-1.1775400018004025,0.9223304773132301,-0.3686008928765461,0.11593046359676865,0.3668801995405294,0.9295466180962112,0.03663337236723874,-0.12126586413434595,0.008744515796139699,0.9925815450829432,-0.8599335,-8.249138,4.541318
-1.950587719024575,0.32623143733994775,-0.7020956305786621,0.9523275864518029,-0.29787685643728,0.06589041267079433,0.2979040657234493,0.9545471292799951,0.009640830294026029,-0.06576728448341115,0.010447793181523972,0.997780290399302,0.0048416136,-8.25062,4.541539
0.17521338941485703,-1.2033669722346327,-0.19711353789233949,0.9721852329312914,-0.23347123937240935,0.01862936542777146,0.23368903876792757,0.9722547463265043,-0.010494827550057546,-0.015662248563090418,0.014556394865998516,0.9997713765348829,0.8285019,-8.239026,4.5030074
2.821782645736432,-2.7485094776005177,0.6112706367008643,0.9838394934347252,-0.1769773187876477,-0.02718234340226181,0.17627297348927645,0.9839859773142247,-0.026446838491919974,0.03142753530507515,0.021227931686916893,0.9992805836905595,1.5524368,-8.215538,4.475412
4.614786169130781,-4.3597798422228715,1.8473095607388272,0.9885558501041102,-0.1354923515659314,-0.06632611772201065,0.1333402934535738,0.9904204560300203,-0.03588434782743307,0.07055279843248315,0.026629737971290177,0.9971525257897746,2.1508775,-8.19548,4.4399095
5.526822862106293,-6.0422976090537395,3.152458396828321,0.9892784683473169,-0.10583453125510621,-0.10063381170560354,0.10204155152007967,0.9938874435330705,-0.04213396908281365,0.10447791071686728,0.031413398117819395,0.994030967621699,2.6037154,-8.184225,4.4001784
6.266704037094524,-7.629820626366631,4.15225803621192,0.9883071436827813,-0.0940520589086174,-0.12001333242866088,0.08919095499338821,0.9949854651519747,-0.04526475100643693,0.12366876441911094,0.03403137304543244,0.9917398360233869,2.8728714,-8.183928,4.3623095
8.370175582669939,-9.538126814096097,4.974426377665003,0.9856655663300604,-0.10203202014095833,-0.1343609251873342,0.09620657773081909,0.9941459191843385,-0.04917505231770684,0.13859179540133337,0.03554375099902249,0.9897115519242743,2.7706466,-8.209752,4.327339
10.026905301900012,-8.96936325497614,4.383277725807012,0.9824011466282649,-0.15369122041458408,-0.10614610624486484,0.1482555337170599,0.9872832235709419,-0.05737711370954564,0.11361462857282012,0.04063059466515744,0.9926937447931347,2.3777528,-8.205592,4.3643875
10.91848361450849,-7.178309063953868,2.9440947146947196,0.9753212569407669,-0.21168263115759575,-0.06276073155787687,0.20786642864915186,0.9761779523661414,-0.06219447849201298,0.07443113327183287,0.047613747809261316,0.9960888200453955,1.7532196,-8.180527,4.4508147
10.228237838267287,-4.662274182825524,0.9884368638597847,0.9608337660632347,-0.2771070336115131,-0.0031884033259784866,0.27634558264403464,0.958929190786156,-0.06393689084821111,0.020774815182570974,0.06055162244923866,0.9979488504291673,0.9615372,-8.12455,4.6031904
7.615159549666435,-2.2498181226725302,-0.6006424855268885,0.9367668648265491,-0.34568925374890885,0.054468163229177885,0.34868479002884356,0.9352386485541523,-0.061217542037747465,-0.029778484944312362,0.07633878498591057,0.9966371615293591,0.103581235,-8.0399275,4.772565
4.367391593076134,-0.18252057510531117,-1.694969306217442,0.9028732898263729,-0.4154932760161122,0.11038641267611331,0.42270865846290007,0.9047822770664089,-0.05183069714965028,-0.07834036366137945,0.09345784446435088,0.9925363563766728,-0.7584671,-7.9375777,4.89489
1.985907132750237,1.916653248216925,-2.7038761719479067,0.865015730838982,-0.4763883902043318,0.15748614885007217,0.4875107172790835,0.8722340731695234,-0.039255854851669075,-0.11866375158039935,0.11073311736164455,0.9867406400773402,-1.5949249,-7.8124037,4.9844694
0.31594868293144285,4.214398270271608,-3.7486901605771275,0.8213607287090461,-0.5338198344938875,0.2010048199309244,0.5485187609426534,0.8358603287057906,-0.02155643267758038,-0.15650470353468682,0.1279605220244366,0.9793530428679716,-2.380179,-7.6746736,5.0334625
-1.2268572008152683,6.341571327823218,-4.5944745298884,0.7813699047134393,-0.578663347058983,0.2336874039793453,0.5957947891659137,0.8031295101511909,-0.0033998716228411975,-0.18571386919359162,0.14188629495058105,0.9723058356784371,-3.0752532,-7.5419936,5.0386825
-2.809521868984853,7.947311374138739,-5.086458232151594,0.7450656175313412,-0.6145062497868274,0.25934396955697747,0.6335084787295061,0.7736251872242494,0.013079643346477099,-0.20867254958539033,0.1545514110746795,0.965696447329263,-3.6345277,-7.421861,5.02269
-4.082659611987633,8.996932845945489,-5.21202015587259,0.722215314844303,-0.6351330130440577,0.27388153414555216,0.6550621411218001,0.7551959662490332,0.02392997764544038,-0.22203294862084408,0.16212682783168994,0.9614656839554748,-4.016458,-7.331004,5.0002456
-4.750197157379471,9.618654500827104,-5.012617483391737,0.7125172748637825,-0.6443078270881144,0.27782468748057954,0.6635379797641521,0.7474690515996936,0.031739034502663896,-0.22811506401637688,0.1617326214888251,0.9601073256231089,-4.195726,-7.2986374,4.9635634
-4.674381545785794,9.926908767482772,-4.584277636185192,0.7175972637597554,-0.6411760736113619,0.2719327300507049,0.6583294404975084,0.7518882210408965,0.03558722852642797,-0.22728069609790494,0.15348402421188287,0.9616580158730959,-4.172911,-7.337355,4.9158144
-4.09687938717381,9.876465502720443,-4.100576658487765,0.7358621926237638,-0.6250303616565105,0.26046857867020806,0.6394536620131075,0.7679720252725711,0.03630402920848725,-0.2227237023869978,0.13984282393557926,0.9647995320214207,-3.9707885,-7.4321504,4.873868
-3.40752085048517,9.299328107538123,-3.606339957192399,0.7643203951153489,-0.5957826061850509,0.24669296661653245,0.607915229418341,0.7933370324569216,0.0324873325111514,-0.2150660536950492,0.12513768057541352,0.9685489938295562,-3.6121795,-7.555269,4.853415
-2.893334197687215,8.101380584178019,-3.020831760352813,0.8006556985649032,-0.55376833664261,0.22867243316067629,0.5639397359821507,0.8254542038442106,0.024440366942851403,-0.20229292260464316,0.1093891525152165,0.973196581773732,-3.1121552,-7.691438,4.85085
-2.7270963096501886,6.383983355614602,-2.3534694674063195,0.8394042913717636,-0.5027199691427748,0.20657460698680952,0.5110968386084768,0.8593987935881311,0.01461968343310578,-0.18487957483477527,0.09330780355550114,0.9783216222718184,-2.4961915,-7.8339005,4.849025
-2.7028015773343377,4.389343309639123,-1.6936126149128186,0.8810229035384455,-0.4392489437078431,0.17566732448645947,0.4459188039739149,0.895071844179031,0.0016775042236337277,-0.1579717180483888,0.07685544359049569,0.9844481586591294,-1.7723114,-7.9689913,4.8399796
-2.7742993438416157,2.48464496520569,-1.0898408909497976,0.9198284702363481,-0.3682779850674208,0.13522910580692402,0.3733921082025586,0.9275724987024306,-0.01369646607621266,-0.12039069264153263,0.06309188034612072,0.99071968576368,-0.954364,-8.074295,4.81286
-2.4264792015681893,0.7530396828190726,-0.6185308727647829,0.9515311607521381,-0.2958985327288607,0.0838600527462042,0.29911314367342123,0.9537920151315082,-0.02849770434927111,-0.07155261979474702,0.052200097703769016,0.9960699636070889,-0.06890412,-8.145058,4.726659
0.5202277803600953,-1.7940338587212643,0.17171445565424837,0.9852418911579842,-0.17030308281944212,-0.01718359361813443,0.1695603527407386,0.9847847954905142,-0.03805513564738373,0.02340304864488779,0.034579857618257305,0.9991278850884046,1.593393,-8.219653,4.4079285
1.8667380558597229,-3.2099362093192405,0.7701797188200719,0.9924797157534974,-0.09707610915086211,-0.0745670359474421,0.09459502830706022,0.9948602787550368,-0.0361221036906146,0.07769037544923774,0.02879678432705731,0.9965615639663109,2.304727,-8.207682,4.253671
2.4385910914340307,-5.258032839210575,2.3159674277587494,0.9875690295214407,-0.011592894887452574,-0.15675782825176074,0.007782385612596853,0.9996596485516973,-0.024900231558606576,0.15699314126501462,0.023370747647943446,0.9873231293503264,3.4226823,-8.133077,3.9534042
2.582251252497231,-5.614572073836646,2.733113250877729,0.9825714597141858,0.016339105729740944,-0.18516576405774088,-0.020153251883170586,0.9996213503466633,-0.01873505723623758,0.18478953702433504,0.02214022481963374,0.9825286954849055,3.8174758,-8.092184,3.8117738
2.9145173130410567,-5.669660969385404,2.848598115062687,0.9773800086694733,0.03748497860746203,-0.20814224711014068,-0.0409331815936252,0.9990863880489117,-0.012282665020297994,0.20749167043012615,0.020524755642287253,0.9780214420491723,4.109479,-8.057756,3.6879578
3.2693926244721045,-5.366536817040135,2.792284741407849,0.9727723966939232,0.05339403211742668,-0.2255281391857879,-0.0561343626185773,0.998406660585759,-0.005750950477720279,0.22486172987808986,0.018254244225227593,0.9742196800537345,4.296594,-8.035169,3.5898576
3.623583367110154,-4.790082417563781,2.5981809589144764,0.9713560864575767,0.058980803262533035,-0.23019256753493988,-0.06109402652079063,0.9981298952856,-0.0020571972759521853,0.22964074818136807,0.016061661920908233,0.9731429236196716,4.3772078,-8.030467,3.527008
3.5573215740798063,-3.779860118796432,2.1978056348924815,0.9729017628869268,0.05961313730422986,-0.2234019553008834,-0.06130493866598794,0.9981188789754548,-0.0006386923664749196,0.2229436347301048,0.014317028096867938,0.9747261966520676,4.35945,-8.038115,3.5301926
