0.3734558844163501,0.799664413360378,-0.08006939821401625,0.9999743252961902,-0.00680888763079665,0.0022333377846599956,0.0067119980166897774,0.99914285739716,0.04084727157182243,-0.002509547977855402,-0.04083123267144215,0.9991629059405065,-1.0662597,0.061915286,0.17650636000000003,4.803383,-7.7958665,3.443683
0.4246014570277971,0.8994505791320253,-0.053027178432852554,0.9999263136974738,-0.011653353098107121,0.0034009611806517584,0.011397593950907864,0.997659056772725,0.06742774867580079,-0.00417875908753921,-0.06738401739973335,0.9977183631524283,-1.3016241335663943,0.0698712868983222,0.23357241701065182,4.74879,-7.9165525,3.1964555
0.5484082912855137,1.0925649427395294,0.018661794985381924,0.9998146250792078,-0.01860736490468421,0.004947873182188894,0.018010642475882195,0.9946915397708532,0.10131316531376927,-0.006806778630824263,-0.10120527001887367,0.9948422795021722,-2.2095139250120064,0.13839591628159437,0.44215670706151533,4.673915,-8.05599,2.8639374
0.6773282320806172,1.4000091155104926,0.09169030874065282,0.9995124419882471,-0.030589045884908423,0.0062600784773072325,0.029219198706288276,0.9870418687228182,0.1577801882846181,-0.011005304977760493,-0.1575203468127787,0.9874544159617337,-2.7640836101721176,0.13871062350062796,0.5692485778971831,4.575635,-8.203525,2.4293213
0.7140403158046047,1.7020681880551736,0.07695070018501515,0.9989916014210586,-0.0445370702161694,0.005677117820600588,0.04220690982171809,0.974702446725904,0.2194851181967421,-0.01530872475062316,-0.21902417611555242,0.9755993302700722,-3.197040563370431,0.1050443286594423,0.7039596356361358,4.4553986,-8.343155,1.9053879
0.6375900413178472,1.8391527388263083,-0.0854996481226663,0.9981219149700681,-0.06118928772642584,0.0029178629195108687,0.057721590236684536,0.9553718511070984,0.28971165688101774,-0.020514894029282013,-0.2889991300674259,0.9571095245285351,-3.5346904419206564,0.0769881563065748,0.8198963187992405,4.314551,-8.465036,1.3114792
0.5428875727624998,1.8329767380299664,-0.31366583704841366,0.9967990712466177,-0.07991174146149578,-0.0023927261589769093,0.07529762752883443,0.9283443894668478,0.36401505715279786,-0.026867803230069213,-0.3630300374927905,0.9313899897613104,-3.9724523801508713,0.05666755651485963,0.9839468166134308,4.1495576,-8.556636,0.64020234
0.48050781136482934,1.8824818852020466,-0.5674020781418526,0.9946900438541735,-0.10227878796966493,-0.011435304492626665,0.0964574855022333,0.8877525237610261,0.4501015552589388,-0.03588412111184028,-0.4488145564566568,0.892904151499278,-4.56669312469989,0.04343658778869061,1.1701442938992608,3.9551864,-8.592253,-0.13234253
0.4398795454986138,1.9838540996711174,-0.804372989518159,0.9918906863889301,-0.12478907381341464,-0.024094673927811894,0.11811192114027623,0.8350707683685402,0.5373140477420345,-0.04693016449417801,-0.5358026678481235,0.8430379948658207,-5.205153348029435,0.010848505305551683,1.3403897332256638,3.7361267,-8.541455,-1.0085418
0.43031142687506874,1.899115404737773,-0.9774529217874823,0.9879028895855265,-0.1493163356679761,-0.04186302248113234,0.1419524986635698,0.7620611556822068,0.6317533404133838,-0.062428910544208106,-0.6300535111424967,0.7740382446786951,-5.70122285458117,0.007236891476291807,1.4780453769170925,3.4958222,-8.389269,-1.9605255
0.5016996289932601,1.502970134310957,-0.9919440851247943,0.9833717553157425,-0.1709411516989931,-0.06131160985537679,0.16300138197662337,0.6819696956884993,0.7129851917370001,-0.08006584990460695,-0.7111233766501832,0.6984933806849534,-5.867934659972766,0.026446400633679333,1.5391030425945276,3.248938,-8.150444,-2.9353318
0.648555796822084,0.8287144590078314,-0.7602478898269489,0.9776739425178113,-0.1919811027554,-0.08542200130236086,0.1837098732346739,0.5836032752991052,0.79098539780217,-0.10200168919081717,-0.7890186773739759,0.6058425390786308,-5.750208546913461,0.026985076105472773,1.5190862600344008,3.0113006,-7.843091,-3.8837464
0.8017020883013604,0.1784141299726299,-0.31046617701707196,0.9719825728563518,-0.20828235858085473,-0.10894189812713659,0.1996850406671189,0.4871849839546044,0.850162734976618,-0.12399904272742697,-0.8480974298470364,0.515126185404638,-5.466378344102143,0.03985616213023738,1.4432594664667007,2.7933946,-7.468623,-4.770091
0.9082030129281135,-0.27071592518578147,0.12047813901606019,0.966195391531835,-0.22223662364861316,-0.13068032939929886,0.2112304090712832,0.3917796666344562,0.89548333713999,-0.14781129749184596,-0.8928155329747909,0.4254788413220071,-5.04392895789435,0.13295137584864972,1.2903063731385738,2.6019547,-7.0504365,-5.5633135
1.01198617291293,-0.5311001604289329,0.5788793624147046,0.9608288824310086,-0.23311941110819645,-0.1498772793019249,0.21829127040016302,0.3033871256252915,0.9275263733565243,-0.17075356498024422,-0.9239110304403731,0.34239104526425046,-4.570647438434212,0.16839110136190386,1.1209618798039396,2.4409988,-6.6216493,-6.2588243
1.0084447393113858,-0.5435391244250845,1.1034687506235579,0.9555243880022856,-0.24238219506880085,-0.16800004597168353,0.22234025723456263,0.21782519329506128,0.9503246788223685,-0.19374713919365782,-0.9454115805719747,0.2620286041154177,-4.15222746952184,0.19995835827753095,0.9931077277077672,2.2995515,-6.1991806,-6.8707247
0.8262577489669034,-0.38978443821728853,1.4844454544318246,0.9512305380464049,-0.24897188079598037,-0.1821358450741079,0.2232059213016366,0.14795458661651056,0.9634773256257904,-0.21293092819934592,-0.9571428539523502,0.19631091906492437,-3.627481391584763,0.20424736205928468,0.8211448953422373,2.18506,-5.7907805,-7.3901305
0.6280270566804684,-0.2582971841415964,1.8522928792872884,0.9471278049801691,-0.25487351808693276,-0.19490615898795227,0.22258956323425033,0.08442704479776403,0.9712496900621911,-0.23109047443075786,-0.9632816638370661,0.1366953866912154,-2.9372848812550605,0.20943102036821581,0.6565038110750038,2.0976105,-5.41642,-7.7934237
0.5685514360526049,-0.3313137207785323,2.177016124726154,0.9439644844349468,-0.26036665271569576,-0.2028306147480936,0.2206345654867484,0.04075723397119022,0.9745046107594831,-0.2454616887376503,-0.9646491870274095,0.09591926464177532,-2.177663879632305,0.2600210296479769,0.4439644575270476,2.033464,-5.110446,-8.071512
0.5307954456586937,-0.47276379978513905,2.368348399130995,0.9412997166731437,-0.2666518115375449,-0.20700641244851611,0.2176043457706017,0.010487996115670195,0.9759807122270533,-0.2580759424913683,-0.963735862848957,0.06789694077032221,-1.4564510510334752,0.30946066060001814,0.2333368322679166,1.9927826,-4.8951936,-8.23995
0.4497012081081979,-0.5808340957296005,2.3397651114359626,0.9389243462837376,-0.2736992128410748,-0.20859005931691058,0.2145093391145925,-0.00847200678549207,0.97668519418165,-0.2690851452389691,-0.9617780232419552,0.050756463829943206,-0.9333894144377898,0.35736102086370036,0.10092564049757621,1.9637619,-4.765077,-8.334589
0.21285714267169298,-0.6090331121927797,2.0171819394523345,0.9364268516743174,-0.28210290832467133,-0.2086209495187099,0.21178152192786417,-0.019602378457152514,0.9771204294910327,-0.2797379817494286,-0.9591838696900532,0.04138798972131544,-0.5603027390508679,0.4281079669637426,0.021736257769139386,1.9351685,-4.6976333,-8.384595
-0.08988415093998803,-0.6687359042361012,1.5972894614599855,0.9343591227711351,-0.28941731976282303,-0.20787170253706655,0.2104569911850892,-0.022526834652139106,0.9773435407173234,-0.2875428395138265,-0.9569379064191467,0.03986174484975307,-0.20548337686625218,0.49166623885117255,-0.02900028903864904,1.9006668,-4.6889434,-8.3976345
-0.3042847131759675,-0.7990708534616608,1.3481706370497035,0.9313051881540529,-0.29970613048565414,-0.20699488367266478,0.2105807875045878,-0.020664018458174047,0.977358035867669,-0.2971975411259178,-0.9538077551008257,0.043867845379412775,0.08200340149703024,0.48603973280064905,-0.01970678164317112,1.8587677,-4.725726,-8.384712
-0.4479813894312438,-0.9481111862248933,1.1285420832859892,0.9287515325748634,-0.3081348284515398,-0.20609104355838107,0.2114948461074776,-0.01614692128855698,0.977245724985725,-0.3044511796820908,-0.9512056583242352,0.05017245023059902,0.2551418987167492,0.49210398745560846,-0.02781123546901694,1.8076385,-4.7922516,-8.355516
-0.2851923474812562,-1.2307165166588099,0.46739762741044333,0.9232950413116603,-0.32664169914161956,-0.20206797636234966,0.21425980396277436,0.0013774057154354764,0.9767757363690647,-0.31877735662234996,-0.9451472388656549,0.07125793829108644,0.43747325564891854,0.48710415323124173,-0.07261159392675426,1.7097428,-5.0087004,-8.238339
0.09754178122360867,-1.425638266047472,0.11443724034305383,0.9181443029559799,-0.34631806951279,-0.1925482632443405,0.21820654816222818,0.036286547619420045,0.9752277625257543,-0.33075208432994435,-0.9374151061247086,0.1088851574853035,0.8559454743055761,0.5256253633168237,-0.19493072311279375,1.6177642,-5.3587112,-8.0204115
0.20356691507349403,-1.459645955940887,-0.10733642052900441,0.9155713822943485,-0.3566414893425501,-0.18583834911864444,0.22055184779245227,0.0588810252845054,0.9735963780216011,-0.33628250974285046,-0.932383972910825,0.1325677211845943,1.0730549357700296,0.5495472209727705,-0.2661698171961245,1.5737183,-5.5835342,-7.8648806
0.2950797925018713,-1.488347045277318,-0.3472901008665728,0.9138306071946981,-0.3662551542017046,-0.17541602941252088,0.22283528591840124,0.09113085027145411,0.9705872467112199,-0.33949676979882026,-0.9260412140663548,0.16489273224335665,1.620490366099849,0.5752947221290262,-0.4689288825787225,1.5352005,-5.8424788,-7.66378
0.4188179916655085,-1.5679892722933766,-0.579072862925317,0.9123953420243043,-0.3760693477477759,-0.16157532465359514,0.22481913520547797,0.13057388492500577,0.9656121462683931,-0.3420396121764456,-0.9173452492165393,0.20368258993353558,1.8820356788767194,0.5993905289091352,-0.5946573012856193,1.5027634,-6.1322694,-7.412346
0.5063162155793592,-1.6440347700943152,-0.8902981887140704,0.9114643079807943,-0.38509993653145935,-0.1446749949388533,0.22574022552857653,0.17420214540277137,0.9584857657343583,-0.34391011304612523,-0.9062845311603517,0.24571158443195854,2.1253826807011746,0.6295398069339264,-0.7478962612226501,1.4794617,-6.447287,-7.1106443
0.5336002777734286,-1.638994421342883,-1.248748351443905,0.9105458939700531,-0.3950256418052492,-0.12190536202574202,0.22597129708145608,0.22865023059275763,0.9469192388716173,-0.3461836909353192,-0.8897605376539413,0.29746098528070786,2.3958257718783535,0.7086033639975342,-0.8957783615741293,1.4618073,-6.786687,-6.7505174
0.5763782440877162,-1.597074312644026,-1.4791659660567325,0.9098161089181913,-0.40368816182312156,-0.09628351861471766,0.2251425191343711,0.2852103751700888,0.9316468687078633,-0.3486337534301446,-0.8693048429056446,0.3503763634579287,2.737087631949717,0.8135911947605247,-1.0904913998054726,1.4492782,-7.1480284,-6.314383
0.6665472397734247,-1.654931479500903,-1.6085049213748668,0.909065923575786,-0.4116839693650587,-0.06415181962448269,0.22307784363834846,0.3508727895422588,0.9094638867137597,-0.35190257497064065,-0.8410734777215746,0.4108040686292789,3.1272003431378566,0.9463724696290349,-1.3154379506712766,1.4414428,-7.523642,-5.7819443
0.7127384480384029,-1.846887369794157,-1.823664817655512,0.9084790376305885,-0.4169930893848888,-0.027975017266224013,0.22006870009393434,0.420397521816507,0.8802475168323426,-0.35529650353580094,-0.8058428426534459,0.47368946317123084,3.529907645257006,1.051115309414768,-1.5423453770777054,1.4390243,-7.8968077,-5.1454115
0.579017257589733,-1.9981291079285457,-2.215144822748094,0.9082115398500584,-0.41833106832844746,0.012284793623221525,0.21616829219931538,0.49403939658294727,0.8421379602366755,-0.35836164461451053,-0.7621838307751864,0.5391221937316678,3.876700977557579,1.1035219988962723,-1.7425608435304492,1.4479325,-8.2523985,-4.413518
0.3033399681804733,-1.9375084164855305,-2.6391025687405167,0.9080662251631021,-0.4149401448173522,0.05692457234787812,0.21106452961092717,0.5707611132403714,0.7935260020646644,-0.3617561264970534,-0.7085594031777205,0.6058680360526385,4.089919599160279,1.147142203891665,-1.899867806977688,1.4684998,-8.577232,-3.611136
0.0006910020807122663,-1.627240191704799,-2.9787211761968546,0.9077054766141364,-0.40656360146061377,0.10381139480846223,0.2052744582095101,0.6460255779960968,0.7351961298739276,-0.365968802675167,-0.6460317256468022,0.6698580781974048,4.174013519714402,1.1815241644643388,-1.9813719931082279,1.494223,-8.85348,-2.7624924
-0.2749055231404141,-1.1501253935269864,-3.187773186245451,0.9069208171649554,-0.3932539839204508,0.151148719887212,0.19931708052952612,0.7165759563678419,0.6684247154053319,-0.3711702207909944,-0.576081767534963,0.7282598878915124,4.202875791172397,1.2114566332045018,-2.021550791735485,1.5180374,-9.061763,-1.8837051
-0.45664540125556924,-0.7631868813158414,-3.202693179391344,0.9059562145355508,-0.37552630430523165,0.195507882499068,0.19353490133187853,0.7780510907523134,0.5976460006940523,-0.3765469151525144,-0.503603509672034,0.7775576671444605,4.332970493905585,1.2430711204572074,-2.1141716343059773,1.5402985,-9.193254,-0.9685745
-0.5444336960635717,-0.7495810210429681,-3.084622860123954,0.9051315527668833,-0.3507101050612539,0.24029002141939762,0.1873855160586563,0.8364628003852678,0.5149918950265784,-0.38160652583157095,-0.42110854394034825,0.8228268673683423,4.6121685887383075,1.253052626062517,-2.2746774803646614,1.5662934,-9.233812,0.003125
-0.7037466759898204,-1.0457376139565326,-3.070710755040169,0.904502422497825,-0.31286276181452566,0.28981418178783624,0.18023638479864043,0.8963301900130396,0.4051012664333507,-0.386510301661265,-0.3141800164570878,0.8671220813522991,4.868318876325549,1.2233395514175365,-2.408067212549118,1.6003586,-9.163434,1.0222915
-1.039156247043438,-1.3088640241428673,-3.280131583559765,0.9046489315225469,-0.27382963331719934,0.32653888376804646,0.17398170522826908,0.9367891990194697,0.3035726648536129,-0.3890252908757698,-0.21781489507797364,0.8951066945013847,4.964391192567053,1.112687204370957,-2.4780121431487574,1.6480347,-8.972183,2.0463974
-1.4890301126015384,-1.1303839637366688,-3.5121333060101083,0.9059429878964278,-0.2274663218374928,0.35710835206000724,0.16675471987906298,0.9669494018878251,0.19287746780490594,-0.3891788356004822,-0.11518648626683396,0.9139321130708529,4.951131433284565,0.9399344516666922,-2.512944179405117,1.714798,-8.656558,3.0343125
-1.8367702831243657,-0.719456968693394,-3.4945744146722197,0.9082292409800043,-0.17703970771714228,0.3791788334286515,0.15828424782613798,0.9841183185123912,0.08035690423639749,-0.3873831988083607,-0.012964453701280229,0.9218276304283954,4.930420858387019,0.7871401312559586,-2.5644058015974887,1.8020554,-8.218676,3.9639893
-2.005986112195347,-0.45434328123616363,-3.3174460007451225,0.910898879643152,-0.12192218162546599,0.3942057999224979,0.1479068826860877,0.9883425438870628,-0.036091134603022074,-0.3852100532422972,0.09118112507825478,0.9183132457448989,4.9717781113055555,0.7218742124171996,-2.6605207094184475,1.9040558,-7.66331,4.834819
-2.1027108103642624,-0.5018077287790077,-3.278786338991031,0.9133988709484123,-0.06952105693620284,0.4010851844591598,0.1366062250726175,0.9805193482297073,-0.1411401679841698,-0.3834595699960745,0.18370800306372986,0.9051022747672018,5.066056126355225,0.6852915724943465,-2.8111384969329403,2.0165284,-6.99942,5.65439
-2.302470455045068,-0.4756808876828864,-3.4690559570821757,0.9160679889372693,-0.005870899037736868,0.40098001470012823,0.12137914579709944,0.9570512490263783,-0.26328693416616045,-0.3822126928949282,0.2898593439610635,0.8774366177157585,5.101215239400293,0.6555784847854902,-2.913839542022642,2.1347854,-6.247508,6.417372
-2.5560741635073185,-0.1799314561070069,-3.6294857481503326,0.9178748341382825,0.049091264624366415,0.39382208748773867,0.10652799196783043,0.9254280746339222,-0.36364084699969296,-0.3823056052203805,0.37572985829839556,0.8441975466679272,5.002547382673948,0.6272149591337493,-2.9709417942637955,2.257132,-5.4347825,7.109343
-2.6946485633000723,0.5617567676167727,-3.469878288998715,0.9190460171770919,0.1117914105895515,0.37796441476589054,0.08769693081943994,0.8769006520884114,-0.4726039512020289,-0.38427030412949437,0.46749109818831563,0.7961082881611706,4.758566723224637,0.601980220590759,-2.9331587054130046,2.3789978,-4.5885468,7.713136
-2.5575990428019657,1.3437974140913176,-2.9181015499539606,0.9191670725567794,0.1617247328971207,0.35913368471469576,0.07132321086684491,0.828394126949141,-0.5555863299504535,-0.38735628601978694,0.5362912279774166,0.7498978773642666,4.301136999885734,0.547403787958324,-2.73571292785832,2.4912033,-3.7528472,8.205862
-1.6076615529345346,2.2374759785307337,-1.0850761968014235,0.9172933550993526,0.23123215074641326,0.32419838548604824,0.04499916380200258,0.7487290075969468,-0.6613470710905218,-0.3956614410676036,0.6212379299785865,0.6763988900110859,3.159716117310419,0.4558982324123159,-2.157876845541736,2.688069,-2.2778976,8.868647
-1.0619479267356642,2.2609848738468497,-0.22818073277643192,0.9144100596213318,0.2710104085543503,0.30067856810640137,0.029697767060030796,0.6958859980759603,-0.7175379574025842,-0.40369826045570195,0.6650534084846336,0.628276753006199,2.6269987729604014,0.46382757656032814,-1.825550972737652,2.7572434,-1.6694809,9.077321
-0.640462870106216,2.143675520394959,0.3922706117792665,0.9114170078491962,0.29653731225107616,0.2852799681823546,0.01994464301170527,0.6606447395798907,-0.7504337007894528,-0.4110003029419237,0.6896478452865104,0.5962085209667182,2.0519301848030276,0.46545967028511226,-1.462771436876882,2.8032699,-1.1662384,9.22021
-0.29302396602851777,2.05287877495116,0.9232213324936132,0.90823499567051,0.31689160610731815,0.27329270502176256,0.011876471956241582,0.6333073710317874,-0.7738092292100673,-0.41829193400454223,0.7060463750884433,0.5714283631140568,1.430593005878321,0.41513095075037537,-1.0836412073873813,2.8300369,-0.7867859,9.306532
0.03778039302984648,1.9708205787716107,1.4693689247945114,0.9062626036445656,0.327048615907313,0.2678195214477148,0.007267864983395322,0.6214207937165916,-0.7834432814666447,-0.42265266043638616,0.711951824191604,0.5607934812890513,0.7856248245123749,0.3244275527036831,-0.6982137651635147,2.8459258,-0.5486511,9.348935
0.3711472602808825,1.8240700464681228,1.9998707333454784,0.9038506067863193,0.33691492455507593,0.26370895742095823,0.0009205746540772871,0.6148281787263044,-0.788660550038102,-0.42784720772059204,0.7130740804826265,0.5554026670709732,0.19897314125325485,0.23348382661007688,-0.37768685487525683,2.859471,-0.44389495,9.361728
0.6006211116454019,1.583806108533196,2.3207794906533548,0.9025249720619086,0.3406561741743141,0.2634426802960547,-0.003600412282759317,0.6176980620412196,-0.78640710906115,-0.4306224701940714,0.7088035518727607,0.5587144288601431,-0.2635090369499963,0.1550240986183329,-0.12667097203627614,2.875328,-0.44740754,9.356226
0.704613991860347,1.291412442181981,2.350866025843041,0.9017751767417744,0.34096807492626685,0.2655980092045422,-0.007984337917101587,0.627555393981469,-0.7785309742282502,-0.43213167086012766,0.6999392826280286,0.5686362806520494,-0.6512030439920201,0.08624753161976513,0.07299640965810122,2.8955276,-0.5392777,9.339157
0.7526456114942847,1.0252880404789266,2.2243511578842106,0.9015553781753083,0.3383086185073773,0.26971314155377296,-0.011845202091002635,0.6424440945390175,-0.7662410042404182,-0.4325015505990688,0.6876138916830955,0.5832062625639668,-0.9755183326546629,0.03170212853548883,0.24878334521187662,2.920073,-0.70636445,9.312556
0.7998534979042892,0.8437829811499876,2.0833509766294434,0.9017319744957057,0.3329234822888379,0.2757560536284717,-0.01493443038437058,0.6614980549846514,-0.7497981635351055,-0.43203750874336,0.6719987188917825,0.6014659698159451,-1.2468271311762757,-0.008185804906699706,0.41999931906585125,2.943727,-0.9366867,9.274335
0.8687064297444138,0.8081198226460296,1.9835440286494483,0.902582728971291,0.3230000680379526,0.2846319964624741,-0.01705402098016142,0.6874467046063799,-0.7260345643936218,-0.43017854169070757,0.6504521384185823,0.6259859726028617,-1.5883274133427119,-0.07203229684401134,0.6447654222284963,2.9650376,-1.2379119,9.215004
0.9634493105091317,0.9124540177756545,1.9599893071844035,0.9042980898826118,0.3076773878967567,0.2959384895745857,-0.01796467635406309,0.7200366200406642,-0.6937034930025286,-0.4265234284750979,0.6219983044811656,0.6566550648433349,-2.0274628622762143,-0.15656067010248523,0.9124909491966451,2.9857666,-1.6279281,9.118172
1.0776984647258234,1.13153759730592,1.966675894137052,0.9066689598050617,0.2876594141990051,0.30855057729437424,-0.01707763400007286,0.755864834262305,-0.6545049325578663,-0.4214970364581057,0.5881499925599789,0.6902317252261969,-2.5158594802440963,-0.2438877318367796,1.2297318429765844,3.0017304,-2.1140106,8.965274
1.1874164352387588,1.4528375100667221,1.9562409182003802,0.9100584302497048,0.25669465279073056,0.3254251200508166,-0.013350015923375928,0.8028868939459555,-0.5959818894938513,-0.4142649280427773,0.5380339122754829,0.7341008640747206,-3.0403747932971723,-0.3120314393943708,1.5857608705361474,3.006166,-2.6964784,8.733937
1.2811585922375426,1.8074907320009772,1.9176049416716079,0.9131630899063524,0.22241743830659305,0.3415606159524465,-0.007294260495454875,0.8467747738637204,-0.5319015661867047,-0.40752909711639723,0.4832214455973347,0.7748658396898893,-3.5468664702108064,-0.3431355309445003,1.9433026503597541,2.990439,-3.3553376,8.404318
1.311490238272551,2.1356857219845797,1.8080661279668049,0.9162916368616024,0.17714593258879793,0.35920600605325237,0.0028258507161690177,0.8939858752917381,-0.44808622981139984,-0.40050174879170475,0.41159272751848974,0.8186511930417482,-4.028994987700081,-0.3585887181545836,2.3100972028670688,2.9467149,-4.0712204,7.9602904
1.2930524246976858,2.3514798062846607,1.6840478544853443,0.9188170334076646,0.1262887114871128,0.37393371133245257,0.01578393586904781,0.9349108825093916,-0.3545313937213352,-0.39436800895663265,0.3316516291478685,0.8570187106447251,-4.5409695841873345,-0.38836386914330434,2.69007187034483,2.8730927,-4.828725,7.3903074
1.0735731078724289,2.851545722692695,1.6520303144170856,0.9222231315189648,0.007522620145111278,0.38658492712146064,0.04886411478040044,0.9895272502849191,-0.1358238536866587,-0.38355807119402435,0.1441500299331196,0.9121973333068901,-5.575544284661115,-0.5295712731607911,3.3773703532514783,2.6486924,-6.3841734,5.8325334
0.7865133609439648,3.323274408909553,1.4864388391360355,0.9220809507091905,-0.0712686116147617,0.38037810838393216,0.0721554575817902,0.9973218372424129,0.011947506040198702,-0.38021087606800047,0.0164297887363877,0.924753887129804,-6.050605197622856,-0.5683689498175538,3.697960720905593,2.4955993,-7.1099396,4.830638
0.4307965542933837,3.75233422388112,1.0233611477980153,0.9194599750406469,-0.1578195482360946,0.3601199029390165,0.09891210474905208,0.9792956210488489,0.17662525903353088,-0.38053876258847,-0.12677963870079634,0.9160333909735675,-6.444768521230356,-0.5826744703379078,3.9683432715505234,2.3107789,-7.7369843,3.6845734
0.17535772522066329,3.8802424546330734,0.5308867282592015,0.9153020567136309,-0.22728419519930765,0.33251171346044195,0.12103555525618437,0.9426235733869333,0.3111449714507308,-0.3841517139615844,-0.2445458924370889,0.8902947641947168,-6.744724780324262,-0.5880070882126092,4.161492228420152,2.1005433,-8.21295,2.4130707
-0.1326624613374292,3.752058135409177,-0.04712495803852801,0.9076654432683569,-0.3120179864028234,0.28069239258943807,0.14893795318231934,0.8647388956554468,0.4796291572063355,-0.3923785534382795,-0.3935370611539992,0.8313649332873971,-6.897511572034621,-0.6335428211194162,4.253913767364547,1.8730484,-8.503087,1.0577224
-0.44102440532020215,3.436843552675879,-0.47058477658779774,0.8987725372321831,-0.38005722017406,0.21855076232031023,0.17303189856591414,0.7655396337244001,0.619684622429657,-0.4028248855221058,-0.5191392670475606,0.7538080213246776,-6.915434173829411,-0.691468641029819,4.29223370231459,1.6327546,-8.58536,-0.33569488
-0.6726121026760452,2.9654454865865736,-0.7655150970167915,0.890054027410454,-0.42678940843577773,0.16017062507672314,0.19079037921654649,0.6678735169505642,0.7194053075662502,-0.4140082843239197,-0.6097505770420597,0.6758708266437021,-6.730953977783861,-0.6662060304852004,4.189520761399444,1.3946823,-8.471674,-1.7095444
-0.6644660482082236,2.202841055994162,-1.0363748277722218,0.8796681372658265,-0.4663550685782465,0.0932572693716077,0.20561021098441534,0.5497384026034989,0.8096370358635391,-0.4288454376791405,-0.6930372563681797,0.5794747206457362,-6.365034438375229,-0.5923014557617023,3.8638638518426576,1.1891754,-8.208639,-3.0054138
-0.3228025778426746,1.2534797088888197,-1.1100470408689465,0.869822513811699,-0.49239915398418727,0.030852351967911265,0.21360376855082336,0.4322249104056808,0.8761021954576347,-0.4447271349121631,-0.755463235359908,0.48113727302336556,-5.9201123173313,-0.5030750374794885,3.416878977987111,1.0338516,-7.841176,-4.1892014
0.07494763022995227,0.3899448628545671,-1.0032261523205852,0.8626653886005516,-0.5054813185417696,-0.01723554222911793,0.21484678395679743,0.33538627293756645,0.9172550939343262,-0.45787475005079575,-0.7949872228723707,0.3979271651139173,-5.42102793973906,-0.4545606640571305,2.9080521011846305,0.9325592,-7.4034605,-5.240889
0.2588966798145669,-0.3200379806603322,-0.7759772670160194,0.8564902649477674,-0.5122818448614558,-0.0631801984410067,0.21038033837588663,0.23469259624912647,0.9490308206221187,-0.4713433348150252,-0.8261275305249124,0.30878595180847024,-4.849445039609492,-0.40123393489102743,2.3564474559099056,0.882753,-6.928609,-6.1437774
0.2468481468356097,-0.8874370810081746,-0.36743912057592226,0.8525580301854928,-0.5128719465203815,-0.10053443011538624,0.2006672203452082,0.14361276803954492,0.9690758688229459,-0.4825737993770051,-0.8463673784642324,0.22535480653056153,-4.17995123400447,-0.36909212603569996,1.7827922274137187,0.8867706,-6.4497576,-6.8807616
0.12939444963193145,-1.3128177285239675,0.19176342095828325,0.8512828217189148,-0.5093453663012281,-0.1260351350764872,0.1878909404338522,0.07163624042515962,0.979574011272569,-0.4899128003524331,-0.8575753884558598,0.15668408076642681,-3.451282745953998,-0.36009914852866276,1.226574642213273,0.9419357,-5.999461,-7.447122
-0.030889388823009956,-1.6069700113476784,0.7653324533594302,0.8519414640707627,-0.5044566374001307,-0.14042522130983764,0.1728915806573806,0.017852255573641215,0.984779060657123,-0.4942714265813431,-0.8632524531988824,0.10242538216358857,-2.675686865284739,-0.31492257517745437,0.6794150637231213,1.0381256,-5.6146483,-7.844008
-0.09188943272013894,-1.7793474825427404,1.2496565619954294,0.8538910042420632,-0.5002537364833365,-0.1435839545664478,0.1554571330742737,-0.018132813087729054,0.9876762024397736,-0.49669229171671925,-0.8656889742996547,0.06228456570617753,-1.9484580121850867,-0.2367959373335451,0.1362360858800341,1.1638733,-5.326027,-8.090159
0.04620039866056169,-1.87415135799667,1.6267260660034009,0.8567173022377444,-0.4976023646342685,-0.13574737845300788,0.13597487187862253,-0.03598421381647497,0.9900585692642643,-0.4975402478835974,-0.8666585389104506,0.036833119193647054,-1.228835477551827,-0.16114302285806906,-0.39344579246037614,1.3151932,-5.154341,-8.205587
0.22161372349692832,-1.967883332518735,1.89805715207011,0.8598203012126527,-0.49624201347493696,-0.12022027152241034,0.11665948801777874,-0.038296655061111615,0.9924333378451974,-0.4970911520817999,-0.867339166804701,0.024963097734815136,-0.6051343859821432,-0.11615922870480297,-0.814812141560492,1.4861892,-5.1026764,-8.217424
0.0959334177532628,-2.027011348329136,1.9352881720647335,0.8626332556475442,-0.4959039547646444,-0.0997152641259223,0.09727095465767123,-0.03082379251832845,0.9947805060387804,-0.49638918967973295,-0.8678301455144174,0.021647422606980875,-0.15445584705251864,-0.0584909615436259,-0.9966013808320154,1.6524689,-5.1381044,-8.164137
-0.9487247730826469,-1.8942089989354494,1.2635883348337666,0.8634258256623772,-0.5013264342614404,-0.0562818788772214,0.0712492923663254,0.010737297545891204,0.9974007463295326,-0.4994190444071373,-0.8651916069588995,0.04499001368460401,0.5893962691349712,0.1475741848369868,-1.1132506652777803,1.9001725,-5.384227,-7.935849
-1.0515414181247298,-1.9531961804211253,1.064290979355812,0.8626669510520374,-0.5047383134325111,-0.0323259418406371,0.06026702696445175,0.0391251976580351,0.9974152116190556,-0.502168912840536,-0.8623853279488966,0.06417109251859407,0.9875313411374516,0.240630986265011,-1.2335447672994704,1.9839493,-5.597003,-7.7474046
-0.8029075371980843,-2.2143160649319094,0.9745331671665622,0.8612010354698839,-0.5082612406162925,-0.001813227174256294,0.05018167420250107,0.08147700431118099,0.9954111197604282,-0.505781154334394,-0.8573400778312331,0.09567348046613872,1.509083548402417,0.29740052870361167,-1.4427546831524762,2.0490983,-5.880267,-7.477577
-0.42750390087917717,-2.6636127374629206,0.9497228160557836,0.8589069374849317,-0.5109169545267187,0.03525249377557631,0.04158243118354189,0.13818090884625467,0.9895336971762451,-0.5104407645918574,-0.8484514729833215,0.13992971033813295,2.0050645293818485,0.34986048119422436,-1.6328296524128407,2.0941436,-6.219803,-7.125632
-0.2948524315486548,-3.1198757301910867,0.6881906867329499,0.8562424087485674,-0.5113906019701651,0.07299718951468158,0.035644005457036346,0.19946186887920608,0.9792570999171734,-0.5153430336537292,-0.8358795457958096,0.18901572046992388,2.365251331245535,0.3752854105168786,-1.7401910359784372,2.1207688,-6.593913,-6.705078
-0.506045696863886,-3.411277350907448,0.15726111728059688,0.8537908973035884,-0.5088399358028135,0.11010460214596401,0.03194962766755271,0.26230144054491855,0.9644569329835132,-0.5196347996174208,-0.8199267491796152,0.24020782877815117,2.717431766967726,0.36310633449187024,-1.864795779347405,2.1348648,-6.9860106,-6.2201705
-0.8814637164741728,-3.651309309526012,-0.37693692673751955,0.8515401349225591,-0.501236794770271,0.15375654192421837,0.02848369677743688,0.33706192045287164,0.9410515080475206,-0.5235151169106387,-0.7969635734141488,0.30129883009562614,3.180023020168046,0.3350952978838278,-2.143869353985369,2.1473465,-7.3916016,-5.6365905
-1.1656832231544079,-4.06314277801177,-0.6488066260115964,0.8498069994997555,-0.4897067178485873,0.19497536791909292,0.026450740226636044,0.4090605467950852,0.9121238004773083,-0.5264298832158795,-0.7699719472485164,0.3605756210667125,3.7681061579931363,0.3202603963311079,-2.46390721515928,2.1532302,-7.7907305,-4.91886
-1.56934247197685,-4.5098101837520055,-1.0045246705453927,0.8474572651193527,-0.4631531264234893,0.25943277603374093,0.02520656994054774,0.5232549873659863,0.8518032912758986,-0.5302648513981085,-0.7153274772303736,0.4551107422276178,4.384464900087837,0.3148728360035414,-2.788571595303615,2.1496506,-8.156598,-4.054303
-2.0865811753237042,-4.818896193971587,-1.5058543831929048,0.8458839681552798,-0.4332609564664924,0.3110711430197543,0.02403953054613222,0.6135984317864076,0.7892522191798907,-0.5328249369061079,-0.6601377947906051,0.5294484663307668,4.900220317191631,0.3025447626732919,-3.14934144963011,2.1452758,-8.46567,-3.057428
-2.7181090097725424,-4.8313171563490025,-2.3285670976272512,0.8439641596801415,-0.389456228059985,0.3688473174643951,0.022502868304505118,0.7127365507792464,0.7010707739603559,-0.5359273440434453,-0.583378484012389,0.6102879863621334,5.3856762924486254,0.32559045515831564,-3.4939932347413465,2.1387055,-8.6818695,-1.9384934
-3.2547586852354744,-4.613249675728413,-3.1759044869599884,0.8417258294337575,-0.3407472239032087,0.4187946483257733,0.022771772013397754,0.7973975908895113,0.6030244841156723,-0.5394247625604718,-0.4980445878090244,0.6789495666768774,5.87546244330103,0.3802836789066154,-3.7310277689438447,2.1140106,-8.760248,-0.7201599
-3.706904026257117,-4.0912352283423,-3.934634983088033,0.8388605153565898,-0.27774825083148275,0.4681548300890712,0.025632133184809343,0.8792316986113453,0.47570433454552874,-0.5437426133052949,-0.3870497762782726,0.744672035972125,6.249669521191339,0.4286873540886603,-3.8632797612111522,2.06566,-8.655029,0.54981387
-4.096247209218121,-3.193397620350228,-4.472927097826597,0.8360393246201778,-0.20807838089216588,0.5076826125582108,0.02942372071367257,0.9409693011899267,0.33721064466814277,-0.5478799981273266,-0.26698344821998976,0.7928097792210732,6.622373503492172,0.4703849605884963,-4.084578485614818,2.0078475,-8.3462925,1.8489106
-4.367682123958465,-2.2171029032473593,-4.812851764226995,0.8326222058165996,-0.12153320112616138,0.5403424316164026,0.03408126528090706,0.9850208997748159,0.1690334119742727,-0.5527917598318115,-0.12232541858027698,0.8242922796139796,7.101093491293703,0.5522486258825934,-4.416573688421519,1.9441696,-7.825148,3.160315
-4.5617483192205714,-1.6544006743572952,-5.089310628821032,0.8282970568503235,-0.03461204098156022,0.559219091441075,0.03968970735111585,0.9992073756873839,0.0030573685275716023,-0.558881662557892,0.01966283273135816,0.829014270242381,7.457919919389885,0.7162739524700785,-4.637091088524899,1.8635757,-7.099332,4.447835
-4.747250847795779,-0.8747569937420057,-5.387222189758347,0.8227396532943305,0.0610991819422131,0.5651250771847908,0.04999483161237163,0.9825748169329942,-0.17901744591280275,-0.5662154887577469,0.17553808445771785,0.8053486209063397,7.467331907626128,0.8267165527497737,-4.496910506680756,1.753331,-6.2119856,5.641159
-4.594143014081061,0.3002432344681636,-5.222314371729364,0.8185980286320884,0.13401776789945052,0.5585127620806046,0.061811864043449204,0.94619457215677,-0.3176399299278049,-0.5710311383656163,0.2945421353699935,0.7662691234211092,7.091280490640832,0.8163355240674249,-4.09555520238429,1.6271957,-5.2278657,6.680481
-4.003819277959316,1.8450153607750788,-4.2934841828242325,0.8144462789784618,0.21432843918182282,0.5392036524505559,0.08034718430538612,0.8786681075075142,-0.4706237210589362,-0.5746491004363732,0.42662123365703075,0.6984072840117165,6.607843716000599,0.7729720686833541,-3.622710176672723,1.5005372,-4.205098,7.547345
-3.264935352917304,2.555483658330135,-3.236361650256404,0.8126157300934771,0.27168800642442403,0.5155980046215909,0.09967277249014181,0.8068692689028367,-0.5822605270189022,-0.5742133868421849,0.5245451458790976,0.6285947631868292,6.200334152721142,0.658306882619555,-3.1492084736435104,1.3712509,-3.1766205,8.257647
-2.644493491084124,2.63442221153878,-2.4836198436541554,0.8128245184568075,0.31858619460839555,0.48766703681959006,0.1214515291695729,0.7260976869631782,-0.6767803743084564,-0.5697067914794687,0.6093315891956236,0.5514972222509443,5.658321798952141,0.4956810617382706,-2.6575958163193447,1.241977,-2.178952,8.811971
-2.1514123024105802,2.5430288834696113,-1.8376605769929564,0.814317379876892,0.35033296456097796,0.46276778061177637,0.14080938256011327,0.654240377380714,-0.7430627472749392,-0.5630807425347388,0.6702509549017128,0.48342914148804855,4.975668332658457,0.35891782604490086,-2.169597911018184,1.128038,-1.2549942,9.213046
-1.6562808301062935,2.522016292988585,-1.0406696675021476,0.8170250182523581,0.37428656527020077,0.4386110881042211,0.1611837791985956,0.5821021547843165,-0.7969798433578565,-0.5536153076577561,0.721849463845262,0.41526310054388205,4.2137291397066265,0.21145367207417787,-1.6605149063158875,1.0327423,-0.442012,9.477139
-0.6183206112703925,2.435115436360411,0.3687903558776945,0.8252134242103821,0.37691743347562123,0.4206614468252656,0.19406164414826552,0.5102261320193539,-0.8378599957481204,-0.5304365021125974,0.7730475681009032,0.3479002366768876,2.333391610820294,-0.2495872208331719,-0.47029441648706816,0.88205415,0.6622116,9.693039
-0.06322440083791481,2.5153089213294493,1.245333587959767,0.8307118614274027,0.3677121782751405,0.41797793869051303,0.20695707856622422,0.4930179734128024,-0.8450455878372873,-0.5168041901099033,0.788492886359849,0.3334552402418707,1.1954873274025986,-0.5799213273916558,0.06638825690822034,0.8463318,0.86739653,9.712087
0.4337902750181102,2.590923216745394,2.2875623817513113,0.8387147956596804,0.34545849216327235,0.4209702147822552,0.2180406251565855,0.49533406966529947,-0.8408938370627633,-0.4990148067170608,0.7970587115270066,0.3401200274256798,0.09832292934824502,-0.8497598861977994,0.48520407715016234,0.8529083,0.8381729,9.709597
0.7587545658597379,2.623132950303211,3.0613921010118776,0.8446739589469142,0.3232540203325012,0.42665295195957653,0.22316492962040424,0.5118237650524268,-0.8295986063844837,-0.4865422050187077,0.7959543151880226,0.3601852452129349,-0.8186989585621519,-1.0474138496079413,0.8214828381415145,0.8904098,0.6093155,9.685204
0.8340740824353072,2.7602140078774107,3.194362080393857,0.8517692695808146,0.2885592518074749,0.437290143490652,0.22736649053772637,0.5483711585257413,-0.8047319749318362,-0.47201015918973926,0.7848710917682262,0.40147699676099985,-1.607901685917941,-1.1844679892840988,1.1275202772408481,0.9449188,0.21824646,9.627281
0.8028730034922262,2.9979864733329578,2.8864003264252083,0.8568811974273656,0.25395649131644726,0.44862090233702057,0.2297786296393405,0.5908598347873855,-0.7733604832134168,-0.46147198707669185,0.7657615530654849,0.44794290818164373,-2.451115560414136,-1.3250190491074654,1.492294486978477,1.0013428,-0.3350647,9.518005
0.6931744372942256,3.2908656272549317,2.570492246923817,0.8620514840836492,0.2060125594829614,0.46306162022397873,0.23201079448916065,0.651896594591216,-0.7219430872311775,-0.45059763651142887,0.7297874041771725,0.5141712892360493,-3.348764999458468,-1.5094041739338113,1.902027510408541,1.0535873,-1.054271,9.324801
0.586080889166631,3.528427852057319,2.4753813149666195,0.8663846384810523,0.1490482278348636,0.47661544664786304,0.23433886207413046,0.7214630205559139,-0.6515952790591241,-0.44097954139149964,0.6762216616980141,0.5901366861367979,-4.296998282615975,-1.7093763493127152,2.3496441230315366,1.0966889,-1.9264145,9.005986
0.4790196087602835,3.667034115414836,2.469405450165383,0.8702349226701044,0.08322566311968525,0.48555604039456174,0.23688521918049507,0.7935061111165032,-0.5605652901799858,-0.431945103339725,0.6028445410046042,0.6708217997961788,-5.296594133292494,-1.973606955854287,2.813556371606202,1.1299347,-2.9284027,8.51344
0.3055628611001636,3.717602404035902,2.4128853359673466,0.8745134481519603,0.004572914742961162,0.48497970828903914,0.23951917690143482,0.8654348750763591,-0.44006026961999795,-0.4217307113524308,0.5010005643233546,0.7557391359787153,-6.226066086953971,-2.2822420080361643,3.196441981420397,1.1589447,-4.004617,7.815848
-0.25177537535357275,3.6164033542921112,2.0348234183376652,0.8824169363931855,-0.14984153309910772,0.4459684577691264,0.2479791530395971,0.9536913301148189,-0.17023274221368512,-0.3998083166021292,0.26080713529797395,0.8787109582527342,-6.9597959860391265,-2.608536942517592,3.515803218767415,1.1635544,-6.0819488,5.7875915
-0.6241914696920975,3.4792135661161834,1.3009308739554326,0.8852253953731247,-0.23795982653688363,0.3996887793534246,0.2570940930736659,0.9663681750172635,0.005931072452113828,-0.3876578732505297,0.09750728828317953,0.9166317155971309,-7.644783058653184,-2.848729178659223,3.904059621108227,1.1242889,-6.937106,4.5088425
-0.8007191739428965,2.9997176370369973,0.4400781841988478,0.885784684446042,-0.3136955762746587,0.34202423631452644,0.2683285223118141,0.9474701582581738,0.17406924864601617,-0.37866251057476474,-0.06241301655856839,0.9234280255922916,-7.756138893764656,-2.8219929116291627,4.006664845728305,1.056366,-7.6070113,3.1073792
-0.8188409931464398,2.3649904746470267,-0.18705691409210562,0.88418613597341,-0.38283757092674,0.2676756829436008,0.2823832742908459,0.8945062781089927,0.34658073348698654,-0.37212170502832936,-0.23085474374703777,0.8990169764449949,-7.822374196142775,-2.7926520561026913,4.089035746251956,0.96283877,-8.082567,1.6193283
