-0.067085957368411,0.7003236970914328,0.16571433834398533,0.9999724680178937,0.006364336910887907,-0.003815550011087613,-0.006322218997339535,0.9999200520381671,0.010950757003007525,0.0038849392726373467,-0.010926332764196278,0.9999327589889102,2.472435,-7.8506594,5.3141603
0.05205030357545032,0.8963541669689808,0.30933086838462615,0.9998415812286482,0.016250418826573264,-0.007261978666837647,-0.01605679674812822,0.9995337753655212,0.025969427828450242,0.007680607032386891,-0.025848709668158294,0.9996363601250734,2.5593033,-7.8958464,5.2006807
0.18556945174100814,1.3083057924903068,0.5732399962096887,0.9996046758122425,0.02686193772846425,-0.008302312676219887,-0.026478750212323474,0.998713247884326,0.043251870335675846,0.009453458705415287,-0.04301493696162817,0.9990297029201346,2.6547027,-7.9502044,5.0611696
0.31693682387639105,1.6503663721398987,0.8661695557701781,0.999174275930048,0.04005788361662609,-0.006792074780304263,-0.03953363747551238,0.9971066189345845,0.06492674321722995,0.00937325064314235,-0.06460461622050076,0.9978669178479579,2.7549317,-8.014194,4.8977036
0.43362257438979773,1.787307960514647,1.1694813591415647,0.9985647678180081,0.05346690018268029,-0.0031136887164490467,-0.053009551281445536,0.9949718504600481,0.08497649242612633,0.007641462262383805,-0.08468947618779449,0.9963780912271857,2.8607376,-8.076022,4.7303376
0.6437338586601186,1.739654767217886,1.6659834741169586,0.9974435721590268,0.07129374375654488,0.004849995857379196,-0.07140469863447557,0.9917602113748758,0.10636283254305255,0.0027729716118629127,-0.10643723612926931,0.9943155562464074,2.9722672,-8.121637,4.5835543
0.9105009005675964,1.7574869438802145,2.2656524412393035,0.995868245662021,0.08942139580995682,0.015819331637198446,-0.09069778787365476,0.9880840251791614,0.12435381160451872,-0.004510937471762779,-0.12527479058911112,0.9921118275103774,3.0865998,-8.151421,4.4574537
1.3289687371384398,2.0378029159076267,3.1458873964439893,0.9936834692584299,0.10794758115513475,0.030667289500160573,-0.11124196676287312,0.983521782670011,0.14251360582180103,-0.014777948208695676,-0.14502490384881983,0.9893176383297643,3.1986604,-8.178014,4.3312697
1.9157488206072084,2.3423725896764847,4.160732143919726,0.9904554189326303,0.12774142305456362,0.05177057024007973,-0.13467491193859527,0.976848029112011,0.16622453523566122,-0.029338220827440163,-0.17161018867181216,0.9847279888084354,3.3023071,-8.218254,4.1739683
2.6364435075198585,2.33744999034888,5.156373747445461,0.9858151530465327,0.146876811102543,0.08121383123698349,-0.1602537504294489,0.9675345627268815,0.19543696017436932,-0.04987203121126366,-0.20567953784771592,0.9773477928627112,3.3906205,-8.276392,3.9786148
3.3774495974911716,1.966623119526468,6.160351273503104,0.9800451114254893,0.16125549708722456,0.1162249724893585,-0.18407355877384154,0.9569382733989727,0.22446840727488968,-0.07502335990432012,-0.24138310952372943,0.9675255500013024,3.4442565,-8.351247,3.7629776
4.075951999699012,1.4256052649007447,7.051996508994732,0.9709804153006829,0.17297490398703025,0.16515663987012708,-0.2119229225863549,0.942350958009737,0.2589659182606632,-0.11084091295623227,-0.28645131266728097,0.9516616717543169,3.4608536,-8.435595,3.5388138
4.658279628014933,0.7979370356578973,7.7150699904088125,0.9607858002290807,0.17790109806141943,0.21270130555947775,-0.23554941808054414,0.9283566332278604,0.2875246653484682,-0.14631171422713277,-0.32635128443193373,0.9338563708780625,3.4402251,-8.522352,3.3192902
5.35153275632449,0.24855704617165997,7.923608273059039,0.9459457801218212,0.17480470853917274,0.2731847267733943,-0.260896081207389,0.9105136620620818,0.32077734647091954,-0.1926650354380544,-0.37471080191373163,0.9069024198053626,3.375827,-8.619184,3.0861115
5.861960843781964,-0.4973101952563532,7.802357983432386,0.9331573879580148,0.16489268349508152,0.31941773937770895,-0.27656019051607844,0.8969674434391339,0.3449113892465346,-0.22963394853785374,-0.4101948419227807,0.8826145485651479,3.2533174,-8.7348175,2.8231933
6.141870734471482,-1.512312095467819,7.176931959025858,0.9147028086990002,0.14149798733575372,0.37854602274768545,-0.29147597016059473,0.8798225075288493,0.3754385623035916,-0.2799295100147545,-0.4537517766638261,0.8460193819276962,3.0664718,-8.872282,2.5309587
6.135344143631509,-2.9997675057548943,6.3822524334896675,0.8964953236744524,0.11223440157473147,0.42860188255886245,-0.2996846863320796,0.8661160917151404,0.40004000356231073,-0.3263207370178644,-0.4870794132123145,0.8101039574134086,2.8106093,-9.023961,2.230687
5.934212201835235,-4.823301244325225,5.154148465180304,0.8710451580592539,0.06607968170052055,0.4867379256724172,-0.30300363193370894,0.8522008629702826,0.4265471699445293,-0.3866123790782071,-0.5190252063426821,0.7623278189364635,2.48179,-9.175293,1.9433686
5.296617887214971,-6.5946497486391396,3.6259308881714443,0.8475267170349475,0.024195713530827816,0.5302009348904417,-0.3008045808414287,0.8449300165669871,0.4422780474417916,-0.4372814517639377,-0.5343293315464215,0.7233789445321022,2.0897095,-9.308855,1.7009811
4.348886420449342,-7.866064468350445,1.7887424300343406,0.8149480269201704,-0.031778738842417914,0.578662099308834,-0.28948438024036116,0.8426813455435178,0.4539679982882283,-0.5020542869210219,-0.5374739636768953,0.6775420513545063,1.6457398,-9.417345,1.5301666
3.1008352042944893,-8.634760045656744,-0.0884887644550223,0.790514697970422,-0.07403200301489454,0.6079521155669545,-0.2731291045114812,0.8458710353648705,0.45815137651164917,-0.5481669495340717,-0.5282248139385023,0.6484531913547391,1.167743,-9.496016,1.4241517
1.9043541472311634,-9.023180520439233,-2.15351715769685,0.7623460643353227,-0.1254961438730583,0.6348851833721095,-0.24356650436672883,0.8532517760796775,0.4611255410053197,-0.5995863875564696,-0.5061740061380764,0.6199064763068011,0.65565187,-9.545299,1.3608383
0.7162195203721885,-9.248196156972764,-4.19269661781016,0.7448827114107606,-0.15960159628552842,0.6478248812020618,-0.2174593305690744,0.8598702635878768,0.46188155337247006,-0.6307623845710876,-0.48492314881889,0.605795637116816,0.10839538,-9.564023,1.3314545
-0.4194895365590605,-9.142820426329344,-6.317020634345905,0.7173937089540925,-0.21722561897888706,0.6619360216911682,-0.15943659114563077,0.8737367101470084,0.45952598919467447,-0.6781786193599387,-0.435197876604106,0.5921795069422157,-0.46980134,-9.542862,1.3530838
-1.4420694139535515,-8.738211624000222,-8.037323219662357,0.7037759182832276,-0.24960973449577464,0.6651273842577445,-0.11963284873973364,0.8812321349757555,0.45729411300440814,-0.700276686993803,-0.4014036680587529,0.5903284314023531,-1.0699189,-9.4764,1.4189743
-2.872424955679026,-6.3438344265750946,-10.99899768931938,0.6818720060759037,-0.3513800603351977,0.6415470524668134,0.02267862858070079,0.886797497038064,0.46160142878106886,-0.731119858255623,-0.3002036849305127,0.6126512061674408,-2.296843,-9.214961,1.5869446
-4.012153581298981,-3.2686570105552764,-12.63260854438903,0.665153231868715,-0.46933142812117695,0.5807746453766217,0.19418883664468797,0.8597436434578689,0.47236803792844856,-0.7210144754838055,-0.20141717432117406,0.6630001870522266,-3.4727173,-8.799559,1.7699738
-4.634798253030626,-1.5513480031926172,-12.940984002053227,0.649051014052433,-0.5241614075587959,0.55135070507209,0.2747420205908231,0.8373432146466826,0.47262370127494874,-0.7094008762887039,-0.15527768581203888,0.6874876268047867,-4.0266786,-8.553774,1.8388733
-5.18217597891848,-0.04848556910914148,-13.149239914289003,0.6364933611453912,-0.585891013449936,0.5016053444456609,0.3580690520852287,0.8004856022201685,0.4806343252172078,-0.6831271881257759,-0.12631120693280548,0.7192932113168801,-4.549498,-8.296692,1.8756317
-5.635403245173148,1.0786737595974594,-13.298365487564158,0.6206263079668823,-0.6501111869594718,0.43838160368512713,0.4444201303615719,0.7522598554700916,0.48641120215052763,-0.6459982458093837,-0.10705397908655583,0.7557947551901477,-5.028955,-8.035498,1.9082123
-5.749516674216595,1.960313117145065,-13.283611546390029,0.6026776635740695,-0.7075423186409382,0.3690033890916266,0.5229871019929523,0.6994815900991987,0.48704208879860755,-0.6027139661380969,-0.10054537505277192,0.7915974371974579,-5.4507446,-7.7829833,1.948529
-5.517226293301064,2.9080361515438153,-12.968653368090182,0.5819664758286702,-0.7603568746137966,0.2883963318752465,0.5978657112550532,0.6404422529694614,0.4820687833876929,-0.5512455100198531,-0.10812559289520784,0.8273072245810578,-5.7995605,-7.5590425,1.9839386
-5.18121067763107,3.993769784469022,-12.330620426206849,0.56078356310542,-0.8030119784861629,0.2017264428837431,0.6637846891492588,0.5816653986364168,0.470165131076477,-0.494885523936407,-0.12975795327022266,0.8592154513050332,-6.062523,-7.3784637,2.018596
-4.8045031424809235,5.138545940056062,-11.536490787218986,0.5397345758892733,-0.8345168801333346,0.1107617459331169,0.7213360475985797,0.5262886168400414,0.450216168323014,-0.43400563824043425,-0.16310079263180322,0.8860232713751891,-6.2322235,-7.2519712,2.0614715
-4.339520186147826,6.346311585019728,-10.68784353953131,0.5211055307419816,-0.8532158887869086,0.02171803286864829,0.7683060543837703,0.48002426832749884,0.42341765269517656,-0.37169185170966734,-0.203959184490956,0.9056742341672439,-6.3049192,-7.186502,2.1167312
-3.7898306491925595,7.620772000384292,-9.7223315924615,0.5068704043894746,-0.8596670920985129,-0.06367797042099965,0.805439958301639,0.4459838684932906,0.3903394197551846,-0.30716260632620185,-0.24914028138108646,0.9184662505874936,-6.2771897,-7.184375,2.1915512
-3.147260876461103,8.87230434636467,-8.529395500650859,0.5000943446338062,-0.8550422460157814,-0.13714373479518577,0.8299939878872052,0.42809462190458614,0.3575541564119541,-0.24701341367702762,-0.2926392868783313,0.923767622965302,-6.14799,-7.2477403,2.2753892
-2.228783682934008,10.093815452199316,-6.931422157009478,0.5005741513109863,-0.8403956655404226,-0.2077514004288692,0.8456833708597653,0.4234137235353356,0.3248699046898742,-0.18505446574063272,-0.33831338144213796,0.9226586046022853,-5.9204574,-7.377841,2.3435988
-1.0065321855080374,11.308431490979327,-4.883897704841312,0.5099873918070713,-0.8172992470087208,-0.26820663868890154,0.8507195360153824,0.4331114037838155,0.29780997792919245,-0.12723651692652432,-0.38004796111989814,0.9161737913785873,-5.5934157,-7.5700502,2.3817964
0.3089723340421262,12.500296455731755,-2.6089737390261782,0.5304296753095477,-0.7843912071519356,-0.32151950748552943,0.8447294049456794,0.4571850801140929,0.27823377749868855,-0.07125020681462416,-0.4191804344954576,0.9051028512633651,-5.1724443,-7.8118773,2.3775039
1.3499300255897362,13.481770979823484,-0.3963905000740624,0.5584585453772459,-0.7452497904704476,-0.36431689900261915,0.8292130666266666,0.48933900133393715,0.2700981893850927,-0.02301615151866944,-0.45293497499890634,0.8912464110401849,-4.667047,-8.088916,2.302173
2.4321667206127078,14.06015346014345,1.8585882343183617,0.5979079094532441,-0.6923325312268616,-0.40395766859691873,0.8011664723474495,0.5320579431514005,0.27394639752302885,0.02526688345631277,-0.48743205817273516,0.8727952642320517,-4.0802946,-8.379555,2.1412919
3.6209974323003964,14.21571251800322,3.9945165678007624,0.6438126816665094,-0.6312303634139944,-0.43249677366382067,0.7621423311448537,0.5793362703183891,0.2889784645447951,0.06814908658570488,-0.5156720994952275,0.8540714184421105,-3.4184144,-8.659574,1.9217163
4.9621484724771925,13.960346934160322,6.173069472495538,0.6935143925773715,-0.5620076913322101,-0.4507606262435512,0.712242321512342,0.6289761233111735,0.3116085874156199,0.1083912484232415,-0.5371558351055008,0.8364896568860631,-2.6919417,-8.90979,1.6741089
6.007240126570271,13.610310124231335,8.077113478642206,0.726332810681299,-0.513476413186133,-0.4569273697529046,0.6746728704345741,0.6596541353665796,0.3311690498723324,0.1313665331329725,-0.548815446935739,0.8255570478030874,-1.914972,-9.11752,1.3974396
7.298016150790385,12.84858688103963,9.843392602658078,0.7759365024051558,-0.4326294108372292,-0.4590798809726747,0.6102391203454849,0.6991469981289085,0.3725609896477431,0.1597834792311837,-0.5692321739729486,0.8065010675001052,-1.1040481,-9.272807,1.0623474
8.640584616724144,11.667217922823685,11.456077138917077,0.824709544049503,-0.34339309102025417,-0.44937217647871336,0.5360368471140108,0.7279579410486791,0.42748302258714294,0.18032932786912736,-0.5934293733071568,0.7844252114807022,-0.28658447,-9.367772,0.66581726
10.051993438837968,9.844413950057957,12.782267096488638,0.8792305703377739,-0.23011803406187092,-0.4171322267375325,0.434742868203671,0.7456284575026597,0.5050117245255314,0.19481335357094537,-0.625367007253905,0.7556215081035853,0.5181244,-9.395447,0.24612121
10.828195576234437,8.022157725721005,13.584334500419395,0.9102807544735401,-0.15764198470059004,-0.3828027595181898,0.36430847137145866,0.7442312472127302,0.5598206751801655,0.19664253284087135,-0.6490522747297359,0.7348896916858221,1.2832413,-9.359785,-0.17671509
11.408069762867104,5.829796869293269,13.933269303437894,0.9436655922505315,-0.07193939385070126,-0.32298602696532686,0.2716942925281497,0.7256167096024789,0.6321887393439567,0.18888478342651463,-0.6843282212199545,0.7042850447310749,1.9863007,-9.275223,-0.5911285
11.720274297936104,3.2431412012753054,14.149407786549052,0.9691694056347535,0.0003394791157963137,-0.24639510533999656,0.1777425792888617,0.6915843838973672,0.7000847201996648,0.17064067126368423,-0.722295593717164,0.6702020863944317,2.6051178,-9.160395,-0.9596771
11.764298638464838,0.39974369296219603,14.062704238384967,0.9852860152465852,0.04871380252613801,-0.16382439868026266,0.09321467731349145,0.6502556062942518,0.7539752452277447,0.14325673489524632,-0.7581521034240694,0.6361469138342281,3.1050599,-9.041188,-1.2490371
11.683892325496053,-2.689865648821293,13.641969713870646,0.9941193118610523,0.0744638260275323,-0.07862526564819035,0.017110059397824333,0.6089317501511043,0.7930380630999481,0.10693006898113389,-0.7897197365339528,0.6040767319442412,3.4745545,-8.940364,-1.4594818
11.40181390806854,-5.857802901346224,12.61713914294976,0.996495808090575,0.08091492501308392,0.021186773422070995,-0.06333772522340053,0.5645391640752245,0.822972578394185,0.054630001111442804,-0.8214306465766755,0.5676858777908688,3.715898,-8.869415,-1.597583
10.602220434811466,-8.699089654540472,11.307696068997657,0.9906809098071113,0.06596588093396999,0.11916307102604658,-0.13601550272332802,0.5250698234424308,0.8401199102086894,-0.007149682697419953,-0.8484987820042769,0.5291490328580272,3.815448,-8.836962,-1.678862
9.357191781230187,-11.058962821257701,9.852197403190116,0.9761532605847356,0.030039924060509957,0.21499398785135215,-0.20155797262473363,0.493215678549382,0.8462344108487205,-0.08061758816285601,-0.8693882316868069,0.48750887897892864,3.758264,-8.849765,-1.7052338
7.848361457648743,-13.091690189041664,8.188504505250176,0.9540047787967144,-0.02067784677341838,0.29907742924842484,-0.2536893511738958,0.4758827204287945,0.8421266825711313,-0.1597391471556034,-0.879265638501873,0.44874863990422825,3.5503967,-8.907661,-1.6659775
6.169609774664208,-14.985241597422174,6.264280536439088,0.925000268657362,-0.08031985061056991,0.3713801618041864,-0.2919526135206557,0.47530982348376466,0.8299664108614834,-0.24318341728470463,-0.876144561871915,0.4162121241146203,3.2034302,-9.004519,-1.5484269
2.751159103741284,-17.525111647366153,1.446991997645867,0.8587290943714343,-0.2034992806625765,0.4702896822702259,-0.30572659937910207,0.5330645478446011,0.7889064800490122,-0.4112366580353779,-0.8212370124397991,0.3955428933590486,2.1566834,-9.254469,-1.0646728
0.9312247347931888,-17.580189306147464,-1.507276493263955,0.807900838561679,-0.2757424830534059,0.5208284920114085,-0.291999984680163,0.5803626100363516,0.7602073729046437,-0.5118908516452705,-0.7662540857387568,0.38835863849094765,1.4922516,-9.365938,-0.74338686
-2.6507768633556013,-15.285578371368079,-6.164683046646698,0.7194665821336503,-0.37383743687132265,0.5853318784983464,-0.23919912144640554,0.657842191776471,0.7141620481501367,-0.652036515459212,-0.6538265989635254,0.3838738868373296,0.017263794,-9.45455,-0.063438416
-4.020268407721929,-13.2519621969675,-7.7020740864467925,0.6799784854785915,-0.42222607419264213,0.5994617598797358,-0.18509820336351282,0.692235629121195,0.69753027811471,-0.709484259443323,-0.5852648768267704,0.3925520469378621,-0.76479185,-9.418083,0.23892975
-5.039022047655526,-11.1929986555029,-8.854692636286671,0.6452284024019489,-0.467792053029192,0.6040288932299199,-0.11887892934313042,0.7195196619465174,0.684221642620724,-0.7546841119912753,-0.5132855454764965,0.40864390355520597,-1.5471436,-9.324872,0.5245697
-5.761633757338866,-9.251927220876144,-9.842049246917803,0.6138140470556219,-0.5109021910995846,0.6018399012751167,-0.043464298563425464,0.7393260627881819,0.6719433217411392,-0.7882532400108408,-0.4386067988663313,0.4316027173230516,-2.3038926,-9.176491,0.8089218
-6.3533245891297225,-7.228923393822475,-10.543896002806983,0.5860550085564945,-0.5531886472817723,0.5920488556398112,0.038871292787670826,0.7490331527025699,0.6613912297191923,-0.8093383405862239,-0.3645979383800917,0.46047778859150734,-3.014421,-8.980433,1.0885956
-6.9754510492845165,-5.137148264377553,-10.88529929323951,0.563352954970919,-0.5941309096696025,0.5741445029787402,0.11988064254241132,0.7463336588285981,0.6546867199226956,-0.817472984060729,-0.2999908863193848,0.491674067300847,-3.665625,-8.748896,1.3422439
-7.6223079540301,-3.2981602529112006,-11.03738421792924,0.5440943190289115,-0.636880863038632,0.5462088778989523,0.1990809384068643,0.7304107813803774,0.65335049583386,-0.8150632809564593,-0.24674451713964254,0.5242031965736353,-4.248143,-8.500864,1.5396942
-8.079008466543659,-2.049484885243613,-11.123444469529565,0.5250924028513306,-0.6860022818494657,0.503665402589003,0.2851894594659667,0.69943823203147,0.6553267366605784,-0.8018384754283912,-0.20046702688975865,0.5629103218565591,-4.7588425,-8.249377,1.6796356
-8.21692691719473,-1.393356778887754,-11.228089785082473,0.5116613598376286,-0.7245092964475741,0.461832147224671,0.352054991531935,0.6671172396178447,0.6565149438833194,-0.7837473673235267,-0.17332301626070745,0.5964052282196497,-5.1928988,-8.004278,1.7888749
-8.067130999874038,-0.8651202566831566,-11.502778503805132,0.4973865083880868,-0.7671629493104587,0.405052676177786,0.42646288709316116,0.6228136061474197,0.6559211979573568,-0.7554707586701649,-0.15350642072215157,0.6369456111721001,-5.5485964,-7.777939,1.8787216
-7.773636774456456,-0.17764927647276174,-11.853072769038967,0.4830110714950904,-0.8079487310459593,0.33751911473928237,0.5004233606348213,0.5710248120544144,0.6507742497588346,-0.7185240183488075,-0.1454287180011074,0.6801277255313428,-5.8292756,-7.5824003,1.9546798
-7.186338197655489,0.6530580267655361,-12.24433773462205,0.4633708361386183,-0.8534214678129367,0.23866140553556306,0.5912834776035689,0.49835614946603535,0.6340544120203078,-0.6600540260684948,-0.15268577722040716,0.7355377190228737,-6.031934,-7.4284134,2.0269043
-6.482127982299742,1.5540576987943293,-12.418782447026357,0.4466928125032519,-0.8816567592666411,0.1521410204296617,0.6584593285363574,0.4390891617672341,0.6112544647542453,-0.6057201036133653,-0.17286430186129284,0.7766730903157537,-6.1569734,-7.3232927,2.093715
-5.758414385555425,2.4268721638806627,-12.358959176494835,0.4377353105725134,-0.8940136503865532,0.09553737907486788,0.6968614359191458,0.4044944299924642,0.5922570347693471,-0.5681302113131227,-0.1926755018874522,0.800065131077293,-6.200938,-7.273413,2.1594055
-4.601869558477787,3.472616490969066,-12.297439920886436,0.4281693624600726,-0.9036002069649652,0.01332902934976532,0.7455162359566185,0.36152091645886597,0.5599180019322643,-0.5107607453354384,-0.22980272612746322,0.8284408054223155,-6.1662674,-7.280252,2.2203262
-1.869799664482608,6.14929632114143,-10.903466483169584,0.4132502139994867,-0.9005877719413471,-0.13478102855779997,0.818763989565292,0.3026920012544711,0.4878555951997392,-0.3985596442447567,-0.31196028177683727,0.862456371402757,-5.861949,-7.448247,2.3424163
-0.9457358059414078,7.856288798447165,-9.075148155641708,0.40849014718389115,-0.8881667935096664,-0.21046507206764825,0.8502716200896389,0.28641942592871517,0.44159040356512297,-0.3319246476594137,-0.359337806746553,0.8721825318812296,-5.5779586,-7.5925536,2.4443314
-0.7198489151714371,9.513533982829813,-7.007999519588782,0.4129689958525102,-0.8707438232701359,-0.2669490638707607,0.869692897734416,0.2900242151435178,0.399399822559679,-0.27035323577661496,-0.3971034485713931,0.8770507277448791,-5.1970625,-7.773645,2.5594087
-0.8700108103998634,11.277671432032156,-4.801845919712029,0.42754450224482393,-0.8467844343240213,-0.3164835230889164,0.8805876496220817,0.3109662458089105,0.3575826971493054,-0.20437976889429485,-0.43157399800504626,0.8786198235372658,-4.726619,-7.997917,2.6214721
-0.6810206537500987,12.865633218390613,-2.780203555148008,0.4524432064572927,-0.8208972406755825,-0.3484578384566175,0.8773982149978367,0.3398299688624312,0.3386561155236544,-0.1595854543786972,-0.4589589442577343,0.8740075344278055,-4.1759214,-8.254408,2.5883574
0.26270723092011483,14.106668225043585,-0.5674724418464332,0.49427645792620906,-0.7782873520008328,-0.38724615021385544,0.8633149913705982,0.387272345700086,0.3235851602449329,-0.10187251255714676,-0.4942559336735222,0.8633267418618572,-3.5500367,-8.5158,2.4738433
1.3327236752044511,14.906844197655104,1.75545809326387,0.5350187454030764,-0.7371108177030936,-0.41282270346044964,0.8429375721281697,0.43296949007289326,0.31936447855183797,-0.056667376522883756,-0.518849750015451,0.8529851964406644,-2.849359,-8.760164,2.3119767
2.5284445600140257,15.404664800855894,4.27973048523623,0.5972729359999932,-0.6690105143099168,-0.44236859253876526,0.802027573491812,0.5010212606227523,0.3251606799150628,0.004100156190345964,-0.549001482827478,0.8358113187630605,-2.085785,-8.970698,2.1023636
3.5570181636881966,15.721582908898354,6.4592427395335665,0.6517313182020855,-0.601041827924423,-0.4625959467611447,0.7566024572669412,0.557758640811894,0.34125946178428085,0.05290567580325798,-0.5724107089188131,0.8182584981427712,-1.2717209,-9.133326,1.8400421
4.833802644082143,15.560304441897838,8.309512557862059,0.7078140437260295,-0.5204214974697121,-0.4776617469251523,0.6993715826399194,0.6114180783368036,0.3701990314393957,0.0993914930964495,-0.5960951253401708,0.7967383087600003,-0.4210373,-9.234471,1.5396789
6.077785835607502,14.916994763307283,10.010958386417098,0.7566221685381477,-0.4387304914443283,-0.4848076422186932,0.6395772498089409,0.6506931298710725,0.40931576107623946,0.13588169708780848,-0.6197693172589358,0.7729308881012137,0.43844146,-9.273221,1.1916168
7.476725461362241,13.68620602774369,11.156272492342767,0.8059326610309346,-0.34232863812008846,-0.48299446105151317,0.5681537534698677,0.6765108313408038,0.4685449898320089,0.16635461611178007,-0.6520308264195966,0.7397174751868997,1.2653763,-9.259262,0.7708847
8.720124332565556,12.225071959183495,11.953634423933956,0.8438605144596283,-0.2590394721628527,-0.4698914598048382,0.504385107958995,0.6816724377310777,0.5300173115162985,0.18301665226182218,-0.6842669358513261,0.7058921061291973,2.035495,-9.197411,0.2922821
10.007297893328898,10.00365227596134,12.544028396799566,0.881852010549148,-0.17257730329254062,-0.43880987440883756,0.4311714711058987,0.6718222930562318,0.602283960484624,0.19086171432427446,-0.7203276205595225,0.66685824960351,2.7383926,-9.084463,-0.16125183
10.983193427312615,7.185877132591517,13.035219832514297,0.9164867219207389,-0.09548331602135256,-0.38850357128930574,0.35326707441606775,0.6489150804729462,0.6738780249186824,0.18776171781407106,-0.7548457820617127,0.6284531666139906,3.3591094,-8.935953,-0.52437896
11.63011263065005,4.210243660045432,13.114562921569465,0.9510483383398178,-0.02222381608929523,-0.30824204797447796,0.25847038641647163,0.6039619772424473,0.7539383193545184,0.16941109021191952,-0.7967032270825978,0.5801412332091087,3.8698654,-8.785156,-0.81061554
11.804039371588647,1.2855311664008493,12.70597337140002,0.9725764314578831,0.017148582532591595,-0.23195044964339367,0.18353324994014708,0.5559979808876998,0.8106674974459077,0.14286578015416132,-0.8310067216129641,0.5376031970654735,4.2436905,-8.658923,-1.0554276
11.180836857425902,-4.9667516654968304,10.97420603963646,0.9987095516513635,0.012810605269249323,-0.04914386872202778,0.038365096884480504,0.44374023609470403,0.8953338607534415,0.033276880583624935,-0.8960638879361527,0.442676132127508,4.547052,-8.535118,-1.395079
10.0169839280915,-7.591388782951372,10.26608783388871,0.9989753573108896,0.0012989191797412418,0.045238791921810226,-0.04227130355321817,0.38385575802167715,0.9224250072117068,-0.01616701523139129,-0.9233921538775225,0.3835173500324847,4.470454,-8.554464,-1.4859909
8.733220380665605,-9.721269047869049,9.18917011393619,0.9878122173420908,-0.039743200617053664,0.1504908677442402,-0.129947444283317,0.32163022269789543,0.9379059982597074,-0.0856777975553531,-0.9460309074507116,0.3125457360996127,4.2460785,-8.629236,-1.5284073
7.386055828063855,-11.63284563910624,8.01320462624619,0.9654952256880537,-0.09929271387693013,0.24074867838583958,-0.20554823493211422,0.2770782158390718,0.9386040621176381,-0.15990275885633398,-0.9557032066904415,0.2471082524557649,3.8949234,-8.747551,-1.5087814
6.1166200432923015,-13.316847982134703,6.761959302685177,0.9441908502439138,-0.1549237231172103,0.2906927558973174,-0.24234617560920882,0.27098333127999163,0.9315773533829549,-0.22309632332978105,-0.950035091027643,0.21831481015458706,3.4247146,-8.898405,-1.4211136
4.720110117157887,-14.64260983538582,5.207850207786298,0.9100981704127977,-0.23153001180828633,0.34367888186988294,-0.27616738570776195,0.2794558187456153,0.919584699981769,-0.30895451976402416,-0.9318252513219817,0.19039119127761275,2.8420868,-9.064464,-1.2821243
3.074162503873123,-15.461563861151175,3.2535630140352376,0.8725604162431447,-0.30372904335157164,0.3826055256139525,-0.29383776655408766,0.29936364705774887,0.907766915990438,-0.390253362512222,-0.904505431186029,0.1719658047487393,2.1649628,-9.222124,-1.1160446
1.289662040388793,-15.70198789971473,1.0254918556672914,0.8261551493184384,-0.3804781734853643,0.41557674231827446,-0.29801820374147747,0.3308740107753574,0.8953812256419796,-0.4781765568211519,-0.8635732444296033,0.15996384595275903,1.4206436,-9.348534,-0.93716586
-0.34150342074032736,-15.283175407316982,-0.9884538090311628,0.777521053151023,-0.44986701457855865,0.43940946860655933,-0.28731685059217105,0.367420453414797,0.8845627381809968,-0.5593836244230974,-0.8140158964090575,0.15642276407428513,0.6348831,-9.426735,-0.7409851
-1.708666621559719,-14.300309745040844,-2.674640388113944,0.7307911312699125,-0.508429298047756,0.4554601753654291,-0.26486681360396697,0.4037512414373817,0.8756885896761795,-0.6291183461865691,-0.7605817404621548,0.1603917783648445,-0.17049102,-9.44665,-0.5201538
-2.8996042739618764,-12.939669421145364,-4.183386876465246,0.6829639207324752,-0.5637964527176053,0.4644285121315984,-0.22773393580295348,0.4397711610007331,0.868756916770028,-0.6940443339307818,-0.6990957630075537,0.1719522511730088,-0.9823395,-9.40643,-0.29086152
-3.928708953237016,-11.471593844524746,-5.438677664475145,0.6383753573684022,-0.6118821005359639,0.466987364013697,-0.18067800717550347,0.47062478470826097,0.8636363643000412,-0.7482194603375768,-0.6356985190025226,0.1898816265733639,-1.7811782,-9.306821,-0.055584718
-4.755796360540548,-10.07369265133468,-6.386454822732777,0.6003581566426172,-0.6515882928803545,0.46368392287628857,-0.12973377061877986,0.4927695398107736,0.8604343841314769,-0.7891382847851913,-0.5767242644591476,0.21130520644400402,-2.5475297,-9.151667,0.18659058
-5.569337108450325,-8.742946906004631,-7.2366853807838,0.5558680075172997,-0.698352794947143,0.4509036837377365,-0.05633643919162005,0.5095316346240243,0.8586056830330092,-0.8293593695364859,-0.5026737382307574,0.24388962473865103,-3.2623596,-8.953554,0.4275238
-6.412165336026735,-7.671750176546389,-7.934259872964692,0.5226595754236556,-0.7345510392872119,0.4327374942156512,0.008137048265370952,0.5118602508735823,0.859030192729663,-0.8525026432002967,-0.4454591499315183,0.27350573865789035,-3.9116592,-8.724068,0.6484909
-7.173364805683386,-6.760320372805822,-8.518273551061851,0.4934758594367713,-0.7690230159543722,0.40630675244891146,0.07332816250765474,0.5022707936426809,0.8615956304652455,-0.8666628852883872,-0.39538291665927267,0.30424955624883965,-4.489667,-8.474234,0.835997
-7.712995154003538,-5.9241947793496355,-9.003355941675272,0.45466004892148465,-0.8169549741692176,0.3547799460156757,0.1686059876480117,0.47007492885252294,0.8663726578058286,-0.8745606101602982,-0.3340870117865534,0.3514677904326079,-4.9947634,-8.218587,0.98375547
-8.055864579610411,-5.2601967385739625,-9.450855890642138,0.42321254781500695,-0.8552565346324787,0.2990441427956311,0.25118029828103694,0.4278752561924857,0.8682345437113554,-0.8705168563143286,-0.2923337563584791,0.3959057687960122,-5.4241486,-7.9728956,1.0996155
-8.153280955265403,-4.721106196383566,-9.955953246372161,0.40330229740945667,-0.8792146508335831,0.2536313361235838,0.30660032046056024,0.39098648260751684,0.867828216821558,-0.8621737066263025,-0.27223366466655546,0.42725324039084983,-5.779483,-7.747743,1.1798141
-7.7561405478302845,-4.212763405839545,-10.497102536642963,0.37757854426133813,-0.9080008081145169,0.18157360870146433,0.38137791340819643,0.3311770663742342,0.8630600430283907,-0.8437922315818632,-0.2566247906402267,0.47133680818599416,-6.0620804,-7.553247,1.2260071
-7.168079226167723,-3.71115059143888,-10.91404161505382,0.35406232533988685,-0.9292505851322456,0.105514073972578,0.45057993165056465,0.26835921965217974,0.8514464483579968,-0.819522784899045,-0.2539225851692833,0.5137175544715824,-6.2739472,-7.397929,1.2526718
-5.962560188876111,-2.4707633107116083,-11.976180181511253,0.3059302758354802,-0.9504361469879513,-0.05547789493053687,0.5750736982962901,0.13803835169857173,0.806371908605558,-0.7587469326824697,-0.27859745863707763,0.5888009410538565,-6.492442,-7.238626,1.209053
-4.747286065714451,-1.5212370914517894,-12.35570328179529,0.27799067836377855,-0.9492632172242911,-0.14703920282643626,0.6358375671044938,0.06710301046999165,0.7689003669166142,-0.7200220628574422,-0.30724018358745303,0.6222312259824826,-6.513936,-7.23201,1.1364044
-1.4463121399956558,1.5191605310253014,-11.496866351823556,0.2624653230812978,-0.9161271984741949,-0.3030229535788542,0.7277368471603944,-0.018284248269202386,0.685612695003732,-0.6336489844266149,-0.4004705263574995,0.6619005378862208,-6.3582506,-7.370177,0.99707794
-0.43999598980074595,3.299114538327146,-10.601605762360391,0.26054626129247904,-0.8927955544037108,-0.3674666566689839,0.7655300479289492,-0.04087662979028001,0.6421003401765887,-0.5882851276756994,-0.44860361029973694,0.6728115704873314,-6.1613693,-7.516017,0.9644577
-0.00789358905801718,5.372677926415585,-9.296783537577015,0.268552299070606,-0.8597752325961884,-0.434357240158445,0.8026820758877453,-0.04954351008453568,0.5943457963652516,-0.5325233776205827,-0.508263701264091,0.6768211449599478,-5.8813386,-7.7072816,0.9224289
-0.9428683702612997,9.548258172535823,-6.119928775242702,0.2925019731241884,-0.7936090243779222,-0.533504744256673,0.8510110448088286,-0.03842620825530194,0.5237400386952558,-0.4361453855445963,-0.6072134245428393,0.664130303271214,-5.088342,-8.180725,0.67209166
-1.2056038426242648,11.377177378340035,-4.624897125188895,0.30959393551570935,-0.7521046338912235,-0.5817991189158355,0.8694186342858041,-0.023867342059647977,0.4934993296242832,-0.38504913121380246,-0.6586113950292359,0.6465045992791864,-4.5874786,-8.427656,0.40872803
-0.8601936907929533,12.747851966007165,-2.7764646809140374,0.33554650315625384,-0.7004997741703665,-0.629848085340326,0.8823943858375926,-0.0003793037942843337,0.4705103654234745,-0.3298313084925535,-0.7136525222514786,0.6179897939466271,-4.002002,-8.663969,0.11316681
-0.30811401377135517,13.929657745353783,-0.5618687639258972,0.3820856166766325,-0.6506828222283974,-0.6562182917183307,0.881692834544481,0.04396930156649269,0.4697706313007182,-0.2768182202127559,-0.758075567062178,0.5905024196238328,-3.3266785,-8.881375,-0.17218018
-0.04747730561216454,15.03411333362166,1.5121287658186495,0.43925974919353905,-0.5905876137168795,-0.6769469279512462,0.8719597317744994,0.09894967536920098,0.4794738657195768,-0.2161876474319793,-0.8008840317227782,0.5584332268313696,-2.5796142,-9.063749,-0.46591035
0.24620673451778688,16.117111666450153,2.899904186104464,0.49705743243756034,-0.5269749809817074,-0.6893702040833416,0.8527286913890191,0.14962564873584666,0.500465727220506,-0.16058545307889005,-0.8366059614057905,0.5237392267147292,-1.7766632,-9.18945,-0.798587
1.0567788110311291,16.877165787013848,4.144680828309427,0.5590212350070504,-0.4532865003710832,-0.6942813603954285,0.8222906047656048,0.19557024016553054,0.5344066265268559,-0.10645853711849029,-0.8696456920740387,0.48206114771018316,-0.9233292,-9.2467375,-1.1656708
2.2535328310101335,16.915778649942563,5.786420622836121,0.6225701293585088,-0.3684596586790505,-0.6903940280424259,0.7807734667619998,0.23281269166821,0.5798198377070702,-0.0529077275166752,-0.9000198500723869,0.4326257526369657,-0.051359557,-9.229044,-1.5620896
3.6853615356330875,16.06475006336648,7.568760670374938,0.6859155581645009,-0.2757837887282205,-0.6733967247786316,0.7276803962860559,0.25862834316638417,0.6352893993858086,-0.001043038278327288,-0.9257724785203548,0.378079661031152,0.80570066,-9.1388855,-1.9480377
5.177515201207802,14.467475651850972,9.035627514452043,0.7416521106155732,-0.19166805492229763,-0.6428184063495439,0.6694913031465707,0.2709913593005273,0.6916249548675648,0.04163582388487319,-0.9433064400854885,0.3293014094453167,1.6246094,-8.991923,-2.287497
6.557689569103849,12.411136360026456,10.196208107901981,0.7960515233491124,-0.11121161131679728,-0.5949234822074834,0.6000668706402558,0.2731362250528141,0.7518752245711459,0.07887789889169075,-0.9555252901269656,0.28416491161684965,2.3964448,-8.809837,-2.5401535
7.5587649987535395,10.352179416019649,11.159820589126568,0.8428087350361356,-0.04583324490340779,-0.5362580999932886,0.5279106417698556,0.2644158543990437,0.8070902119642915,0.1048035803440302,-0.9633190383274121,0.24704784950090986,3.1084275,-8.614001,-2.6918702
8.298010525960448,8.429610045202462,11.809063770815525,0.8816008005190356,0.004457104766022839,-0.47197474799113887,0.4571483883506212,0.24077060996215727,0.8561803924447713,0.11745373366830258,-0.9705718147543526,0.21022600422359694,3.7193482,-8.417124,-2.7927413
9.078480756589265,6.07534398560683,12.091382010583713,0.9248577486874705,0.0509898360799493,-0.3768795315605268,0.3613963847755233,0.19081518218511262,0.9126785958478736,0.11845166847252296,-0.9803007716329739,0.15804935739152232,4.1996126,-8.237558,-2.881041
9.455523799686661,3.148542108546573,12.28892305538848,0.9565324938748562,0.072405829215113,-0.2824942195111585,0.2709765972776974,0.13734705365408334,0.95273683175384,0.10778344905108368,-0.9878730600376833,0.11175663453432229,4.5528536,-8.096975,-2.9327788
9.161312297898693,0.21194105607907865,12.474430916561447,0.9744768120301018,0.07306848390431772,-0.21226384401393605,0.20480964950197128,0.09775935392935256,0.9739076528040004,0.09191273190656403,-0.9925241082105976,0.0802990929851138,4.7784896,-8.012448,-2.9215302
8.609763066207805,-2.4380853047665543,12.340783083790436,0.9917238807841938,0.05285781834371317,-0.11700339876379452,0.11467368508346452,0.04515479331114396,0.9923764359306444,0.057738117666883845,-0.9975806211434607,0.038719686043589524,4.8595457,-7.9956694,-2.8623536
8.074952862129166,-4.7322863196439835,11.795157460869468,0.999405807880358,0.014540634023512456,-0.03125061818911257,0.03122570572060955,0.00193724545574369,0.999510481376907,0.014594056230442205,-0.9998924027325342,0.001482052800750401,4.7969923,-8.05042,-2.7667038
7.649191247535513,-6.8723182962104525,10.865575455877035,0.9972571922817196,-0.046765149013284164,0.057368225352934066,-0.05898784730060432,-0.03402089093494408,0.9976788124696422,-0.04470488019467591,-0.9983263994394618,-0.03668615364169102,4.6038604,-8.169559,-2.6368072
7.116081099959969,-8.908911605639743,9.859491141092573,0.9847743424995969,-0.11559077769990181,0.12983938718746552,-0.13651417671240232,-0.0518015803739865,0.9892828088202558,-0.10762608378557613,-0.9919452446488621,-0.06679264710648153,4.29173,-8.33893,-2.471707
6.340323292473972,-10.802211519871255,8.835145007220776,0.9649165108286601,-0.1857921248101953,0.18551930759022134,-0.19845384058293042,-0.05346144618628092,0.9786510853872071,-0.17190753412264256,-0.981133609724071,-0.08845699283656733,3.866092,-8.541705,-2.276506
5.3510907604680975,-12.46171702035645,7.54612713736158,0.9380435909632433,-0.2600468006272209,0.22901939423622678,-0.24772136373654138,-0.041116362728130254,0.9679584550302349,-0.24229805488548714,-0.9647202217221098,-0.10298808862754275,3.3265793,-8.759509,-2.064647
4.2733978888326245,-13.778106239374742,5.9056151852391965,0.9041569120849892,-0.337028174872849,0.2625115000734479,-0.2839956307084529,-0.015147950219836701,0.9587059097255256,-0.31913439185936116,-0.941372693966643,-0.10941065298471876,2.687982,-8.969798,-1.8435593
3.173520586998196,-14.61227434189258,4.022059535673435,0.8663640701095119,-0.4086275203287889,0.2871181771557219,-0.30555429144921353,0.0210426935492585,0.951942109597618,-0.39503148355574064,-0.9124586317626342,-0.10662725881130994,1.9840072,-9.15197,-1.600853
2.040682429542673,-14.799879185669958,1.8926718015519104,0.8225784851201718,-0.47949857074204183,0.3056889865103761,-0.3132861315958983,0.06649705021839684,0.947327790187711,-0.4745697373064159,-0.8750195786201542,-0.09552120949992808,1.2313904,-9.291418,-1.3373001
-0.32551246844351994,-13.38389158200247,-2.1832594926706754,0.7294847203339433,-0.6002860897227598,0.327885122084955,-0.2939472995566933,0.15771449939643262,0.9427200654295328,-0.6176139796690455,-0.7840808294847491,-0.061402157550638055,-0.3824585,-9.403577,-0.7904755
-1.4421358777771562,-12.298085114106417,-3.9386669593958903,0.6765408917666325,-0.6564179041895232,0.3337783049076772,-0.2666761612726634,0.20410366545695258,0.9419264932869842,-0.6864227901056945,-0.7262625068158697,-0.03696653103882432,-1.1976913,-9.366188,-0.51888734
-2.437194626213973,-11.187843557855084,-5.356131283292765,0.6319844704046833,-0.7029088252972956,0.326366071285737,-0.22400646673914618,0.237466614856796,0.9452146368352006,-0.7419007561839768,-0.670469082171304,-0.007380909565546295,-1.9887955,-9.269575,-0.25827485
-3.572785060305668,-10.007784311710399,-6.413570895026227,0.5763474949504096,-0.7518525970187098,0.32022060742651753,-0.17192901951887882,0.27151944822026425,0.946951741898943,-0.7989142490353177,-0.600828479346964,0.027224273983916816,-2.7409973,-9.117559,-0.015385437
-4.814499574910471,-8.881499747017703,-7.1224624974917905,0.5209180843951791,-0.7966928277357533,0.30647167501168043,-0.10929391945545004,0.2938262067200995,0.9495899111798446,-0.8465808812630511,-0.5281540480568967,0.06598570300444952,-3.4373994,-8.922638,0.19894409
-5.791579120826442,-8.004853067859129,-7.55451362514331,0.48538911821264474,-0.8284352986099788,0.27945010276925153,-0.052115089637694866,0.29164425777138187,0.9551060906208467,-0.8727436171939661,-0.47816167028106205,0.0983869692653423,-4.066325,-8.696062,0.38185272
-6.73083917177056,-7.3198791209368865,-7.95542421456936,0.43300768814257734,-0.8725333509561549,0.22625183640943658,0.04032277633365064,0.2695019825368685,0.962155265597734,-0.9004878764970514,-0.4074975249960671,0.15187939756238605,-4.6185365,-8.454188,0.53601533
-7.341652861499165,-6.907961070064788,-8.185253091247885,0.4044253231901745,-0.8945537444762016,0.19029912297782195,0.09420024301140745,0.24771190963951276,0.9642432908967217,-0.9097068056132793,-0.37203818092549573,0.18444814923043762,-5.09599,-8.211065,0.6688614
