0.2280209617855689,-0.5083726860295998,0.9759673496342579,0.9999997439783089,0.0002530048952922777,-0.0006693518054501871,-0.0002508829886361167,0.9999949495210365,0.003168278735485686,0.0006701500149326953,-0.0031681099953562073,0.9999947569752629,-0.16025755,-0.033878174,-0.012744142
0.36228069261331347,-0.733689719076085,0.9085140576052376,0.9999996408773599,-8.106154248360497e-05,-0.0008436078338277183,8.569788046177483e-05,0.9999848862751262,0.005497260881214,0.0008431494673245329,-0.005497331202426461,0.9999845341047163,-0.11343589775005922,-0.00841577809673272,0.01630580049953996
0.5424030365080084,-0.9675892347425912,0.8568003781136831,0.9999990735905102,-0.0012903282612437283,-0.000433440998507712,0.0012933714049753991,0.9999739897600062,0.007095561560843347,0.0004242741209919016,-0.007096115587640986,0.9999747322482889,-0.08671730468073864,0.022655282378179112,0.06543564462570008
0.7621932164128606,-1.2103716345016424,0.8189059601847711,0.9999906599958671,-0.004200382070190733,0.001018190303593708,0.004190976737146756,0.9999500856627574,0.00906983445453562,-0.0010562362513219829,-0.009065482530367994,0.9999583498283681,-0.09105303292148068,0.06805851344976217,0.133719289296372
1.0093763565346543,-1.4972544935312901,0.7848801537674349,0.9999592325971112,-0.008321080905801307,0.0035061027303172577,0.008282899206526383,0.9999077243042495,0.010767379320504476,-0.003595375436717831,-0.010737899666890757,0.9999358833376333,-0.08741045978592522,0.13091478912934332,0.21205621719537493
1.2702002202744282,-1.8246276410198847,0.7389438502959711,0.9998674162384819,-0.014449989546021749,0.007506513618317523,0.014362249514468753,0.9998294081161044,0.011613804505172059,-0.007673052421707181,-0.011504454281715227,0.9999043813276417,-0.040738291990319836,0.20388630903352664,0.3048884798408757
1.5234047362668464,-2.076355705471597,0.6638005494637473,0.9996404702368713,-0.02343998305358722,0.013019118981480846,0.0233014522410684,0.9996713049568569,0.0106922574469549,-0.01326546599496677,-0.01038504888299991,0.9998580790150341,0.05027730810336773,0.2784901855989583,0.44311279198674913
1.7373913303347233,-2.1664174124844657,0.5744511790099395,0.9992307014233708,-0.0340503865566465,0.019457042640158195,0.03389223234432847,0.9993901820939228,0.008401221398921566,-0.019731242223338174,-0.007735315741363647,0.9997753962619332,0.13541295606766177,0.3595710804114724,0.5803866550968345
1.9123578467700906,-2.1686506103567877,0.4848950624229339,0.9984735182395277,-0.0477398657108561,0.02777658359641099,0.04762334543125724,0.9988536298492967,0.00484180821792022,-0.027975888624208772,-0.0035116034504757195,0.9996024301175407,0.20620441076319684,0.44673426542954,0.7250795140860933
2.046421773754013,-2.146063395828628,0.3738576175756582,0.9970300951413477,-0.06632872702183211,0.03913424784121622,0.0663852362441246,0.9977940566197795,-0.00014485529256924243,-0.03903831183909247,0.002742361374307395,0.9992339514162071,0.2643158921057994,0.5372294914763192,0.8766543467259098
2.14622319868678,-2.074800418864216,0.22618848054821314,0.9945694430913845,-0.08932212728807827,0.05341517055691765,0.08977776686470594,0.9959426018482296,-0.006187600549905497,-0.05264575429869703,0.010949493162289053,0.9985532199907076,0.3134216154197785,0.6258890755836825,1.0192883685797551
2.1176810637071624,-1.9058030971338633,0.04608177605181768,0.99121846001959,-0.11315780890396569,0.06841984215448765,0.11427383120120858,0.9933692433768806,-0.012611019603556182,-0.06653913148658558,0.020318872923889238,0.997576908004648,0.382042790220424,0.7148597265654739,1.1682566960711356
1.940593929844176,-1.632618075281701,-0.100387053159287,0.9868393736479398,-0.13796388689898786,0.08434462952591626,0.14009664377872638,0.9899381434919202,-0.019884729359659153,-0.08075259141400633,0.031439433383785916,0.9962382149909876,0.473591786163772,0.797168284210531,1.3023730994367324
1.6521724297559752,-1.278436779105668,-0.17106308091296546,0.9807386647650842,-0.16616360134232858,0.10267097459236667,0.1699268190794552,0.9850298166319164,-0.029002353415388094,-0.0963148357852352,0.045890281487921396,0.9942924793402708,0.5789214401451558,0.860190351756649,1.42188988199136
1.2684682145981017,-0.8306895711549034,-0.18651390496895515,0.9734246707173706,-0.19449799713212504,0.1208922642288135,0.20032549981345624,0.9789936003161096,-0.037963464865446786,-0.11096893512720733,0.061172376541155676,0.9919394315103321,0.6386338845595837,0.8948479947926875,1.5375379641581386
0.7926430729643021,-0.2984686402020027,-0.21138060061990513,0.9638765565848577,-0.22612431677828485,0.14074720966211116,0.23455258912218904,0.9710015268198566,-0.04627221466046724,-0.1262024825516281,0.07761332537045852,0.9889636520735964,0.6227858387646736,0.9021111951672919,1.63653346657754
0.25815984354275656,0.20218777970050908,-0.2567837328040365,0.9531655008628245,-0.2569578681416462,0.15952486315625025,0.26798589581086485,0.9620401393337051,-0.05159777085527038,-0.14021086837819777,0.09193162845770265,0.9858445557377424,0.5299337641468207,0.8782258329573234,1.6908331789014281
-0.29293007361847634,0.6100150656285173,-0.30984205903349865,0.9407703893509479,-0.28898362165859587,0.17731198756301425,0.3023629461199996,0.9517094102949465,-0.053158697968245266,-0.1533874940603022,0.1036227039269215,0.9827179716972588,0.37588783194129105,0.801759776995965,1.7381509613547228
-0.8601338214903483,0.9701664328965555,-0.37138476323531766,0.9277797434835859,-0.3200304213843881,0.19184701449348082,0.33493697736904576,0.9409024279016666,-0.05019803143188376,-0.16444442457078978,0.11082937587697628,0.9801402352063209,0.17744764668762686,0.672638443192908,1.7731309888548166
-1.4252151644969064,1.2739817370769162,-0.47057973919414353,0.9128448835503522,-0.35366440109707836,0.2040483030377563,0.3692230840637455,0.9283586084324194,-0.04271543449244091,-0.17432307010375744,0.11433190957062923,0.9780284667040802,-0.005077807689463365,0.5101657056949547,1.7783239721899953
-1.9647057940651382,1.4786091504816412,-0.6473767057361589,0.8988655818085035,-0.3837682433130081,0.21157174023131675,0.3990413942380701,0.9163314115401926,-0.033207076193111626,-0.18112601007198578,0.1142745800657602,0.9767981822394005,-0.13658934603931405,0.3335732796654675,1.7427781602230812
-2.8085339711046298,1.8741818126145806,-1.271830338923172,0.8690444806037839,-0.443709371026431,0.21882341007174708,0.45657248081335744,0.889637308804997,-0.009328909161246061,-0.19053414522346213,0.10801598421313134,0.9757198812458591,-0.23604334850453476,0.14570910591955144,1.6392064445949244
-3.576014061713848,2.894968800562746,-2.091885062398163,0.847235965233408,-0.4884995116920013,0.2087089990673405,0.49629909777084313,0.8679869473656412,0.016907535442006072,-0.1894160097955345,0.08925741582385092,0.9778316260755663,-0.4085716233848577,-0.2602016878079078,1.2758671437430493
-3.832011056591253,3.513712634494782,-2.390347465649419,0.838698411609158,-0.5069537386369292,0.19895447028482383,0.511727421332321,0.8586029340699655,0.030594899297430332,-0.18633309051493807,0.07615056459729397,0.9795310464148981,-0.47553705709997207,-0.46320657975097224,1.0011867265941938
-3.9902754266490885,4.092731499054411,-2.6139603037144696,0.8341715463459645,-0.5193549206502049,0.18554863961560333,0.5210269050557891,0.8524269472911544,0.043580543134169904,-0.18080042996289492,0.0603221843794024,0.9816681917007036,-0.5180996390969235,-0.6429573112026803,0.6567913858317643
-4.148673787890368,4.58851207831564,-2.807235908534151,0.8344957686860112,-0.5243429504436309,0.16935549109848974,0.5232007561105544,0.8504343774263023,0.05497579919275126,-0.17285190438779352,0.042729849187721484,0.9840205176407184,-0.5217255882372619,-0.7904117424331207,0.23745189887542345
-4.342108987636017,5.0730448665943415,-2.906249207783917,0.8435042352251453,-0.5140387257536505,0.15577160711376506,0.5117067612620478,0.8572099495932799,0.05785579311522871,-0.16326908965247366,0.0309077780477638,0.9860973144777357,-0.33849724336254583,-0.9791434599588531,-0.8562128164759253
-4.459568571119282,5.670722376309031,-2.9307596231633974,0.866006208438184,-0.4826057847046116,0.13086215463672318,0.47922516611904803,0.8757525622338835,0.058315434483149894,-0.14274623324168784,0.012210909484302396,0.9896839932952718,-0.23019727671504958,-1.0819815130619146,-1.4600595504523903
-4.658887405090684,6.328221604768601,-2.6939066874220337,0.8823106488782766,-0.4564484772746622,0.11481596783390163,0.452705974835133,0.8897496994691603,0.0583332893218852,-0.12878361395987145,0.0005097922920890797,0.9916725875445249,-0.25368332135371124,-1.2279292060697338,-2.035973646594668
-4.419009839641321,7.060370389293262,-2.2968125800978507,0.9081050815305854,-0.409193164106482,0.0889163390319977,0.4047814487373557,0.9121832927933835,0.06382490976654512,-0.10722471569752366,-0.02196804035743665,0.9939920852534184,-0.5292227329730306,-1.4252160893540127,-2.5349999271958645
-3.3371858684538127,7.397126652470378,-1.615712365152578,0.9330494376405829,-0.3540439864405057,0.06380911050865593,0.3488407403467502,0.933759298977983,0.0800231806820784,-0.08791407619330298,-0.052406366382916736,0.9947485551482935,-1.0581638821646582,-1.5009269040200688,-2.9811388453171594
-1.1112215894911575,6.606905945595134,-0.5313975852014199,0.9569877986466881,-0.2872003631283541,0.0411133148785917,0.28162341888629827,0.9536200284838122,0.10628777544631049,-0.06973236820987175,-0.09013763194956015,0.9934850799737098,-1.4399517144995393,-1.4025233514743474,-3.289227780651296
1.8366694312826146,4.359487884376508,0.9176326530481924,0.9745413865666352,-0.22234166840689104,0.028866388045941598,0.2165295322706707,0.9667393150409929,0.13612515714854517,-0.05817256675979872,-0.12640917389221284,0.990271009992954,-1.6522654146451627,-1.03683489574218,-3.329505881717597
4.616679062528168,1.5436574791943705,2.666937342524947,0.9873637097668202,-0.15612556443832448,0.027160868254087814,0.14928653741011974,0.9738782523263811,0.17109844941965488,-0.053164220897123776,-0.16488164777963582,0.9848794889944018,-1.8020309200490934,-0.5826817014203413,-3.209650495615607
6.551240209310525,-0.5982388016709539,4.779436168095131,0.9944510741962924,-0.0993839412986415,0.03449482920362517,0.09008717850106303,0.9738375078971352,0.20862600145335292,-0.05432643278880587,-0.20436080941473336,0.9773869746808571,-2.056442922092391,-0.18817626777937657,-2.9554387004833984
7.953664358854954,-1.964385854117404,6.885226653831917,0.9975128350275352,-0.04945494616792024,0.05022302514640432,0.03533690979191083,0.967404233303711,0.2507595505507558,-0.060987267209529655,-0.24836114367103962,0.9667457243519243,-2.2436906049975396,0.18760827604793673,-2.573438469535124
9.3941279697703,-3.319080277186967,8.404405996366954,0.9971508129062969,-0.013724971158655492,0.07417466876909026,-0.008258587489832896,0.9575344208910194,0.2882006740824396,-0.07498034444428048,-0.2879921144330063,0.9546928773021319,-2.1359914235218445,0.6910961566957848,-2.0978519579426282
10.999268611004352,-5.14422392286061,9.087455249121243,0.9939591087015478,0.009164298406581714,0.10936775513806095,-0.043953644243589815,0.9463421206289644,0.3201635017942897,-0.10056523945644284,-0.32303654028327694,0.9410281750590039,-1.7734329797177681,1.2823664987685612,-1.5678732093833216
12.560498813789765,-7.233450006904333,8.855439580015403,0.9869253707861676,0.016483541969759426,0.16033279559315378,-0.07182166110362287,0.9355116609722172,0.3459184603072221,-0.14429123845508163,-0.35291107240937325,0.9244640682449292,-1.2661065523450439,1.8699344855729716,-0.988105591602586
13.524089672702177,-9.144814766788421,7.826634876400879,0.9793232566223204,0.008052254366904349,0.20214133728226544,-0.0806272047091949,0.9319555967653126,0.3534940162415639,-0.18554032688187638,-0.3624830021634393,0.9133350208128159,-0.5490091071721422,2.419715796544703,-0.41536149532754146
13.57240130022165,-10.398935413125624,5.749830250322385,0.9671393856790244,-0.016218531642761765,0.25372892602096264,-0.07560705444408827,0.9344692334755577,0.3479235907579302,-0.24274468477535632,-0.3556743045525717,0.9025357649945833,0.34008964601376185,2.8116344525605577,0.1743087319464256
12.397867523379622,-10.418943454774185,2.8480065810062936,0.9504469153444289,-0.05079799271990449,0.3067086973789417,-0.056237934326635194,0.9421914479104971,0.33032191908348074,-0.3057580021110352,-0.3312021126441509,0.8926461811519275,1.1465439374739734,3.088302593275124,0.645562794415213
9.979259857643912,-9.058840087170465,-0.2282268457112706,0.9309476051003237,-0.08611384327272915,0.3548534381329426,-0.028138378306454916,0.9519868439321957,0.3048430426404705,-0.3640670106233922,-0.29377790076317256,0.8838267685462636,1.7908148538246471,3.077801541462743,0.8843436670325696
6.847329164463576,-7.116883647440261,-3.1787741109071543,0.9072878674316514,-0.1211471380381645,0.40268113508890185,0.009301386229756663,0.9631490071578207,0.268807504034223,-0.42040719525898873,-0.24014029431993625,0.8749802450446553,2.4012839131740766,2.9528990293315616,0.9538857078882398
3.600869712306634,-5.470939091577282,-5.983844672741258,0.8826766169823341,-0.14781284330046798,0.4461315424715579,0.049134736347838576,0.9730758410379574,0.22518700067344008,-0.46740535674791817,-0.1768467442270358,0.8661740365190179,3.021929587000181,2.8431420962200367,0.8272325430747913
0.43869156452883273,-3.8368741859647253,-8.42850876486564,0.8526961422310602,-0.1696557526649823,0.4940913018986918,0.09727139106217347,0.9808193014243526,0.16891351169836782,-0.5132714345305958,-0.09597095154849283,0.8528434856137328,3.4368086727851743,2.7720513745527153,0.6628019158709848
-2.536160396568725,-1.870662874315156,-9.839649975320903,0.8223357256604408,-0.1843025266212411,0.5383275331836014,0.14586536679994705,0.9827562413031683,0.11363742758433851,-0.5499884081240547,-0.01492477338841565,0.8350389224871334,3.5130748934198293,2.627161386604668,0.5721005141778424
-5.2092463859913885,0.5212256306004899,-9.915695093533849,0.7929307177651456,-0.193997175057178,0.5776036468845086,0.19307075444053004,0.979108235750604,0.06380240171893428,-0.5779139733595425,0.06092748768145938,0.8138201770911137,3.293141411850483,2.3677066144441015,0.5347665915546546
-7.42562544121234,2.7872825650838142,-9.084607911763436,0.7676862888780537,-0.19883289769992804,0.6091988514934101,0.23354655235210622,0.9720744026873205,0.022964396890274463,-0.5967526872608828,0.12464683883813171,0.792684928464378,2.932529425725971,2.037247450516738,0.44743954391417556
-9.05257510163912,4.608331767250121,-7.894040817228712,0.7464332418158462,-0.1988481651861768,0.6350565508003015,0.2683659880225603,0.9632177380606955,-0.013830602225226956,-0.6089475445265874,0.18075119996096434,0.7723418231118342,2.5015686062376035,1.6165164714788078,0.2558649029826855
-10.020718706790692,5.929572792521814,-6.776428932150409,0.7330265579054769,-0.19419610952446448,0.6518895124565276,0.29294099750544345,0.9550762901617978,-0.044887102282204376,-0.6138873165213328,0.22386860212262838,0.7569842875502091,2.0584398691018992,1.120863789663344,-0.010448744113931568
-10.47830872294247,6.902993215220988,-5.886222693343792,0.7277783649932595,-0.18658237835741956,0.6599436851233785,0.3081781172605838,0.9486262565482839,-0.07165524006596662,-0.6126703024379903,0.2555293358377438,0.7478902720565788,1.521121698994134,0.5442874520678831,-0.2549132120521611
-10.587536242631245,7.632917182159666,-5.294562065344611,0.7317520262692506,-0.17897688576786855,0.6576520709400069,0.31341412985809786,0.9451983931115269,-0.09149634344977493,-0.6052359500691745,0.27307008627863916,0.747744724303449,0.9033143073826692,-0.10131290415696681,-0.41146683518389104
-10.22468948636482,7.918769308562093,-4.9800032637649565,0.757533922236273,-0.16870952255289168,0.6306183105978626,0.30309835492123066,0.9464860901404869,-0.11088493321735812,-0.5781641150273604,0.27513847090247107,0.7681308989515262,0.2051789618868628,-0.8201325521626079,-0.5079155312249328
-9.879332957473459,7.280675941812094,-5.4513289060548775,0.7798021830479259,-0.16522349804144615,0.6038292399417536,0.2877736332410069,0.951201389331985,-0.11136540281511223,-0.555963030537965,0.2606091184664311,0.7892958862474783,-0.468506474956777,-1.5922347600634346,-0.6291463003951954
-9.424343688024063,6.157532616885731,-6.566407310741366,0.80826851275236,-0.16665832108241313,0.5647362351638842,0.26556324925212604,0.9591998155848612,-0.09701481551094007,-0.5255265663501132,0.22838721022850672,0.8195493336366644,-1.8156804170610146,-3.358881168578137,-0.7529219884333588
-8.106539688088846,3.768702634197078,-8.842500145901386,0.8536117166864852,-0.16532833488094978,0.49397730597775724,0.2282150846783249,0.9711387228445709,-0.06933582131251544,-0.46825731415623967,0.17191894217132914,0.8667058122926582,-1.8156804170610141,-3.3588811685781366,-0.7529219884333589
-5.531623829141238,0.1251167481187157,-11.04345995689599,0.8947813413094893,-0.15446819818075566,0.4189342752690219,0.19441955232506317,0.9794243059189899,-0.054120852255183274,-0.4019544612491716,0.12987534302513434,0.9064022321000719,-1.6100517669642676,-4.527909774246967,-1.3082075747217767
-2.044794812705458,-3.764435317100296,-11.99448866811983,0.9258664044958052,-0.1453758774292454,0.34876532982463393,0.1701446242508094,0.9845536382010049,-0.041290923260637345,-0.3373754701583379,0.09757042465236118,0.9363000610747598,-1.345318463365404,-4.726553186570396,-1.1291199811582464
1.9053560997528118,-6.801803013667311,-11.226151914577828,0.955690062441982,-0.13774778066252202,0.26015774728458313,0.14967132298320543,0.9883808287426825,-0.026492120533953466,-0.2534856990563693,0.06425641054772917,0.965202628507313,-1.0543291698335528,-4.770853283096037,-0.7895022620107752
5.612692485756789,-8.645868768094502,-8.794690106682976,0.9798038847469768,-0.13574893389418433,0.1468215732830982,0.13864154046411428,0.9902960725806236,-0.009602702178572446,-0.1440932708091155,0.029764333991967803,0.9891163802756205,-0.7663970413393808,-4.7097274093995365,-0.3059307441672803
8.355376237145583,-9.545385200254954,-5.552833933304563,0.9879517905622935,-0.14241447568707785,0.06057537981334973,0.14260466853217604,0.9897790072151201,0.001193896595197818,-0.06012626745096543,0.007458819680522168,0.9981629115386871,-0.545247161350532,-4.5810897687355006,0.26913033760595
10.529695464411486,-9.900438720535771,-1.7529737928003564,0.9862299332698119,-0.1616355860624166,-0.034992228292584686,0.16193537659503962,0.9867837804354218,0.005891050551504962,0.03357755991200066,-0.011476410058758477,0.9993702214307367,-0.20150562609693046,-4.328360288029637,0.8892198700087771
11.997095298275884,-9.853854670767534,1.6993832595307856,0.9787209127710628,-0.18315040754224227,-0.09252731013969487,0.18430726498145342,0.9828603589677105,0.004043123164076688,0.09020092560297355,-0.021010544661528165,0.9957019383497219,0.026598308533924975,-3.871845727318349,1.5332933082576101
13.097350080677655,-8.99683954477626,5.022797275659547,0.9605925418408356,-0.2264203024285134,-0.16123217795447026,0.2280345199608757,0.9736144492046136,-0.008669602425152936,0.15894095213624043,-0.02843854687176638,0.9868784235081078,0.3205505784052844,-3.2070034817528605,2.124592120764654
13.58469358693392,-7.314085397126673,7.842754302862319,0.9390789684585875,-0.2755560910127862,-0.2054252460251837,0.27528510058392275,0.9608792773870531,-0.03048159583477259,0.20578825135379825,-0.027925883941029395,0.9781980068528349,0.6523753796484488,-2.4072437176454184,2.7275550799495685
12.807776090802054,-4.061221629822857,10.423431030638815,0.9108233892239002,-0.33806941334851004,-0.23687512617596845,0.33589296608106733,0.9405309995244162,-0.05076764984579873,0.23995138878520822,-0.033324325826590034,0.9702127706478892,0.2735780914828372,-1.7012062473683893,3.244332786668151
10.347559197078569,0.31795947487731,12.20384143910641,0.8803389571673451,-0.39838721162803986,-0.2574702897515474,0.39619622615203637,0.9160222096102582,-0.06270456030963623,0.26082919866532484,-0.04680748991321192,0.9642495465446845,-0.22471841344113846,-1.2454139571873752,3.2691220459327486
7.05828164692284,4.451779338578631,12.58401484849995,0.8466154862719132,-0.4575132985223503,-0.2718893158617487,0.4564571685335253,0.8869017033810979,-0.07107898306858404,0.2736586773682293,-0.06392925945844838,0.9596999416933224,-0.45166424267047545,-0.9167899363507168,3.1189840612226605
4.152390673853949,7.277369430531517,11.617718405088308,0.8173575368148022,-0.503786544469886,-0.2795098828720191,0.5043608605403449,0.8601848780023111,-0.07551223749268592,0.2784722236903386,-0.07925334861846614,0.9571688081867893,-0.5658928643566566,-0.6272153487454376,2.802313546419489
2.083747963174108,8.947555003847302,9.925089996965923,0.7907653767188302,-0.5429279145353306,-0.2827001920781838,0.5454090729674576,0.8346025815158614,-0.07724942751786627,0.2778831806848064,-0.0931010770366047,0.9560926353377691,-0.5994370554335047,-0.3546169604371537,2.3494614319612417
0.6890322946894538,9.985561989856393,8.030494689418227,0.7713615616543124,-0.5709630377122521,-0.2810739240282116,0.5751534581948746,0.8144961257705239,-0.07612201147686178,0.2723964770856937,-0.10294304576416957,0.9566623691773918,-0.5968700599037897,-0.05501522219248958,1.8125933209265925
-0.4557832463700251,10.83549723088668,6.072519298809377,0.7532507897261235,-0.5975230831351144,-0.27491710186468493,0.6050556215485047,0.79339217795656,-0.06660740792058249,0.2579165419462734,-0.11616805532526156,0.9591579850642042,-0.701179760484246,0.14510148533126196,1.1766458120132255
-1.1427083404025584,11.430091795572817,4.4169723764116355,0.7499260697077315,-0.6037211275870494,-0.2704287153349943,0.6128629322093518,0.7879442009843699,-0.059522789407573114,0.24901790356612913,-0.12109804391535037,0.9608981982829435,-0.7146855745575165,0.3185436210270871,0.5464991650664448
-1.4534225879471174,11.700074872186676,3.048437534717425,0.7536782460838275,-0.6038145985905539,-0.25957086105519084,0.615243196259336,0.7870795703136063,-0.04451471050725768,0.2311815538415678,-0.12614943727134426,0.9646975736672725,-0.6615899675961054,0.497078875412187,-0.07284132067319438
-1.374203586253481,11.48096749977762,2.0461543859905262,0.7653846606052382,-0.5943620158144999,-0.2468200062132886,0.6069756897234329,0.794148269942941,-0.030150247617501333,0.21393184287283437,-0.12673720646896763,0.9685921985549317,-0.5731697478214167,0.7059887201444633,-0.7273472025090639
-0.9357496475180316,10.793859511228497,1.2566151058129265,0.7866647675387385,-0.5736220083954403,-0.22829002386789343,0.5864536455112751,0.8098606230552916,-0.014067440813113934,0.1929524946191628,-0.12281515667406882,0.9734915367435749,-0.46026335118047473,0.9579922490288325,-1.4039717661396445
-0.3126070605996709,9.704978361387742,0.7436104705330336,0.8144872018287758,-0.5431545132719781,-0.2039455142174287,0.5550948263897345,0.8317855024952339,0.0016160303529263557,0.16876116784521716,-0.11452533584771395,0.9789809066965953,-0.35033223966865795,1.253596402828084,-2.0279333590912856
0.2953260455008091,8.304981990615989,0.7411868266313415,0.8468614751145944,-0.5028995976989223,-0.17296715468838259,0.5130217275990662,0.8582161515014185,0.016545220257325233,0.1401226212215661,-0.10274741814934313,0.9847886164480388,-0.26554612229642127,1.5584659890500445,-2.5897388309210783
0.8699911367476392,6.750079425631753,1.2621827552051998,0.8811430140104405,-0.452434569870144,-0.13744071029725596,0.46062880618891555,0.8869654615757547,0.033367242629299104,0.10680866898136629,-0.09271046304557964,0.9899478159339027,-0.3657148933467449,1.714964294213667,-3.0734647780834377
1.6583936573820868,5.181363619187372,1.9789407712901408,0.9141124415860469,-0.39322936742769854,-0.09883880174308032,0.3996354642025366,0.9149727675881512,0.05582410163810807,0.06848313580159068,-0.0905289962635767,0.9935363913547863,-0.7105552799452914,1.7689396602977816,-3.4264400674725803
4.264442407225683,1.8739414653800746,2.9202407151932106,0.9628985011738734,-0.26935216473208706,-0.01660987029588984,0.26954962731323406,0.9569848587621076,0.1073451373624594,-0.013018250742872023,-0.10783965622259367,0.994083061767672,-1.1173832996952102,1.821315651056103,-3.575891298359661
5.567179629244832,0.04010005184742327,3.021349147973545,0.9781304591699921,-0.20565466895463685,0.03109601230155921,0.1997580767377574,0.9704993778892167,0.13500988221117496,-0.057944073225241824,-0.12584559846812965,0.9903561832614906,-1.4134989720306197,1.9622577300713737,-3.5275785244024402
6.547705998478424,-2.0697861676618103,2.7630880528441875,0.984831288792472,-0.14320797012788208,0.09797351635625766,0.12612367021507934,0.9785952729821195,0.16261645522064713,-0.11916439244521015,-0.1477929937070846,0.9818131586937825,-1.4140618129831612,2.4615081633886247,-3.115421194734545
7.166267530986083,-6.6090136908507615,2.5435651165924638,0.9753063655842175,-0.06057039516421075,0.21238813639315063,0.021067859308449177,0.9827877660993829,0.18353297281290828,-0.21984912680077545,-0.17452631330270968,0.959795252858599,-1.0244834743333884,2.7192754881551124,-2.740411114271922
7.22983204865272,-8.525563439746735,2.3313450801162325,0.9591708270787113,-0.021359984457227442,0.2820196368076653,-0.03217955222753465,0.9824267671117561,0.18385353866808837,-0.28099074877934266,-0.1854222163774605,0.9416277400194281,-0.6161733519737133,2.840921365017548,-2.311509175650621
7.184308758716194,-9.936973694663623,1.4827985562625683,0.9389676930518521,0.004332115527101434,0.34397805770127543,-0.07031253869386511,0.9812280023344823,0.17957659740930812,-0.3367429558391767,-0.19280259388748053,0.921645995750513,-0.3827759950480102,2.820846648245154,-1.790674084413621
6.76253114568695,-10.755137563753859,-0.25559950047157787,0.9223488481166351,0.009454347273278459,0.3862424338359939,-0.08127526850271963,0.9820786437291328,0.1700466649510003,-0.37771276534918247,-0.18823430306079458,0.9065875104166677,0.295072212935159,2.594897769172703,-0.8140365521678923
5.470275814526077,-11.133429956974485,-2.436210471116807,0.8982407419162395,0.016320416516349766,0.4392006529668369,-0.09468081778664837,0.9830320903286448,0.15710968183834673,-0.42918424051334225,-0.1827061941720307,0.8845447045266617,0.29507221293515895,2.5948977691727033,-0.8140365521678923
3.6617363039697333,-10.937425140569278,-4.4118975089908945,0.8780656831249267,0.015130007821343156,0.4783008874983208,-0.08765170851704185,0.987675723857161,0.12966820156567535,-0.4704442943775583,-0.15578108796179035,0.8685703302099627,1.4711658567670014,2.288051960659168,-0.32956550301134363
1.6128529443382293,-10.303633618703198,-5.872534306789977,0.8562260386868843,0.012403681484506601,0.5164524366872485,-0.07251626646246417,0.9926992117482487,0.09638291390464697,-0.511486423840272,-0.11997676308367597,0.8508743823544428,1.782986074555353,2.130386399371704,-0.1631358336511703
-0.34352788069340184,-9.482725329306287,-6.945765298523348,0.839025369818024,0.009311158910506094,0.5440126203696664,-0.0560678181426006,0.9960102956420832,0.06942543297450962,-0.5411957396085594,-0.08875130024238007,0.8361999630081507,1.8890682398707679,1.9415289936833993,-0.01878528455291209
-2.009363092371579,-8.300898348781892,-7.773169991705674,0.8176176352858101,0.0008624333987005788,0.5757609388264127,-0.029396918530991252,0.9987571279665474,0.040249478467376414,-0.5750106291630804,-0.04983428081799011,0.8166267940772169,1.7596218627682088,1.7409217112254929,0.2591293537249876
-3.0956714693501204,-6.794739388027784,-8.355760891986012,0.8031609538300178,-0.009335464076294583,0.5956889552050932,-0.007793490037940215,0.9996270288139321,0.02617374214090367,-0.5957111244184417,-0.025664223641290583,0.8027886420901874,1.4988836512825796,1.5553713145099433,0.5764340099148509
-3.8304084950914845,-4.957223858620741,-8.732084969126209,0.7858880739326023,-0.027450965556683533,0.617759159981064,0.023244134103539458,0.9996195332642643,0.014849206925308774,-0.6179317482378462,0.002689462128332652,0.7862271435871319,1.3477209749934669,1.3667498453994458,0.8614360072073094
-4.4541000068182015,-3.049328037702444,-8.77315174833765,0.7699354323964048,-0.0470619130521317,0.6363840085046403,0.055383366829245564,0.9984417979357743,0.006830725688783436,-0.6357138606473969,0.02998587125050399,0.7713421646105776,1.352867890756536,1.2388536659952998,1.0254119059360642
-4.957332916521303,-1.2826259738008918,-8.435324163167515,0.7533205644005296,-0.07058363828255686,0.6538547830046546,0.09214589663382144,0.9957446318874728,0.0013273284559788484,-0.6511660778824524,0.0592501314266743,0.7566189007294932,1.382139745298494,1.1356009405397742,1.2155856804871907
-5.119020685340681,0.0729241115445815,-7.788216868756008,0.7379636807966585,-0.09674931692404154,0.6678691305186802,0.12995377015897766,0.991520053200202,4.151307856572659e-05,-0.6622096521846494,0.08676147633944181,0.7442787265379059,1.3648760945719778,0.9774045765717267,1.4482037117913102
-5.048149292057773,1.053451760122273,-7.02310907098919,0.7215425636526531,-0.1295966527446002,0.6801331019991247,0.17536026789085127,0.9845031004271557,0.0015561794774414381,-0.6697948232726237,0.11814547323834602,0.7330869947492472,1.370752385681915,0.7639220945181147,1.6054669314795065
-5.070128282330237,1.8901684371369807,-6.334827877604823,0.7073512393686919,-0.15978641858299902,0.6885655557751881,0.21741803630240888,0.9760734828769365,0.003154919157520533,-0.6725946934476807,0.14747493502593859,0.7251672371840281,1.4058381380578995,0.581831499903885,1.6142996949759278
-5.344958054898406,2.702231109605474,-5.690454762408339,0.6951435470728184,-0.18907397493768893,0.6935607262268257,0.25978054700685,0.965663386697636,0.0028794076601173415,-0.6702906208204332,0.1781719831873509,0.7203924125414186,1.491386892929691,0.34600295604586817,1.5402458723545471
-5.698188671150403,3.4985967261820976,-4.9824837733661855,0.6858718997921183,-0.21650544329876487,0.6947698396573899,0.30119352196142046,0.9535630173581412,-0.00018508190624633722,-0.6624667534329746,0.2093871174376356,0.7192321152779075,1.6145736178266175,0.08704365661004913,1.452609017924278
-5.9423786338741325,4.208505468559469,-4.145920719078361,0.6803537432503183,-0.2423925322481473,0.69163909978804,0.3409428847013119,0.9400653493897868,-0.005923533422307815,-0.6487501317277921,0.23983952799108899,0.722218988532,1.629148170011194,-0.2183420317654462,1.288134325906398
-6.077139336052804,4.744853482967236,-3.2900093453132917,0.6799932827265892,-0.26604407067320085,0.6832493599750746,0.3743326069119031,0.9272231188358699,-0.011505967965367342,-0.6304635079441593,0.26358649501807685,0.7300944629257445,1.5003830007860581,-0.6189106909344224,1.1596500883177356
-6.281844821187824,5.127074134444643,-2.642463626457393,0.6848793608325936,-0.2902342019184021,0.6683594610255215,0.4023817224110323,0.9153517401552373,-0.014837158228888024,-0.6074777449216295,0.27909729456153215,0.7436904528050404,1.2054137338408881,-1.0758009632756809,1.0565461671032308
-6.656273556354762,5.336945302305215,-2.4197801159313386,0.6963305611930656,-0.31596351036861,0.6444306088820541,0.42504211449955737,0.9050402856914761,-0.015533260354347418,-0.5783277189019171,0.284726432547167,0.7645050085896559,0.8369105818733151,-1.5921022379717527,0.9088853019448913
-7.0913820503523155,5.325599727092012,-2.6648669628105512,0.7147330456016132,-0.3402593720394973,0.6110484704704927,0.4392339561092248,0.8982702633195524,-0.013567086513355238,-0.5442703421330998,0.27809008212287706,0.7914769111598969,0.4086139797111177,-2.1131524012891885,0.6597693045463588
-7.405460736537673,5.251621551303289,-3.1773730057615532,0.7401225617819475,-0.3597032514063968,0.5681832138219091,0.443287043264453,0.8963240485932766,-0.009989854213933277,-0.5056828955137653,0.25926197338025375,0.8228414418001759,-0.011773024457592762,-2.643479473322446,0.2854079515038972
-7.452836983125936,5.346671769287381,-3.7980441141100494,0.7731277598287596,-0.37251634702712383,0.5133274181063494,0.4364621887576102,0.899711600930798,-0.00444892520233307,-0.4601893357815667,0.22748759603131624,0.8581813146910242,-0.42638424011714093,-3.1654572155479634,-0.16553746725858048
-7.081690833724426,5.4980344675714745,-4.460997046127769,0.8092720801734874,-0.37614742368928267,0.4512114979736127,0.4198364883216865,0.9075925992499623,0.0036051158665394876,-0.41087227130264026,0.18651753118302902,0.8924097641980386,-0.8223780598622474,-3.66011115645016,-0.6311733258675013
-6.092572318576931,5.357071085525948,-5.187509718206146,0.8507054525435876,-0.36749137604802856,0.37583283723343763,0.39191675815636534,0.9199172701996681,0.012388327756214033,-0.3502877212932449,0.13675636920713,0.9266046663990369,-0.9986208312970946,-4.018820085417073,-1.1690793048254464
-4.410838379342465,4.793774860836899,-5.653018342174726,0.8888213284753014,-0.34674024186379937,0.2996128347044462,0.35759952020936225,0.9336675342720061,0.019685491928458858,-0.2865645288472278,0.08964452085133481,0.9538577622936779,-0.9785322826732157,-4.120114845885939,-1.633523721239824
2.5290682251425767,1.7458566114554213,-3.8782408658537832,0.952224391163239,-0.2710138545504861,0.14078423035086843,0.26892620778163395,0.9625599084885343,0.03401642748339531,-0.14473217901347218,0.005469297233790908,0.9894557509791847,-0.8348728009816584,-3.9874366781926582,-2.1197260439276397
9.2321981003333,-1.5218608373843483,1.4923698274597157,0.9835720560138906,-0.18051351153858405,0.0009395640570022401,0.18021884509667105,0.9822383947618403,0.05223891009299967,-0.010352704990960887,-0.051211405054848794,0.9986341740055165,-0.6020444793593078,-3.520462909031687,-2.1835052835311766
10.862506525721255,-1.9565353485471317,4.026847568498838,0.9883622347944957,-0.13984147634000504,-0.059870312568730856,0.143547029171367,0.9876460328633195,0.06284555819961,0.05034226105474954,-0.07070838185387618,0.9962258687102556,-0.48435396964286564,-3.208356393086474,-1.9002582994361203
11.917593266158548,-2.2734289317184984,5.920907075320324,0.9882686213159313,-0.12085699363293843,-0.09337408212301762,0.12700508623991938,0.9899020779182452,0.06295700280612336,0.08482240382999626,-0.07407741371799757,0.9936386146810898,0.0712520271690198,-2.113398010671773,-1.013715034815406
12.681473861996919,-3.015793506632537,7.5094260525929,0.9863989007857058,-0.10736406152241533,-0.12445949872212164,0.11557157987818478,0.9914429192281754,0.0606971814565817,0.11687779281459483,-0.07425561396772484,0.990366439930729,0.15809071417738368,-1.4428292379780328,-0.5054068077341733
13.452050800023734,-3.684660656838069,8.71740418248427,0.9846296995478844,-0.10700402752631584,-0.13803801237843727,0.11581554998850901,0.991608307315447,0.05744321756179924,0.13073298416658885,-0.07254724637186707,0.988759720000142,0.17773340394220327,-0.7594759705042543,0.03606847295525431
14.133728080490489,-3.7757911297014477,9.547769357346382,0.9829259238287935,-0.11870602946165631,-0.14058985324254486,0.1280268348116754,0.9900028330636507,0.05919054057911935,0.13215807895628687,-0.07617919069793719,0.9882970065072505,-0.16368734944052726,-0.08897720412622928,0.5667268287651509
14.36838331314547,-3.006461956835146,9.89915429269694,0.9811563434908243,-0.1384163017261479,-0.13480785230902206,0.14890520964592194,0.9862946277085396,0.07106437851396644,0.12312379204694524,-0.08979885728520226,0.9883201389541011,-0.7394880453676689,0.35820100603932564,0.972654340460799
13.552142920591242,-1.2740775703038727,9.208050667879679,0.9777234786703985,-0.17013758026053086,-0.1229227523274101,0.18220631597397507,0.9786940571255319,0.09465094276528267,0.10420008481688763,-0.11493975087086342,0.98789229979482,-1.3036823829287374,0.6830078637303594,1.4384223213467695
11.31869769186816,0.964373167392294,7.218059895519815,0.9732764228511537,-0.2022855908857297,-0.10869013038023864,0.21498153066687614,0.9690162910265431,0.1216156618091918,0.08072141100221972,-0.14173202688585165,0.9866083753752753,-1.6200151139321712,0.9316160822863147,1.6073401353867733
8.415052173684302,2.6922094022459704,4.652108523699863,0.9673076379507375,-0.23758955897337614,-0.08869687158519975,0.24884430903610333,0.9566578206080609,0.1512690455108979,0.048912610056193295,-0.1683954148314921,0.9845052264164074,-1.6253961571825204,1.2087949605690447,1.5918486198109685
5.930363987073115,3.0778405509584053,2.5057222687578933,0.9607355863189672,-0.2699334024716523,-0.0642113028245577,0.27720200271245526,0.943851634576311,0.1797307475081223,0.01209061092559317,-0.1904732268265053,0.9816179333069184,-1.5614758101671424,1.4878469400738965,1.424529049171078
4.2432960436321245,2.6963610624759067,0.9701418910392249,0.9538910742250307,-0.29781770360371024,-0.03736888992235504,0.298811801986079,0.9304840305028387,0.21192209883120533,-0.028342997506417535,-0.2133168638420398,0.9765718560827713,-1.6892387812236715,1.586269446295897,1.133734568188497
2.993064454651325,2.3343693327824155,-0.16384384358547954,0.9473041165576656,-0.32016106736240346,-0.01057363221731521,0.31287911262646534,0.9176689805975807,0.24492917941942158,-0.06871369321304158,-0.23533068859450126,0.9694833136112571,-1.7373733982207404,1.5902902844160967,0.8376153017399649
1.7133947878970313,2.3234836479356513,-0.93704613109752,0.9412146856128275,-0.3374382910335737,0.015821356802978474,0.3201763418897368,0.9060407838933854,0.2767258716057545,-0.10771269971944891,-0.255392830099436,0.9608186492012681,-1.7029003577586432,1.5659082976317638,0.5588984935810686
0.18184228182761375,2.4488395306190305,-1.3483186050373033,0.9360535072873247,-0.3492394444487972,0.042844392120713795,0.3204132237240158,0.8963741103843458,0.3063475482119203,-0.14539325141794454,-0.2730297871547472,0.9509550661142475,-1.5828345176899323,1.5193491322381143,0.22635542821030852
-1.4649231020339186,2.612055225413369,-1.3918148923772562,0.9321617011710651,-0.3543054541982643,0.07444600724839001,0.3116274148427555,0.8898817089141815,0.33316497183586913,-0.18429030682129394,-0.28736421013295305,0.9399249403789531,-1.3084017208489582,1.460022895683293,-0.19886945743833517
-2.9321878804014947,2.636277353180824,-1.2321673756730884,0.9305308957958547,-0.35119704165405474,0.10379253298192512,0.29627317638173933,0.888537640750532,0.35031852067247565,-0.21525440048007938,-0.29523126342397615,0.9308619898626465,-1.0228984648796524,1.4092439010408204,-0.6449314748738769
-4.096049529413346,2.5751494073484853,-1.0422866569781317,0.930753462026333,-0.33981165782224365,0.1350038152575456,0.27184588633769363,0.8900128742509035,0.36602854772396876,-0.24453590126455582,-0.30398210617689714,0.9207589652656065,-0.9581074307845774,1.235808302618517,-1.0382217233306
-4.904320451247,2.453936122488211,-0.9590381676870561,0.9322105516155244,-0.32262510875763134,0.16400160565008473,0.2425860703637881,0.8932919372369084,0.37839333151231,-0.26858050175344883,-0.3129577512487209,0.9110005268995243,-0.9089482902807464,1.0651893156009327,-1.351308060108717
-5.3385193644398194,2.1678310153314477,-0.915025708620868,0.934446221432619,-0.299703779353746,0.19232239570934428,0.20756586710981548,0.8972448483552083,0.38970256980290485,-0.28935561176733837,-0.32423652900485883,0.9006353330830587,-0.9055046499677488,0.8559128713161648,-1.5402398406055169
-5.49530756962628,1.499492799817011,-0.6101340059281322,0.9365144131765615,-0.27583100074465994,0.21646711745842542,0.17243842483722613,0.8998710281110406,0.40062092107880903,-0.30529615711996183,-0.3378600180467887,0.8903060511156872,-0.9811136008614334,0.664296977300766,-1.5911742170718952
-5.528111066902409,0.48750812595369863,0.11057701112398888,0.9377701091644793,-0.2509656079574838,0.24000726234881073,0.13558739606865874,0.9009142340598342,0.41227369658480695,-0.3196924778360617,-0.3540759897125351,0.8788782129078689,-1.0073648713678465,0.5551711543184479,-1.508966953085442
-5.60229003546577,-0.5686076702347455,1.0855578980257787,0.9375166465012961,-0.23034348017625123,0.26077656848968733,0.10458835470080476,0.901388745202223,0.4201899642825125,-0.3318490825570294,-0.36666089396478235,0.8691581992036927,-0.8548470968435982,0.5482169428595732,-1.3801162621948302
