-0.018147852590548345,-0.1336202186113305,-0.9443379627853761,0.9999742824053036,0.00411106642443238,0.005876534765658075,-0.004156373813657082,0.9999615733433292,0.007718574574021329,-0.005844577377298457,-0.007742801146063847,0.9999529438657068,-0.33803833,0.25626343,-0.18075440000000004
-0.10675349606221682,-0.3737933327531876,-0.9174551050612569,0.9999274900176189,0.006956389435987364,0.009829717853518447,-0.007071790974896836,0.9999059064482254,0.011754489455531238,-0.00974702413417878,-0.011823150847710212,0.9998825974205973,-0.20988680753815803,0.20298503844898913,-0.14912822543313103
-0.18564515359745778,-0.4309701046215194,-0.8086896014012077,0.999874127690347,0.009530107127591331,0.012684866321906664,-0.00971366625781098,0.9998478504376044,0.014488639105660752,-0.01254485804223681,-0.014610031945168706,0.9998145695594066,-0.13409006408337695,0.13687214482428214,-0.12668506783992942
-0.2287049393270042,-0.35219374748444954,-0.693529119557204,0.9998293059615039,0.011608040032148988,0.014374016388943603,-0.011852954308643337,0.999783997635532,0.017072362053089592,-0.01417273490526109,-0.017239822462153904,0.9997509300354658,-0.13457408686051736,0.08530983061626984,-0.1084052866858187
-0.23150418123453698,-0.29255814315759987,-0.6020162500220937,0.9997968361448921,0.013284575849709981,0.015159369352228317,-0.013590151968222811,0.999702865362575,0.020235828506338614,-0.01488604057983811,-0.020437735450647143,0.9996803012791164,-0.15346675567839693,0.0362823583475165,-0.08137688043329289
-0.21654753713859012,-0.33035898952312476,-0.5345755941048183,0.999782977317709,0.014305591096890823,0.015144250694774621,-0.01464989001731692,0.9996310300172782,0.022873227780009133,-0.014811447877170618,-0.023090125377836765,0.9996236627460445,-0.13677427390135546,-0.0019136021653149784,-0.05259828254244934
-0.208837080140755,-0.4126815688486961,-0.4629258473064442,0.9997846570959829,0.014773072955643672,0.014573803584362555,-0.015128206683133721,0.9995837285488257,0.024566379118219774,-0.014204816015025927,-0.024781564435582874,0.9995919653869295,-0.08285394384498708,-0.028328553378187397,-0.022107053357016737
-0.2254945331018669,-0.46430116675493166,-0.36766304792305093,0.9997980840610623,0.014727581182942647,0.013670752003071655,-0.015066063510704377,0.9995740164184828,0.02499598830441187,-0.013296798040170267,-0.025196905633881043,0.9995940731658808,-0.022986621454414987,-0.048336475650783334,0.003647970190325582
-0.249272076456138,-0.48627790229361806,-0.265693349785795,0.9998197659485639,0.01429784663885556,0.012490284226194042,-0.014595877241201326,0.9996028765170685,0.024104970988617563,-0.012140674862590043,-0.024282933107309744,0.9996314036551608,0.04897705379455813,-0.06383818679393242,0.02504397843709021
-0.2519792509086105,-0.5215037821606591,-0.16629476362288087,0.9998499671749081,0.013454096017236437,0.010910107272365677,-0.013684467751136672,0.9996789781331288,0.02132313347215807,-0.01061972140423861,-0.021469233313333523,0.999713105614923,0.1427788267603823,-0.07978230423960178,0.04497327198505011
-0.22624089140667505,-0.5787728838749374,-0.07024404667471194,0.9998871701883215,0.012057235432232404,0.008959350786910661,-0.012201704685650709,0.9997935199363739,0.016249181394753957,-0.008761580653932594,-0.016356667355154245,0.9998278322478714,0.24790068818037614,-0.09373015792403834,0.06983161186418427
-0.18163347656760578,-0.66212729519399,-0.005820200614776239,0.9999311794162798,0.009745907914119294,0.0065309807914111,-0.009792976205584203,0.9999260242927108,0.007214122206457334,-0.006460189486782476,-0.007277583465845427,0.9999526502443467,0.38878727985665457,-0.1031069624260192,0.10048115772885534
-0.13920815075083187,-0.7763701715535098,0.007980012451199534,0.9999621671161344,0.007446210611087344,0.004496474612413891,-0.00743050540767658,0.9999662701714171,-0.003499444077348931,-0.004522380544717687,0.0034659006043645793,0.9999837676718605,0.6070171078346284,-0.11489390042666253,0.13036549434143127
-0.10556660454594727,-0.8994820084909928,-0.025145537990869826,0.9999909199621018,0.003845452701561865,0.0018364331923320242,-0.0038030069646211606,0.9997377431386741,-0.022582782866977708,-0.0019227925985115931,0.02257559384623297,0.9997432897654842,0.855835183372697,-0.12130937865752332,0.15981066753807976
-0.06290945285109913,-1.0176983206481005,-0.06653271733401003,0.9999997656365565,-0.0004936862753274456,-0.000474342380942616,0.000470787848689294,0.9988892102497348,-0.04711819187386405,0.0004970770909341177,0.04711795751645331,0.998889208568119,1.2087349645594725,-0.12113354945435545,0.2095186619299561
-0.01612643804814819,-1.161598787555818,-0.17888446059199395,0.999979170346446,-0.0059096576582023845,-0.0025951530970889716,0.005685972418193064,0.9968526859169546,-0.07907207027650535,0.003054274200858292,0.07905566726374469,0.9968655239713077,1.6071754241210965,-0.12343193954587088,0.2646728279158851
0.05295440410717573,-1.3890448189828282,-0.42269272155889365,0.9998992908111534,-0.013431334706936589,-0.004583392121956468,0.0127661773940186,0.992332602818522,-0.12293506455914628,0.006199431433431696,0.1228641714716185,0.992404132608533,2.1070745778649096,-0.1309328780662409,0.3482635912590523
0.1455124707349894,-1.7272160797219882,-0.8491918717669815,0.9997257878594291,-0.02257486975618064,-0.006222888745269151,0.021138364440764845,0.9843448358785623,-0.17498118078232164,0.010075645766596083,0.17480165712800788,0.9845521123981646,2.744505555379366,-0.1557345585317555,0.45921574906799345
0.2747916967640295,-2.1109139259536187,-1.4979426638932458,0.9993326694351277,-0.03567476145679764,-0.007843927247442142,0.03264958888008616,0.9686981403796907,-0.24608518275363506,0.01637742793065914,0.24566486158978706,0.9692164647974395,3.5088543917835184,-0.20990025268622448,0.6023064792349531
0.44012387597739905,-2.339392232511313,-2.3013771945972197,0.9986082596823389,-0.05192408932013068,-0.009242978009606623,0.04605932217248716,0.9439834238214132,-0.32676265758408324,0.025692071446693665,0.3258821635172397,0.9450612323897857,4.303555837132342,-0.30729082778771105,0.7770802877709279
0.5941065072723707,-2.124787698230599,-3.068631519308802,0.9973001969867255,-0.07279465994936052,-0.009656840740952733,0.061904422806509825,0.9041714948704769,-0.4226603249663724,0.03949885475848661,0.4209214241952335,0.9062367213516697,5.024078592202838,-0.40043935750475845,0.9355409882288845
0.7000020289885145,-1.4816145412278396,-3.5346270231780887,0.9953485830590242,-0.09601656814235068,-0.007875077431926463,0.07802911248894376,0.8514212018687859,-0.5186457313161839,0.05650359109456023,0.5156188084723798,0.854952974462889,5.531474044169275,-0.4793766773450322,1.0894083614342884
0.7465372055404753,-0.6096728831587979,-3.6501205556293144,0.992418599515218,-0.12286889826235112,-0.002925265124721632,0.09473254241282643,0.7798899336714015,-0.6187062604871705,0.07830114139816823,0.6137384827414788,0.7856169588660438,5.8854672185258785,-0.5480823985458101,1.211107563318479
0.6909639253192643,0.23100345090347885,-3.4680957943573825,0.9886830872200122,-0.14995845591158055,0.0042678502458407585,0.10899819269792584,0.6985014211424354,-0.7072589049637928,0.10307835385614274,0.6997201055869499,0.7069417421568026,6.129666508491739,-0.6615439112011485,1.3050216503676064
0.4209733259759568,1.6184455948084293,-2.22310539695296,0.9773278448543682,-0.21039491452463485,0.023754233611889906,0.1280903501531422,0.49818529656721955,-0.8575571540613934,0.1685916542120695,0.8411571733192333,0.5138399205040757,6.0790917259081105,-0.9040969854678487,1.3171481430976306
-0.08762908663328464,2.3167687787638376,0.17373094472691208,0.9622155093049974,-0.26704509363070195,0.053181120904832714,0.1279164612307759,0.2709085218047034,-0.9540681064577023,0.24037198796681808,0.9248218697572845,0.29483184464965717,5.67981282615564,-0.9764028913688834,1.193439026525013
-0.4425989953304862,2.2034625963874315,1.4022242757446508,0.9544931567224196,-0.29044865652833435,0.06769336519155132,0.12057723367351485,0.16823169231248403,-0.9783451479009438,0.2727708644443419,0.9419860272968825,0.195597494584473,5.096668575841001,-0.996360339148313,0.989100856734376
-0.8000719343988358,1.742155711705427,2.478925370385969,0.9473251837955387,-0.3102939232406629,0.07932639753995564,0.1099700372540489,0.0825162544403941,-0.9905037398513297,0.3008015742197711,0.9470526642975275,0.11229276020234635,4.293892824471133,-0.9504999116135047,0.7383462075480434
-1.031780172566636,1.1890646853165996,3.1891344206869343,0.9429489476837457,-0.3226744576788141,0.08202729072571055,0.1016939545263673,0.044540238926035404,-0.9938181457033274,0.3170262160688072,0.9454614542529455,0.07481321305089716,2.0489662016999484,-0.6766761701844689,0.20749499130700233
-1.1105665598678114,0.77339638514705,3.5472792323659976,0.94041023601383,-0.33040876668456365,0.08036563257013865,0.09627676406348687,0.03204765256383667,-0.9948385460297618,0.3261278471732773,0.9432936949132719,0.061948627385844196,0.793325299530745,-0.4799824621833315,-0.06439859117597885
-1.1020684329590913,0.5616170555267705,3.685635455201916,0.9366235240380653,-0.3415068142604317,0.07816309891635094,0.08828684901264426,0.01417701300164875,-0.9959941990763647,0.3390306866788532,0.9397723703727631,0.04342908442533751,0.7933252995307452,-0.47998246218333157,-0.06439859117597885
-0.9739564418761459,0.7359331652938514,3.7093964645522437,0.9369959469210525,-0.3424700025688388,0.06894122709975731,0.08865994861237657,0.04224035439606029,-0.9951658987186737,0.33790236602541185,0.9385787392653823,0.06994241369465097,-1.7194182810052605,-0.08433877354361755,-0.5954136121454972
-0.7935680259307726,1.096383948952281,3.655121692288153,0.938896155012975,-0.3398489780419906,0.054558979331242374,0.09249116599241188,0.09642464284284455,-0.9910336384129419,0.3315409391239887,0.9355238962081323,0.12196575465407931,-2.9434758706529074,0.09607476711033376,-0.821377566892761
-0.5902325437071844,1.6020780975650557,3.413658323233349,0.9430823270495536,-0.3309919430271913,0.03224993112990961,0.10098722496266792,0.1926373499830658,-0.9760596456087307,0.3168553373404633,0.9237614329698909,0.2150988381100064,-4.113710542366535,0.25324781721489686,-1.0261133232410107
-0.38883218241414985,2.077135996576668,2.9898610915102246,0.9480081119253103,-0.318082770110871,0.010196621126809934,0.11129148133353285,0.30133354625087655,-0.9470017423882907,0.29815235351477065,0.8989001308613018,0.32106654891336395,-5.272133006891813,0.353040948330971,-1.1940110089082339
-0.2200658166609224,2.5185932371946196,2.545832898378439,0.9534942770445697,-0.30121382645850286,-0.010903870573370928,0.12266769601390153,0.4208417887816538,-0.8988018831587409,0.27532035885109357,0.855664899107872,0.4382194432437021,-6.4953145838304405,0.4296489460692374,-1.346644921464693
-0.18682278993233503,3.0333257730249317,2.2569672914818684,0.95867445528075,-0.2831080368629971,-0.028162532835978405,0.1323864578422485,0.5315191001990084,-0.836636881749555,0.2518275492716003,0.7983340689130185,0.5470334540415636,-7.688429333653304,0.4831176797898461,-1.4954417657361367
-0.2299147781018971,4.033541905580602,1.6563353374789045,0.9666737667439429,-0.25108952966905396,-0.049958750781528116,0.14327164807681986,0.692302281542585,-0.7072416742728633,0.21216753650459685,0.6765143007073128,0.7052044649547151,-8.780243885687462,0.5135020328742191,-1.6300130469075076
-0.14244094238714078,5.138875271585226,0.3010790646400865,0.9747226583198795,-0.21341588487472438,-0.06610143297210962,0.14536739353676648,0.8304834292644958,-0.5377411966861101,0.1696586580583342,0.5145395357017974,0.8405147267868801,-9.691805217635268,0.5214063398673399,-1.8093997586765544
0.20680363660953904,5.63736567737323,-1.4741741674460487,0.9791674193676244,-0.1894807624156271,-0.07299455817620737,0.14239487471667092,0.8970288990695712,-0.41840513128839146,0.14475795143400805,0.3992946216873266,0.9053225616255258,-10.209388684515984,0.42768274724414845,-1.873424271256034
0.8321104271869083,4.871971089204864,-3.9485959438610667,0.9856516716590017,-0.1487801510056629,-0.07971981449143067,0.13081253790223013,0.9717848197077151,-0.19627109851738372,0.10667174922815115,0.18302658509728886,0.9773036411802788,-10.295537805934515,0.284307646324639,-1.8392963191528668
1.3501738955490665,3.17815134847798,-5.460758441359977,0.9897528900075516,-0.11798807575530772,-0.08042406792285252,0.11819988263520487,0.9929875191907863,-0.0021388025506889896,0.08011244888732097,-0.00738922938382694,0.9967584435671409,-10.347630519426122,0.12871511951860626,-1.6589793787862537
1.663841459716079,0.954538694289779,-5.777479048850652,0.9928715348842996,-0.09136061268037371,-0.07654641511633559,0.1049699557505563,0.9744647453844437,0.1984937490012138,0.0564572723944567,-0.20511386704339943,0.9771084269108934,-10.190601929927492,0.06197689636887849,-1.378168466300703
1.7350557198461867,-0.9878398461697638,-5.154228196319227,0.9950222537181749,-0.07128984294656117,-0.06963097657120196,0.09259195041839774,0.9197181821796581,0.38150386116769713,0.03684352484930843,-0.386052099671533,0.9217409240214298,-9.73116465571687,0.03769159469211214,-1.0908443586019645
1.6902532854615029,-2.3779597991727015,-4.3183318007308165,0.996516902301574,-0.055635137806865576,-0.06211919887190271,0.0805981208018561,0.8337409098776178,0.5462417396351642,0.021401082927864527,-0.5493458169838488,0.8353209963911254,-8.980742372131159,-0.03302689629858091,-0.8435799832486269
1.6581755674865997,-3.4291446723906294,-3.611434212959383,0.9973413331146611,-0.04476746906188819,-0.0574990345559275,0.07182471976003171,0.7371632440036788,0.6718865687907185,0.012307513658890448,-0.6742300982630226,0.7384187834174937,-8.005276214539945,-0.1521551609850159,-0.5789671772336813
1.665753288037574,-4.446619419670473,-2.7122580894273254,0.9976862126960386,-0.03704946045892368,-0.0570048987012325,0.06752475525671563,0.6375924658688922,0.7674087925576208,0.007913812213831306,-0.7694824136696874,0.638618968266146,-6.879024592957379,-0.26133992375476034,-0.2841983557767471
1.6066457886133614,-5.200252342022008,-1.258586551480922,0.9975732239079239,-0.03287808959323619,-0.06137339950377946,0.06934928538135528,0.5475950881949355,0.8338646748734925,0.006191894624969676,-0.8360972734134944,0.5485462695447614,-5.6205075579737995,-0.2989950742049229,0.051993671554444336
1.3301574052383978,-5.2035144962047735,0.5126216768274121,0.9969781467317006,-0.03429268898442302,-0.06970356103988916,0.07762359647888209,0.4747226549784613,0.8767057534429005,0.0030252618246377825,-0.8794671183918238,0.47595003462388186,-4.303814574481559,-0.1556871017887504,0.40197218628106035
0.8133098295095154,-4.383511615647672,1.9848883221276599,0.9956443765289921,-0.04130942700667539,-0.08358113858147027,0.09316573290495131,0.40694556180425084,0.9086888664114385,-0.003524443002526567,-0.9125178578900265,0.40902168320679466,-3.1395672101848664,0.006148887044500978,0.6539268789481525
0.2450756907086737,-3.349883155911788,2.8741366573094917,0.9938239689310784,-0.05317111792182473,-0.09739995378347162,0.11015332894456428,0.3665327162462088,0.9238614679937712,-0.0134224774356159,-0.9288846000123586,0.3701259744456894,-2.09634581387697,0.270880653845474,0.8504531911677691
-0.18730012245305766,-2.7187279522071544,3.159324395645793,0.9913359299726751,-0.06901707863077365,-0.11175740155571381,0.1289191715603992,0.3482829054929343,0.9284820218752646,-0.02515792418686034,-0.9348452602429309,0.3541629826110221,-0.9403794087769471,0.4935987094480012,0.9886710363512493
-0.29583444856474495,-2.9483816935685487,2.8644430260351643,0.9876105880189656,-0.09013498110217918,-0.1284562634305653,0.15225083869116346,0.352079094062642,0.9235041925415747,-0.038013268087212636,-0.9316200924764017,0.36144016758461,0.29585203608645444,0.6761145420031652,1.141371988793054
-0.1353442043591006,-3.7390619198768267,2.1677523078270045,0.9828831400453731,-0.11482061080692763,-0.14407276060543717,0.17724775889707514,0.37610431443535086,0.9094662042259064,-0.050239078221160256,-0.9194355725101345,0.3900182854975517,1.4966436999923196,0.8990407249496506,1.2594620616556877
0.12466912047124767,-4.520725217793358,1.3724380918213348,0.9759120146340531,-0.15004021643227405,-0.15837825970081917,0.20823916060310588,0.4241617654754981,0.8813190391112752,-0.06505529712650318,-0.8930703948523121,0.4451888118024957,2.6747923930352386,1.2342869648692463,1.3232775550188953
0.3033520668505185,-5.028242281924347,0.5834836756910864,0.9676365954452812,-0.19061166067789473,-0.16536811654209616,0.23929971918572393,0.4851191474051392,0.8410678077411734,-0.080094091871366,-0.8534205338720915,0.5150323570541716,3.8261791432372716,1.6710959923661513,1.3459814439822173
0.45192289994086743,-5.408145802562226,-0.4443030171593785,0.9565454813393955,-0.24182784738161575,-0.16291112411360506,0.27533118122326183,0.5651808316066005,0.7776653317659685,-0.09598688855978084,-0.7887267713316476,0.6072039174851949,5.0721285467948185,2.1557151648026784,1.3476553606026374
0.7008947875765325,-5.731582909415252,-1.9026806528239075,0.9424492838686901,-0.2997023210611152,-0.1482156067557451,0.3159530962497938,0.6532925056626276,0.6880280103420305,-0.10937544653880021,-0.6952606854954662,0.7103869304110351,6.289385781555471,2.6443971338859407,1.4014990824457056
1.0442712092180566,-5.853723336894255,-3.865003754945832,0.9254912514369857,-0.3597212009976835,-0.11860270260995917,0.36029575684801834,0.7394857952062777,0.5686367261138274,-0.11684567219591753,-0.5690003657651925,0.8139936563930714,7.629007453877496,3.1645733173690345,1.4661732092776667
1.1855598838778914,-5.331045746648232,-6.207380424436205,0.9046366116124577,-0.4201844478013662,-0.07125749614035407,0.41055445944208235,0.8143293922734982,0.4102592798605456,-0.11435749543668387,-0.4003906476247104,0.9091807809957897,8.896945738842351,3.6132031602388004,1.586581767112563
0.7526680459686161,-3.717412600710931,-8.400166739249585,0.8822287176277689,-0.4707055130162233,-0.01043119403503849,0.4604278142915216,0.8579124838305202,0.22801841573539267,-0.09838047377195647,-0.20596720637975444,0.9736009409796835,9.772671539787435,3.8540771850227458,1.6754830347431364
-0.25805195988531077,-1.001180270397574,-9.693382323884508,0.8578712602799515,-0.5097052924355882,0.06524887469404718,0.5095442480000598,0.8602040099129808,0.0203401243772168,-0.06649481269799447,0.015797980655094607,0.9976616980176596,10.196119172383742,3.9186185431343827,1.752605029014946
-2.682183804521282,4.191604099114028,-7.859611843967498,0.815025283272386,-0.5385289732333632,0.2138231339565178,0.5785000173211549,0.7354424597555776,-0.35279189098969915,0.03273404323011157,0.4112309975875897,0.9109432194362745,9.837900670214378,3.4943826468011228,1.8195979437380825
-3.449979647896487,5.461931675789617,-5.671216801013529,0.7965885532189362,-0.5266749791091644,0.2967492936148691,0.596573806122377,0.6055451752887027,-0.5267017510254106,0.09770553069925393,0.5965974413831616,0.7965708519685125,9.837900670214378,3.494382646801121,1.8195979437380827
-3.5335428497653343,5.677740026185351,-3.793623228083911,0.7872277216212024,-0.511662680776968,0.34420025480992594,0.5979612054082036,0.4969588315399589,-0.6288674872985607,0.15071466795856067,0.7008803184956507,0.6971742020525256,8.704192093782723,2.6138218184182618,1.4686536300193624
-3.4400772993607256,5.559521599637985,-1.4208840354912233,0.7782771339201247,-0.4792179070618987,0.40575226477284176,0.5866461769369289,0.32451269837395663,-0.7419823257189738,0.22389945489518795,0.8155008927924398,0.5336921659087484,8.704192093782723,2.6138218184182636,1.4686536300193629
-3.0189949425023976,4.906091429808742,0.34034753583463795,0.7763153257637916,-0.4608518744120621,0.4300582109844522,0.568314702806656,0.21658519971672285,-0.7937942112647633,0.27267730664292683,0.8606430160726082,0.4300473059180851,6.633963120768976,1.4718620529376576,0.8199615742148432
-2.5306036484186087,3.821961895499967,2.0435162486283356,0.7760951558090554,-0.4341445244474321,0.4573782253475033,0.537314229794279,0.0755845010467896,-0.8399883342416647,0.3301056309581815,0.897666706018342,0.29193279588953347,6.633963120768976,1.4718620529376578,0.8199615742148432
-1.9018931624187452,2.7000051916631933,2.9363990052158573,0.7786138062297773,-0.42829927231580367,0.4586068840326455,0.5162621874441745,0.02178617872246178,-0.8561534419904104,0.35669860465627734,0.9033742833125291,0.23807773874480315,3.8965198753524763,0.41943595019932806,-0.03700180535753894
-1.193489459756903,1.6294781166175596,3.3956741633237395,0.7832304889808958,-0.4274100190478566,0.45152040568313023,0.4883493619143673,-0.02654597288659826,-0.8722443534018047,0.3847920241488614,0.903668073432394,0.18793379475338434,2.5568147474269294,0.04475859662387994,-0.3756987876294554
-0.5453687510327738,0.85859163214236,3.3847637706198506,0.7879359026294398,-0.4305890163616894,0.4401705491468089,0.46782623107452675,-0.04617700981606888,-0.8826133362254664,0.40036936804172973,0.9013660647889509,0.16505631275642413,1.4182983317359863,-0.1554247149524327,-0.6331940898529719
-0.057752078046223065,0.4064647415018232,3.080214232359548,0.7933461674160088,-0.4358581153822787,0.4250053669093357,0.4514023462339796,-0.04724202883588394,-0.8910690840366566,0.4084578074425672,0.8987746625082829,0.15926809339077608,0.45874638257211986,-0.2563644623427197,-0.8274080418564485
0.22628234862495433,0.2796785030525481,2.8303128502318264,0.7992272371974147,-0.44290942371789416,0.4062844640195721,0.4397737399432017,-0.029819279283808873,-0.8976134291772611,0.40967655653961615,0.8960703392953463,0.17094755352728985,-0.508179838441817,-0.36373915816275404,-1.0183707002852351
0.29855673079065514,0.4428097803590405,2.8506335017597486,0.8065290331002526,-0.4527744838780949,0.3801396921071214,0.4317332935855797,0.011812368498281288,-0.9019239608526912,0.40387780574837223,0.8915468213724872,0.20500483731974356,-1.5180969034087777,-0.4931381216030547,-1.2278132639402601
0.23312882055524953,0.7484866323797804,3.0048002041355586,0.8110376673726992,-0.4598850644801565,0.36155722862464507,0.4299370768768112,0.049469749950774265,-0.9015025533887463,0.3967014142012536,0.8865993860295022,0.23784347092748898,-2.549263446983754,-0.6697538957373769,-1.4339620881488397
0.07375881056504285,1.226919497952799,3.122607037677596,0.8190622601248061,-0.47427383966225556,0.32280232194218517,0.4309397060419067,0.13718123531431606,-0.8918925262800175,0.37871887171853497,0.8696238460907447,0.3167434016906754,-3.6403222194623974,-0.9215240430753558,-1.6758503536703384
-0.15868437690274662,1.7793125436649004,3.2547656235596705,0.8263719458179059,-0.4878052375269225,0.2813457968522567,0.4350444319564064,0.23579707962476548,-0.8689856612534858,0.3575552396327822,0.8405032941528157,0.4070730439729571,-4.79449575203114,-1.2165373849799486,-1.8919157813790024
-0.5263352673135182,2.6722138667113824,3.317377408203061,0.8349659899934871,-0.5021470233241849,0.22512255000522952,0.44295985200151616,0.3705496899913963,-0.8163819551913634,0.3265246775804112,0.7813714188616961,0.531827359880129,-6.054802880174746,-1.554246654051211,-2.0733674897217633
-1.0392796520570513,3.978758798025266,3.0218685834935406,0.8433164348742394,-0.510759674785836,0.167158443650539,0.4509625841003109,0.503364818631206,-0.7370594325466172,0.2923185563945152,0.6969565366484769,0.654829327084842,-7.372041004335688,-1.905192159595102,-2.2454040929663743
-1.2761760425203637,6.651966219142845,-0.07122935443081424,0.8636154775605274,-0.5019029339710668,0.047557878307783186,0.4549961085055336,0.735308774089192,-0.5022942842520393,0.2171332497862169,0.4554277677290697,0.8633879198938291,-8.506607590070681,-2.189046378726559,-2.414109495153278
-0.5527684965915951,6.776324322270577,-2.94935756942131,0.8799276639856635,-0.4742504161572709,-0.02852803756639196,0.4462187660503107,0.8455511671575986,-0.2931416663372146,0.16314447271443883,0.24521371595625813,0.9556432987938813,-9.576354094850652,-2.37797681448755,-2.5067979635294995
0.3028365748035826,5.745778245999849,-5.268539788211086,0.8938922219732193,-0.44021251996378546,-0.0846736840046272,0.4312059538310972,0.8960003500718708,-0.10604149212311584,0.12254844297825804,0.05827786833967977,0.9907500033739025,-9.658127279803029,-2.444485655452682,-2.4182875756600577
1.2731392760712672,3.6888329580108548,-6.675866487988419,0.9073648216647959,-0.3977156512862079,-0.1360563895125894,0.4116949889221188,0.9061765332113704,0.09670225826441083,0.08483110574329722,-0.14375796109783892,0.9859702491045873,-9.67184809951487,-2.5021342151557584,-2.1604357790536426
2.0779492838309377,1.3309670900999495,-6.721548631780894,0.9183515764984563,-0.35500644542274395,-0.17493085963062371,0.3920946072255865,0.8761940517575278,0.2802602409357021,0.053779186749278465,-0.32596688079164277,0.9438503015306788,-9.491343793296664,-2.4288929727734763,-1.8250671703564132
2.51611522259839,-0.7892013919433103,-5.828932338244582,0.9283134876085724,-0.3110497265598171,-0.203671638504414,0.370983426231153,0.8111839263795003,0.4520530223826963,0.02460419041148046,-0.4952057200705572,0.8684272730767941,-8.90625961669801,-2.1440186493700373,-1.489652315964967
2.672729929515437,-2.399503243384456,-4.469026173074564,0.9366911060892116,-0.2716889626178431,-0.220895630026966,0.35015627606778293,0.7257116941280841,0.5922272531183339,-0.0005950661413747088,-0.6320819919894769,0.7749012848736944,-7.990854110494539,-1.7753693276857918,-1.1892590333432902
2.4295349759921407,-3.782580830291582,-2.5898467895037136,0.9490411028017592,-0.21213727611348387,-0.2330638566487147,0.3135298010426205,0.5605901992438598,0.7664448397438023,-0.03193820675924033,-0.8004601205524733,0.5985344988838354,-6.694675452192851,-1.4374863446480828,-0.9580776378157201
1.6177380223875495,-3.6198461754521407,-0.4963688838457847,0.956855513280213,-0.1714661474784652,-0.23457810420871283,0.28594327367409633,0.41226836125585725,0.8650267293835197,-0.05161367014465706,-0.8947816261950747,0.443510845952944,-3.9372037140677336,-0.7861551517572529,-0.4614699624248798
1.0410855772444552,-3.1406895325059168,0.3971319625360836,0.9585471424672862,-0.1609593062718146,-0.2351158807743463,0.2788114090660976,0.35971009165777357,0.8904340784887623,-0.05875009653079527,-0.919076031503407,0.3896763714591513,-2.8566292572832643,-0.479622879972765,-0.19782337952027387
0.557486151423191,-2.5597062453717614,0.7739753617435899,0.9580448821360316,-0.16201471669382717,-0.23643442090266087,0.2787551585291408,0.33479438822020297,0.900115703234674,-0.06667507335092626,-0.9282585572947218,0.36591048823827144,-1.485228236322855,0.028296467743714776,0.09392829169781308
0.12220428825998617,-2.150105145806287,0.6051107917767987,0.9574153785517491,-0.16327390041147752,-0.23811221379222458,0.27838940700540793,0.3034945304597878,0.9112575969769297,-0.07651882761640158,-0.9387399551661872,0.33602405508355504,-1.4852282363228548,0.028296467743714845,0.09392829169781305
-0.1979687484877964,-2.21949823282989,0.020396920667741236,0.9563497173108487,-0.1685442336110596,-0.2387217198244019,0.28076982251003135,0.3034869028418649,0.9105295198790295,-0.08101558471766578,-0.9378105038438801,0.33756174829642976,0.02802547571583341,0.31767145887778003,0.16152182261671583
-0.21213897358836792,-2.760258847547682,-0.35788600927670783,0.954560885362239,-0.17709150743145136,-0.23969170643164625,0.2846331514017004,0.3034461448030926,0.9093428431165417,-0.0883033706015523,-0.936247315189633,0.3400639344896907,0.028025475715833418,0.31767145887778003,0.16152182261671583
0.09294393454998218,-3.5784156509356753,-0.46497512142119435,0.951376067017725,-0.19001801639161686,-0.2424391316443788,0.2941343359092086,0.32666226275355986,0.8982075253147077,-0.09147989694536263,-0.9258428157842554,0.36666948184372655,1.6725045399746596,0.7189745764622972,0.4736264724871837
0.7262274391215238,-4.349807997689568,0.058945862806108806,0.9461928462733741,-0.2102974246491752,-0.2459554651700497,0.3090785459402888,0.36214239297312595,0.8793880483899773,-0.09586214112217614,-0.9080902380257271,0.40765496378904803,1.6725045399746596,0.7189745764622973,0.47362647248718376
1.4656098096853034,-5.095701198430067,0.25021146979816544,0.9396907435932682,-0.23794796668684753,-0.2456869381036071,0.3263040510962738,0.4084156255040368,0.8524801130127934,-0.10250352502861175,-0.8812363145001121,0.4614277683050384,3.502090593362878,1.629589576646384,0.7979588435548648
2.0858961364892057,-5.613691304442482,-0.29003801103655347,0.9277368123633004,-0.2866911120931225,-0.23898245381782957,0.35568660557741205,0.4850859548873717,0.7988608483233006,-0.113099273201913,-0.8261354747363259,0.5520042860190348,4.450998220924143,2.1512669790015817,0.9440383456409763
2.435675227575297,-5.960863364192092,-1.2889779628681204,0.9167392210830017,-0.3295245183522512,-0.22583797805694283,0.3807180713994163,0.5494241712940499,0.7437653057973017,-0.1210080602193108,-0.7678194265597624,0.6291346259421724,5.645577689324567,2.8107715157520383,1.0456692212665728
2.6755704756797107,-6.17569230135352,-3.173372056264823,0.8949262452966368,-0.4036928214599566,-0.1901029231257726,0.42789206451217665,0.6555717689329166,0.6222009618328084,-0.12655195220450396,-0.6381675028390781,0.7594253364968566,7.074309114116969,3.41786184788692,1.2486639132903807
2.7280072923320207,-6.05776573646645,-5.496164734359629,0.8715746420443837,-0.46918206331105605,-0.14221756154703388,0.4753169833634123,0.7375897274756067,0.4796198069812837,-0.12013079818060686,-0.4856228839229456,0.8658747056814002,8.44068854319469,3.953275248020704,1.4981500469755837
2.3763046845018296,-4.776407666503708,-8.009183628611357,0.8441410708972037,-0.5306856271059067,-0.07614865466791011,0.526532765831429,0.7938959397834139,0.30412576888733633,-0.10094106662021876,-0.2968198139926287,0.9495835398167735,9.340075286450505,4.348930418153783,1.745607827849986
1.5717717787748007,-2.357169403006914,-9.673279351730029,0.8146626586411078,-0.5799315893948773,0.0020258918364737116,0.5759295104016888,0.809440708900974,0.11450300355168733,-0.06804374816448899,-0.09211455040230254,0.9934208362722765,9.81858370911543,4.514651903407354,2.019226933083674
0.21342295863600158,0.7010655163677141,-9.95973100395055,0.7825618289244859,-0.6151475702575839,0.09586683846124393,0.6223205734576943,0.7772984376184588,-0.0923268256098262,-0.017722521311865476,0.13191135539479554,0.9911030756466547,9.882281934782588,4.4591213515091415,2.1932309029565933
-1.3824508371997102,3.2585033834670614,-8.871852667400423,0.7563090488527751,-0.6291399451564829,0.17938659936547097,0.6531898917455395,0.7108419680899739,-0.2608575506352477,0.03660038175839554,0.3144624394271419,0.9485640654403218,9.58649101527017,4.181162361562905,2.2569193029411916
-2.9059898600441083,5.067659778590951,-6.843436935209967,0.7319474648868616,-0.6291064619718532,0.2616829534970767,0.673731137870085,0.6109308591731032,-0.4157521367044221,0.10168216416843348,0.48061267650288864,0.8710179060586262,9.05168698767398,3.6971133551834114,2.2213607533576325
-3.7545401601524118,5.680232667135977,-4.732263811494046,0.714851192761772,-0.6190929924521723,0.3251332632993522,0.6801534208472831,0.5075817761418802,-0.5289159334321389,0.1624164287158467,0.5992366871489663,0.783923654738089,8.497141881498568,3.1824308421105942,2.055363301069479
-3.98504949195991,5.5999671532473325,-2.6794701567362322,0.701566722897504,-0.6011563009051828,0.3826424377991202,0.675213783866003,0.3891427495498524,-0.6266213103223778,0.22779481864215192,0.697982107474667,0.6789186241700929,7.865193617370178,2.6931938556894623,1.8016400784216204
-3.839654352445349,5.179275637449509,-0.5819933448223473,0.694184809797268,-0.580229774679595,0.4259587520194843,0.6584697998042894,0.2728837914898523,-0.701392870713568,0.29073178806664607,0.7673772507166139,0.571495566465902,6.822959798773145,2.027833050134495,1.3397610555966535
-2.8888240847321436,3.1905275882272193,3.3653921566918354,0.6895256696689598,-0.5448084979887778,0.47721908112185074,0.6080862271647679,0.0775554452624076,-0.7900735998896977,0.3934278729323717,0.8349663786221343,0.3847670144003362,5.381161306218317,1.2771181568740633,0.870698820911529
-2.052381628980471,2.0695013153860313,3.9165629343632156,0.6933992152243856,-0.5391825055617208,0.4779955585801925,0.5830626350529157,0.030091952830623207,-0.8118697173684878,0.4233621285983857,0.8416511748171116,0.33524290894457387,2.6540905563624926,0.30175383696694336,-0.09119237085116039
-0.6999108151916951,1.1325798533473057,3.3450173816507345,0.7066570246494027,-0.5327177380122947,0.46566904677111287,0.5411538756917669,-0.017084238707220874,-0.8407500292070007,0.45583805494652674,0.8461205235631971,0.2762095712818599,1.6319281044305762,0.18287247963761025,-0.4302212325272263
-0.15217255077331937,1.1790866187453362,3.0519265872948185,0.7149918612559358,-0.5309654850566372,0.45482116487290014,0.5251679711356664,-0.021540631887642575,-0.8507259272357502,0.46150323989222447,0.8471196225188335,0.26344469004428483,0.7128161023185772,0.12293073241382568,-0.7018388324588862
0.21784399641320706,1.3096595473670012,2.844070251638861,0.7252189072981449,-0.5307177430918059,0.4386299279174003,0.5127313921760411,-0.00889850118813669,-0.85850296222775,0.4595259034858676,0.8475019137701959,0.2656622859597367,-0.14219214624739834,0.0309032667022797,-0.9298046286182251
0.299128734506227,1.4460423638578068,2.8514572380813084,0.7358155332729963,-0.531977122133679,0.4190177114640193,0.5049273997226955,0.018681354931926426,-0.8629596328839391,0.45124696342851195,0.8465526259508479,0.28235585613241915,-0.9637956319263173,-0.08375280712240307,-1.1546617666950914
0.1431942741929617,1.752482824464302,2.992731511094233,0.7493428665531094,-0.5412302419630142,0.3815168325652555,0.5054111643295137,0.09521628526979298,-0.8576091265783643,0.4278373795229369,0.8354661478504553,0.344893450907477,-2.978648089659145,-0.6112785315410701,-1.7338574028132447
-0.11888976613173452,2.2039954960639294,3.035185734411472,0.7630425994666081,-0.553027494584119,0.3345543029662792,0.5089081664573855,0.19494397029610241,-0.8384565144109577,0.3984701613825343,0.8100354551988479,0.43019076211440527,-4.128506812421034,-1.0101710661725765,-2.046227556942995
-0.8343818774256484,3.456527542179692,2.828859772792215,0.786887757679409,-0.5698763789072241,0.23674579104571414,0.5157237580918547,0.3966254011544009,-0.7594190519724422,0.33887558506609056,0.7196729840161435,0.6059984603308947,-5.39722440891783,-1.495083452109074,-2.330540072508942
-1.2752617470407555,4.680501504382876,2.114499311159617,0.8036331340051887,-0.5731404220357192,0.16026179381785088,0.5183151608390028,0.5417274654077843,-0.6617255830533492,0.29244346457638015,0.6148507215996214,0.7324175108331238,-6.769354855476222,-1.9963791722830404,-2.552733232059974
-1.6297560082385314,5.789139239849042,1.0361034583248194,0.8173851408544095,-0.5680546755021382,0.09589273773637345,0.5177147730072631,0.6512979727989041,-0.5547813663399973,0.25269140333706347,0.5031151322194531,0.8264515826177288,-8.0606718843899,-2.4320497196854163,-2.7518130757298866
-1.3585533669248062,6.553131385222825,-1.309702352410959,0.8317379514414452,-0.5545322069131662,0.02657087932306472,0.5148587158714647,0.7525587518700906,-0.4105798675957165,0.20768361231251228,0.3551751067850108,0.9114374145804435,-9.759546436739422,-2.968477311025177,-2.92391111893284
-0.46858890956436916,6.081736398718675,-4.262386958729891,0.8545507211636886,-0.5156747224027072,-0.06182754752948017,0.49748215452512595,0.8469132506271982,-0.18774837373758893,0.14917965976519088,0.1296824066207965,0.9802693010216024,-9.759546436739422,-2.968477311025179,-2.9239111189328395
0.555829395066664,4.426682545205168,-6.2979866744729565,0.8723145728108112,-0.4734508891318588,-0.12211282341402166,0.47735044524263176,0.8787076477587759,0.0030695597238690753,0.10584818604280888,-0.06096823230576198,0.9925114791079033,-9.94792834867601,-2.969735224844671,-2.69844681347943
1.550972914916779,2.001721292336047,-7.082954035949262,0.8936320128215065,-0.4120272397343162,-0.17791958682928308,0.4442600187246369,0.8683586800799189,0.2204228629081936,0.06367779380104241,-0.27601948562878503,0.9590403443702735,-9.947928348676012,-2.9697352248446713,-2.6984468134794297
2.1224122674444463,-0.03667708223730326,-6.539770234667099,0.9077076169508974,-0.3643265473735823,-0.20816591701853465,0.41824821000965956,0.8254224159230215,0.3791388533446768,0.033694464724025194,-0.43121224724101404,0.9016211404333396,-9.423757395878342,-2.585026009433393,-2.181341380311038
2.495124165209946,-1.9913761377079546,-5.351921054785801,0.9227617593580143,-0.30969068570369035,-0.22935216296097932,0.38535799642471164,0.7463938171750997,0.5425822373376352,0.0031543712580762787,-0.5890568299164014,0.8080854540646094,-8.521460478727604,-2.170641709434684,-1.8628106095062398
2.6832232988599696,-3.460829221208623,-4.156697648117006,0.9341254474756937,-0.26690453246571855,-0.2370055250992908,0.35650288144721376,0.6645917224687399,0.6566761286554167,-0.017757924939826128,-0.6979110351436552,0.7159642750351048,-7.2534333801813,-1.735494707562681,-1.5468342203583663
2.7243364418294886,-4.51619548146615,-3.0230222872526293,0.9430977885144723,-0.2321289193705448,-0.23808134343323512,0.3309766472168019,0.586524406880934,0.7392182215896002,-0.03195340821001552,-0.7759544348251579,0.6299791224944947,-5.774931334615443,-1.3495756821668443,-1.22328124407761
2.5528015278741636,-5.033052464472094,-1.7166362859776423,0.9496750601477303,-0.20631724902926757,-0.23569147817941846,0.31046702665445713,0.520143291201549,0.7956514198933848,-0.04156327097023296,-0.8287847424820359,0.5580218142109143,-4.2805399283427725,-0.9551393730076919,-0.8912435000247302
2.3094427659340724,-5.2555562782004515,-0.4602799137393121,0.9523889503653711,-0.19580773463290405,-0.23369770704882012,0.30126506897886723,0.4866146749651733,0.8200277533850273,-0.04684704297076399,-0.8513903271511063,0.5224364702032462,-2.8258045758000603,-0.5328886163245841,-0.5233581051052282
1.6865026387862154,-4.730492829319785,0.7143926008251573,0.9539994323813767,-0.18915487850561516,-0.2326059220087402,0.2950316693357663,0.4543639182599275,0.8405413397760012,-0.053304756869922164,-0.8705020745070118,0.4892695996830658,-1.7590851685413897,-0.24043460618549778,-0.20661337138927174
1.1795345419005419,-4.07737674538741,1.472935028977446,0.953257085440601,-0.19099104888916327,-0.23414386240409368,0.29635461998193036,0.4397881289784704,0.8477973465545763,-0.05894801330541912,-0.877558442984758,0.47583222975489115,-0.8134697670932315,0.04550686770831738,0.11767675997809908
0.8893602803242099,-3.418444023821515,1.6158025717629132,0.95050048002422,-0.20055994485181927,-0.2373279292345541,0.30373693883943553,0.43866549989170955,0.8457638270753863,-0.06551877179996304,-0.8759841823490827,0.4778692319202331,0.019647250419047267,0.311078401805288,0.34125744185386453
0.8569500015267172,-3.2261193060817113,1.286379013970094,0.9464764212880503,-0.2155328331131338,-0.24026648079994478,0.31499639079439873,0.45437154168160926,0.8332609290590662,-0.07042483746709674,-0.8643448964158363,0.4979440152342735,1.0530759906520168,0.6087253988196377,0.5332734861802527
1.0879383085587102,-3.651156654727865,0.6635089684963351,0.9400641814439441,-0.23927951791116392,-0.2429498859319087,0.33285920497769694,0.48917686831260376,0.8061704169525741,-0.07405460436557844,-0.8387200389975631,0.5395040423909577,2.2010764575742456,0.9440462220513515,0.7574844778369405
1.5683483071878144,-4.392807307491488,-0.11654200356744937,0.931623521055876,-0.2706352991917611,-0.2425575186359656,0.3554248886010758,0.5392230635952963,0.7634865003716922,-0.07583378916000497,-0.7974929607954468,0.5985434102079382,3.3968953321265056,1.345522039699998,0.950201906601202
2.2021897211430943,-5.117302621837714,-1.0936496083319684,0.919886902877409,-0.31369190797849755,-0.23538367144603964,0.3847255827528041,0.6052954515487879,0.6968526690125125,-0.07612037762730134,-0.7315837636273496,0.6774886603528651,4.691960584863998,1.890840679512472,1.1696023578268986
