0.1154786140064027,0.10916854762593321,-0.20498524405941468,0.9999875586328104,0.004167521642863355,0.002741230188766892,-0.0042182772654369635,0.9998147776344264,0.018778087249089383,-0.002662464366604576,-0.018789416892995407,0.9998199183334555,-0.9110999,0.13105224,-0.20337525
0.10656115172662182,0.15779775383532602,-0.2585001190015901,0.9999536768444562,0.007907273715569589,0.005488095082983509,-0.008118642980153239,0.9991816507342502,0.039624695230876535,-0.005170280593315412,-0.03966741557457586,0.9991995618194698,-1.0597463043410837,0.1338683829797036,-0.19388563886255886
0.10837366015680903,0.23329247888895638,-0.2312712661828925,0.9998908460600121,0.011811279417052513,0.00887635307575605,-0.01235788274749707,0.9978552783312749,0.06428161665992153,-0.008098067633225011,-0.06438429299872989,0.9978923209022412,-1.221453856121144,0.1571717952568662,-0.20136164713453433
0.18076004279393082,0.44551427194498117,-0.16397733188212102,0.9997846854441241,0.016754273145572582,0.01224242961007135,-0.017805075164970596,0.9956481516485086,0.0914753377543806,-0.010656549618134083,-0.09167361916206758,0.9957320852016192,-1.3626566686036876,0.14811269516036235,-0.2588010713898524
0.33756636878847907,0.7514614119944427,-0.17671621222258624,0.9996196198765673,0.022092909257721706,0.016508147029794203,-0.02395040214605889,0.9921892228487302,0.12242109417855428,-0.013674567447246237,-0.1227699043876897,0.9923409478509734,-1.5341084696230336,0.1804084019440162,-0.28344436093051567
0.394174893074876,0.8857807906973031,-0.32084421309210853,0.999396394429339,0.027976409920482326,0.020595322031917905,-0.030832221050812254,0.9874671103732876,0.15478397874490404,-0.01600690309557458,-0.1553255497945853,0.9877336445794983,-1.612073445072239,0.15883644830167046,-0.3143749303281767
0.2453303487170446,0.8392000046949893,-0.5257812665243441,0.9991199779075126,0.03459271166453014,0.023719486625693793,-0.038436806683288645,0.9814854043728393,0.18764064830168137,-0.016789331079089607,-0.18838722170778588,0.9819513089044375,-1.6898501533029215,0.09804314473785153,-0.3559113348699274
0.02402222615746929,0.7560738428990497,-0.6621390650852905,0.9987260753141569,0.042865573166920155,0.026622718205562057,-0.04775369111675919,0.9733741825001541,0.22419251956049163,-0.01630372571857444,-0.2251782482373191,0.9741811664410606,-1.7986304618148627,0.0543388389189193,-0.41642151710693204
-0.23856891835854555,0.7352048394057679,-0.442061204909301,0.9975899816781879,0.06116846135923183,0.03275130211544817,-0.06816207675743491,0.9521833697270284,0.29782673101552526,-0.01296764232336583,-0.2993413599057515,0.9540579597185634,-1.891774791163318,0.027699105606837172,-0.4747900709185242
-0.29630151327377463,0.691965296615927,-0.18311177855653757,0.9967981516354342,0.0711966167079109,0.036393497572082954,-0.07928221999770917,0.939144692466476,0.33424777666318506,-0.010381449244553042,-0.3360629232471122,0.9417823193977406,-1.8933592256624336,0.013459113215790484,-0.5218293486336479
-0.22685072468319994,0.7603417024207585,0.13933843621667255,0.9959837621810058,0.08033262485315369,0.039534982685875436,-0.08923347994459385,0.9267774661010474,0.364857389104701,-0.007330179312115322,-0.3669198791446491,0.9302236670606312,-2.0380982871606084,-0.016236436945527684,-0.5969248205297407
0.16079099224243965,0.988925007963269,0.42323969411660123,0.9943547141447174,0.09578878895298272,0.04564219943318292,-0.10609895436226884,0.9028995546056545,0.4165518049128385,-0.0013093286106633604,-0.41904284053522645,0.9079655188688378,-2.0380982871606084,-0.016236436945527705,-0.5969248205297407
0.5968535562995066,0.9036485802751928,0.5432181257064879,0.9932933435041212,0.10179975955771323,0.0548191819019203,-0.1156101692048589,0.8811069349886033,0.45856826960814984,-0.0016194217572773999,-0.46183046463933136,0.8869667408669792,-2.7837795878065563,0.3288571067358337,-0.5585698109729629
0.600486980915032,0.3931373617083063,0.6226412998888505,0.9917182293110142,0.10918794069091994,0.06762357029840455,-0.12842595228744694,0.8484618066259734,0.5134387378023316,-0.0013146981743010072,-0.51787117732566,0.8554576057666708,-2.7837795878065563,0.3288571067358337,-0.5585698109729629
0.3417756208378312,-0.09338450565464718,0.785512877808733,0.9909526839823264,0.11228397652294685,0.07351929491241312,-0.13420743655188414,0.8333848465355076,0.5361511554955003,-0.0010686825515725097,-0.5411672626657884,0.8409142951195568,-2.278839441631575,0.28111951564144894,-0.48479373765216727
0.1986878394831394,-0.2703545106340049,0.8654367615660572,0.9896104246811553,0.11695471733199421,0.08362297206017656,-0.14377119351738465,0.8091332716901035,0.569765910316382,-0.0010253179850418935,-0.5758688589756022,0.8175414399192049,-1.997138540757267,0.2781950720510564,-0.46322898092613085
0.14880770291521211,-0.21897020820477542,0.7199230757620244,0.9884293004472017,0.12031937253532297,0.09236214922879421,-0.15167903842369646,0.7880266362050723,0.596663632153143,-0.0009936399341246224,-0.6037692185131869,0.7971585434878411,-1.747933781045908,0.25944262504379156,-0.4070612564060307
0.1414638164582675,-0.12859297308639514,0.4091799856339551,0.9872207466569294,0.12306892036459238,0.10123852137614821,-0.15935578803644684,0.7662378789626764,0.6224831288172086,-0.0009644632798699324,-0.6306612035658068,0.7760576757738492,-1.5692755301545267,0.24568530236104494,-0.35951141277648224
0.2049909742296036,-0.07655206534413406,0.07784641449318673,0.9862156807425121,0.12469176635227802,0.10876853617445026,-0.1654616171357195,0.7473188974108862,0.6435347067776604,-0.0010413032297843404,-0.6526610368150727,0.7576493164459774,-1.465077113512657,0.24517628459584603,-0.31891514999339665
0.2832471415711521,-0.07660998740743871,-0.20124017296409566,0.9851896969446908,0.12581616029153603,0.11649701645760265,-0.17146204929290884,0.7285077211164103,0.6632324373295158,-0.0014236173307924163,-0.6733845811148844,0.7392909976662951,-1.3364208808062372,0.24743840019151742,-0.29711476075827553
0.19817270504271792,-0.37791364166616687,-0.43892192380895556,0.9842971596625778,0.12638097340852042,0.1232353481777734,-0.17649992981492268,0.7150115367904747,0.676466020604029,-0.0026222615257734125,-0.687594612992887,0.726090057725384,-0.9603302056792116,0.23154122758412926,-0.25808036286040203
-0.26062977849359037,-0.9998055011988519,-0.5805623652199606,0.9836257275964014,0.1290729094000394,0.1257800145868149,-0.18021427341608579,0.7113956241819349,0.6792930748593768,-0.0018010184792013372,-0.6908374989487788,0.7230078190300799,-0.22728001538538992,-0.0005049155957869145,-0.18810329169658585
-0.8440445721097318,-1.3985130425586578,-0.5982051020976804,0.9833387435145926,0.13330755031977995,0.12358807600606904,-0.18177787727546374,0.7161946741945235,0.6738115404092053,0.0013110439996541232,-0.6850505716245618,0.7284943345562072,0.34375294949918733,-0.212689842973189,-0.07516270522572557
-1.0444849876027202,-1.2996333547490484,-0.6015821285727152,0.9832859501899929,0.13703937538016914,0.11987055415896128,-0.18201178894325382,0.7235215404623015,0.665874079066556,0.004522039875964974,-0.6765624805459366,0.7363713472650117,0.47121830030778955,-0.22960604812044427,-0.008978632821582053
-0.8492938807663782,-0.9168264513335314,-0.6318198029592148,0.9832887371801295,0.13915506221145954,0.1173845304783879,-0.18193363440860902,0.7277644741875898,0.6612556410204263,0.006588778762515107,-0.6715614184654932,0.7409195970029626,0.4142411470585047,-0.21550331827331826,0.007590739045519247
-0.5252939635308129,-0.5337733032922567,-0.5456396207515652,0.9834226488902837,0.14070841352776242,0.11437235685303766,-0.18112464047563073,0.7323933215023981,0.656348906627609,0.008588263048598724,-0.6661840323673216,0.7457379410735535,0.30663233290405584,-0.14914582179531613,0.03980846732715973
-0.18827663823971208,-0.35238349050033146,-0.21540598306495956,0.9836085511919385,0.14042461402447082,0.11311563021163318,-0.1801114270916079,0.7351812260813498,0.65350473498556,0.008607662465558509,-0.663166263160002,0.7484226182801246,0.18326892835078373,-0.034567222327575683,0.049169349294019046
0.0906819876727128,-0.4061018653574008,0.2787398271635124,0.9838997006215179,0.1379795190718299,0.11359151127436834,-0.1786133241335074,0.7370349637707654,0.651825699571139,0.006217681148714451,-0.6616200680875186,0.749813460765409,0.11663496674766212,0.0932414362954146,0.07265474183646994
0.21810443578690897,-0.6074946518036493,0.8122977592496078,0.9843525167175887,0.1336169501035837,0.11487660108467104,-0.1761988352662896,0.7388809147279553,0.6503913931638261,0.0020231862378912455,-0.6604555280227398,0.7508624389471417,0.11715381358348974,0.19725930485033896,0.1261962499124984
0.24228474828311503,-0.7886423772903739,1.3096408895776572,0.9850447904076111,0.1265008515485996,0.11697989335054906,-0.17224085380761148,0.7405299302136721,0.649575638965439,-0.0044552407849310196,-0.6600098158476222,0.7512437645760098,0.08442827387698514,0.31060834016555205,0.19878737839421562
0.40029387556494866,-0.4558284301211639,2.0546760562182613,0.9866227441619159,0.1007547930289127,0.12815628109504737,-0.1606534898825377,0.7343987817456907,0.6594307284006455,-0.027677010152348733,-0.6711981086476223,0.7407611504775885,-0.29315591279052977,0.6633523299573616,0.3110838915966898
0.5119495592089314,-0.1356160960134385,2.397653941663315,0.9871381266893167,0.07996049867725306,0.13843640232104026,-0.15281897278456394,0.7262786790429592,0.6701982109232196,-0.046954024251161075,-0.6827339152399701,0.729156855956057,-0.5534738794633033,0.9118818337051253,0.35580733693964395
0.550914327549535,-0.0454103967854822,2.8849122666070657,0.9870090064697665,0.055844307164815817,0.15064738465983243,-0.14473050848075855,0.7161589526326813,0.6827660173726878,-0.06975887801897968,-0.6956994810414494,0.7149377112841302,-0.7211733410369423,1.1780520804506245,0.4219167708259923
0.5897678352923856,-0.17222730389082241,3.465054705356272,0.9860599171386658,0.029561350652674925,0.1637435994476685,-0.13656398536266875,0.7059912212540325,0.6949292578486703,-0.09505849627652269,-0.707603364929696,0.7001866609882089,-0.7799510784154565,1.4383166280208914,0.4935366658130263
0.5208913328806523,-0.6650362966124563,4.407020686180923,0.9804673160294239,-0.034658217507209876,0.1936043650264168,-0.1174390579338396,0.6864510528703498,0.7176301412878361,-0.15777170173916263,-0.7263496127708822,0.6689725929796508,-0.6779532224520257,1.6789209314053604,0.5724593831702025
0.513561864519706,-0.653867112643463,4.475416403190227,0.9753950489534714,-0.06995925864311062,0.20906984624082678,-0.106683307550019,0.6801148528512955,0.7253016329922661,-0.19293307224849898,-0.7297598845244689,0.6559171750850776,-0.44447602130594543,2.096623382936161,0.7054690555385748
0.5151030827571748,-0.42655643874905635,4.311335313041228,0.968980425419518,-0.10463735350495282,0.22389274084992292,-0.09640557578262003,0.6741333700912047,0.7322910379674843,-0.2275585641364274,-0.7311601900958187,0.6431344154274539,-0.430302700719845,2.3151713060982764,0.7669187659880125
0.5890086071861313,-0.19873571191859773,4.117154283760305,0.9556068464008015,-0.15985675950975664,0.24751034635133165,-0.08089736085863303,0.6654008944550645,0.7420897969009596,-0.28332167604689934,-0.7291690243677658,0.6229296603827238,-0.37086461466777637,2.525583317889451,0.7913309465694357
0.5219877459663121,-0.18683136882142848,4.020844103210763,0.9408348362991151,-0.20684839859777168,0.26840929716303835,-0.068259331329065,0.6601620792714352,0.7480151688157958,-0.3319193795073247,-0.7220801680489171,0.606984148407452,-0.18483011158333634,2.6753620591870386,0.7519206542641169
0.3478368593949963,-0.33389913351956135,3.9202353612187624,0.921391229701065,-0.25606989833285476,0.29234638529963425,-0.054893412901003746,0.6589444432155429,0.7501859329362536,-0.38474006166506786,-0.7072626300909437,0.5930890801783489,0.12663824574140925,2.734792395018899,0.6454045356179522
0.13687858056500257,-0.4726203455739926,3.6279656687601047,0.9002721489999856,-0.29926960515721807,0.3161451583750603,-0.04264188751002187,0.662107814467033,0.7481944342557426,-0.4332340327865889,-0.687059637477513,0.5833158041616365,0.43250683875803336,2.7202470230491316,0.49888734788298517
-0.030529651678276704,-0.518628673310491,2.9888668707848227,0.8775270465553873,-0.3373437827157769,0.34080119545974524,-0.031203587915372293,0.6690254690017601,0.7425841756516104,-0.47851083442800724,-0.6622719185425164,0.5765616075017709,0.6915893770936641,2.6512990428439354,0.3223743949730101
-0.22189827066443857,-0.5536179672045225,2.1110362680381196,0.8508612061772266,-0.3736621017481244,0.3693397372877864,-0.019064998125524084,0.6805594809131396,0.7324447547670138,-0.5250445063698027,-0.6302502888983172,0.5719377935356933,0.921802077592216,2.5339702652878113,0.13276834324182296
-0.4235318640226509,-0.48836950716486577,1.0923330678854355,0.8246227650909048,-0.4026319300155123,0.3973472338217742,-0.00842807640031605,0.6935975963456713,0.7203133636631329,-0.5656202461210362,-0.5973356705199272,0.5685629550915948,1.019864582458756,2.3654970318306154,-0.03938437115067983
-0.7347121688758189,-0.3642199685368103,0.1843447732893575,0.7997477865043091,-0.4244102623329271,0.42459322557944285,0.0004514616640516264,0.7076841268246484,0.7065288195274131,-0.6003359677412512,-0.5648531719543859,0.5661604189355204,1.0772125890371438,2.1670957158277604,-0.2175622696343864
-1.0128745006621895,-0.32256721445447883,-0.3874201458216852,0.7754379954885897,-0.43945110853191566,0.45340780580257994,0.00805809232243698,0.7249009865443616,0.6888059428134555,-0.6313723008659484,-0.5304726976170232,0.5656569055374081,1.1641036925552608,1.9052857203378175,-0.44484355345296156
-1.2263159322517658,-0.32916826641243147,-0.8076902192729212,0.7553969243816295,-0.44581724052212635,0.4802316885504465,0.012896003958042229,0.7428515389354835,0.6693319685948798,-0.6551405801174963,-0.49941824071054963,0.566897028682361,1.1891656591469284,1.5948026465232965,-0.6780734558964836
-1.4128426643141065,-0.2715983145770965,-1.3222550161218676,0.7294867180021376,-0.4520460699599543,0.513325899300076,0.020072997761054392,0.7643071073134277,0.6445399293069937,-0.6837003751785976,-0.4598793280241469,0.5666258030099791,1.1891656591469284,1.5948026465232963,-0.6780734558964835
-1.5004728179042237,-0.1614583780882315,-1.9718632986747686,0.7189115738305314,-0.4446894138133933,0.5342447699835824,0.01972176022062746,0.7813249308128921,0.6238127961688734,-0.6948217046022016,-0.43792999181664877,0.570473593675606,1.0712464814760414,0.886856653326568,-1.0466449550406889
-1.435955944491939,-0.09277337622014592,-2.516690852969302,0.705448652637252,-0.4345649095547457,0.5599067224779171,0.01986147477242057,0.801790132857313,0.5972755684543908,-0.708482688787913,-0.41022667177589495,0.5742528689101352,1.0712464814760414,0.886856653326568,-1.0466449550406889
-1.2067729035551684,-0.14514756486108604,-2.8026566906181025,0.703323344260004,-0.4180963340276939,0.5749188889674167,0.016433585851504,0.8181004357668914,0.5748405120153611,-0.7106801043190852,-0.39485077240727945,0.5822599564235794,1.0080862492734508,0.20977593106346226,-1.3022492559749983
-0.9653332377500119,-0.16484503006284257,-2.8033192098238597,0.7055403070540492,-0.39329263028458217,0.589519959022521,0.011055172167744893,0.8378753353033,0.5457496730724838,-0.7085835577336099,-0.3785311472708913,0.5955027390830057,0.9896354598130493,-0.12116229470604901,-1.3573015537028774
-0.7371962626186724,-0.13429406187299153,-2.6237281991318637,0.7110199162758483,-0.3700476267024143,0.5979259424301626,0.005679085660926821,0.8533211498242387,0.5213547383967022,-0.7031489363180053,-0.3672979297988887,0.608829864675106,0.9439949621984071,-0.4236488839343988,-1.370895225074954
-0.44898923578596234,-0.12670245314775697,-2.345373585742957,0.7211309084861187,-0.3382278775282797,0.6046255995975542,-0.0019068644437033044,0.8717566438902785,0.48993542197023265,-0.6927962014142249,-0.35446051500254916,0.6280057058738782,0.9726283163636403,-0.673595725932156,-1.4434930515218336
-0.11779546164276289,-0.24665943312302163,-2.069617591450847,0.7301971138138124,-0.3128459878153211,0.607403953630396,-0.007884976583188878,0.8850919601217345,0.4653493840891454,-0.6831910436490382,-0.3445861431278412,0.6438248114526316,1.105219749261724,-0.9112256169551174,-1.6103387866901542
0.25049266836748696,-0.3766399054679448,-1.9864113353079205,0.7467597412063928,-0.2683255938348617,0.6085649222609962,-0.018155962840883704,0.9064407813152275,0.4219424972457254,-0.6648460347529216,-0.32613875216203286,0.6720217737629554,1.2811318418998894,-1.126969678600156,-1.7876251576438866
0.6135342388204894,-0.46348475472085493,-2.0904849195101143,0.761594574616985,-0.22923326946282663,0.6061565904000047,-0.027355613226121483,0.9231437976886104,0.3834803765697424,-0.6474761573517575,-0.30863835950904117,0.6967904912529802,1.428841443436792,-1.3283965767347379,-1.923871314152259
1.0021106384753735,-0.5034719250265219,-2.2068401352519764,0.7803651215286717,-0.17952226173950347,0.5990008636400093,-0.039293952953938734,0.9419338474101522,0.3334915476655453,-0.6240883449983636,-0.28378228387804716,0.7279981819992152,1.5695435183585742,-1.4839905392681552,-2.0171862480796414
1.4018512337796725,-0.5405626554405364,-2.279119632063164,0.7997954316436806,-0.12511316558078917,0.587089399768259,-0.053054987589967094,0.9594765606043043,0.2767487993519796,-0.5979234364145032,-0.2524904462534931,0.7607470924932827,1.7133771266525932,-1.5708300247800602,-2.0985242550017458
1.7076834978472781,-0.5054896342802899,-2.4072361675637066,0.8161377407754267,-0.0755756770442971,0.5728939737170226,-0.0664643692611992,0.9725539360531495,0.22298279997846598,-0.5740223651572253,-0.220061715222848,0.7887148824464282,1.7879187458544559,-1.5645550797421048,-2.100258876130437
1.8864727832756816,-0.2385900683648082,-2.68597567890834,0.8295260183037337,-0.03084197613108321,0.5576157794265557,-0.07969083012025711,0.9817190637364696,0.1728497945938423,-0.5527530701424456,-0.18782026622470466,0.811903683353747,1.7560944586932012,-1.4690174812769143,-2.0189189235679295
2.062981552904445,0.3416457192712432,-3.0889611063444957,0.8407262546040345,0.01097516872440205,0.5413491576523835,-0.09338557093919386,0.9877515199243508,0.12500428003670572,-0.533346510216233,-0.15564858032955303,0.8314535582229232,1.6153685157050177,-1.3069949876442788,-1.8546031255537658
2.3388713265855725,1.1508885249127434,-3.49061838399314,0.8490577545296036,0.04611729016657969,0.526283312504625,-0.10615996764206923,0.9907563556082772,0.08445060741071848,-0.5175239035478298,-0.12757366252285784,0.8461051766105205,1.3917689156660866,-1.103773844912659,-1.623978154861572
2.6772872714240434,2.0052142272317433,-3.8085617486093586,0.8552994347054923,0.07440748227930707,0.512763496724681,-0.11781373626826108,0.9916407015786031,0.05261789162640535,-0.5045619887971937,-0.10541463633457238,0.8569159549847757,1.0489340784281704,-0.8882545162535348,-1.3037135316677144
2.940453086187827,2.727680445088043,-4.044593001266749,0.8593617582082365,0.09395514579336814,0.5026627090885074,-0.1274261438745223,0.9913135202297311,0.032558907644573074,-0.4952372627201225,-0.09203225080744933,0.8638692716058344,0.6275252785521667,-0.6391525757009777,-0.9322532046526761
2.8207722657525873,3.6206609509652457,-4.110127598273047,0.863411076021558,0.11640877795259907,0.4908872683405833,-0.14233376496507485,0.9896949601757136,0.015652001586365913,-0.484006625113917,-0.08338394460791168,0.8710824901394015,0.18155418341886512,-0.3559812367166764,-0.5379929611459513
1.9227219182724447,4.036178741991507,-3.7799295398606203,0.8601951457917465,0.11382901579095173,0.49709884964701034,-0.1518531999287452,0.9877253540910296,0.03659549913788103,-0.4868315076365928,-0.10696532171602813,0.8669218552571323,-0.5470936772661429,0.1713087140831454,0.04554275507092867
1.3523126016730875,4.109708019968272,-3.488680342522616,0.8527209635283586,0.09833752935210126,0.5130269863079273,-0.16553629210797918,0.9823727644124048,0.0868417395949167,-0.4954439366410805,-0.15897635692660156,0.8539682801977684,-1.3105416508602208,0.5027372269675392,0.3386068369610663
1.1432459655606921,3.623843552732741,-3.3980938814896104,0.8473806066895058,0.08797050045960036,0.5236480673653007,-0.1771290544278836,0.9765237651713222,0.12258317230806097,-0.5005710793523838,-0.1966278899457334,0.8430694321415511,-1.6123049237986173,0.5866989827733475,0.3527933329250338
0.905385421794252,2.954753908509418,-3.1886425573387385,0.8440838167245732,0.08503746448788313,0.5294252921585361,-0.18809326715116964,0.9715625766741036,0.1438300471347169,-0.502138858480478,-0.22098594805970873,0.8360752224316145,-1.9345972668225058,0.5648478993434184,0.11790457433172154
0.633865459301024,2.222215689490716,-3.08083200112248,0.8388052357782845,0.08360537002983376,0.5379739013494179,-0.20917216743672362,0.9617871518281972,0.1766705378608085,-0.5026457806455371,-0.26072133913505974,0.824240015116264,-2.0053233061065234,0.5034135887843135,-0.05157289899099432
0.4805954689069727,1.6178099120002614,-3.100187977702939,0.8339054909387273,0.08480634569170273,0.5453526527969418,-0.23236067815809583,0.950229731669613,0.20753788159515463,-0.5006097756018668,-0.2997854912792048,0.8121074508895567,-2.062271204539845,0.419300049511645,-0.18745483947855862
0.503936379966107,1.0921480976263758,-3.304558739109485,0.8291548504566515,0.08837393791655623,0.551989384917256,-0.2595828557827247,0.9353797060403966,0.24016982847865342,-0.4950949150899194,-0.3424249591149884,0.7985149794632556,-2.078499145719178,0.30591181678716517,-0.280445238136077
0.6525766633180008,0.6354556603341546,-3.68549280413309,0.825083499136246,0.09367359042171292,0.557191598923203,-0.2874389800833372,0.918600718454038,0.27120389522345656,-0.4864319604854729,-0.3839244437558385,0.7848477363826878,-2.0647076290336375,0.1952240721551632,-0.3426041399048756
0.8449718317133106,0.3203568754826913,-4.2033872786913715,0.8218033210486961,0.09868831889462652,0.561159440112245,-0.31379365147436367,0.9004564769015527,0.3011837935554113,-0.4755763301592298,-0.42360211156201244,0.770965891121315,-2.0831651115197674,0.12692148442667392,-0.3213243664531134
1.054458809287885,0.08008577070299783,-4.773433183913139,0.8193875675689939,0.10161236956742171,0.5641621579512962,-0.3365367791057208,0.8819803187677394,0.32992986166078325,-0.4640549648721758,-0.46020174234486555,0.7568800076103432,-2.122627640128275,0.11113424906587138,-0.22568546628356018
1.3205462810412532,-0.25680647992675,-5.299257674916078,0.8174954685978841,0.10147882922096708,0.5669243389041168,-0.3585234433974259,0.8600369112279879,0.36303918777437016,-0.45073506559439136,-0.5000385570587167,0.7394588170400404,-2.1911467870903363,0.1447192374986202,-0.07237091436406681
1.568997988052107,-0.7192874951532149,-5.7052285391594175,0.8161047848892211,0.09874912428326384,0.5694045930041388,-0.3772761041752634,0.8373980894113836,0.3955087623157036,-0.4377621743586988,-0.5375993399395617,0.7206602725260297,-2.270770814432795,0.19941475166567954,0.044834509422506025
1.6518903023500713,-1.082219522811525,-5.882826596577034,0.8154655027958182,0.0940695335344951,0.5711102665953119,-0.39615235706560725,0.810093805617113,0.43221676979514134,-0.42199445937278474,-0.5787045437538788,0.6978694199470884,-2.376013697153229,0.19707105475182066,0.13959029945419216
1.6758471811315951,-1.4967254678091724,-5.965562344409605,0.8156890908147201,0.08840293438764862,0.5716959229498764,-0.4123613151675259,0.7819604206758192,0.46743560652757704,-0.4057209051542276,-0.6170274075664295,0.6742905348829132,-2.4757824999424414,0.19192907506100282,0.22518286978875188
1.7350528329155863,-2.1364009788806175,-5.939232685681936,0.8162921002100683,0.08248162340348808,0.5717202016155836,-0.42734743307599765,0.7521461288226552,0.5016476575649974,-0.3886404232423507,-0.6538141805573038,0.6492192531989385,-2.5884313252542275,0.19270716115451159,0.2604599021364197
1.7029187899426286,-2.9741510967558176,-5.630133368346174,0.8174310211672886,0.07697954009724525,0.5708595939807115,-0.44620641817291845,0.7113649258304247,0.5430099213454285,-0.36428883871826245,-0.6985943692191419,0.6158405226035459,-2.6696028189269443,0.12055566627726705,0.2182208761958093
1.4620078315883507,-3.716206458774626,-4.9326205632988005,0.8187965911213064,0.0713030056349167,0.5696385026975949,-0.4643583170915011,0.6656961213384962,0.5841404175220462,-0.3375551743287,-0.7428085590664051,0.5781798585748311,-2.6696028189269443,0.1205556662772671,0.21822087619580918
1.0956826857854305,-4.2611313352912825,-3.8585575895890747,0.8202772724806923,0.07500217056695804,0.5670272221524147,-0.47789181705491773,0.6345801740976146,0.6073939527474649,-0.31426836850626155,-0.7692091243949764,0.5563746179544196,-2.734144048573966,-0.31648878598176283,-0.010083171075392583
0.6396769268133845,-4.962850019654313,-2.1676127678132584,0.8226558902318891,0.08764653121196399,0.5617431546830733,-0.4988721637089645,0.5851924607513364,0.6392779897322692,-0.27269736071901496,-0.806143826774296,0.5251364394236772,-2.6922652607594877,-0.5840467552583621,-0.1407142563696352
-0.03161121857079402,-5.627864928198283,-0.10480073262218248,0.824827797198003,0.10536114448934039,0.5554800934339496,-0.5138795824399299,0.5494084769354642,0.6588460368119521,-0.23576869962074187,-0.8288844037037674,0.5073103247281631,-2.425563243258545,-1.0263513155746646,-0.2744422882311602
-0.8905772737840063,-5.846016392003287,2.214724812516645,0.8280249432019633,0.13728147923536657,0.5436253203212098,-0.5290947642695816,0.51219124807299,0.6765492264572831,-0.1855624527158003,-0.8478289455169495,0.4967420409887949,-2.0246579350781477,-1.561283247973167,-0.34422173622538077
-1.6030616927197179,-5.301174437756574,4.352753903690958,0.83075481235657,0.169104103620112,0.5303303158270717,-0.5383776141242552,0.486131040336814,0.68835031505108,-0.1414071651518306,-0.8573683069485866,0.4948975650413296,-1.6804082540680618,-1.9406632625365907,-0.30409927701701145
-1.9425951904380472,-4.278651340515019,5.927229641975123,0.8329259124745566,0.2029154628739626,0.5148395276735032,-0.5447916860859484,0.4639889378083122,0.6985100460001582,-0.09714135628072662,-0.8622874117822666,0.49701506655410427,-1.4214088403486032,-2.117828325482619,-0.23715555298533275
-2.017910726242897,-3.1797525213397395,6.823342352274281,0.8339919343609028,0.24178502758174172,0.4959813039402383,-0.5496394921555147,0.4430716338009816,0.708225921570198,-0.04851682269058765,-0.8632656183112044,0.5024127687049605,-1.1893735367628921,-2.2011093438360856,-0.19337261093038316
-2.1069964724223613,-2.118842437925479,7.343406508324476,0.833828936084176,0.28923289013650083,0.47018468776856287,-0.5519605790994788,0.4240355945926119,0.7180064997189493,0.008296051404220352,-0.8582180083066178,0.5132183022353363,-0.9021801571644056,-2.2740305911381586,-0.0954937875018812
-2.13038880536357,-1.145307484941136,7.763618415406153,0.8327068285154634,0.3271481719331592,0.4467364002904998,-0.5512702123368841,0.41409417503417545,0.7243115125364306,0.05196624610040317,-0.8494116127082081,0.5251660894066503,-0.6042632173992792,-2.2863181964697223,0.020617031091427207
-2.0668494504359893,-0.2642766203755089,7.99688400475786,0.8306515985692815,0.36445188370023807,0.4209426876210681,-0.5486891486379442,0.40728260623947565,0.7301103319511014,0.094647450896827,-0.8374339992633029,0.5382807417292611,-0.4228690278114188,-2.1256246567493444,0.10818062826153907
-1.882279903630748,0.4877759473792822,7.909963555403674,0.8285359346294169,0.39419808755734675,0.3976632655826935,-0.5448253970806577,0.40367831291100614,0.7349891879349157,0.12920329610216807,-0.8256220003436533,0.5492311178592127,-0.2974839382559732,-1.8404318919768679,0.18756871693726274
-1.6409444813688658,1.202300407345457,7.465825908608203,0.8273452914281478,0.41695260092848735,0.37636458033487347,-0.5393986403225308,0.4028652163221923,0.7394245899994655,0.1566808079181376,-0.814769995800437,0.5582123058241156,-0.19758259404977419,-1.552187832030451,0.29799260900691793
-1.2183603955788542,1.9751218802322295,6.639473659879647,0.8271498666668514,0.43234544416566967,0.35902717861215255,-0.5330092335205331,0.40106121598859534,0.7450174883931265,0.1781130401033734,-0.80760591747395,0.5621818451410487,-0.2885899356539432,-1.1323190926672941,0.3349370999432183
-0.6327129984349598,2.5581723271050416,5.414848593186962,0.8274453615613256,0.44148789495188145,0.34701961362667444,-0.526629009204524,0.39557479936222917,0.7524509716744293,0.19492578150391146,-0.8053626616130712,0.5598168655771276,-0.47822606021466985,-0.6868896537843718,0.269071136164818
-0.1523221157196173,2.5934503966701214,4.012824450220624,0.8279387517805681,0.446546534929284,0.3392839746328841,-0.5209316194594236,0.38827470375162815,0.7601795855414476,0.20772017510925456,-0.8061258875443938,0.5540878831767976,-0.5743181860205502,-0.4198385867142126,0.2091030741106258
-0.035321443705037314,2.204583125373471,2.926726324988124,0.8286841269938254,0.4501384355082342,0.33265298217013456,-0.5152832016155894,0.3814754771705924,0.7674370869656066,0.21855397457212214,-0.8073734261143783,0.5480714469875795,-0.5078239943849285,-0.30374081492262167,0.19330009422817684
-0.8274706310504133,1.5966393591955566,2.184326797566228,0.831720686590263,0.4539247529361029,0.3196764272975452,-0.5045415297597394,0.3776894360094221,0.7763945740888367,0.23168630569268905,-0.8070334618829532,0.5431560062778376,-0.2630058904520566,-0.23994119947772996,0.25707565999256293
-1.2515486858125484,1.399665143252609,2.0320069201910496,0.8333653196889094,0.4561234235955669,0.31217569794470623,-0.49827344388175,0.3755259187663985,0.7814754375262684,0.23921918623309738,-0.8068033879342061,0.5402244664543271,-0.2630058904520566,-0.23994119947772996,0.257075659992563
-1.5817694685724513,1.1425287038648118,2.0114702334677412,0.8354141449340887,0.4564325002153352,0.3061904296205662,-0.49276727281110305,0.3752535753061446,0.7850892745836383,0.24344120705081174,-0.8067553079882,0.538407143101305,-0.19010825659758657,-0.16213372344404375,0.3037016320853192
-1.796082159347822,0.9168921505592931,2.2086436623258914,0.8392563895810389,0.4531376482700707,0.3005245152523711,-0.4864753475201661,0.37887763063097973,0.7872696344090685,0.2428794944052213,-0.8069188389966655,0.5384157672930264,0.013895646970886383,0.03421744178244879,0.47833009393892933
-1.8011479567513915,0.7810718884445944,2.5778146459711566,0.8455579513707733,0.44758099264361273,0.2910378083648629,-0.47591623517282283,0.3848665744618589,0.7908106328071979,0.24194108368069714,-0.8071858366486336,0.5384380532069182,0.013895646970886355,0.03421744178244879,0.47833009393892933
-1.5970947754512457,0.6920994478435418,3.0959098596683057,0.8519955127360088,0.43789343462903674,0.28697210001408546,-0.4682724077333723,0.39222778385680945,0.7917564762768703,0.23414653196940252,-0.8089540811934651,0.5392297247807644,0.20383999730005575,0.4038273655343352,0.5643710314227031
-1.290502302620002,0.6762364864496837,3.774106791873135,0.8599074365817453,0.42558106509564675,0.2818509491619111,-0.4585226797106099,0.40136131071260206,0.7928846388057115,0.22431262269969596,-0.8110424497491602,0.5402721462397128,0.20383999730005575,0.40382736553433507,0.5643710314227031
-0.9187069130737207,0.6674591443191107,4.631772035961611,0.8686825887385011,0.4034920372017599,0.287375600803814,-0.45092463293862706,0.40391618906419463,0.7959388717866606,0.20507933935855988,-0.8210029769292151,0.5328194595185353,-0.07124758394596852,1.3750567002093466,0.5107051436913778
-0.5920096713116414,0.4670334229777118,5.735677059677342,0.8817566812844558,0.36419705862637236,0.2997760122126597,-0.4398369476369025,0.4051746817597905,0.8014842086743227,0.17043654098719013,-0.8385666221289475,0.5174528053335584,-0.18965739445183993,1.9963226756674102,0.5673617659493899
-0.3541833551213165,-0.0035554044925860673,6.894398583881925,0.8955968147893638,0.3156633737726119,0.3134692645182962,-0.42612840073367675,0.40636779388482913,0.8082572623746329,0.12775340084439146,-0.8574507860814352,0.49845483047215206,-0.22986178227587634,2.5787676424471906,0.7536896141429168
-0.07407130450629174,-0.5391478940945014,7.726185827512991,0.9092719383814751,0.2552918006703019,0.32871056962396733,-0.40942854323089206,0.40674295694717494,0.816656864883715,0.07478509249728399,-0.8771466601910909,0.474363706933602,-0.22986178227587628,2.578767642447191,0.7536896141429169
0.14401662384765612,-0.9197609624765133,8.096273857410603,0.9196453471429547,0.19770787897232983,0.3393582621221714,-0.39201089361485375,0.40909419737921016,0.8239959932899817,0.024081004248186808,-0.8908162168836644,0.45372521747361094,-0.1419937656748612,3.6569766650209528,1.227178734123943
0.5840050011320552,-1.1472248559649008,8.173336429439285,0.9308086215635534,0.10228515185329055,0.35090320279716763,-0.36037414265686624,0.4171503197446909,0.8343357166280434,-0.06103922777435136,-0.9030633191793656,0.4251480380120067,0.14436802912545024,3.9974229281875524,1.5046610016945738
0.8254707494363596,-1.4883226769213591,8.064998403249216,0.9341971822225648,0.024835065390756653,0.3558916186909436,-0.33130612125153824,0.43042487410126246,0.8396253222575968,-0.1323324553867415,-0.9022846819501872,0.41032971372953997,0.7239197468874298,4.123069183434667,1.7154856548121271
1.317377087395216,-2.1692116167562165,7.561735030457332,0.9288091008819743,-0.08439586568983615,0.3608198885500695,-0.28883301508284115,0.4451117112523612,0.8476149207654086,-0.23214035305602626,-0.8914891487620356,0.38904749597261923,0.72391974688743,4.123069183434667,1.715485654812127
1.3987106750405713,-3.2976211025265934,6.596625141974841,0.9194384379722633,-0.14846688514468448,0.364129843317686,-0.2554026413296957,0.47862805143291837,0.8400504027636332,-0.2990024240385722,-0.8653743539052701,0.4021501933632442,2.6953485631939884,3.919797683097128,1.5821092170537165
1.480224710268113,-4.432829001538211,5.049786040291636,0.8980032902124628,-0.23167551093095096,0.3740542051661457,-0.20080982321441063,0.5406343102997851,0.8169393841817596,-0.391491386454659,-0.8087280137113834,0.4389686710577987,3.6321604332402373,3.6661985952899117,1.3222358032648847
1.174885581271631,-4.889008225517411,3.273085477645574,0.8742637535068848,-0.29186161036013847,0.3879171170521384,-0.14940129817318365,0.5985376138821719,0.7870400097024314,-0.4618897502740486,-0.7460358739137306,0.47967523745296015,4.260694360028291,3.3419639213866597,1.0036955684029882
0.4929271530183864,-4.621188922427994,1.286837574350923,0.8445733847835212,-0.3453566697621826,0.40917547380810065,-0.08854070895555546,0.6635856198444171,0.7428422901217647,-0.5280684998870471,-0.6636135138666756,0.5298686286623957,4.542566725065759,2.9179165995375196,0.6454585915850732
-0.4322304533976832,-3.777088456770649,-0.5031804788439476,0.8202185691493276,-0.37651440599050884,0.4306720340401112,-0.0402656123774731,0.7129902196397384,0.7000168763379524,-0.5706313865206671,-0.591508113874774,0.5696472346442214,4.445902253927267,2.4541984636605036,0.23958755947940855
-1.1665006714236028,-2.8864857338517047,-1.9991387877251563,0.796438249591321,-0.39499285836077574,0.4578938265929115,0.008126679253917841,0.7641226389042802,0.6450198057410813,-0.6046652558831361,-0.5099972887750911,0.6117864772695111,4.313959104429981,1.948201211919708,-0.2441510476276164
-1.5132033125684348,-2.1612733016439845,-3.2161149689495216,0.7798517041367109,-0.39557019409940486,0.48513455978236575,0.0448045841886569,0.8083059988191027,0.5870553308749811,-0.6243587660878571,-0.43607984797879873,0.6480821687070524,4.133432053182874,1.4281915263642635,-0.8214018442072498
-1.5130539534122998,-1.3217655874044396,-4.381998681019272,0.7691182509940153,-0.38062790771579674,0.5133999531123903,0.07247177479308514,0.850069229324828,0.5216609504394905,-0.6349842185804693,-0.3640119520331551,0.6813885388900833,3.753692357798612,0.9466636558959993,-1.3268665252956582
-1.1873418571175685,-0.24334541746003135,-5.4575646027978175,0.7654157617533083,-0.35600182001250946,0.5360983266224456,0.08649047934377929,0.8824007380673031,0.46248063142272344,-0.6376975055953159,-0.3076225635516019,0.7061942011596049,3.1622886991708357,0.5111747679627401,-1.6741066514508622
-0.4956013248108999,0.9499399132092088,-6.158016655492647,0.7672523404092545,-0.3239826421049003,0.5534971488194426,0.0893289572777222,0.9085972196922129,0.40800910499553117,-0.6350938383642201,-0.2636026175558739,0.726064374893503,2.3290935326652007,0.1034862138272547,-1.7557185302391416
0.5440606527388545,1.9040084244920388,-6.3927743083214015,0.7734912718956518,-0.29321704354754957,0.5619030322702342,0.08139046462519207,0.9251640866827928,0.3707384589983729,-0.6285593405314601,-0.24102941332050726,0.7394714175308116,1.368179528951757,-0.28655546213804833,-1.6544189086340826
1.7109197458880734,2.271956052835577,-6.472084648790079,0.7836855513713273,-0.260137987174329,0.5640613301767015,0.0651493244083572,0.937495350687844,0.34184504233323376,-0.6177317557815489,-0.2311508058985842,0.7516493749292151,0.7029081092901622,-0.6156377391229026,-1.5852381627244787
2.7710374376460947,2.0014857021060566,-6.6235843869885445,0.7961694401481682,-0.22524384413867019,0.5615865322920319,0.04426093074842945,0.9473227627260044,0.3172074293430919,-0.6034527260551874,-0.2276945188159014,0.7641989358261093,0.411337074236479,-0.8808596167852469,-1.6482092390110725
3.7202451299023203,1.4959845902904365,-6.824291762917138,0.8091760393482793,-0.18937411121335845,0.556211815180858,0.02174316544762567,0.9556393342646733,0.29373576146340874,-0.5871638375282924,-0.225590134554511,0.7773980441773226,0.3397400762788131,-1.0347269711152713,-1.7016877514136133
4.549721004675011,1.1662765578763756,-6.907461116945006,0.8224087922273288,-0.15131863118523542,0.5484035469646558,-0.0011280583261462345,0.9635412426645651,0.2675574726462289,-0.5688958656481877,-0.22066024911762389,0.792254093399174,0.4553678972527364,-1.1157484375181779,-1.7267545215277509
5.160155916532082,1.2724753708994871,-6.786690782695477,0.8324830181204286,-0.12133868927172914,0.5406005429399081,-0.018514994592638955,0.9690866860797707,0.24602477484627822,-0.5537411123587795,-0.21482066322573928,0.8045016240722667,0.5352502819694728,-1.1407760395616902,-1.6646151911782137
5.640306549152804,1.7118009425693472,-6.4799604962657185,0.8455514596438939,-0.08097756480125126,0.5277171241232769,-0.0417757553165795,0.9753650610139618,0.21660513387489044,-0.5322570012332496,-0.20519656856801838,0.8213384520927404,0.526077820187734,-1.0871339738241128,-1.4970403142108843
5.792257946442774,2.2855718969774275,-6.176649640168814,0.8534860117750434,-0.05611446260816022,0.5180857021676338,-0.056387230462379284,0.9784037041021074,0.19886345073959083,-0.5180560857138102,-0.1989405913469468,0.8318897361846772,0.43273267326417725,-0.9758326063983226,-1.245827693679215
5.688244626447247,2.7653648876816908,-5.81229929184991,0.8604062070764402,-0.03644216023108022,0.5083041685664484,-0.0687337529581983,0.9800272419058652,0.18660727833250085,-0.5049523047067089,-0.195495713712794,0.840716715601223,0.22767161017914272,-0.8347397357540881,-0.9067356151805313
5.432516463818196,3.096366067788533,-5.346269279287295,0.8680725572921979,-0.018814669503126522,0.4960806824375187,-0.08163793768177763,0.9802669285836482,0.18003331873918885,-0.4896787542943351,-0.19678098723369764,0.849406828708175,-0.030920701854816823,-0.6676901530238961,-0.5485920376843808
4.997387884887807,3.3091982973049356,-4.869459823587329,0.8713672760147761,-0.013402057272266309,0.49044821862400734,-0.0863841516329107,0.9798200083831412,0.1802512954703039,-0.48296671586896434,-0.19943203361780126,0.8526253663419913,-0.1769230189935621,-0.5116665038750481,-0.2749637291869541
4.5597160452164776,3.3758525565405657,-4.400052532278188,0.8752098905628471,-0.00968411686638488,0.483646425957527,-0.09104624301149018,0.978633981723117,0.18435322468090984,-0.4750981257534738,-0.20538195562725553,0.8556284375874027,-0.25882472082650604,-0.36387798624215806,-0.08919879858583081
