0.06742472437514165,0.047892861395556846,-0.31444541474632637,0.9999937097028274,0.0034632485233210167,-0.0007658096650372472,-0.0034579732641745746,0.9999709978004283,0.006785718747490821,0.0007892880853044087,-0.0067830279139562254,0.999976683506489,-0.34749025,-0.03982544,-0.17724975999999998
0.061605207333097295,0.09811788416137418,-0.3936978366967362,0.9999687905372934,0.0076732304652500465,-0.0018813520695502928,-0.007645515417399298,0.9998682215039628,0.01432081424027237,0.001990991055919703,-0.014305983389101107,0.9998956819558159,-0.3571898816788216,-0.05502132860522551,-0.1991382334079419
0.05475917714732899,0.157177055800439,-0.4566511755792554,0.9999238362975463,0.011881381170461223,-0.003339818180667086,-0.011806463577887649,0.9996965184774789,0.02162124792400327,0.003595694895526777,-0.021580169728002904,0.9997606549833461,-0.38517102155265276,-0.08103460391155277,-0.2209104557355597
0.04817158517810575,0.21083133382194963,-0.49482394341130626,0.9998505731452724,0.016502705492653924,-0.005147046968205195,-0.016340533583643378,0.9994132862706792,0.030100999781446817,0.005640775059511159,-0.030012396389884774,0.999533610100063,-0.4635234730860172,-0.10549437179012994,-0.2504928983824524
0.045527322510427896,0.24270416864609728,-0.5178451457991201,0.9997177497418895,0.022564382319183632,-0.0074343460752286225,-0.022236668099367137,0.9988888314818084,0.04155277286470073,0.008363697917257775,-0.04137572949762379,0.9991086515317985,-0.545449100922694,-0.11953685657400392,-0.2854483334672886
0.045253233354294875,0.24246103986470555,-0.519025928817825,0.999510541784484,0.029595594109284057,-0.01013793228453649,-0.028997943082185926,0.9980792250988404,0.054744677577825404,0.011738660855891606,-0.054423903162271144,0.9984489183758449,-0.6016156276051404,-0.13907813056083787,-0.3155605111885137
0.043968343577048805,0.21217798811058883,-0.48006002850154267,0.999314226982521,0.03496738877648211,-0.012180208228133767,-0.03410111116993915,0.9972860642356888,0.06525044289707516,0.014428789530026284,-0.06479033726909725,0.9977945791741181,-0.668030873641932,-0.15070481646088868,-0.3346369143429865
0.03905667201502593,0.15296478166556293,-0.4213463090557163,0.9989836901312188,0.0425296770794861,-0.014926936032814803,-0.041178206089596096,0.995826324898022,0.0814511263478975,0.018328725952882305,-0.08075368231612139,0.9965655525841396,-0.7678130578019716,-0.15668499250020812,-0.3494069972367596
0.017207077754249754,0.08030748885388951,-0.38668377178805907,0.9985654757456079,0.05058309483079818,-0.017559645961295008,-0.048570053859679385,0.9937424862604057,0.1005824083478541,0.022537535735199378,-0.09958524749341705,0.9947737622015671,-0.8821538128706581,-0.15512109558004863,-0.3600925244204759
-0.028029090925669596,0.03128394049825219,-0.3829691451289543,0.9979597903692441,0.060479843686331025,-0.020455935907491195,-0.05740562400623825,0.9902257896734117,0.12711207573681635,0.027943713758711883,-0.12567845469031172,0.9916774046473112,-1.0204400218943679,-0.15415069851279295,-0.3662615067348896
-0.07162386926959954,0.022734660500886558,-0.3648088118803171,0.9976161166712734,0.06556745806372909,-0.021517253560563828,-0.06182884828288805,0.9877501807940217,0.1432716785041212,0.030647630866676802,-0.14159974853239612,0.9894494600219976,-1.2120832305652862,-0.13021483482485258,-0.36707136537222684
-0.08721319533174843,-0.02516766627032998,-0.303192798663327,0.9970074267587662,0.07398087534963059,-0.02242813122767884,-0.06896466384650338,0.9822644692901082,0.17435706900140271,0.03492944500564461,-0.1722885441714672,0.9844270371230539,-1.3808648598827011,-0.09877468741003087,-0.36091161650244824
-0.09794160898005935,-0.13060177861664443,-0.2413907646671694,0.9964541856285718,0.08094611624814062,-0.022951736484249412,-0.07466573651286405,0.9764857112661922,0.20223917395981753,0.03878251841089588,-0.19980836308147956,0.9790671755852142,-1.4367732343805697,-0.0931271257941876,-0.3440906569744721
-0.14993447358199802,-0.43902300234350106,-0.1724859996700374,0.9954239434871323,0.09259541865223656,-0.023606380009309626,-0.08360842156118514,0.963574987405757,0.2540332172965606,0.04626882942731573,-0.2508970547667142,0.9669073706063134,-1.393436186730866,-0.08704279204961386,-0.29573617114589223
-0.1879196569007776,-0.5387605509454321,-0.13649860661103128,0.9949534688347934,0.09716820354610906,-0.025018694475012156,-0.08626690785877936,0.9557471740050909,0.2812567510118941,0.05124075977283077,-0.27767909464146523,0.9593063665675318,-1.2229778962146403,-0.11256223751097785,-0.17591261457998547
-0.18012026772733286,-0.5788997660671988,-0.15124964117063905,0.994670567064613,0.09966360490366825,-0.026412665010690242,-0.08697813637344848,0.9486594710067097,0.30410526444353214,0.055364851741544666,-0.30018723145209636,0.952272208596241,-1.2071615729585896,-0.1047001819164688,-0.10086436090887164
-0.13159733213089247,-0.7177314268853942,-0.1840383445974075,0.9945303252430785,0.10048955249526713,-0.028483012677695017,-0.0858045995197274,0.9415392448861322,0.32579352516664634,0.05955671979849103,-0.3215675670501491,0.945011797253501,-1.108162601505226,-0.10806764720028682,-0.006820199185349471
-0.08427298167033459,-0.9149326734589414,-0.15645264226204875,0.9945160149917288,0.09968641470516518,-0.03163091285754271,-0.08281700340550628,0.93534335936673,0.34391008132285344,0.06386892728004745,-0.3394045061748434,0.9384696805524976,-0.9403185417458759,-0.13159222899077655,0.0880496216699626
-0.03967232945249648,-0.9702352679579609,-0.08317237591972731,0.9945906912287067,0.09764617621201074,-0.035420067650652864,-0.07862063062602129,0.930538369764649,0.3576550556551871,0.06788338059621511,-0.3529356409700236,0.9331818043510643,-0.7516894636015766,-0.1439528723750221,0.16445906918929387
-0.01754883150095638,-0.7860767350338167,-0.048156773994784796,0.9947021863826933,0.0946080876415085,-0.04021032402638444,-0.07315026511550528,0.9262473287729769,0.3697498135962411,0.07222602798867914,-0.3648495521358641,0.928260849754657,-0.6386569839119252,-0.16282413589205785,0.22150421369660267
0.021272774940607107,-0.43495182409457617,-0.06769122988876428,0.994826921891231,0.09105672379679126,-0.04503408189153659,-0.06699321644391008,0.9213294241012058,0.3829673631470948,0.07636297814332652,-0.3779692650689134,0.9226634978324152,-0.7054830056341042,-0.1524037877402465,0.24809492064383698
0.12150291363257024,-0.12521318675366688,-0.03981909869756213,0.9949677347114922,0.08750972536693422,-0.048798102927117296,-0.061050988088525826,0.9156680938246917,0.3972715932518574,0.07944799391108917,-0.3922932448024801,0.9164027642613508,-0.8117012583625893,-0.10709183901826638,0.24332520880067593
0.2479932387227733,0.12852516818460522,0.09708372123371728,0.9951100815714877,0.08406548967748458,-0.05185478762922397,-0.05510527458899644,0.908208720192822,0.4148738715298743,0.0819715454731609,-0.40998769982891003,0.908400105527152,-0.9518013264161029,-0.06801677202299611,0.21394219871743012
0.39153695928307775,0.3077810239838493,0.25791063971936756,0.9953128363137618,0.08051974432522296,-0.0535623808549965,-0.04927093775139549,0.8987979786342182,0.435585316896863,0.08321497799166375,-0.4309045884843228,0.8985524486979062,-1.1836037431308954,-0.0018010964363673332,0.20144999543802597
0.5350387415051518,0.16433849941534873,0.41561552261926127,0.995692319767745,0.07547709295073943,-0.053851766871961734,-0.04221518521318065,0.886152078676057,0.4614676278955209,0.08255109019839492,-0.45720641060445333,0.8855210983422408,-1.4247539596609384,0.09790120365265403,0.22608656763969268
0.6158006717091798,-0.2765797290368777,0.9352754443243607,0.9965219414893296,0.06454668514957738,-0.05270432208593826,-0.0284563458167632,0.8580412484678268,0.5127918216104164,0.07832149457903484,-0.5095085292357471,0.8568936935950294,-1.6084560263633492,0.17191525897662338,0.24374537737109056
0.4820115395538559,-0.1115429976697947,1.3049762146950874,0.9978458972947847,0.047714752193318395,-0.04502074716279418,-0.012594638402950088,0.8128483157240137,0.5823392402269764,0.06438121104378951,-0.5805178016631048,0.8116983070185443,-2.158240889736907,0.4038629068635372,0.25455290772616973
0.4325814960322435,-0.13721422642862346,1.4558060786086724,0.9986538160237527,0.03443145694016502,-0.03879472276191887,-0.0023716572411774297,0.7774414070091229,0.6289508994425597,0.051816319660189694,-0.6280122080347265,0.7764764874587126,-2.376890888513423,0.524404685712379,0.273830027860827
0.40949588875801096,-0.15966979582100904,1.560275190562567,0.999244430526677,0.020828705240442322,-0.03281361149620554,0.006372300929237585,0.7450508661653558,0.6669772114601216,0.038340081406856526,-0.6666823620467696,0.7443552016970497,-2.4349239766888067,0.6480064278623334,0.31374034843828613
0.53681956450839,0.08077020402081292,1.3572185036616546,0.9995939690172971,0.005438943996647874,-0.027969894394658353,0.01569678288799385,0.7141254958048003,0.6998416872754255,0.023780414445803963,-0.6999965672271182,0.71375016480491,-2.3628150419381533,0.7319607498326304,0.4120465130834833
0.794594476816926,0.598162818024434,0.865002802197883,0.9996619749739424,-0.011153538381046877,-0.023484768953081873,0.024767096299481886,0.6832756758035726,0.7297403249074719,0.007907384655454734,-0.7300753039493624,0.6833209522846178,-2.281898847565261,0.7943019622680974,0.44411086731035754
1.1156708841128093,1.0918920313919263,0.49247616414215745,0.9995053519224328,-0.027080263977820967,-0.01599095936162983,0.02979580699997901,0.6527104587606628,0.7570213120577679,-0.010062870546408177,-0.7571233164599653,0.6531944751060201,-2.1521898995343682,0.8855560869887703,0.26656760664852724
1.554158989594414,1.4365465498701266,0.41393773656149807,0.998968388971762,-0.04472425184026473,-0.00786760017356829,0.03400139573110397,0.6218226968462239,0.7824196053111308,-0.030100879115059438,-0.7818799620045381,0.6227019046801466,-1.8827281843749761,0.885990434668194,0.2364040644502568
1.8770919613056718,1.7024239193966455,0.3771409076928665,0.9984913479308517,-0.0549011070657629,-0.0009468633400801169,0.03391215516313267,0.6030176597637525,0.7970066924093161,-0.04318557443664218,-0.7958363967901954,0.6039697307850583,-1.7495696953463413,0.9040636603444774,0.05761978980422422
1.894265987830289,1.93866150840425,-0.06658316860054592,0.9971911639099574,-0.07342190727250153,0.014798856454907767,0.029339710329546142,0.5647199788721587,0.8247608907194899,-0.06891272754493974,-0.8220100784023862,0.5652879505059519,-1.7509778296217873,0.8950102691496689,-0.07057880359021274
1.6429458481864407,1.836360323953477,-0.4662360750922516,0.9963336150958214,-0.08212258199454993,0.02398351426794193,0.02469914913189823,0.5445056861067644,0.8383934099392488,-0.08191019144314331,-0.8347271646016741,0.5445376765787624,-1.7185163669193582,0.8619670599577605,-0.1943686275531485
1.3284962712545743,1.4430785680036933,-0.5525789268290935,0.9944891278623101,-0.09676170221255417,0.04035526667724258,0.014476412557290461,0.5079757380079191,0.8612497216689131,-0.10383548547165115,-0.8559192850848958,0.5065771109876828,-1.6968007806272645,0.818588101577896,-0.2389241914406669
1.0641446143449023,1.1299436396023743,-0.3217158926612258,0.9929735244627202,-0.10636549125076071,0.05186484345940416,0.0058799335127114275,0.4820882954657443,0.8761029059173463,-0.11819054995205927,-0.86964202844959,0.4793263358674461,-1.8072552064052545,0.8340905372287486,-0.3086826740389731
0.5207439618858143,0.6247131683849472,0.7777809259866114,0.9885584846700541,-0.12877005688135132,0.07855186081577305,-0.015842601991022543,0.42925070924697845,0.9030464221584177,-0.1500037811156807,-0.893958668542198,0.42229937791720584,-1.7401550322345471,0.9139243412523634,-0.3825420993945994
0.3099614408986498,0.2430945421561983,1.5478363032945235,0.9840289721283818,-0.14824612038773974,0.09853968643112619,-0.031117205630943435,0.40178882618910106,0.9152035066930769,-0.17526751417670766,-0.9036530456649654,0.3907588406354347,-1.3625998896380251,1.1189386700243165,-0.4322176523250988
-0.349632923793077,-0.31581900095727355,1.6330787693843605,0.9743357840494403,-0.18612329261423396,0.12660134228040099,-0.052752767642823745,0.35795972807156806,0.9322456642886306,-0.21883081461893147,-0.914998881433942,0.33895445350053915,-1.254063430213696,1.1607628861721637,-0.29744956376913256
-0.6768773050291207,-0.42952803336311757,1.1936675062327478,0.9687887338742328,-0.20488642998253132,0.13953472660013702,-0.06376953253457232,0.33796058901641735,0.9389973839111574,-0.23954506014252036,-0.9185881509581372,0.3143468992699409,-1.1575407099574615,1.1390973987323685,-0.295846248692899
-0.6184617318350466,-0.3974197356481321,0.8524824072815134,0.9627327831050023,-0.2243823288834442,0.1509905918252503,-0.07322073343470735,0.32119334784875064,0.9441787741169541,-0.26035420590069375,-0.9200475008294698,0.2927939269986068,-0.9370958519181223,1.109728227093581,-0.23130493339234165
-0.2819804698765172,-0.21923176043263407,0.45652775481680546,0.957012893130179,-0.2411643623827391,0.16113991652949392,-0.08074885331411467,0.3120721251761246,0.9466206269549128,-0.2785784361199926,-0.9189400083817137,0.27918330165745014,-0.5741855257485625,1.0268176426153943,-0.24394601154530238
0.14427572884310164,-0.0787053466912194,-0.18145274997494543,0.9511950616001335,-0.25695653367225085,0.17088386287376756,-0.0867352485509585,0.3088150881765795,0.9471590352064929,-0.2961502177043307,-0.9157546511580669,0.2714561980063163,-0.23390962746359648,0.9075127815542111,-0.2317285454231579
0.5377952287432018,-0.15420870580164803,-0.906657301330941,0.9472952808175206,-0.2653208156610483,0.17954530268935437,-0.089780568000339,0.31812138802337153,0.9437892943298412,-0.3075241462883722,-0.9101668238619993,0.2775342360692965,0.44101981469271284,0.580493859952045,-0.30663721987331183
0.8281873185734985,-0.37075593037021504,-1.5432532273207964,0.9444288001198946,-0.26987311825947335,0.18767722702822875,-0.09214515994183868,0.3306996371813868,0.9392268200319832,-0.31553686156040434,-0.904326406785187,0.2874547598972792,0.5960054001500843,0.36467720692190797,-0.3208339086901298
0.9453671029934795,-0.5009462691955577,-2.041272697563109,0.9427331965277045,-0.2716154780496721,0.1935953311640167,-0.09405823272054877,0.34037423614697276,0.9355738496905797,-0.3200112014010511,-0.9002057606187671,0.2953344198136117,0.5216494591000439,0.21781188701698478,-0.2908140049678511
0.8734653844200309,-0.6366021198768261,-2.161456997764271,0.9417287865636108,-0.26995961928390727,0.2006706169660061,-0.0956093740635672,0.35714161728793276,0.929144075368364,-0.3224992095317481,-0.8941877147204874,0.31051987165775663,0.7253503718206032,0.043114310157506525,-0.31970375018581676
0.7550116617413092,-0.7968658208352775,-1.9792821613866183,0.9416031036686641,-0.26630677489055576,0.2060686701294752,-0.09573991227281306,0.3749863714133653,0.9220732565540718,-0.3228272980395763,-0.8879560365815579,0.3275921438905971,0.9195108848762819,-0.07573981486148046,-0.32210774722101887
0.6683914268546998,-0.810844520700433,-1.8647582301314802,0.9416960708383243,-0.2616612200276839,0.21152285006893742,-0.09608941925982473,0.3933364484894146,0.914359481711675,-0.32245206414903227,-0.8813738390849585,0.3452605133847048,0.9072293217609897,-0.11172270100922194,-0.3288359873585303
0.5688929519552022,-0.7946790078881043,-1.7732151465048263,0.9420681045461832,-0.2570704108719197,0.21545879014536534,-0.09553294782073782,0.41010859139828354,0.9070195142013182,-0.32152938011547594,-0.8750575678865126,0.36179152920860286,0.9005296777115636,-0.14199994613525518,-0.2774606163640641
0.520286349510795,-0.8498211655719812,-1.6214643716151116,0.9426828415775726,-0.25224419787027047,0.21845348437600468,-0.0940785245337821,0.42719781302758136,0.8992503876929928,-0.3201535435018327,-0.8682596922495227,0.37898128634272205,0.8792068004202607,-0.15881712863297073,-0.22494941997294837
0.6341858751679272,-0.8658548270464521,-1.3898751038528676,0.9430430154449734,-0.24849455471295784,0.22117940071005998,-0.09276872921061444,0.44204998057087563,0.8921803503540838,-0.3194743086714486,-0.8618829798501056,0.39381962259847125,0.8300181375550675,-0.11961364189425847,-0.20947314170444867
0.8516818852574931,-0.730523500628814,-1.0777782833192568,0.9430146656374507,-0.24547733818023915,0.22464241993139303,-0.0916298841695435,0.45743533237738937,0.884509401317964,-0.3198863934583084,-0.854689296254921,0.4088751669489162,0.8061524569100438,-0.057658285493721664,-0.2148055990443923
1.0821955065775926,-0.5227472931144127,-0.7540200515900295,0.942619204957417,-0.2436740467538887,0.2282367047256671,-0.09066586649902507,0.4710957406963527,0.8774101114927588,-0.32132341199705394,-0.8477569003177376,0.42197097396175565,0.7674392825806791,0.00437853059405423,-0.2082583290620177
1.3308927750324846,-0.3678947165462084,-0.4869380265405052,0.9419144497051036,-0.24227086152516794,0.23259836433772532,-0.09006835221076981,0.4849752699249389,0.8698773933671741,-0.3235504000411201,-0.8402998376871709,0.43498427720567695,0.7298923419661509,0.04397129124022241,-0.2191848259515603
1.5975290327049916,-0.2836580460242991,-0.31230047692273916,0.9409574306492218,-0.24151809557183104,0.23720902853258183,-0.09008807508322096,0.4967948600533839,0.8631795906718014,-0.32631771700876905,-0.8335849546002463,0.4457049147477397,0.6654726494491188,0.0887224755505438,-0.23077221591363986
1.8529097511242245,-0.22973925337152132,-0.18005648471488772,0.9397358215256699,-0.24047035031282146,0.24304443289634,-0.0900558132485012,0.5116674867575515,0.8544508958947623,-0.32982804041140207,-0.8248456786670098,0.4591765130565089,0.6654726494491189,0.08872247555054379,-0.23077221591363986
2.0739643928142923,-0.17292001626050865,-0.02611420403848075,0.9384532703607187,-0.24030520501261257,0.24811059589045842,-0.09154759282060525,0.5195795541996228,0.8495034579720521,-0.33305329543186407,-0.819933226123669,0.46560176879003307,0.5224799912320476,0.16567102284505375,-0.2843967262026842
2.214431803060286,-0.19040401403804047,0.22285433161564971,0.9364181947694039,-0.2399495887426102,0.25601788876378007,-0.09381394953242522,0.5318626039781412,0.8416181517545345,-0.33811227037470604,-0.8121245996470268,0.4755352008739395,0.5224799912320476,0.16567102284505375,-0.2843967262026842
2.2371102629319344,-0.2756933170100397,0.43053544684202033,0.9345692710526359,-0.23917603828697506,0.26339153424795686,-0.09688927642165122,0.5412424363031205,0.8352658817760674,-0.34233426021745733,-0.8061336414354696,0.4826549558715374,0.5770334288284192,0.21282836776564112,-0.407724238622721
2.128597719141306,-0.4235704965562358,0.49873363913318325,0.9318758696714015,-0.23792884470766384,0.27385621844363145,-0.10117520704800909,0.5544853719126946,0.8260203083542397,-0.3483833248061133,-0.7974558528162656,0.49263903804522075,0.5770334288284193,0.21282836776564112,-0.407724238622721
1.8845847548319514,-0.6301296681054009,0.46341383604721115,0.9297681490094043,-0.2362018355380818,0.28238251003925097,-0.1056403379151448,0.5636040290786872,0.8192622397080463,-0.35266316520555485,-0.7915549199485223,0.4990686331683124,0.5882255649486796,0.2341307796183996,-0.5339544316830547
1.497056707911911,-0.859979543285788,0.4060078842726871,0.9271542196567097,-0.23314586233456056,0.2933054037160452,-0.11202322515508456,0.5745172894408269,0.810790158524028,-0.35754139620274894,-0.7845845340113706,0.5065483777405164,0.5778224795627804,0.2188319842145356,-0.5959469777838998
0.9697491601016732,-1.04884670401175,0.4308319642309722,0.9245216690621478,-0.22903428956419522,0.30463581148375407,-0.11897701532971856,0.5859191198248788,0.8015879582721234,-0.362083075077768,-0.7773300966947465,0.5144451064154104,0.6261107341488735,0.1985732491583958,-0.6669570829961589
0.3038628146171989,-1.1845110580317693,0.49809044968859256,0.9213006554728356,-0.22335623329482987,0.31830346412452,-0.12735447686618254,0.600107324609273,0.7897164276956898,-0.3674043269307872,-0.7681036336319771,0.5244338552705081,0.6914208446917924,0.19094533780460438,-0.7191377640845955
-0.45663652251541526,-1.2156258172879575,0.47915774727185156,0.917508373906224,-0.21705233875759572,0.3332666590762044,-0.13625329207485054,0.6156985787257001,0.7761122989322603,-0.37364879795166256,-0.7574982127998792,0.5353345060747217,0.7113978656073238,0.20369519408246262,-0.7223136896983724
-1.2263319313659315,-1.078055985600478,0.34762581315064345,0.9136080006196629,-0.21177472138182535,0.3470906057319797,-0.14428295926280196,0.6292365925736099,0.7637039598121259,-0.3801353033725106,-0.7478053075166043,0.5443201017598795,0.6438972790633616,0.2304202562035303,-0.6724171852545271
-1.973962108347739,-0.8230097916718562,0.21649536279906142,0.9101262488539843,-0.20852425053804224,0.3580333058313474,-0.150443337499318,0.6388308591028916,0.7544944901455062,-0.3860531224443617,-0.7405489655623111,0.5500456492469955,0.5291560964644959,0.264202143243082,-0.5863604926628646
-2.6793899305123086,-0.51584752606373,0.12327849897633446,0.9062393594175259,-0.20689292788068794,0.36868081023490884,-0.15622105397986746,0.6464653096410273,0.7467781368814634,-0.39284246936390593,-0.73435544515152,0.553531276840235,0.3702205809203363,0.29984650530020374,-0.46711923812840167
-3.328742485747212,-0.24300373366664324,0.1495447717555049,0.9030397997565656,-0.20717551953528265,0.37629433182139177,-0.15995731821465603,0.6508206410242627,0.7421901033874966,-0.3986637385130442,-0.7304182345218755,0.5545777008433976,0.24025595555683227,0.32150578017496345,-0.3384045233060982
-3.9497487054672717,0.05722179978922903,0.24598882235848746,0.8995946726807414,-0.20962713188755858,0.38312646797242533,-0.1623577806858362,0.6538670231379609,0.7389843483481033,-0.4054249325525001,-0.7269899460304092,0.5541806947517234,0.1464391076354184,0.3361113620189809,-0.19394858921156502
-4.58303777517499,0.44404103929196903,0.2962311003818312,0.896893709279914,-0.21410277861978974,0.38696469405024864,-0.16221859044507067,0.6547381135018248,0.7382432740242784,-0.4114204700402391,-0.7248986156114225,0.5524990442675094,0.05891067337730137,0.3470537484817189,-0.018481925620019907
-5.213474240851176,0.8556777051004381,0.262744651706746,0.894541869856685,-0.22172690975590678,0.38811341198598315,-0.15955733841407035,0.6526898910275593,0.7406330818351623,-0.4175359850737694,-0.7244536449218326,0.5484802799809193,-0.0819070982016249,0.344274216050364,0.18131470419063625
-5.787256862314833,1.189539406503553,0.17200039540913137,0.8929727104271533,-0.2315087222760026,0.3860096500639798,-0.15492262466892348,0.6471084774179322,0.7464915262878319,-0.4226094163622895,-0.7263981896755926,0.5419842721315318,-0.26327170049533744,0.3284858779011915,0.3815077360239605
-6.25202591047289,1.4144311528744185,0.12305115574111758,0.8922832354724444,-0.24289727187349927,0.3805673961484849,-0.14844212571969997,0.6382360631493157,0.7553937139051919,-0.4263749089787565,-0.7305173803627631,0.5334311520536482,-0.419177118962985,0.2792733809581251,0.5573886847576643
-6.615729665842028,1.543166233301108,0.16949191480735415,0.8927557560695292,-0.2555609735496373,0.3710468283156251,-0.13961725209701295,0.6260901942530036,0.7671493280822937,-0.4283622099597514,-0.7366815169790794,0.5232649038678205,-0.49981805937743246,0.17870357655812877,0.6747151860839853
-6.930564682886106,1.5738501972872272,0.23733442109384484,0.8946002303301613,-0.26587866286531975,0.35916425841969846,-0.13037611335778637,0.6134761349448907,0.7788768201190707,-0.4274254285357151,-0.7436098227471364,0.5141516649346105,-0.5439242086323381,0.032438890109625806,0.7509563068365865
-7.1981560893792444,1.4636758563802386,0.24027558290248008,0.8977840104753847,-0.2730063508534516,0.34561742277902674,-0.12150279314502085,0.6007456400974454,0.7901529897189964,-0.4233449442153436,-0.7513802022262714,0.5061687958672624,-0.5818268187003952,-0.1486945776011329,0.7773153932876331
-7.345606674414995,1.217278429208021,0.20044426529259374,0.9026792320158415,-0.27633350516323046,0.3298636051635486,-0.11276524842701724,0.587871227911642,0.8010564387986971,-0.4152760561776749,-0.7602941623594521,0.49949833217705036,-0.5673738084230022,-0.36643434380342554,0.741013746350802
-7.249027164862492,0.880899393004129,0.2354459072811732,0.9091832702294267,-0.2738621755999911,0.3136642949246299,-0.10538957346537942,0.5774117862066916,0.8096225459770638,-0.40283845265777524,-0.769152220256327,0.4961109181776302,-0.46437154578785256,-0.6335681701956409,0.6185502823111796
-6.839483274070195,0.45564547747414197,0.3589396972225094,0.9175025151540892,-0.2641433778608458,0.2973506526278075,-0.10003941220190768,0.5703193999300032,0.8153084680473872,-0.384943178524074,-0.7777943545666446,0.4968447356187231,-0.3064332595435149,-0.9336045693898279,0.4215765729761689
-6.171156073198247,-0.002253622791115184,0.4585558521849379,0.9270872393038009,-0.24725102186530828,0.28173779105157015,-0.09742100213054859,0.5668520520371902,0.8180390574080835,-0.3619646378638896,-0.7858407493174348,0.5014338616889323,-0.1562565457674931,-1.2405539144410918,0.20653856228686307
-5.211940931246348,-0.39646280525362343,0.41821311426062036,0.9373715436317173,-0.2243688759705101,0.26644548539095547,-0.09745866166606118,0.5654393503797349,0.8190116911915256,-0.3344194947304239,-0.7936856736377903,0.5081600663239628,-0.08278278234746453,-1.5011080921106004,0.02885562399943542
-3.8842778820570723,-0.7284931945939935,0.30060246972651117,0.9474584124771068,-0.19648873944997775,0.25241777254329745,-0.10098877686410537,0.5650077760172544,0.8188818473916292,-0.3035190662443677,-0.801347857243903,0.515478213037905,-0.07257575539981181,-1.687139043838923,-0.16905050543728606
-2.31539117263414,-1.0647977586608848,0.20895037045441311,0.9573150361309877,-0.16235774120735727,0.23913988681851286,-0.10844265098314307,0.5651667292593845,0.8178182925234658,-0.2679330383608457,-0.8088427115380927,0.5234361039768184,-0.0712113603402621,-1.8274152686031402,-0.36304753761525177
-0.6579772562370139,-1.4110404329460782,0.14114210437304253,0.9656235422505636,-0.12562234864483465,0.22757460353130377,-0.11902109083455627,0.5646454550686975,0.8167064895094291,-0.2310955529386636,-0.8157171909376553,0.5302832354702094,-0.12157798475857545,-1.8653324736377648,-0.5082370778114716
1.024841418757939,-1.6951174357562653,0.1040293753297521,0.9720465438491075,-0.08781400783487472,0.21774805766982602,-0.1318263062597234,0.5633137421815072,0.815658907170996,-0.19428675088364322,-0.8215633438131492,0.535990979899507,-0.15699461533121267,-1.8112798108645563,-0.6027213674321577
2.7277721139104347,-1.7884641121750589,0.09577126822769055,0.9763026912582341,-0.05351997497920713,0.2096870699880048,-0.1441709571920438,0.5617593505212606,0.8146417416289574,-0.16139327787816685,-0.825567710354612,0.5407311397317374,-0.14821525564021582,-1.6877201347451425,-0.6142096930666995
4.448603330354615,-1.618717896669466,0.014784912042321907,0.9790147766361037,-0.022239747053869437,0.20257211254054647,-0.15576244881365994,0.5593110022252864,0.8141923988402971,-0.13140824429133757,-0.8286595178001188,0.5441096184515966,-0.17241283673473518,-1.4934069623883706,-0.5617207634585045
6.10560564206412,-1.2426261942420327,-0.26539092351883403,0.9804513022136614,0.002867164333136927,0.19674100578227743,-0.16518929544119756,0.555236068396673,0.8151229385945691,-0.10690061112629834,-0.8316878547388388,0.5448555511516162,-0.25289304193541307,-1.220328201093829,-0.45457508641577415
7.586014877587022,-0.7638467429390927,-0.7251839849801283,0.9811418986945816,0.020423767819703755,0.19220677494312757,-0.1716106284135631,0.5496102962041757,0.8176052314667881,-0.08894024309328845,-0.8351714746172818,0.5427506251899678,-0.3477281161985285,-0.8952505589357121,-0.30670652790268504
8.846130892204444,-0.3050492555613026,-1.2280252210634182,0.9815489445376462,0.031805746826845796,0.1885472459247797,-0.17537524533753168,0.5426661058301392,0.8214359505804166,-0.07619181583236721,-0.8393461098092602,0.5382312840668285,-0.3884731166462005,-0.5470703216233429,-0.14914654060422594
9.774628045259846,0.08767851648700187,-1.7454530763888298,0.9818944351907588,0.035556762068330555,0.18606191123558052,-0.17577460046933296,0.5371785581543346,0.8249499902958217,-0.07061591868174837,-0.8427187628921323,0.5337026126020797,-0.31578808329951336,-0.2182745904254324,0.003933493162377372
10.629149852165181,0.9050976790485301,-2.942345667985047,0.9831578778406551,0.02914993384838502,0.18041859271287497,-0.16816088236167478,0.5308943100693188,0.8305860275608811,-0.07157167654318622,-0.8469365459659043,0.5268548018421584,-0.1991345235871319,0.0598267315873998,0.21334778155573225
10.877094142282004,1.8375372419411211,-4.171066011276395,0.9853340066460085,-0.013930380846941082,0.17006716272221106,-0.1361351505858691,0.5367248283025698,0.8327026356740679,-0.10287913355917495,-0.8436423431603204,0.5269568110434445,0.15634492922641552,0.7281926386762185,0.7557665516984503
10.821718837461814,1.9897465838447117,-4.45078986428619,0.9855168417897516,-0.029383442019940084,0.16701247822787013,-0.1251147784476923,0.5388152580973335,0.8330812744597543,-0.11446766688781075,-0.8419113557712382,0.5273352086298578,0.2088020823540442,0.8620059817198061,0.8230379800573551
10.512147784174255,1.9954934162973172,-4.52729705623122,0.9848450975226359,-0.06047380361434479,0.16255169319955948,-0.1041658784315224,0.5431272166670914,0.8331640272395631,-0.1386708464538213,-0.8374698475717628,0.5285968697901151,0.25103216081803253,0.9606866506596714,0.8245486557755151
10.051209905155224,1.713126797116166,-4.204904098705191,0.9833429276008525,-0.08899454429265338,0.1584823580829359,-0.08481725825978045,0.5465003596126371,0.8331526808722106,-0.1607567088450077,-0.8327168354425176,0.5298489903094271,0.25103216081803253,0.9606866506596713,0.8245486557755151
9.459557258346337,1.2266269087405863,-3.6400785494543744,0.9809658113898897,-0.11200533150854762,0.15862182257758858,-0.0719273860351944,0.5491782134870599,0.832604192260227,-0.18036775771273436,-0.8281655000933215,0.530668801073568,0.24944104410554868,1.036707873744408,0.6511677046596047
8.72159692610292,0.6753847035586924,-2.934861779099755,0.9787996030114673,-0.12742123656308157,0.16035948870375402,-0.06484827032359107,0.5498589822324181,0.8327363337181627,-0.19428339862333202,-0.8254810283289763,0.5299387067277708,0.13613597833930724,1.0533348495095272,0.5146568837087995
7.747673325409887,0.08750391919378761,-2.0708636070331976,0.9747751066257572,-0.14900505472315184,0.16616553544491208,-0.0578023770586372,0.5505630635598262,0.8327900084955326,-0.21557452704138022,-0.8213877322620354,0.528062322628982,0.0952283828318169,1.0341932310595554,0.3242462636695035
6.479088229376614,-0.6376250495113229,-1.0128867279467588,0.9692854842547235,-0.17057066576723343,0.17717589563145636,-0.054197966405825214,0.5545523829205526,0.8303819814004932,-0.23989212252710349,-0.8144797741975299,0.5282749918106865,0.2070291093244181,0.9549847077740697,0.09481387357251425
4.856110175377976,-1.4375113677153055,-0.01776056410817861,0.9660805216983762,-0.17969465510305052,0.18546766974971404,-0.05521354604774416,0.5578597443442671,0.8280965945908616,-0.25226947878771766,-0.8102483178430823,0.529015853736566,0.23469747948972502,0.8102696334863985,-0.12725576810612366
2.881128270631933,-2.178079498388639,0.739110415437912,0.9617239381666102,-0.18764265634657096,0.19969301509193815,-0.06209806291759169,0.5605500535928273,0.8257889972619885,-0.26689117133990964,-0.8065815959568388,0.5274421596009642,0.07114847039802194,0.6673361801838766,-0.33540928502471334
0.7262983618262214,-2.700196173381921,1.5460990568226782,0.9579695517476567,-0.19017485864403783,0.21477397669204218,-0.07336073633892509,0.5613814927515746,0.824299109522644,-0.2773311022734453,-0.8054094255319676,0.5238350093073781,-0.0794741520710913,0.5420040446797887,-0.5561375748594541
-1.442053425434303,-2.9041146973677607,2.5328408608437307,0.9541877874240683,-0.1893929649912138,0.23163758577268448,-0.08801937969926527,0.5622366749631755,0.822278851803759,-0.28596897581401604,-0.8049970348629798,0.5198091175938456,-0.12254298161082,0.4743604965417459,-0.7513484234973621
-3.507590710533594,-2.7096329991048584,3.410603905818933,0.9494715292712661,-0.1876767806767409,0.2515576297751621,-0.10608546797953472,0.5624296964574914,0.820011408473258,-0.29538058261647115,-0.8052640949015104,0.5141012048960832,-0.19156154111956936,0.502213702216696,-0.8680327994161557
-5.370313545208258,-2.185515119545356,3.851309649587685,0.9441877353240712,-0.1874179500932307,0.2708948734222427,-0.12363933109137444,0.5606126653397336,0.8187959179599985,-0.30532414950488096,-0.8065903244172541,0.5061513728970702,-0.3300926850449858,0.6067303140717765,-0.8956865526943482
-6.945007953381264,-1.4374523049365913,3.864890668638758,0.9368446527066484,-0.19065806850890923,0.2932091362959402,-0.14350961660736591,0.5549681801253961,0.81939935867043,-0.31894683982783995,-0.8097282383372573,0.49255770565800233,-0.5366043439671653,0.7785012908088,-0.8462875261056191
-8.207715446048846,-0.5950271106045397,3.6518675909222753,0.9280070255175906,-0.19718097412127333,0.31610540019838235,-0.16347605831226336,0.5469081180324733,0.8210767861709786,-0.33478133004795674,-0.8136406908917254,0.4753002074232201,-0.6564205078359466,0.9109962191192329,-0.782352510419416
-9.144830897584036,0.27869606386959045,3.2309693620927504,0.918627773551934,-0.20710843870295895,0.3364953317314212,-0.18086626779956347,0.5367522682867364,0.8241264439764684,-0.3512981736805258,-0.8179260951376146,0.45561661082719557,-0.7588337960041941,1.0075873577160677,-0.6299546139760983
-9.686338724104855,1.1895320504853741,2.5795629766967405,0.9092249313342096,-0.22084849931065034,0.3528965352515316,-0.19508615320969672,0.5228183536128316,0.8298206805999777,-0.3677654375633255,-0.8233388788814737,0.43227499749124143,-0.9720758350397086,1.1179428266178395,-0.4103136524157178
-9.817782395220517,2.0593252951094634,1.98871329489156,0.8989421900827962,-0.2391515558060647,0.36702789028176686,-0.20735315423622513,0.505741316140321,0.8373950027179189,-0.38588548601551986,-0.828874088450227,0.40504337690964703,-1.0558486254442578,1.2009734887058858,-0.21386945034439808
-9.706504664370863,2.7279320516529495,1.5116392418549052,0.8892020205754211,-0.2587871262774771,0.37729165095140077,-0.21547431341968348,0.49058977532738646,0.8443296113488736,-0.40359706002510004,-0.8320762558908108,0.3804714411382607,-0.9089362070621885,1.1873522329560102,-0.044574455215959374
-9.596408636343087,3.1044620099798035,0.8541954227374218,0.8802750942959239,-0.27974579256764626,0.3832206282326172,-0.21923142773014015,0.4764837433013513,0.8514110778378068,-0.42077706622118366,-0.8334899722913478,0.3581077025589662,-0.768631412240548,1.1266955069880242,0.15299133832352108
-9.588490785891866,3.0912733965085373,-0.03673673187648241,0.8734076656996482,-0.30014630692333255,0.3834986883124586,-0.21847812765972346,0.4622914669987513,0.8593915913449721,-0.435231383555222,-0.8343852791009843,0.33819350790365404,-0.6961263172357428,0.9765633152549814,0.38163289654382526
-9.448122717500915,2.0836297887827144,-1.2510386184328937,0.8658628121398393,-0.3332709738061356,0.3731113085549666,-0.20909856055975518,0.4364511845115793,0.8750932267537427,-0.45448804442485313,-0.8357277197489322,0.3082203690837482,-0.5615821464208072,0.6909765379612633,0.5565926476776998
-9.231856553334335,1.3930432166650855,-1.2452600273978103,0.8656684106313076,-0.34477344123309817,0.36297310789554804,-0.20016577024078058,0.4261949766616769,0.8822083123005967,-0.4588593109646793,-0.8363546592735887,0.29993168664277253,-0.32111856948010686,0.3193709882901481,0.6669234145580092
-8.902297650714702,0.6675143042720055,-1.0524359073692398,0.871275293679164,-0.34237535119432416,0.35165107922321204,-0.18894825292161913,0.4272761626322903,0.8841570214413795,-0.45296569444291684,-0.8367880255720611,0.30758393962796066,0.38590829975849567,-0.569008887139991,0.7158803642427946
-8.408505369213483,-0.24443843289873568,-0.824371669701986,0.8811590474091415,-0.3379888545396886,0.3306391800376409,-0.16827537063485865,0.4293316155926151,0.8873318226516704,-0.4418621196784295,-0.8375188941508035,0.3214342376500981,0.3859082997584956,-0.569008887139991,0.7158803642427947
-7.628161193479847,-1.0636199005834297,-0.5368014824881466,0.8894643164263658,-0.3279268107748109,0.3183036860911909,-0.15711061212711355,0.43463077830937347,0.8867989299177303,-0.4291497237109925,-0.8387848909710108,0.3350677861530825,0.7949248022079742,-1.3501802853827427,0.666465434141434
-6.4550592132647395,-1.73873192536731,-0.34027476055763994,0.9081629689264468,-0.2996342158357317,0.2923343267069536,-0.13485374330862698,0.45170294051784365,0.8819177520852973,-0.3963010090655237,-0.8403474223367621,0.3698130879046966,1.026382719333493,-1.6519864510484197,0.5350611772695709
-4.938617780343446,-2.211299980524056,-0.026006518702597514,0.9237789121630777,-0.27048236319273306,0.27105684393587115,-0.11844496788874936,0.4713093571884531,0.8739784204478047,-0.36414737541912007,-0.8394681536712888,0.4033483704529914,1.2431670648234006,-1.8639890548243585,0.3474739928512328
-3.1785901760179263,-2.6253464512715676,0.25007094060781454,0.9389169896857974,-0.23650648660095275,0.24999913654857653,-0.10546550952709402,0.4937421295538983,0.8631892815621447,-0.3275849703199929,-0.8368293680908049,0.43863959684596787,1.3141787921400234,-2.010352586201874,0.16954976659541177
-1.2522321944079557,-2.9612109285321786,0.4027688591995222,0.9502179883580905,-0.20604579377337692,0.2337325511540983,-0.09926824670319162,0.5108608660941634,0.8539127535585794,-0.295349944637168,-0.8346054794702831,0.4649753798224163,1.15810824430435,-2.0594013383917735,-0.010086183288447792
0.7639799509543597,-3.1082020231056013,0.4523872824194082,0.9619310180905206,-0.1676190661287517,0.21585311002035654,-0.09769014976120599,0.5267475012652499,0.8443895455004452,-0.2552358734092211,-0.8333312178125464,0.4903200284957675,0.8397639961155304,-2.0179279377771584,-0.16581948785935474
2.776738611456273,-3.032274708424975,0.5435539462925081,0.9698357115731348,-0.13530513806446817,0.20275900022141316,-0.10087695305802324,0.5344463768813292,0.8391608371344254,-0.2219065859751825,-0.8343018577540005,0.5046760121593479,0.44305691743545794,-1.8957108153376918,-0.28633935311988656
4.692864799471588,-2.7516167944322096,0.667990368984682,0.9759646958047945,-0.10411086743414934,0.19145192562302485,-0.10719918901851372,0.5355267594917651,0.8376869485326973,-0.1897399441773612,-0.838076379067182,0.5114946103657522,0.017888756585296484,-1.6864642747699687,-0.3348768907482903
6.499258631715952,-2.289590969930678,0.7697242729023799,0.9793789184713301,-0.08180647163203486,0.18472854477055015,-0.11393952527424002,0.5314178860195069,0.8394121842091875,-0.16683740178451845,-0.8431504798182091,0.5111384839239898,-0.345913507999107,-1.4239119628552126,-0.36749717756899575
8.00832573108404,-1.541826402151819,0.7015448582237314,0.9821212533039395,-0.05916245174874089,0.17871107439601283,-0.12192641508167891,0.5233896271037508,0.8433251137879901,-0.14342870394042276,-0.8500371183326499,0.5068186108882498,-0.48055226980274773,-1.0858935421082967,-0.31420273284931977
9.233330852289878,-0.7623417477103667,0.4409600670661754,0.9839225479381093,-0.03991572527089519,0.17407801278472146,-0.12967057049087044,0.5105778342228071,0.8499975402016876,-0.12280864304906003,-0.8589045407240825,0.49719314870179143,-0.5818691100171706,-0.7217042416276312,-0.22021623141161772
10.126450089680079,-0.10407987208313117,-0.2525488542216023,0.9844655432060073,-0.0344338359028056,0.1721682467388215,-0.13198528709258261,0.5015414571170299,0.8550064624223694,-0.11579066556156266,-0.8644480769473353,0.4892055233037179,-0.6901331203819205,-0.37545540191094495,-0.07043821874597445
