-0.13499876212219805,-0.20228748039329322,-0.3416766249104219,0.9999989900790637,7.054504338656682e-05,-0.0014194591397726326,-7.191863661734593e-05,0.9999995292308214,-0.0009676599844332893,0.001419390207919435,0.0009677610927392767,0.9999985243838638,0.059154052,-0.08676636,-0.0043542483
-0.15645039501488955,-0.17567800343352846,-0.37755305008601425,0.9999918208365953,2.795198893085303e-05,-0.0040444379828213865,-3.648500833853906e-05,0.9999977737936678,-0.0021097574629569123,0.00404437000715069,0.002109887768259404,0.9999895956683001,0.04916070891803017,-0.11300317339104998,0.0016596537175987104
-0.18483549234547628,-0.16557952109383267,-0.4302807855059289,0.9999776888373892,-0.00010604589029497102,-0.0066791153383056745,8.664189656043828e-05,0.9999957755730369,-0.002905396575732035,0.006679395228237285,0.002904753061736324,0.9999734736926951,0.04425221259993453,-0.14668035525799233,0.007091268135194192
-0.2101727181605469,-0.20630186156593905,-0.5218843305377294,0.9999422275116843,-0.00025988523290067803,-0.010745887522048761,0.00021827532696815584,0.999992475458587,-0.0038731617689742462,0.010746813241721479,0.0038705924446687627,0.9999347601315172,0.0444724504045943,-0.18714126314179144,0.006444161480326786
-0.20852114772716465,-0.2799705886885974,-0.6315557901465069,0.9998847493490449,-0.0003002811944310922,-0.015178861960032004,0.00023080542902934915,0.9999894911362657,-0.004578683859602675,0.015180077340098313,0.004574652799560474,0.9998743110029942,0.03593550526439145,-0.22588652508531903,0.0011043528923696995
-0.19118281979303597,-0.3686977644568554,-0.7170090624462083,0.9998004147345269,-0.00025759376077165723,-0.019976594858034224,0.00015288018729506475,0.9999862428402492,-0.005243162966220934,0.019977670642894296,0.005239062482584988,0.9997866997014851,0.037719264443481,-0.2718493241373773,-0.0037524824502056116
-0.17868796671833845,-0.48319654739722523,-0.7680823370311861,0.9996628403710138,-0.0005062082591119834,-0.02596053417314022,0.00032306792675828515,0.9999750378701959,-0.007058276249543111,0.02596345910064903,0.007047509467788675,0.9996380501970853,0.10125685452309417,-0.33478668388932564,0.01184588074675379
-0.15974268607782205,-0.5770642377031994,-0.7789004312150245,0.9993943265403329,-0.0014301322787168022,-0.03476973972665622,0.0010633994262874015,0.9999436373606935,-0.010563677556881944,0.0347828874686133,0.010520305296471764,0.9993395188402262,0.15457516643489388,-0.3916538948061234,0.03758285361325908
-0.13429508109901434,-0.6334920389702509,-0.7198993620128116,0.9990122067871479,-0.003031284971789187,-0.04433308021886535,0.0023964874370826094,0.9998939466435832,-0.0143649682729476,0.04437192285935389,0.014244534984993049,0.9989135226258702,0.17363198539281,-0.4445267747388213,0.06871822852186071
-0.05328581438408919,-0.9102564518337207,-0.4839057697078038,0.9980136836002131,-0.007375045887387178,-0.06256433524694423,0.006132465048229224,0.9997805783241999,-0.02002967993155147,0.06269832708426393,0.01960622105065334,0.99783992497642,0.14637197986664152,-0.4915865687963216,0.10818882997695918
-0.028247211870246317,-1.2069363639640782,-0.425033386002986,0.9970078697274012,-0.013892841508294932,-0.07604141408768106,0.012082538866350407,0.999633748284977,-0.024215316315713283,0.07634998334100614,0.023224087593537772,0.9968105746827106,0.15563720422815466,-0.5644478591414714,0.25748146755266954
-0.03666076158945876,-1.5729943428564455,-0.40606525868961657,0.9959156335305218,-0.021450826548009266,-0.08770355140988216,0.01897838788523616,0.9994013091333058,-0.028928257740689314,0.08827157913380809,0.027145632117183245,0.9957264900434167,0.2119470941974482,-0.6101042641066774,0.3723229051134158
-0.04970094817759556,-2.00219050601398,-0.39606108332500667,0.994372467596371,-0.03242144666982913,-0.10085755044684983,0.02895710975415127,0.9989455960539532,-0.03562557956157144,0.10190623867550734,0.03250455230036626,0.9942628287323043,0.2772487062240758,-0.6563772488885701,0.511758049046636
-0.04119870713476623,-2.4949159436378006,-0.39659649890449056,0.9923095700436849,-0.046913450583866804,-0.11454625857718664,0.04208505784131015,0.9981352408455911,-0.04421412544206926,0.116406894581937,0.03905341388955064,0.9924335069702965,0.34872533203534645,-0.7016840850047721,0.6848694941544077
0.014166462278960235,-2.992454320929805,-0.4334501439040799,0.9894330145711424,-0.06612743449840844,-0.1290328333538385,0.05951875624922864,0.9967425837262901,-0.05442186546953268,0.13221129804674658,0.04616691665357035,0.9901458420230309,0.38409738962984613,-0.7449256228018383,0.8916303689515348
0.12160873283209289,-3.4538812249416817,-0.4953893882408682,0.9858793305525337,-0.0876959288795743,-0.14265822670717618,0.07923667247519524,0.9948027546407561,-0.06394551660766955,0.14752455837705825,0.05173879991951647,0.9877042073710846,0.3518737825481365,-0.7827621098135038,1.0895711026831814
0.25021294520278947,-3.9442123513068292,-0.5285263630371262,0.9806613972467342,-0.1155283590425742,-0.15797601782236526,0.10494815542431696,0.9917372030481706,-0.07377807779567372,0.16519415432489012,0.05577202118554731,0.9846828794235043,0.28252993517710134,-0.8424735757813882,1.3093376558094714
0.4596501386844857,-4.459201734674382,-0.5407496348471212,0.973846025621661,-0.14689773436573195,-0.17333486094582728,0.1340968492450663,0.9874485486926426,-0.08344698141538302,0.18341742938837735,0.058020852484328186,0.9813213679898913,0.2347950862651948,-0.9089712434342545,1.5417393491284404
0.8457925191447366,-4.952743769483644,-0.4381314081761333,0.9644341164692773,-0.1846845546230526,-0.18909904884427137,0.16929885302294262,0.9810086370173451,-0.09465702542593618,0.2029894907507271,0.0592762126072081,0.97738508135929,0.2210620368316302,-0.9450431334832959,1.8060452145747563
1.3759218993195261,-5.220302074088064,-0.12261738628889463,0.9524633544097131,-0.22678761253967716,-0.2034230500831936,0.20889001006215507,0.9721989808254968,-0.10580219930652295,0.22176231014946837,0.058279674676663236,0.9733575690961436,0.14659659838695677,-0.9340078649915768,2.063266269922671
2.2712088754449216,-4.86352576350741,1.1722830535138322,0.9209974442866243,-0.3155496914125992,-0.228455903550157,0.294644216619089,0.9478656902470503,-0.12138953359085708,0.25484994257489746,0.04448623946678254,0.965956769875172,-0.10186668153826639,-0.9091200916618832,2.259319836440127
2.6272482799130965,-4.452250582565137,2.088338963436419,0.9002685845268229,-0.3628764253818119,-0.2404936082647272,0.34180654714923386,0.9313218887306418,-0.1257291688396448,0.2696011128315095,0.0309877310125741,0.9624733765079969,-0.36429195804720715,-0.9074651068547648,2.38942482466939
2.9720715264214888,-3.904580125884918,3.219279322330628,0.8822054190241087,-0.40033817009376854,-0.2478768811536658,0.3811192972105932,0.9162545317852996,-0.12339252115344769,0.27651705180368036,0.014386888088579672,0.9609013151791019,-0.7904175329631475,-0.8055897798405555,2.5148439022789044
3.3367124860310247,-3.0712575403233737,4.54222577706171,0.8520550070200295,-0.4548511806337526,-0.2590611288637836,0.43874001601493523,0.890499564388052,-0.12048951892966926,0.28549862234222934,-0.010996785929084287,0.9583160268616608,-0.7904175329631473,-0.8055897798405555,2.5148439022789044
3.576689972790704,-2.1062124260934922,5.771395461103935,0.8350425826541035,-0.4833150743440778,-0.2628886153224261,0.4706912160156764,0.874967258128295,-0.11349923510375201,0.2848748221939732,-0.028962667612487742,0.958127079026953,-1.2021115941186558,-0.5928741374917673,2.4171081656443327
3.7822167903433686,-0.7267841958723049,6.8156299997289285,0.8035302313712367,-0.5323930442820007,-0.2662645557948515,0.5272206314061753,0.8441854175827127,-0.09689884705389573,0.2763649273915918,-0.06251901423442352,0.9590171008730743,-1.3346829943239604,-0.39553926224294356,2.3148812725992434
3.882984646340724,0.6322184389921119,7.631275004048756,0.7807558476820756,-0.5660193306552196,-0.2646552920968327,0.5661805951330429,0.8200373774279117,-0.08353582055588821,0.26431012089028305,-0.08462161039456384,0.9607181392318951,-1.3591977334201681,-0.11562174848439599,2.1941680739950784
3.788573350362,2.1182778480605764,8.175446005957328,0.7572452518700703,-0.600178778912752,-0.25761417248092366,0.6054675545500308,0.7929839409020787,-0.06771639283521809,0.24492584369036813,-0.10469910608121741,0.9638721016184438,-1.345815000620458,0.19484499038431846,2.02719860750475
3.515200008776562,3.530951703976771,8.320471299154308,0.7373561235388012,-0.6292173431130493,-0.24574678473092312,0.6380484316572848,0.7682051035280165,-0.052489215779893135,0.22181105910100787,-0.11809510590733224,0.9679118761649873,-1.2697885041412853,0.5093007189786954,1.810462497988418
3.2819138800676777,4.758337240875195,8.023247775335255,0.7198193757744892,-0.6563851465793243,-0.22587298556857768,0.6666146268501442,0.7443916570281224,-0.03880721861160335,0.1936104478819958,-0.12263604811377699,0.9733834774506751,-1.0669130792451864,0.9141126863971895,1.5894303367028135
3.1946904167638124,5.808589264907356,7.415612099033909,0.7072604776607524,-0.6780805803663357,-0.19997335639813854,0.6875447826078616,0.7255771050338027,-0.028636280475540052,0.16451379470364152,-0.11723732844456483,0.9793827751044991,-0.8570044737496185,1.3790096810584331,1.3618720696808553
3.1261509083544485,6.759407656795526,6.514989749521874,0.696812280935323,-0.6983348057042422,-0.1636494554825347,0.7055068427393182,0.7084455728591228,-0.019104060937600642,0.12927776292042908,-0.10214386637643477,0.9863335594898731,-0.6922618279694324,1.8139958611364402,1.1299794126944214
2.9067481563822835,7.54786954113278,5.265382564896591,0.6892753028454197,-0.7143415665409096,-0.12089533985738792,0.718677423773224,0.6952620110944939,-0.010653473026241898,0.09166415573186673,-0.07954157554837746,0.992608089989824,-0.5622136075601021,2.1911028182184813,0.8798807489289564
2.4934389275265665,8.155087443231752,3.712790597476059,0.6835873847394692,-0.7267544563694754,-0.06735167089360489,0.7282727550728311,0.685281375499931,-0.0028689042420231414,0.048239834614975705,-0.04708924017257158,0.9977251734903206,-0.425655160553861,2.524413653959816,0.6135657704326909
1.87813910112108,8.586533819658635,2.1966421611793683,0.6805383241765534,-0.7325029419912662,-0.017522251599241666,0.73264265409121,0.6806090185191208,0.002470893891980923,0.010115865417980527,-0.014519086905789007,0.9998434204325536,-0.31144044877739496,2.770418484221331,0.34246302469972234
1.1544642824729645,8.880402264052485,0.8375193282121026,0.6785723702922953,-0.7331308737055457,0.045372461864419164,0.7335701805762788,0.6795508804657452,0.009240726568570548,-0.03760755835175489,0.02701338331221457,0.9989273991020805,-0.3098838388182741,2.8882796097250623,0.06890061339192638
0.35721532284597224,9.000689857680849,-0.38594121753153254,0.6782045850078865,-0.7295038383681212,0.08867181446467479,0.73138067723115,0.6817995527494615,0.015220868685382995,-0.07156008557278279,0.054529988784259235,0.9959445940794122,-0.4105542440589838,2.882140643447233,-0.18141391156085354
-1.0277964395558663,8.710780038334962,-2.6861461597350793,0.6815679148175096,-0.7032841527966288,0.2021301014605172,0.7131364337544197,0.7002970685250579,0.03194436831801833,-0.16401708552263405,0.12237408320529827,0.9788375653888259,-0.498504386130352,2.798584115203906,-0.5703698441285442
-1.5600947505834784,8.499272916107593,-3.5199074333493634,0.6783262211830141,-0.683757081579481,0.26897916470515426,0.7013312455923291,0.7116851913874044,0.04048051773118032,-0.21910732897711066,0.16118449599692689,0.9622949322524427,-0.4985043861303522,2.798584115203906,-0.5703698441285441
-1.987255281094893,8.214108665219431,-4.198124588330563,0.6776556434299754,-0.6621181752565206,0.3199724221280332,0.6854527360721455,0.7263103787753171,0.05126187954477911,-0.2663407132578767,0.18458807024894505,0.9460390418915365,-0.7833232996972503,2.469818782218837,-0.8191613295880571
-2.454151900605159,7.79352358062199,-4.667134658542664,0.6771468585095642,-0.6386395089365133,0.36552935536828834,0.6670958163621405,0.7424404120544784,0.06136290687788623,-0.3105725419330507,0.20229140410236007,0.9287749372283576,-0.8561123721029507,2.268740433595977,-0.9317161454007594
-2.833724849405785,7.307789356298782,-4.88788765747571,0.67735229689208,-0.614646996156085,0.40423129024275734,0.6477113703548297,0.7588049752978334,0.06844698807340985,-0.34880344982252026,0.21546247835656873,0.9120921410758642,-0.8557510579110577,2.1258962616647166,-1.0825043845206825
-3.0272104952150074,6.803055482309598,-5.030955037320425,0.6788206202983572,-0.5867023737511475,0.4415686697361142,0.6237618978563882,0.7780234490213312,0.07483720702663237,-0.38745794641528464,0.22463267217330454,0.8941009463991925,-0.9107614112466867,1.9035584580950957,-1.2139988196813238
-3.1622663361720353,6.261002733364141,-5.29960085234234,0.6817615926307551,-0.5567761546867365,0.47455394254586786,0.5961795840541798,0.79878580332881,0.08069165977553953,-0.423994144264471,0.22790689759767613,0.876520057760712,-1.0331172301880858,1.705230113940619,-1.3704918476870955
-3.340760992899448,4.841236987803776,-5.988950861772009,0.6896132885456316,-0.48866870207871355,0.5344496345493971,0.5336576600069316,0.8418027520684322,0.08110258026683567,-0.48953346583988044,0.22928372427784274,0.8413001602306263,-0.9700732134584581,1.5880971169801363,-1.6311979533038277
-3.2554160284147984,3.1671780772470823,-6.793427461808129,0.7077062177736754,-0.4036134853454653,0.5798690057002222,0.45919929750973765,0.886526623630931,0.056626413978846185,-0.5369244960802613,0.2262005748021568,0.8127394327016083,-0.7065360178318321,1.195589331943685,-2.148189847887938
-3.336616842165963,2.1527182166497005,-7.10590260099858,0.7204101885052602,-0.3660427289207636,0.5890856312133707,0.42398930907778204,0.9046172505230915,0.04359697058037461,-0.5488553781148187,0.21835830797174055,0.8068936877025118,-0.8060432682129706,0.5711936662738644,-2.5439588105694915
-3.3537000812128377,1.0717167141489417,-7.260089603822454,0.7445689310982906,-0.3034823960779683,0.5945717299989326,0.36524805849488423,0.930742338830058,0.01767921024451563,-0.558758411667213,0.20400277934363403,0.8038481843054737,-0.6993532455117374,0.173080833956435,-2.7327464392875322
-3.1931246817543704,-0.13539065297412223,-7.462595379569837,0.7656568610895492,-0.2525063669367483,0.5916165191430194,0.31606880604057414,0.9487273012636627,-0.004125249695679959,-0.5602410917761967,0.19015005257261983,0.8062089534308372,-0.6993151133847033,-0.21390822147635247,-2.8510949200937836
-3.047987917286998,-1.3872764393305652,-7.730637174686911,0.7862101141134551,-0.2069578135377999,0.5822732347286459,0.2698232853306691,0.9626546073128994,-0.022169837902203053,-0.55593979094779,0.1745410279415672,0.8126908258409402,-0.7875940604592379,-0.6148225586816012,-2.846852581157032
-2.9440042279032053,-2.576859765259239,-7.97733752482163,0.8132167012722394,-0.15056808731151675,0.5621457532128552,0.2104757664783786,0.9766578897359953,-0.042887272491611624,-0.5425666304678501,0.15319470454223338,0.8259254409466887,-0.8091348136481539,-0.9972690931894554,-2.7916719085868706
-2.868309391295539,-3.8454817502375294,-7.967733589795816,0.8356783961112919,-0.10703632835994693,0.5386880754983163,0.16400898901602246,0.9847065484118851,-0.05877129432548276,-0.5241590119370276,0.1374635876367699,0.8404529090194334,-0.7203572782123611,-1.4271535377573432,-2.7235886272491223
-2.7258066888996155,-5.159585311002591,-7.733340496016826,0.8637670959486086,-0.05859083122394229,0.5004732944453621,0.10984985533802359,0.9912234430232263,-0.07354655181172468,-0.49177170845700596,0.11850401047081455,0.862622389150439,-0.7360174598211787,-1.8961129930633918,-2.532414086481862
-2.512929461058513,-6.448534128813697,-7.442050493481928,0.8841173432615352,-0.027158590599680257,0.4664750092993226,0.07221777222671916,0.9942561708369592,-0.07898898737947932,-0.4616504269669577,0.10352331963989947,0.8810004571916871,-0.8524141698525983,-2.2584771257007947,-2.24573312898915
-2.2291533177971807,-7.7097640248801165,-7.100327132827596,0.912875953607479,0.01200381455371743,0.40806053688318744,0.02249667035949971,0.9965695348256328,-0.0796433429745153,-0.40761672334188104,0.08188449605132976,0.909474318581041,-0.9019084580062355,-2.5972891076154094,-1.9099642531066041
-1.956946203955254,-8.937120303480018,-6.6396505236989185,0.9353548237132847,0.03851412283089173,0.35160775887180895,-0.012741931912038613,0.9970779457885375,-0.07532073548006264,-0.3534812539972076,0.06597145113361992,0.9331124105422061,-0.8714836722694985,-2.9301481936094165,-1.545462882944861
-1.5671863319152128,-10.056264531652465,-6.02015176297238,0.9556421105098141,0.058070906268987026,0.28874889863936426,-0.040230385081942314,0.9969182644672451,-0.06734604730623024,-0.29176989689909094,0.05274223939797133,0.9550332891825193,-0.8164002496724405,-3.2245991764651785,-1.1679648744964954
-0.9212362154720235,-10.830889747594771,-5.157134187367179,0.9725350646449284,0.07052994487680304,0.22181315315318692,-0.05970056831637112,0.9966910209049319,-0.05516204302040714,-0.22496975391991353,0.040404649771506464,0.9735276442392666,-0.8375889648897514,-3.413008219226026,-0.7829705313248416
-0.039408940153108696,-11.186174370836836,-3.9878128140968476,0.9854569347919402,0.07592184433695554,0.152021390675615,-0.07059691527856574,0.9966973068952051,-0.040131707925214366,-0.15456618395892396,0.028815828641891014,0.9875621209807807,-0.8370956543297445,-3.5215129947613115,-0.3913833643973964
0.9330251366083872,-11.426983235760018,-2.578726868505827,0.9938845455570291,0.07394960328149251,0.0820058917237474,-0.07214076996765134,0.997085858309475,-0.024809281886626868,-0.0836015514890216,0.01874159368265136,0.9963230064867838,-0.7880673753802565,-3.6096678609350676,0.015059930644705816
1.7369403461297712,-11.781906285529253,-0.9958844028102534,0.9979128267540116,0.06433239050946858,0.005597654076006001,-0.06426387414045315,0.9978647898986981,-0.011662570938052473,-0.006335982976410637,0.011278502194988833,0.9999163218529645,-0.6176175076193994,-3.7015128446521937,0.4095532936907988
2.542710255952275,-12.209572301526135,0.6312866141205757,0.9969096311018896,0.04819038431649363,-0.0620392962220115,-0.04858513590961704,0.9988071758038426,-0.0048693050216400925,0.06173064056801821,0.007868444711529156,0.9980618295440843,-0.40039616159378366,-3.7521993057836704,0.8583953775631686
3.6214013221772388,-12.410388027688793,2.331841810304282,0.9902986743470681,0.019196575209325724,-0.13762277095986578,-0.01999793575849757,0.9997901515785413,-0.004442451120067895,0.13750861119158303,0.00715152478761667,0.990474753611305,-0.15726468229891605,-3.645617008116993,1.3615871766238843
4.722901439036997,-12.087225395267906,4.05017804353754,0.9814316209921585,-0.010772798941541817,-0.19150958231814028,0.00908485393644126,0.9999117829076198,-0.009689779742411593,0.19159707394857822,0.007770019656862771,0.9814429112530572,0.02437952797874888,-3.452227877514543,1.860222805150869
5.801167790262705,-11.02304066231609,6.054471711416226,0.9593126474516761,-0.07387937201348467,-0.27250886743397623,0.06874753293507488,0.9972313171337752,-0.02834566709348329,0.2738485368859876,0.00845804460421604,0.9617356395220457,0.15897056972985582,-3.145952344595112,2.324727170526484
6.573055086194011,-9.592527409512828,8.001461791500178,0.940581689924536,-0.12191715924824183,-0.31692631771366353,0.11357281192734904,0.9925215821865877,-0.04474511464669216,0.3200114075616965,0.0060922224737315935,0.947394101657654,0.13608609049722942,-2.763942434247031,2.73907388479162
7.236846534085581,-7.863197097919647,9.849198807248815,0.9149929821858868,-0.18577321660497242,-0.35815660616945005,0.17320848219981735,0.9825924755500376,-0.06716285198294125,0.3643990453398749,-0.0005822239164675162,0.931242716358469,0.03294009773386741,-2.3186101336769553,3.134088023592647
7.679260755530868,-6.154898304198319,11.20631279531833,0.8875976052722783,-0.25089120058466485,-0.3862953489030142,0.23419810000321517,0.9679626387030931,-0.09055153245432991,0.39663804793514224,-0.010096313392966856,0.9179195625903568,-0.08627015659139375,-1.8745711656791904,3.472997502108312
7.648890770882252,-2.7822587382365187,12.508870810038394,0.8262917297119449,-0.37558514546357435,-0.4197353641483486,0.35197823098521575,0.9261063179403368,-0.1357881172397198,0.43971957236647935,-0.035537112686534714,0.8974317864326771,-0.2553820856114404,-1.483611907268444,3.6926172994933326
7.3457128009192045,-0.4352776264133582,12.906341413327556,0.7794076867824962,-0.46314430459076067,-0.421925361775632,0.43987412300991396,0.8840733287802542,-0.1578768673544594,0.4461327310236456,-0.0625436045054907,0.8927787429396183,-0.832081887872623,-0.7227463768946558,3.8226209366493595
6.0791831507362435,4.229524773978638,12.698760210629642,0.71002718385324,-0.5799419279618493,-0.39941051360890534,0.5682000602260392,0.8068848450776159,-0.16151018030822462,0.4159448157491109,-0.11226845939961567,0.9024332126398473,-1.4907185708423447,0.012995661742302489,3.4813429045397593
4.935978088897192,6.272570644658436,12.008492110602464,0.6631723700328517,-0.6409384179238744,-0.3865234172133048,0.6353571327602509,0.7550499456162224,-0.16192866786215013,0.39563078934238993,-0.1381937916629352,0.9079530574154919,-1.4907185708423445,0.012995661742302489,3.4813429045397593
3.789692658459012,7.839760040713359,10.972785691269415,0.6217573606107816,-0.6895077372066452,-0.371479292637538,0.691109353608052,0.7061579905869197,-0.15397647120811037,0.36849103907934316,-0.1609968094789888,0.9155841749701733,-1.7334850006776592,0.24937248488352143,3.1575591763405315
2.964033874506536,8.854611951080967,9.824806444355108,0.5954367776286644,-0.7228656886995596,-0.35059982879074936,0.7292497801283738,0.669416802991654,-0.1416894564007824,0.33711986300114305,-0.17130773471546068,0.9257450286103343,-1.7260042546813685,0.8654025697683938,2.5002652479478784
2.1538835510654395,9.705654511508218,8.546390382520547,0.5599860980680702,-0.7619186144078736,-0.3254160337003733,0.7732818625636194,0.6216530076653731,-0.12483068168816877,0.29740667611981386,-0.1817348702901555,0.9372948873860272,-1.7260042546813685,0.8654025697683938,2.500265247947879
1.6556113788624915,10.334455306453133,7.216598936700521,0.5451940915548391,-0.7853378983264334,-0.2932708440774724,0.7963143405619743,0.5944956378526711,-0.11161723697302157,0.26200548381482486,-0.1726827206942385,0.9494913398365443,-1.4155918898144102,1.8105389260818314,1.7694500765594008
1.0274390071884518,10.992120170040312,5.521143044189144,0.5214078137960351,-0.8164451550433381,-0.24809514408528363,0.8265407835093079,0.5554845746176008,-0.09092425725690784,0.21204769489022296,-0.15765213657975255,0.9644592157906848,-1.4155918898144104,1.8105389260818314,1.7694500765594003
0.5684786945031304,11.28995014783887,3.913752146050777,0.5174072359237508,-0.8303488804598769,-0.2069069571879401,0.8369915600889587,0.5413901280390447,-0.07963578091357983,0.1781428655702873,-0.13197524760686877,0.9751141745793224,-1.030697396167613,2.82422676931429,0.9921521165930995
0.0676713226460981,11.38876607607622,2.293776896673402,0.517297311260418,-0.8464343706879967,-0.12630260441002777,0.8477716040124906,0.5270045679758932,-0.05957761964553976,0.11699059446309822,-0.07625641907771072,0.990201070165356,-0.8955569967403045,3.1764428496707153,0.561559474728397
-0.5341928808190524,11.278919733506074,0.9407092581243262,0.5208969748753484,-0.8504144692879211,-0.07390244915733793,0.8499726537879304,0.5247183001666146,-0.04708708191170437,0.078821503274247,-0.038287542308175465,0.9961532184988353,-0.8235283375104321,3.398477607328911,0.1183102149250708
-1.1113580605920559,11.0368712119826,-0.3471376205762685,0.529808598076287,-0.8481166550169752,0.0009944281045189407,0.8477408399020938,0.5295381741886025,-0.030410367296234073,0.02526495134629081,0.016954691380750106,0.9995370031537871,-0.7754725619990324,3.5388332303699936,-0.27650653160648564
-1.594140596700809,10.689904589319843,-1.5232199764588208,0.5401405936607021,-0.8383569243533565,0.07352418968368983,0.8411632427269585,0.5405440719192933,-0.016015785899414513,-0.02631611986845336,0.07049662191685732,0.9971648249579312,-0.7459835798852055,3.657294265905065,-0.615801625236446
-1.9382862665679017,10.214356875691708,-2.6061542269920785,0.5515494375671876,-0.8212718762943387,0.1459648009874082,0.8304361864872273,0.5571035136413865,-0.0033786478020970817,-0.07854271507828511,0.123077943988335,0.9892840146346934,-0.7479469151488047,3.7103530417871236,-0.9254743710476335
-2.285618681653891,9.601908680676503,-3.5786180118996023,0.561993241172131,-0.8011573986425401,0.20569496706813034,0.817919843260374,0.5753005627966884,0.006032615248551669,-0.12316950465828302,0.16485170622753548,0.9785975618588594,-0.787517161835583,3.632120758953957,-1.2029891717382795
-2.6939929578110737,8.874348653093719,-4.3559696998691475,0.5743826594001272,-0.7719651664393391,0.2723129493518788,0.7996939703215115,0.6002260193368782,0.014774286528330394,-0.1748545521622287,0.20928092965028333,0.9620953061276518,-0.8015792089057496,3.449558671570978,-1.4085760122334474
-3.039528577325483,8.104368576511803,-4.878372122036841,0.5875454270820984,-0.7346648211251174,0.33920196301924865,0.776333115887833,0.6300117597895463,0.019800901564456894,-0.22824825145179387,0.2516997876997041,0.9405051581895354,-0.7584540646071646,3.226434927570036,-1.598608683576479
-3.3374931283485085,7.30646539037944,-5.268656600574403,0.6016835591956851,-0.6917671667490652,0.39929322759293256,0.7481131190673341,0.66321636691731,0.021698196522907547,-0.2798279036710883,0.28566105380498197,0.9165664769486563,-0.8156713644865362,2.911904446751075,-1.8167242257255822
-3.5859517261479374,6.545687345393053,-5.608457412099777,0.6152735215810338,-0.6498566051858122,0.4462341160620089,0.7190208963426773,0.6946921024275629,0.02029367998524334,-0.32318329824396047,0.3083654901592294,0.8946861350300528,-0.8586519363022929,2.5921017161931585,-2.0084939562145747
-3.8394575087503338,5.77429820471162,-6.080027530054084,0.6309642876087601,-0.6019252063802006,0.48945900102717554,0.684660671484364,0.7287354095627383,0.013581891326533146,-0.3648613883174654,0.32654363992210717,0.8719205345336657,-0.8128234604794635,2.3362902289663587,-2.232090774258726
-4.0594057751884725,4.957086015594516,-6.641373192155374,0.6473979839193998,-0.5521692723359631,0.5253426930157757,0.6483924844923942,0.761305375871247,0.0011448682534526654,-0.4005783774380188,0.3398870685352861,0.8508899718363205,-0.7137896685467748,2.097593968015528,-2.4583856329943927
-4.174697307346103,4.070694331559955,-7.091549105897872,0.6662231487369067,-0.49608211448338185,0.5568206639276028,0.6066181918205136,0.7947961215888723,-0.017705774755575374,-0.4337753859308884,0.3495735413285469,0.8304440100112277,-0.6349651143193424,1.8356062647305154,-2.669953718349558
-4.151018651213335,3.1506170950853223,-7.260118336079056,0.685567114986996,-0.44085792424243164,0.5793462017490573,0.5631303897533939,0.8254837327960317,-0.038220034344809355,-0.4613912601952888,0.3524498510735707,0.8141849958661862,-0.6820942138344073,1.4925489410302282,-2.8281588924920316
-3.894690894750791,1.3086420004420862,-7.384127632864905,0.7232105811248449,-0.33264993703543866,0.6052358835523391,0.47049856326656975,0.8788409880741879,-0.07918092980558465,-0.5055665706048581,0.3420270999074517,0.7920984191473567,-0.8057127561059206,1.0640269444688177,-2.917751543874317
-3.6535946515518805,-1.1873949015684988,-8.431442424369477,0.7787878491602116,-0.21864875871910944,0.5879474519980523,0.3560764365673221,0.925733115637155,-0.12738826450753493,-0.516429140659131,0.3085626661203791,0.7988053728880117,-0.8901869230251898,-0.12752633301572092,-3.211240324752869
-3.450462118737828,-2.388101086326417,-8.698768422601013,0.8118713928943591,-0.1481863913274139,0.5647173052290231,0.2806677652843589,0.9472152755475439,-0.15494782121628084,-0.5119476994088911,0.28429564751284375,0.8106081284290191,-0.8904662136830974,-0.5745526207104281,-3.0941991675132874
-2.9490707578484816,-4.348600482231771,-8.833241226910713,0.858239278175947,-0.04946775126009777,0.5108603360814933,0.16560445579653688,0.9687986672559477,-0.1844025665315714,-0.48579883245677025,0.24286227353865997,0.8396531489104727,-0.9736050403862382,-1.042976525753038,-2.863004507465986
-2.6443897272978707,-5.577568233022264,-8.72094370039538,0.8790110419245932,-0.00735514118761151,0.47674468017246824,0.11201922837713277,0.975080153678276,-0.19149513408058072,-0.46345580225996896,0.22173090853748423,0.8579301390851769,-1.0735967677131666,-1.4933868403332318,-2.5834891031216287
-2.238196296418458,-7.085263075245441,-8.529116343350653,0.9007687283909819,0.02994106691424211,0.4332657734750437,0.05966453631138931,0.9796301645479428,-0.1917417112015944,-0.4301811723676882,0.19856553885255543,0.8806337977391944,-1.1644534109274431,-1.9144433407146384,-2.250792258342338
-1.7832468524576393,-8.660448416503286,-8.431033522638065,0.9207748870862383,0.04702023777698135,0.38725018340953526,0.02755740888358732,0.9823885100127326,-0.18480639764516868,-0.38911977144183507,0.1808367015690058,0.9032629134635701,-1.1696201380324056,-2.7087788706074853,-1.5482058781307246
-1.335555555184048,-10.034207559325221,-8.288308979983778,0.9436149127502775,0.061628878710721834,0.3252580171865752,-0.003537774956810914,0.9843397755717639,-0.17624610740575997,-0.33102625361689775,0.165157765594558,0.9290557205464992,-0.9561961684143828,-3.083816469569121,-1.2747083977254259
-0.7768559281598647,-10.952960403300384,-7.623290184673781,0.9585228828577452,0.06696098202067151,0.2770381019370836,-0.019661208006162105,0.9852293826364518,-0.17010732050541735,-0.284336631368196,0.1576048554982421,0.9456814419166558,-0.7530080249229478,-3.392825054832304,-0.9312169257210992
0.35623572032580053,-11.503591294432368,-6.080300035323663,0.9804348034087331,0.06551827514897716,0.18562045115336645,-0.0367399488777159,0.9873195603600702,-0.15443530000248892,-0.1933850367048582,0.14459405711127604,0.970409597142754,-0.748260332018242,-3.5865315122593233,-0.4932032422844529
1.4830889818469373,-11.849228504942076,-4.158216083609565,0.9914254471565451,0.05622235713883566,0.11796028691129669,-0.03972580264448257,0.9896618753740642,-0.1378086827284114,-0.1244887277414863,0.13194096781834536,0.9834094455904239,-0.9071880161067621,-3.6801498278178473,-0.014773054517086048
2.4845207165457754,-12.43658853128168,-2.2256032881466647,0.9986962600423374,0.03697516463703186,0.03519399632764328,-0.032562298036859436,0.9924062459623714,-0.118615090614265,-0.03931255427982916,0.11731444998352086,0.9923164026161513,-0.8414851879052223,-3.8106976351958872,0.39231900257237556
3.299883812659018,-13.288449204996109,-0.480783253441869,0.9995960456569379,0.018817706283474178,-0.02129881304766705,-0.02108874896032114,0.993486373444755,-0.11198254527771549,0.019052825887492485,0.11238647476371875,0.9934818921932523,-0.44147325286017103,-3.896035370272186,0.7726940898459518
4.476630222247337,-13.769017609520544,1.587102881386168,0.9941920883202676,-0.019735170441622145,-0.10579515380688798,0.007775549231753,0.9936454457158116,-0.11228654880424765,0.10733886693797137,0.11081178301906455,0.9880278925154939,-0.06624007317723578,-3.7989588835804993,1.2379796647940902
5.628108999800034,-13.353220850381145,3.674853684775268,0.9865060315136054,-0.05151496271068899,-0.15540932534501128,0.03320384550457337,0.9924344765299449,-0.11820031488300149,0.16032265726023778,0.11144513633016287,0.98075309184186,0.16840708889817735,-3.5225805475909575,1.7150076977929194
6.582601367596839,-11.99034918795424,5.81090341450979,0.9699193785819856,-0.10697762431004137,-0.21865998021611593,0.07870351036025179,0.9878269432070083,-0.134177821309149,0.23035224441734095,0.1129323610453432,0.9665320094650864,0.3208004538027985,-3.171875633925353,2.1368151686990404
7.126157832026486,-10.276444407544055,7.840352269172543,0.9488158622704854,-0.16698352446144013,-0.2680764108651649,0.1286684314927776,0.9795394233657329,-0.15474803006666654,0.28843178438081624,0.11233441427612928,0.9508880507862834,0.35731496324336937,-2.7683415516477337,2.5113933330541363
7.500074725236424,-8.5628308871493,9.75929838138277,0.9244497721454058,-0.230365162825178,-0.3038494866489567,0.1830984384523654,0.9671755587672073,-0.17619988751314128,0.3344661128075772,0.107253579333593,0.9362847265140672,0.2231277746104242,-2.319280649063333,2.8603700289624445
7.824346896884059,-6.743873414772615,11.295778826131164,0.8989540572894097,-0.2916765024081355,-0.3268125163237536,0.23843231014161573,0.9516832468070665,-0.19351752175782544,0.3674665105331906,0.09604069809052197,0.9250646182547712,-0.08917980966135713,-1.8858311055955568,3.093194035881468
8.001478757656562,-4.598942515081003,12.235250859398134,0.8693244126903675,-0.35678176108030246,-0.342026081550784,0.3001082218813215,0.9308913950795465,-0.20826969468956588,0.39269596465940093,0.07840909084596759,0.9163197552235416,-0.39321078035086954,-1.5123991283142777,3.2354207534759896
7.957791957337108,-2.284592005073649,12.701449189431266,0.8390658176810301,-0.41820723448108543,-0.3479529603652551,0.3606299734522338,0.9064362123727341,-0.21981677630975024,0.4073261295904105,0.0589584762952008,0.9113777055786718,-0.6124298862907395,-1.1115592099703764,3.3316263139309084
7.630584695816959,0.17147956936291076,13.046088569224796,0.806406188120484,-0.4800627904504411,-0.34532416218087647,0.4247704811552569,0.8764946454384738,-0.2265550150776043,0.41143541182076243,0.036011855584202994,0.910727208420426,-0.9085924670925011,-0.6760773523432329,3.3313971787950276
6.928450786099646,2.6338495056755553,13.254719031787713,0.7757794347574621,-0.5335118338832288,-0.33694419673581677,0.4844498346161957,0.8457295969063651,-0.2237181410993211,0.40431995541616755,0.010323372663468281,0.9145593483361916,-1.3522575129783034,-0.31370928502230344,3.189295069505485
5.88449599200642,4.962820040556494,13.048535845490482,0.7445822414055698,-0.5834740712250411,-0.3242765702167389,0.5440924872112278,0.8119117306523151,-0.21157199008720445,0.3867307217480353,-0.018903699035784077,0.9219989148686717,-1.707247941869501,-0.02410081495359817,2.94634255172139
3.72245180359409,8.281800159716635,11.389825429109935,0.6862364046765556,-0.6642686194083002,-0.29635586406545733,0.6443048985670874,0.7442037592892753,-0.1761589121848885,0.33756598551845923,-0.07005687638696514,0.938691237570615,-1.8774028057860153,0.2193073973109566,2.6750059245629987
2.9564787415508715,9.555489322715784,10.167152887443528,0.6595053438566504,-0.7010720624122072,-0.27120225797292663,0.6909799067068757,0.7074566623620672,-0.1484986175251443,0.2959720763042979,-0.08945967909966955,0.9509981576551593,-1.9223835355378682,0.7993669788201853,2.1324711508616447
2.351567140057197,10.486308960696602,8.845126533261087,0.6403381809958935,-0.728362596336775,-0.2438338414093106,0.7242699707473167,0.6782667575883049,-0.12404521362925014,0.255734282865145,-0.09717064272812631,0.9618512581263554,-1.8015914704615836,1.1962227231429223,1.8478579918996618
1.8765616789588333,11.086544334620507,7.405552991244198,0.6247812593479737,-0.7528325969402814,-0.20710253246088145,0.7519833489712393,0.6515647661833595,-0.09992196124186645,0.21016522271193658,-0.09330828715914584,0.9732030326246771,-1.5847724392372136,1.678189133301665,1.56164008233231
1.4940684544758893,11.23482976286617,5.756972460402271,0.6139581937188368,-0.7732570020752337,-0.1585211188047946,0.7727468749750234,0.6297672625709336,-0.07909148001046555,0.16098945177196328,-0.07393783696817467,0.9841827028975009,-1.2568751287204423,2.2784310929850387,1.2386487102998038
1.1510197124890524,11.185751257429244,4.191633470019966,0.6079319588822245,-0.7874035933870533,-0.10205054870394085,0.7860160359806077,0.6150044310402204,-0.06283582562697962,0.11223869453513555,-0.04201346120052601,0.9927926996745094,-0.9565514524901437,2.849534801365346,0.8938392391456631
0.61775229955588,11.153304662950184,2.5493168554380636,0.6051892970650561,-0.7952706105616937,-0.03592451384128431,0.793828154251414,0.6062544401036769,-0.04787917472521606,0.059856296541757115,0.00045807358100240225,0.9982068993615001,-0.777772154876724,3.248551520609537,0.5251999857456767
-0.1137311298278183,11.072420786810321,0.8756815871128159,0.6050018817342535,-0.7955295441930194,0.03324857010545505,0.7961913291141378,0.6040708285168451,-0.03431911389345829,0.007217377742168352,0.04723535170840139,0.9988577130940676,-0.6850466706695111,3.4869550643744196,0.15898261200686709
-0.8534461383028589,10.720060613245261,-0.6837927370803902,0.606688606666978,-0.7877199060448445,0.10689379851600654,0.79349101947741,0.6081971826272008,-0.02163767670137501,-0.04796807843951933,0.09794660108974686,0.9940349726170535,-0.636050365945255,3.619013112754077,-0.19652456906067478
-1.4281520660048956,10.097423830353861,-1.9965070619231464,0.6092855784402698,-0.7724631964657502,0.17908571693638836,0.7864221902458565,0.617578109088165,-0.011722536585302791,-0.10154419034890388,0.1479793542390278,0.9837636342767434,-0.5793351899579262,3.685326326148826,-0.5143236157990683
-1.8488700839746688,9.419433601795248,-3.106113136338373,0.6122474009182824,-0.7490152403031932,0.2532376154175294,0.7748674607169077,0.6321126378639815,-0.003745847670124586,-0.1572690000951821,0.19851897351685588,0.967396856911824,-0.5732423749099251,3.694536379328512,-0.7965430649554683
-2.5444187607023796,8.096017665008613,-5.054089687001373,0.6204545714555832,-0.6933306724849854,0.36650880392070473,0.743692266467407,0.6684984097624141,0.005629293178721791,-0.2489135142101347,0.2690770423812463,0.9303975535796097,-0.6742153242397393,3.3757061751243054,-1.2087106026302057
-2.9876219768531715,7.35824151840105,-5.9137507660046476,0.623201169556998,-0.6573383961841983,0.4237057176446583,0.7230940732627626,0.6907031550488777,0.0080070480072059,-0.2979182160846419,0.3013890915536088,0.9057645124520146,-0.7295983621918867,3.1985676018661593,-1.3853492485598256
-3.4689569649157055,6.608742518462078,-6.408024376685749,0.6211830382423087,-0.6046223843433359,0.4985613355957649,0.6940741693585715,0.7198566560011638,0.008212322450332233,-0.3638580498343585,0.34093718946720825,0.8668155238624532,-0.7295983621918869,3.1985676018661593,-1.385349248559826
-3.8825538580766126,5.773248782770965,-6.755191315731565,0.6237489483397048,-0.5655155456574444,0.5395640991252791,0.6692143009144202,0.7430515248436751,0.005162448945033404,-0.40384337173802287,0.35786393929432136,0.8419286977268421,-0.8432084626000034,2.674681188543116,-1.7170255563037384
-4.235479911998119,4.863089365659011,-7.006507920825295,0.6231949864391766,-0.5145786675510593,0.5889285217905906,0.6372351814031523,0.7706688296288439,-0.0009373476392007616,-0.4533865155241887,0.37587012376601875,0.808184581392737,-0.8432084626000034,2.674681188543116,-1.7170255563037382
-4.365665080342267,3.8953222825883786,-7.487711214820676,0.6281584284830045,-0.473177806197909,0.6176728522830638,0.6087397669423816,0.7932885881442011,-0.01136274892410242,-0.4846162243143502,0.3831396346528404,0.786353060329387,-0.8112119214357971,2.1594242560321524,-2.099286066677657
-4.531782827386998,2.8674363406328256,-7.970286334222934,0.6362674405314769,-0.41780421860013467,0.6485394198038033,0.5694664133584006,0.8214861620131184,-0.029470148925190173,-0.5204534063451236,0.38807231354592303,0.7606103675883426,-0.7812190644075416,1.9362483913210908,-2.2986707613842783
-4.658433817787212,1.7716176456691735,-8.151018992987161,0.64538980882866,-0.36964808468111465,0.66845515044144,0.5337270332768956,0.8442683478249178,-0.048439764764337395,-0.5464498591907119,0.3880351148447326,0.742173363196152,-0.774399919715868,1.6327887604270925,-2.516467141392055
-4.717324468212195,0.7789095444209364,-8.001826752080282,0.6590690089298923,-0.31240491135531756,0.6841280675642863,0.48869968290634236,0.8693229695884418,-0.07382543242792872,-0.5716648156003741,0.3829892242700921,0.7256160091243746,-0.7881350134683374,1.2610467850041727,-2.6794673320225963
