-0.32160419683086344,0.5088189650514269,-0.24987340429442148,0.99997817935939,-0.00041679531610918535,-0.006592957359493154,0.00036023910918009166,0.9999631507817567,-0.008577138590807802,0.006596289325358813,0.008574576391063104,0.9999414810911936,2.240106,-8.811483,3.635141
-0.06793287597143251,1.0488071250911875,0.13875797028752856,0.9999198622173022,-0.00033649371542141215,-0.012655272233771959,0.00018011821287384857,0.9999236496926234,-0.012355660355206018,0.012658463601906384,0.012352390754963208,0.9998435786371165,2.2612305,-8.7963505,3.6638932
0.1250397824066991,1.4014881985891872,0.2998327070566249,0.9998680064423751,0.0007212757491560957,-0.016231126092922085,-0.000900284872100158,0.9999388269002595,-0.01102415277842465,0.016222181730572632,0.011037310298558232,0.999807490770735,2.288803,-8.793953,3.6504502
0.1549462370488321,1.595707688508642,0.2517532012626483,0.9997832736656083,0.0027430565524452348,-0.020636892673787037,-0.00274102082787789,0.9999962353396595,0.0001269304119108569,0.020637163160193744,-7.03367501064256e-05,0.9997870285963111,2.320111,-8.815752,3.5686417
0.015079916067951421,1.448595184763943,0.04870133617185058,0.9996905791143408,0.0029454037753234427,-0.024699607823491655,-0.0025264944249726337,0.9998527349690923,0.01697425111003791,0.024745966458284925,-0.016906595500760974,0.999550801196527,2.3387284,-8.873624,3.4159684
-0.18179174536245993,0.7850917942328367,-0.21284255609746403,0.9995457050753465,0.004467265769444513,-0.029806492614424966,-0.00342699847609605,0.9993862966812742,0.03486094788058823,0.029943933390145273,-0.03474296392413006,0.9989475898719077,2.3611221,-8.939303,3.2449234
-0.24442200520357107,0.019969405495632715,-0.38269127685859633,0.9993275625542863,0.008852720331624495,-0.03558162534284898,-0.007030932073860067,0.9986737426340301,0.05100315448589224,0.035985951612839094,-0.05071868606410329,0.9980644398887525,2.3983521,-8.978739,3.112674
-0.021374873848627962,0.31669334157185897,-0.33804029698038107,0.998993153152033,0.015880520130420128,-0.04195818198809607,-0.013052141533948503,0.9976780745178089,0.06684385706865703,0.04292227343392527,-0.06622891141204568,0.9968808402895697,2.4904618,-9.023379,2.892076
0.11804228658528809,0.7356946566274112,-0.37387167315606173,0.9987636507273856,0.021176457016938235,-0.0449747446231187,-0.017225002795498587,0.9961031002042926,0.08649805224449861,0.046631204835389406,-0.08561642033866348,0.9952363333922215,2.5350556,-9.059105,2.731465
0.24920117947370188,0.695890630820004,-0.41912878435014805,0.9985774782545577,0.02676405103482083,-0.046116217266533435,-0.021773537848272947,0.9941798537406139,0.10550986430595548,0.048671685530074234,-0.1043556610275495,0.993348359357967,2.5804932,-9.09435,2.5628572
0.2870911856661932,0.4258604476729597,-0.3120571633092112,0.9984242042008883,0.03215159338382318,-0.045993298519506745,-0.026355406517055268,0.9922412707026197,0.12150165950212771,0.049542920918572486,-0.12009802561795724,0.9915250693903429,2.6267288,-9.123034,2.4046218
0.2173697251007758,0.26155018933488927,-0.06828365245940518,0.9982255927235559,0.038256951373224185,-0.04562972390155905,-0.031687962172101965,0.9900808445978345,0.13687875735050323,0.050413679543207156,-0.13518996572255376,0.9895363227708468,2.6776001,-9.143835,2.2597091
0.15754873661696225,0.317240327995891,0.21619619738964768,0.9979753616817949,0.04479345371083052,-0.04515223118237565,-0.037464943985003094,0.9877028953158977,0.15178724767513682,0.051396064521435816,-0.14978830758523315,0.98738133842121,2.7331023,-9.160133,2.1205719
0.23826762086304026,0.5236268572784415,0.49808560119671197,0.9977069009339288,0.05202535739461826,-0.04329320982299645,-0.04406021617031066,0.9847945718026617,0.16804269903520777,0.05137739950446359,-0.16574985229548214,0.9848285887829336,2.7929688,-9.175888,1.9744675
0.4361846877652628,0.7338849463343406,0.7819053869965354,0.9974924603338731,0.05928461851998079,-0.03865392068105317,-0.05115938365290189,0.9814052148219569,0.18500411288542648,0.04890305758673992,-0.1825626969761587,0.9819772668608266,2.8497727,-9.192479,1.8216232
0.7177705218600092,0.8285847747792295,1.5296926871530052,0.9969592858887966,0.07450441736889934,-0.022831427301458682,-0.06782206959542096,0.9739082192253425,0.2165708830870756,0.03837120216900713,-0.2143638782953945,0.9759998865400868,2.9653854,-9.214076,1.5292313
0.8720016968521422,0.7375610434648614,2.00758025005228,0.9964382798008442,0.08367676667342384,-0.010438068145781458,-0.07895706748613823,0.9692886107210903,0.23290635590375747,0.029606351371352757,-0.23125264938041185,0.9724431480107287,3.0259826,-9.214891,1.406955
1.2164489196862687,0.8842145700761075,3.067718778811892,0.9946129263934602,0.10172468003676922,0.0199302815447839,-0.10339164131236461,0.9597485931741194,0.2611375239352502,0.007436071393737052,-0.2617913813931141,0.9650958384898942,3.1498368,-9.200836,1.2216461
1.4843252625729926,1.071079016579388,3.643840611879926,0.9934483443728838,0.10837443735407866,0.03626800781629898,-0.11416453177234964,0.9555134062622076,0.271956963761535,-0.005181384754716228,-0.2743157155202369,0.9616257283739051,3.2114685,-9.190924,1.133702
1.885926319556776,1.180574626846267,4.187166462514182,0.9914139088464875,0.11591936001840893,0.060507547617227694,-0.12849656735814194,0.9494097915524816,0.28654786664961795,-0.024230012853959836,-0.2918625527147928,0.956153312392893,3.2707016,-9.181041,1.0387375
2.385518527515171,1.0629015784635087,4.72931713426044,0.9882287816003107,0.1220632239884826,0.09221954546788247,-0.14467023575487975,0.9416540979122517,0.3039047264714557,-0.04974332219899284,-0.31366882094750864,0.9482285972601788,3.3210893,-9.173952,0.9331406
2.8242104634159415,0.6821404208598975,5.385624183180724,0.9838305965354073,0.125632634120026,0.12764716434315365,-0.16079111354124218,0.9334939193622662,0.3205235097771169,-0.07888963890747466,-0.3358653655227609,0.9386004906856324,3.3572373,-9.171034,0.8283569
3.207932654864785,0.136152907446091,6.1345786155990965,0.9775283120820734,0.12609714313804135,0.16893167130646802,-0.17763065238118764,0.9242396475075944,0.3379769597319777,-0.11351541927247548,-0.3603894899514433,0.9258691403864436,3.376039,-9.173067,0.724295
3.6248574960924307,-0.5431431570938421,6.7476185751411295,0.9695729524633602,0.12209433907930212,0.2121821439619057,-0.19288198338456594,0.9147464498068626,0.3550147504701408,-0.15074757157950663,-0.38513881254753934,0.9104632143762604,3.3697143,-9.182622,0.6132202
4.147233000095133,-1.4091199129808476,7.0440404495201605,0.9591026482752829,0.11214071027633483,0.2598972319399683,-0.20668936223012843,0.9047837180652673,0.3723518914479865,-0.19339497824980162,-0.4108416782931224,0.8909587519998042,3.3276672,-9.202002,0.49668884
4.608282161918117,-2.5310085101404214,7.006819308723253,0.9490715003332945,0.09871818532441583,0.2991956001370394,-0.2150073179694614,0.897078883047673,0.38603281053495636,-0.2302935962520185,-0.43070198220601774,0.8726171337127863,3.238481,-9.233607,0.3711914
5.077348774230008,-3.8817704103753448,6.444576186078368,0.930100899595587,0.06821833170538324,0.36091352952031797,-0.22251476372836157,0.8864201887897697,0.40588967568641066,-0.2922319224424163,-0.4578269412400743,0.8396398009744216,3.0916123,-9.278517,0.2437561
5.226839662788129,-5.462618082670013,5.579630313457569,0.9109454054454419,0.03412429638189189,0.4111131239625896,-0.22231706398052303,0.8800822325916926,0.4195597537175138,-0.3474961745989711,-0.47359349264201417,0.809293279575593,2.8734803,-9.336591,0.1343933
4.717851907256408,-8.59344407081448,3.097471120779292,0.8743750619926314,-0.033245239704092974,0.484110529737165,-0.2076523138352991,0.8760543134224928,0.435211852426712,-0.43857584010547973,-0.48106506209748917,0.7590965936591407,2.1892457,-9.468074,0.0155181885
4.496705825769327,-9.652315288002505,1.2568164077830817,0.8502845238395231,-0.0934625296247036,0.5179584771727807,-0.17360453794265468,0.8792287198802062,0.4436421108771464,-0.4968678827663462,-0.4671419631053972,0.7313690541589268,1.7196518,-9.525721,-0.027201843
4.010755817403223,-10.360884415861452,-0.9584735879800732,0.8289047483854952,-0.14806076466474657,0.5394394572803038,-0.13513421307798973,0.8827735747689127,0.4499439522268373,-0.5428219436977197,-0.4458574050709537,0.7117271329544942,1.1866165,-9.569463,-0.060324095
3.17034682489615,-10.5645620029125,-3.463021939836393,0.8072684606585593,-0.20395738044041697,0.5538221911316326,-0.08596408427898891,0.8877458273741214,0.45223613543580365,-0.5838902368082842,-0.41268478642145107,0.6991161980788647,0.6015686,-9.593264,-0.046942137
1.9977733947486749,-10.088474843553456,-5.981862238630965,0.7878652655892368,-0.2567603347044996,0.5597700008042895,-0.029983122394939915,0.8918721865368839,0.4512926049176596,-0.6151173348633989,-0.3723414204790411,0.6949766405759249,-0.026597595,-9.589294,0.017559815
0.6946474595036809,-9.05349334285965,-8.368128644942276,0.7691531207703732,-0.30946928788444295,0.5591352579345099,0.033786986947842275,0.8933960748863434,0.4479976483092967,-0.6381707579654377,-0.3256872936329721,0.6976144138733432,-0.6861969,-9.552145,0.11525116
-0.5308525026352386,-7.698237106250911,-10.386054081850837,0.7520545431757912,-0.36147083684008346,0.5511377307014838,0.10394039991468258,0.8907764160825232,0.442395490276235,-0.6508535606065523,-0.2754200622055414,0.7074838740073641,-1.3655274,-9.475328,0.23881836
-1.5128045839561644,-6.038130416022204,-11.966979697976374,0.7354442582172102,-0.4158275565175153,0.5349852206332522,0.1815015327041281,0.8815908500548786,0.4357232685151986,-0.6528238174893659,-0.22334953848214728,0.7238342676182319,-2.053447,-9.352304,0.37611237
-2.2911497037791464,-4.022994170544797,-13.140524838950904,0.7197113420296175,-0.4710339661812149,0.5100417501122044,0.2603543314374394,0.8641406466083662,0.4306699025716072,-0.6436079600624048,-0.17716643469593168,0.7445675578222848,-2.7287095,-9.185069,0.50016177
-3.118265158766331,-1.6709820291472877,-13.831126510702127,0.7035234875919135,-0.5299517359555066,0.47350381198492497,0.34227735624349354,0.8365799694377207,0.4277618100515121,-0.6228169183712614,-0.13887084752865328,0.7699441368678628,-3.3645508,-8.986072,0.59035337
-5.565981998269605,2.4001961924657085,-13.445599129755847,0.6712538112873713,-0.6268863777021065,0.3955145892172749,0.4772158277045003,0.7737945710282028,0.4165417333660428,-0.5671713802903724,-0.09085940401967704,0.8185726565679446,-4.4804335,-8.512419,0.78275144
-6.386813663669693,3.777652078488528,-13.084963457702035,0.6495425743035131,-0.6908136932301675,0.3176017717407458,0.5670012938828808,0.718404148188362,0.4029950528243396,-0.5065609310855936,-0.08168182852660373,0.858326337698108,-4.9480743,-8.269175,0.89156187
-6.66903880705863,4.838937501867973,-12.899203921611269,0.6293628332466291,-0.7372338175735679,0.24574116943173926,0.6321368034558982,0.6696098773692534,0.38990469841499975,-0.45200164363012485,-0.09004948836854289,0.8874601984315853,-5.352156,-8.041036,0.967363
-6.311595066723598,5.756973679101062,-12.645965922176517,0.606826694144379,-0.777308979779385,0.1659882924429797,0.6903059606539975,0.6189231233072042,0.3747156897185067,-0.39400386287365974,-0.11280477556374456,0.9121600948576116,-5.692328,-7.8354325,1.0092102
-5.630169123548349,6.6326677442476605,-12.047656872148904,0.582907705414456,-0.80881277906107,0.07772062400652002,0.7419295219661679,0.5688134925940742,0.35495322942323576,-0.33129924751424844,-0.14924174707647964,0.9316478463057017,-5.9606323,-7.665367,1.0293137
-4.999153272657029,7.556871734651946,-11.172946928703832,0.5602104262339772,-0.8282867542396324,-0.010263093584327865,0.783044304827892,0.5254880936766646,0.3327219260593867,-0.2701960307172348,-0.1944307489962425,0.9429691346112081,-6.1517043,-7.5396028,1.0303055
-4.381274753757436,8.423103863230056,-10.140859848587363,0.5380440476444851,-0.836536995179301,-0.1035106684874825,0.8174419404884595,0.48787191506559724,0.30621833455998043,-0.20566301739690782,-0.2493729138992703,0.946317004543713,-6.260048,-7.466873,1.0139282
-3.699037172519054,9.133519588241775,-8.901835701704705,0.5206332949418814,-0.8335230495380945,-0.18487914454225324,0.8409436063175424,0.46322952878914875,0.27970029433561394,-0.14749516328207485,-0.3010942203804294,0.9421185951152301,-6.285718,-7.4510117,0.99463654
-2.800690852442697,9.811775993099118,-7.492004347334333,0.5067350852122302,-0.8209799552615047,-0.26308072235299096,0.8576651218931151,0.4491607856813365,0.25033003673988463,-0.08735039841363856,-0.3524861723031729,0.9317314024073868,-6.232347,-7.488997,0.9892365
-1.7259498150792787,10.699785608431236,-5.910619928717359,0.5005366473643279,-0.8001937194438451,-0.3303832259784134,0.8651528199529374,0.4485975650453202,0.22421155804928844,-0.03120356987202589,-0.3980580811866961,0.9168293741090578,-6.08918,-7.588702,0.98265535
-0.6184224077061522,11.840849695005117,-3.9928460638766574,0.5025313342940482,-0.7717587558629428,-0.3896802289076598,0.8642905398043639,0.4596826321042081,0.20419045165342106,0.02154346437610656,-0.43940903551318733,0.8980287181666549,-5.863475,-7.742006,0.94801486
0.26461927762905013,12.904626782172844,-1.7077660929458625,0.5122099215697593,-0.7374597763000988,-0.4402204840587374,0.8560892186471594,0.4795306459538938,0.19277346629434572,0.06893653575279912,-0.4756084922816761,0.8769517182308004,-5.5584154,-7.937874,0.86179656
0.9675568899506999,13.60902715154842,0.6979046627133156,0.5310326204178033,-0.6936858016812798,-0.4866254870000146,0.8393901637564369,0.5091847124811886,0.1901448962354526,0.11588144390342692,-0.5094417897279817,0.8526667308143359,-5.172694,-8.161168,0.71851194
1.670060351954441,13.925357721955255,2.9983360240757824,0.5581581056225259,-0.6452884777691401,-0.5215959255844118,0.8146376781332872,0.5455554709490112,0.19681128393262623,0.1575594570106147,-0.5347635071468397,0.8301825154329207,-4.6967497,-8.40211,0.53073275
2.537863705673449,13.891001110477408,5.262986714279867,0.594629684606147,-0.5885989855555962,-0.5476922241442882,0.7795859124059084,0.5886983526727491,0.21372892817454187,0.19662487981799615,-0.5540627074287838,0.8089209929735066,-4.1327257,-8.640169,0.30391997
4.6654263179980155,13.04395053123104,9.433355598763246,0.679759433378516,-0.47367827200826823,-0.5599607194796614,0.6914266972744428,0.6685440621260887,0.27382103515271433,0.24465533926132693,-0.5733042225757707,0.7819629360447434,-2.7702255,-9.0431385,-0.26107025
5.864378108460256,12.055150041120788,11.451224234746585,0.7306185994790793,-0.3864845908654974,-0.5628730968155771,0.6226632278666273,0.7153958921636036,0.31701612283629005,0.28015525473912006,-0.5820982550214097,0.7633312876746818,-1.994458,-9.183714,-0.5837967
6.947205135182255,10.642566333888716,13.127575010879418,0.7767071734716308,-0.30250602256315734,-0.5524636395191354,0.5511685744222979,0.7509603037644128,0.3636919365883059,0.3048592613764622,-0.5869827326958426,0.750008068136549,-1.1780487,-9.269275,-0.92493284
7.85861051189125,8.791964239349438,14.584137216772216,0.8184249093711058,-0.2196086724266454,-0.5309921832907751,0.47656162485095155,0.7757152045704626,0.41370876122899075,0.3210446782619492,-0.591640053067075,0.7395217117613717,-0.35555878,-9.293498,-1.2996963
8.721773835393583,6.552231543843473,15.722127861878779,0.858878129731271,-0.12904655999871645,-0.4956564774335268,0.3912748850045983,0.7897852832753403,0.4723803241947413,0.33050313558868505,-0.599655060575818,0.7288219849125427,0.45244902,-9.255969,-1.6815201
9.576501013643547,4.369064578541629,16.27293881440363,0.8905918062302673,-0.06363685589060018,-0.450329418590291,0.32138891628626626,0.7886566685026114,0.5241467578023365,0.3218002473023439,-0.611531691573479,0.7228233470478308,1.2237778,-9.168463,-2.025273
10.389147258617097,2.0671093159910203,16.329687247863532,0.9225669357171398,0.002412537999227575,-0.3858295333199491,0.24095057214916216,0.7774168401666571,0.5810041982690671,0.3013520713426054,-0.6289811096413724,0.7166377695962084,1.9316406,-9.047613,-2.3085418
11.070117649994273,-0.4518200490929951,15.902526926824962,0.9518538050687682,0.061233677564705866,-0.3003743839078319,0.1533150634368498,0.7534103098604302,0.639427397222988,0.2654596487217268,-0.6546933188355535,0.7077484250583853,2.5477066,-8.910924,-2.5369034
11.434424644895868,-3.269958915484673,14.983765727180502,0.9713483526002474,0.09486802276592378,-0.2179046492328009,0.08230393684308517,0.7258616357935715,0.6828989293176624,0.2229538963124781,-0.681267160473455,0.6972564923896512,3.051497,-8.775144,-2.7099564
11.477916072467838,-6.439955053067443,13.59513140099004,0.9853178411008358,0.10953330856346694,-0.13096261422073419,0.01781696874276701,0.696917347042998,0.7169300991138315,0.1697978434292018,-0.7087373742830904,0.6847335442791613,3.429425,-8.663022,-2.8148499
11.02749818375169,-9.30523014763935,11.49531292507223,0.9944178156298653,0.1050774096386363,-0.009588844641648706,-0.062404470905970635,0.6589772690477057,0.7495696371181086,0.08508166646741978,-0.7447870144289986,0.6618560365888223,3.6804779,-8.590225,-2.8479996
10.117400703942668,-11.60352358217408,9.405796469802187,0.9934685807250044,0.0829567420009496,0.07834767430392145,-0.1132739718215717,0.6342333213882028,0.7647987325752142,0.01375450544407799,-0.7686782636431683,0.6394877173038681,3.7863953,-8.564056,-2.8360076
9.144737162863384,-13.530589178811413,7.1920936288982995,0.984968228134597,0.04091944351614927,0.16781891641802832,-0.15731466229491034,0.6137563224936131,0.7736635403236692,-0.07134203944681371,-0.7884343826479437,0.610967705910979,3.7412689,-8.587885,-2.79263
8.069625905013659,-15.267893497513814,4.7610215682007375,0.9691206459670583,-0.012401904254537837,0.24627498113136265,-0.18899125932359992,0.6041605276153282,0.7741268376505541,-0.15839026946018947,-0.7967661197882531,0.5831605892872899,3.562224,-8.662936,-2.6936417
6.7365350064295875,-16.517110270332203,2.080772191905906,0.9467771294735465,-0.07161413008647843,0.31382237568055626,-0.20854992724286223,0.6061693573048562,0.7675061160092561,-0.2451937906082207,-0.7921048709839966,0.5589721624648204,3.2602172,-8.783175,-2.5304427
5.0950366682484445,-16.988823712757622,-0.7180951526851587,0.9164703251512247,-0.13867929392937295,0.37530014195635336,-0.2155642397228938,0.6190826605763745,0.7551613853517456,-0.3370670581203375,-0.7729842901436792,0.5374765906727221,2.8440216,-8.931547,-2.3107636
3.249177350035808,-16.804536006877267,-3.2759267727975434,0.881340632688062,-0.20565659188580312,0.42537519366662974,-0.20856067186251626,0.6385059817624564,0.7408188425018741,-0.42395888400322757,-0.7416302835426001,0.519849388964977,2.3235245,-9.085396,-2.064914
1.5194818672145516,-16.107173843863546,-5.220876949575739,0.8540558978880444,-0.2535124922145966,0.45422454752444885,-0.1934339544287719,0.6558083982817203,0.7297250509727697,-0.48287868927577854,-0.711088434046222,0.5110591065708522,1.7131668,-9.224858,-1.8098694
-0.09992703053673369,-14.700674197109274,-7.024106508977115,0.8155894439001162,-0.3171967706127647,0.4839422152608017,-0.15808236801469877,0.6823934013352652,0.7136870537826451,-0.5566182030095354,-0.6585783586840069,0.5064096380910567,1.0302002,-9.336119,-1.5451111
-1.5914240039453338,-12.659607757092125,-8.620292061693517,0.7702547495659522,-0.38687357425503144,0.5069876313227264,-0.1012175075410095,0.7107421519607607,0.6961326092012726,-0.6296527907809809,-0.5875154729616262,0.5082941393449257,0.30414122,-9.40643,-1.2828109
-2.8480824304365773,-10.42871657793082,-9.759948350026015,0.7307008148805106,-0.4439278972172985,0.5186562842626948,-0.039480784791385184,0.730966567764201,0.68127024332733,-0.6815552705138549,-0.5182816790927992,0.5165912449427834,-0.44724274,-9.427809,-1.0295655
-3.8072914552197896,-8.28430249321571,-10.342548506302192,0.7006728938499068,-0.48656581894457807,0.5218344561820244,0.018297266321985944,0.7434039409971069,0.6685923949276658,-0.7132479974518957,-0.45891642413925665,0.5297858150102726,-1.2011185,-9.39572,-0.7683792
-4.613281394285682,-6.157182250425477,-10.549671042974401,0.6712178179291793,-0.5303912600430792,0.5178337109191576,0.08878851101259651,0.7510835727970074,0.6542094977808318,-0.7359233935720192,-0.39313938742435534,0.5512333270485792,-1.9377457,-9.310089,-0.495195
-5.339384750816848,-4.310227178250029,-10.502643009135392,0.650133672731972,-0.5653838194746518,0.5076094406689966,0.15018538325955474,0.7505059292573015,0.6435722187950741,-0.7448292141391997,-0.3421724518804648,0.5728415618117225,-2.6407547,-9.175156,-0.22852936
-6.037791299247147,-2.7319685556594226,-10.408873304317758,0.6192165238430459,-0.622469937649217,0.47864608357607435,0.2523491901340208,0.7349868099324961,0.6293761001690138,-0.7435662598843752,-0.26893412938530664,0.6121957621654441,-3.3007934,-8.998761,0.009568786
-6.649582698759214,-1.8751396967220195,-10.224117530041084,0.6025492770306629,-0.6571870471061275,0.45281293473768364,0.3137881436519728,0.7167663054819658,0.6227223010533522,-0.7338060845027617,-0.23313354207762896,0.6381045227116513,-3.9065108,-8.79083,0.20088044
-7.387012459733665,-0.7760793807012023,-10.3453605543951,0.5746322557734796,-0.7416434938535994,0.34606747701757273,0.4650563503983904,0.6438503493287194,0.6076012826051432,-0.6734392040702796,-0.18820641778088215,0.7148831951635711,-4.902191,-8.349197,0.49352568
-7.513953777601124,0.5464506668391422,-10.585335472542923,0.5358958613215691,-0.8155787356127178,0.21828181746259576,0.608011504860504,0.5521844836334299,0.5704509672108088,-0.5857795112289935,-0.1729844560960403,0.7917946338372587,-5.5767775,-7.9653077,0.7493469
-7.311267960705069,1.362925565418783,-10.660912562471069,0.5132638423814927,-0.8455609598267387,0.14692478116597796,0.6735190521913892,0.5029538562559649,0.5416728762015564,-0.5319138223800906,-0.17906446239870907,0.8276494450350721,-5.80316,-7.8181334,0.8650101
-6.9942692488091645,2.2499317547847735,-11.023492486561628,0.5002365345890162,-0.8627224681484917,0.07398210874357738,0.7214738434185016,0.46252576381805494,0.5153109848115602,-0.47878899603615266,-0.20440122493835416,0.8538039801490699,-5.960602,-7.7091904,0.9462036
-6.081443157846262,3.0739915101410022,-11.483342249497749,0.48493748693114014,-0.874463535994415,-0.01221302522123649,0.7693685100628884,0.4199334729140321,0.4813813187588098,-0.4158217520675429,-0.242836163992319,0.876426190825545,-6.0562515,-7.638832,0.9972992
-4.4663237740217525,3.7801319769577777,-11.492943783084932,0.4710793047466744,-0.877341064805664,-0.09141632592186757,0.8076098873349612,0.38730070391449956,0.44470713354537517,-0.3547542226925575,-0.2833210559647779,0.8909986648299775,-6.087392,-7.61035,1.048729
-2.7605018517971436,4.607089657160423,-10.993218487389662,0.45887637998848657,-0.8731832264172779,-0.16426661557411654,0.838199665044148,0.3641116124607033,0.40600992006494674,-0.2947096696895773,-0.3239965845109784,0.8989841065428693,-6.0552382,-7.623996,1.1088043
-1.487231176287347,5.790509109770981,-10.166234841580252,0.4483597491883034,-0.8615418059758173,-0.23815803967896673,0.8642624527156634,0.3498576263653523,0.361455466274764,-0.22808758873228263,-0.36789313370859306,0.9014603119585268,-5.962889,-7.678055,1.1771057
-0.6718381405885427,7.094189748633273,-8.926773106541818,0.4443535029835386,-0.8458792944740314,-0.295022344181543,0.8798163176125924,0.3500267606754819,0.32156572279029794,-0.16874007126013657,-0.402454327832543,0.8997540232530111,-5.8018966,-7.772864,1.2639892
-0.06596030715659307,8.278291078821697,-7.394675143400498,0.4464735158043818,-0.8280021767457518,-0.33922528648314343,0.8875150399724592,0.36151601423521545,0.28569778661055023,-0.11392301570779376,-0.428624038938299,0.8962717108869729,-5.5683503,-7.9025726,1.3724365
0.22635289925190438,9.499043554964748,-5.331697027900243,0.4536921189971182,-0.8069252695106118,-0.37819977602469684,0.889345421006593,0.3829152005816687,0.24988131442367992,-0.05681710389055481,-0.44971942207194826,0.8913609022818776,-5.2730207,-8.0548,1.4953034
0.22146357732831046,10.813807767852525,-3.115837051921652,0.46646577633761005,-0.7837360204199458,-0.4100823451479674,0.8845293533647351,0.4111093741495834,0.22044705832126896,-0.004183603938420641,-0.4655608797811995,0.8850059687230601,-4.909102,-8.230556,1.596495
0.3562600170217207,12.06806422567097,-0.9596298619855186,0.486531719859444,-0.7545013966359799,-0.44047080271564726,0.8722464972784559,0.4481879311288789,0.19573866857593428,0.049728598975593,-0.4794321858874008,0.8761688453598162,-4.4803953,-8.42393,1.6551346
0.8512145340843658,12.869314231342248,1.1856276572258668,0.5131271725590285,-0.7220391685882198,-0.4640688998478662,0.8526602070463472,0.49076404882419356,0.17922393730014013,0.09834162954342776,-0.4876577564297703,0.8674784357507834,-3.9744918,-8.627808,1.6717697
1.4266213084564563,13.23443146101706,3.4384326720041742,0.5495837640933887,-0.6814374900128211,-0.4833224942519936,0.8222724503874694,0.5435150997082284,0.16869900332527346,0.14773524826096332,-0.49013700492227785,0.859034349037971,-3.3792267,-8.831503,1.6581955
1.694991480664629,13.584770476942248,5.6082586346007215,0.5896547257105128,-0.6370066108946489,-0.4965177561012023,0.7844751623862308,0.5979475467855349,0.16449149185370346,0.19210940644944038,-0.4864990328558468,0.852298461211781,-2.703261,-9.016749,1.6173859
2.130453305334511,13.81521502451451,7.721628209348318,0.6368478868252435,-0.5805943524643111,-0.5072819402785486,0.7332959616967792,0.6593451326817992,0.16595489919859505,0.23812140098155224,-0.4776758251108886,0.8456500484829496,-1.9524429,-9.168528,1.5554352
3.050725003230108,13.528229774258303,9.718662320400307,0.6830794247971641,-0.5177849660259972,-0.5150740028153549,0.6755072185873268,0.7160296903771012,0.17604397216288262,0.2776553566117334,-0.4681882222524717,0.8388726312670367,-1.1388168,-9.277705,1.459053
4.352053549625191,12.573174583187116,11.544778594564312,0.7308838656089425,-0.44042965371004866,-0.5213736617104626,0.606320702410647,0.7697264126778771,0.19974097089557258,0.31334323164987804,-0.46210709771533864,0.8296222329592655,-0.29662627,-9.334126,1.302391
5.506075801087496,11.338989555396711,13.077814440610393,0.7710259742894154,-0.3636073647548615,-0.5227892799848545,0.540072755981071,0.808347270967581,0.23429918430561114,0.3374023787972874,-0.46299500409322986,0.8196311737401417,0.53808594,-9.337866,1.0735397
6.871760749577721,9.869488793170364,13.82101550613111,0.8150832877042568,-0.26465115296608593,-0.5153629801789618,0.4578843199803494,0.8392747313414568,0.29318914517399597,0.3549382814255921,-0.474950200089912,0.8052584205167931,1.3469986,-9.3001,0.75578463
8.184069982095968,8.084812364692219,13.922500937493147,0.8479168490205771,-0.18174549602937687,-0.4980015982103388,0.38971700934291437,0.8505346967443937,0.35314498759395835,0.3593851273715024,-0.49351727863060524,0.7920120112202915,2.1064422,-9.212585,0.3820923
9.493447998128898,5.376358774749708,13.823798546703044,0.8886530452979383,-0.0722963095296782,-0.45284545786734953,0.2953231013371853,0.8456857366451233,0.4445221036704269,0.3508276370232074,-0.5287616461728144,0.7728719755802567,2.8070207,-9.079414,0.0018188476
10.12031753259419,2.361251011601021,13.723705528174767,0.9172926131268434,0.005215133326737828,-0.3981796884414266,0.22068005926128917,0.8256715725163702,0.519198195088136,0.33147333730989803,-0.5641269863450329,0.7562315584064913,3.419455,-8.92082,-0.34451142
10.179288770547732,-0.3057041259852733,13.355030219135422,0.9366117720904189,0.05226902596913721,-0.346448174054768,0.16799440072957972,0.800737619208932,0.5749757790612756,0.30746750999927597,-0.5967304367198386,0.7411993768123368,3.9105315,-8.764807,-0.6638168
10.171749442700003,-2.576879525223423,12.460529273609739,0.9601423312777037,0.09851751923977499,-0.26157408528265325,0.10016390313427513,0.7524017093778436,0.6510444379873057,0.26094807184097757,-0.6512956057952026,0.7125448320452101,4.258931,-8.633406,-0.9834946
10.188592406107125,-4.7360900155848595,11.247755655540686,0.9794173260379258,0.12126583765437204,-0.16135767126078313,0.03357173372044886,0.6904079827432771,0.7226408209196062,0.1990342687873698,-0.7131839972842512,0.672126435922539,4.465483,-8.535109,-1.3092041
9.977430621609537,-6.947764089005994,9.88753444547465,0.9892983203811673,0.11827800544650105,-0.08543504385554276,-0.010693285986076634,0.6427448520972917,0.7660056845332487,0.1455145591541314,-0.7568945557539892,0.6371311831515947,4.536031,-8.478274,-1.6143601
9.44145774644773,-9.028302203842314,8.312652625921082,0.9958926607114565,0.08899328710375595,0.016673427707700653,-0.06549667706054925,0.5809482107042901,0.8113010303047261,0.06251394752438605,-0.8090607958181837,0.5843908238798468,4.473799,-8.473211,-1.8631592
8.508196738089456,-10.887363930253837,6.813759321893079,0.9934870112262808,0.03884604710931336,0.10711929400744116,-0.1113436734209927,0.5307093077412481,0.8402084366786166,-0.024210429855559712,-0.8466632242519967,0.531578065560857,4.2811995,-8.523397,-2.033957
7.4365185866956836,-12.62221326413174,5.396544118159771,0.9823489982619273,-0.026055296549419616,0.18523381747269968,-0.1482186242881217,0.49567239553288106,0.8557687279404593,-0.11411259802460125,-0.8681186542336351,0.48306140100784156,3.9721513,-8.619634,-2.1101136
6.332610360140692,-14.128766266388368,3.808673354613002,0.9654460779762886,-0.09235270334219524,0.2436900668997209,-0.17154336903417106,0.47872602571295547,0.8610425453167138,-0.1961803839852703,-0.8730935634228832,0.4463416700790153,3.5565307,-8.7537,-2.1005492
5.123809479971817,-15.041836291761653,1.7465371682853075,0.939926549207414,-0.17084996848460382,0.2955475771578108,-0.1840856106874479,0.4754270747600553,0.8602799454380686,-0.28749012162659004,-0.8630060166962383,0.4154155089945747,3.037169,-8.913994,-2.025766
3.7156295537058868,-15.201250231449393,-0.5557372427805873,0.908956087175307,-0.24935685865031926,0.33409577763120574,-0.18141135413974083,0.48496105656974453,0.8555131174914519,-0.37535150482732954,-0.8382326232346263,0.3955721390202515,2.4308867,-9.078192,-1.9001191
2.181119460741355,-14.94039833395307,-2.910202294253695,0.8654931866611495,-0.3408327686536681,0.36708931836135394,-0.15999823458505985,0.5063443949656906,0.8473581997104253,-0.47468106005273936,-0.7921163913836812,0.38370498267354247,1.7621841,-9.222206,-1.7283173
0.6644371690846345,-14.608829481456718,-4.709255048609716,0.8397357811093582,-0.38754651460385603,0.3803307993616332,-0.14060804997843493,0.5213427208130372,0.8416835175625822,-0.5244742073790832,-0.7602693381122666,0.3832979771932268,1.060849,-9.3312025,-1.5118363
-1.8763940625609417,-12.223746927490863,-7.453024091312237,0.7801308814151766,-0.4946260887403762,0.38306767052281604,-0.03943930355553241,0.5722037472648217,0.8191626291226612,-0.6243719638143868,-0.6541619860198961,0.4268861052424551,-0.40914306,-9.437152,-0.964386
-3.8560010650984324,-8.957630444186734,-9.756768547239313,0.7037354537112656,-0.6059417376457555,0.3709326377775907,0.10679807177915307,0.6063918969949584,0.7879613182911397,-0.7023891962822706,-0.5149014253599413,0.49145288594965847,-1.8599838,-9.352081,-0.39014283
-4.713964849252665,-7.594846766684068,-10.722632740453347,0.6652245596197004,-0.6552518157421435,0.3579404185690678,0.1837938105494713,0.6083559624057318,0.772089928835431,-0.7236685156081346,-0.44782594941787457,0.5251245552680808,-2.5371659,-9.230631,-0.14461823
-5.317207546945643,-6.352641661476979,-11.100728559488187,0.6372173676255288,-0.6972712764954127,0.32827853017041697,0.2568184453201562,0.5937269507873626,0.7625828440583219,-0.7266349238370876,-0.4016230507368813,0.557405249865008,-3.1731293,-9.069197,0.06629181
-5.992751203196537,-5.031785713712062,-11.121811795434308,0.601272950120753,-0.7419153507143369,0.2967026319861502,0.336519828202168,0.5719085718915756,0.7481142898138774,-0.7247242542373412,-0.3499745673207724,0.5935423805835345,-3.7541459,-8.8793545,0.2416687
-6.364750358037799,-3.899489077496126,-11.344184471328521,0.5736597926380476,-0.7816256994410349,0.24489938400042022,0.41469494208929786,0.5349873182345394,0.73608197528113,-0.7063586534587276,-0.32070209743861905,0.6310369382076181,-4.2720184,-8.672633,0.37566072
-6.492910213160096,-2.8535323876058927,-11.766726032587325,0.544400989742341,-0.8184631693520905,0.18369976260651646,0.4916948481845315,0.488793982263386,0.7206362599619114,-0.6796055757837414,-0.30199086628113847,0.6685340515234945,-4.7212067,-8.4623165,0.4767273
-6.382699743413527,-1.810016100105332,-12.042226056761761,0.514890777768072,-0.8493590851938136,0.11608889424969748,0.5640499225173072,0.43763919688307,0.7002282615403075,-0.6455502860952119,-0.29506114239301273,0.7044173126578603,-5.1034393,-8.261442,0.55571747
-6.063550747028412,-0.7793502969476833,-12.161364722094863,0.48467823023824935,-0.8737183053357809,0.04127149202887331,0.6328182286112204,0.3828355596330655,0.6730364208702191,-0.6038444358197531,-0.3000887488754103,0.7384569318030106,-5.417699,-8.081227,0.6206299
-5.546271403691746,0.1643941825165398,-12.327352185980375,0.45365226913015544,-0.8903871113103337,-0.03755543536560832,0.6957150211758844,0.32750131509190805,0.6393148660271475,-0.5569382623085795,-0.3161545201725112,0.7680274027345576,-5.669339,-7.9267397,0.66981965
-4.689459756742849,1.1829021932457318,-12.403742934724919,0.42128593271709125,-0.8991101078617122,-0.11882414247782541,0.7539436092032458,0.2743828044147449,0.5968945558330074,-0.5040706270318417,-0.3410499825280755,0.7934719354717762,-5.856926,-7.8031616,0.7253128
-3.819907508959095,2.30964288519882,-12.209135564042644,0.39599161894071216,-0.8999123507898816,-0.18261543917353457,0.7965467356925774,0.2377034627941961,0.5558870043751225,-0.45684125862953007,-0.3655883267713535,0.8109508244908011,-5.9691224,-7.718614,0.81071013
-3.048399702548102,3.7047860773463848,-11.815213337046854,0.3667495627919793,-0.8944822475927369,-0.25572693822383663,0.8434653488935354,0.20372771551572455,0.49705253560026286,-0.39250600429521937,-0.39799061128648566,0.8291818316388825,-6.0029893,-7.674539,0.93955076
-2.537900199278563,5.144134248538577,-11.203303419113054,0.34645003790144835,-0.8857319980729098,-0.30895177427530013,0.8756880787195308,0.18727191581441202,0.44508383293004095,-0.33636700198827757,-0.424744696420063,0.8405053139846577,-5.957535,-7.6769195,1.098555
-2.1858972535118477,6.657177188192017,-10.201737131314944,0.33205801582377653,-0.8739742693500946,-0.35483298978694927,0.9012723109648039,0.18298844132480357,0.39271293820000464,-0.27829066749594444,-0.450204627758854,0.8484515882059358,-5.8331285,-7.727394,1.2769883
-2.1216020607147037,8.18752556677992,-8.694696826163138,0.3238664838592676,-0.8601940284421091,-0.3939247822429696,0.9200223743287408,0.18925368629540565,0.34313535661325584,-0.2206112675434796,-0.4735496549002408,0.8526906783686119,-5.6299605,-7.8238893,1.4597718
-2.2220399431606688,9.72864490791325,-6.766738854503972,0.3217742451671018,-0.842047677486681,-0.4329169019412718,0.9335639117399228,0.2059299242456067,0.29334499995236346,-0.1578599310908096,-0.4985464623678382,0.8523682695974317,-5.3526735,-7.963098,1.6153533
-2.2438282024206164,11.104352725194275,-4.728372471611008,0.32676990434679776,-0.8224755615264738,-0.465569952106981,0.939555732989279,0.22940285678248062,0.25418370110417227,-0.10225680525110756,-0.520488501305984,0.8477235786434687,-5.001671,-8.138829,1.7237473
-2.0435246234051534,12.246137825985125,-2.5670011153680887,0.34072439506519153,-0.7951490392583268,-0.5016421951690463,0.9393419492182181,0.26562074304540195,0.21698461535999974,-0.03928853581361291,-0.5451455092271875,0.8374203154468218,-4.580241,-8.340139,1.7694305
-1.8730373391590414,13.108700344581118,-0.43729777322425045,0.3558830228861672,-0.7735901820247965,-0.5243143182254767,0.9345298157182402,0.2952782104851736,0.1986574990940574,0.0011391027326098195,-0.5606861944862894,0.8280275923889548,-4.0921645,-8.556351,1.7448486
-1.7149160178286054,13.77594700655187,1.8195086114279801,0.38712465684769576,-0.7364325483525949,-0.554798703844428,0.9202692198052925,0.3457520942324362,0.18319402941374113,0.056912767807510506,-0.5814830961092412,0.8115653675457701,-3.5409684,-8.77492,1.6462142
-1.7495409418787662,14.230577672915015,3.978761773131138,0.4233061465691451,-0.6955576015448223,-0.5805269409855119,0.8997915296492737,0.39757083822813094,0.1797571466228856,0.10576913277606743,-0.5984455292871665,0.7941510177718111,-2.928328,-8.981839,1.477742
-1.6436826744970023,14.385860579319694,6.145151092699505,0.4664048151128112,-0.6442071373351222,-0.6061878526051736,0.8708638965007001,0.4545798987748791,0.18695772089282237,0.15512131449675726,-0.6151050965780636,0.7730349914153245,-2.2542357,-9.167776,1.2396103
-1.0146669239034363,14.25446893653423,8.169738856622251,0.5113481579187455,-0.585492470808651,-0.6290640889603277,0.8354535105577179,0.5101896454744814,0.20426442996128302,0.20134669873104497,-0.6300040414767237,0.7500362755447939,-1.5273117,-9.314829,0.9460083
0.4110219570456538,13.801271346366661,9.821325889244681,0.5644324848793625,-0.5124942084919929,-0.6471210522576702,0.7880832458730735,0.5678303876709014,0.2376835047109378,0.24564357835503958,-0.6441415505148546,0.7243900160226204,-0.7635819,-9.409616,0.6130325
2.071331352128972,12.836196224787743,11.158044116948668,0.6160487000700462,-0.4400037229816415,-0.6533610968708665,0.7362964663666938,0.6164023381773931,0.2791337871081946,0.2799134022477777,-0.653027473581119,0.7037070455738925,0.025506591,-9.445038,0.27854005
3.3578887941534727,11.365883037031,12.410301643727772,0.6693741574760103,-0.359006371697257,-0.6504249859776706,0.6751749549749644,0.6592379803807635,0.3309744180417072,0.30996292919934154,-0.6606963828448468,0.6836689785399812,0.8139893,-9.420755,-0.051150512
5.029127708547991,8.161872975409793,13.938912236006088,0.7622648254902133,-0.19037807479436208,-0.6186344029052762,0.541763807925106,0.7106503470282283,0.4488519362675708,0.35418118561389345,-0.6772977727013816,0.6448437135080762,2.2697587,-9.215277,-0.70606077
6.025348469086283,6.431787585658248,14.00676960302836,0.8034017840370216,-0.10571368940167747,-0.5859779767868564,0.4690751306371798,0.7185340200412028,0.5134952617708766,0.366761632704191,-0.6874107054130852,0.6268591762586252,2.9100068,-9.060483,-0.98317564
8.622205198776683,1.8710658878047646,13.001194295031432,0.8931247201147611,0.016405800815281042,-0.44950982638818926,0.32417565485556615,0.6693134046464986,0.6685280182307076,0.31183068982846296,-0.7427990415045803,0.5924619859712379,3.9428406,-8.735975,-1.397879
9.441617575955803,-1.1353650885734856,12.321456267877156,0.9358018014400372,0.06652143857422774,-0.3461934237266755,0.23404028877927185,0.617158248762181,0.7512262237255253,0.2636287762170453,-0.7840220623138197,0.5619691042713023,4.2860627,-8.599634,-1.5735108
9.51455353661115,-3.745900867832406,11.489272786769986,0.9645416542625884,0.08611741890599228,-0.24948584599804544,0.1593839411406735,0.563393663862201,0.8106690686256579,0.21037147263556605,-0.821688121905688,0.5296909229166082,4.4906845,-8.503525,-1.7229888
8.597011270960799,-7.512238916556939,9.763466656486276,0.9942007291706731,0.07518760919766176,-0.07688779837947632,0.033346427112974586,0.4641865782153811,0.8851095053175597,0.10223955161923565,-0.8825404489471502,0.4589873964030624,4.487834,-8.474058,-1.909227
8.283656633588759,-9.475852164617319,8.500112440251169,0.9989038269207926,0.04451259966421881,0.014483543562598664,-0.031549351412410616,0.41163962636895396,0.9108004481928434,0.03458009526379255,-0.910258999666558,0.4125927417412792,4.2884245,-8.542482,-1.9525146
7.804127696076747,-11.469405388280094,6.708305236174864,0.995866207404196,-0.011574094831995937,0.09009182692788624,-0.07897362472363958,0.3796739214063191,0.9217433916236981,-0.04487386264178817,-0.925047973746643,0.3771903799394114,3.9762573,-8.655096,-1.9385498
