0.29729083995640093,0.5942932581559387,0.024369464102867947,0.9999906215212973,0.004216552346992971,0.0009887141926131677,-0.0042248639112373,0.999954431448942,0.00856069801796465,-0.0009525725070204918,-0.008564794914551503,0.9999628677574436,-0.4571961,0.05182617,-0.22535892
0.4088638981407121,0.86380348568596,-0.11131470918551721,0.9999447523910187,0.010358934707274697,0.001784555237310753,-0.01039069153870019,0.9997689950447559,0.018814624007576906,-0.001589243534571657,-0.01883212730759127,0.9998213966934587,-0.49429617132993925,0.03427556938637237,-0.29632935853257986
0.5197618068239008,1.1017264873084285,-0.2066285478979218,0.9998521850795072,0.017039292798769482,0.002295755355565652,-0.017101124572192483,0.999393540206892,0.03033320509115153,-0.0017775067091744285,-0.030367981389175493,0.9995372059989791,-0.5894897290383736,0.017725177697679208,-0.3419475885405302
0.5304224838648985,1.0884808585306578,-0.29776114360151534,0.999697595191354,0.024486442291194697,0.0022654607795237606,-0.02456333534234505,0.9986957574433448,0.04475965394776217,-0.0011665013857989522,-0.04480176568600741,0.9989952157372592,-0.7441536009817208,-0.015958312332732053,-0.38317655043315774
0.4329676915338582,0.7798201650999621,-0.4178128635440895,0.9994398267183997,0.03343038021816617,0.0015628331849061228,-0.03346262896428005,0.9974771525239744,0.06260657038572726,0.0005340710570001011,-0.06262379636474412,0.9980370608834991,-0.8675006717842416,-0.05731580164981907,-0.43143382372076655
0.28565268388103343,0.41704220877200593,-0.5043857745135483,0.9990556882914312,0.043447681511500795,0.0001751108499867017,-0.043315510857193575,0.9956857685801725,0.08205861786608208,0.0033909013130637026,-0.08198871396836598,0.9966274893710783,-0.954441609054892,-0.10317607644190045,-0.48417976208284136
0.13644156737731106,0.21931810973679694,-0.5059714943148007,0.9985584890202349,0.053656788947958084,-0.001375865334818116,-0.05322877436389896,0.9932385522682342,0.10316916141861086,0.006902288413446995,-0.10294720631419065,0.9946628731016158,-1.0833782678508979,-0.12732328360764927,-0.512858336225697
-0.014779470843436228,0.10676886526011636,-0.46072265020097836,0.9979230106587048,0.06434132210457379,-0.0031399152379854274,-0.06341610268070441,0.989798980784983,0.1275788993438941,0.011316479958741682,-0.12711479814264187,0.9918234547410638,-1.2099298350706988,-0.14722486961199055,-0.5139587371806691
-0.19183444501157668,-0.09579895289220156,-0.44244388641318105,0.9972159635662295,0.07439090669839478,-0.005129815714698952,-0.07274991522969154,0.9856997633126962,0.15199811327568508,0.016363735598840006,-0.15120175133207292,0.9883674714150428,-1.2727971897514534,-0.17466842824730888,-0.5013120198844802
-0.3257840207832297,-0.3352453459473984,-0.31804025877874054,0.9963559923406008,0.08495973722354304,-0.007521939768628972,-0.08229934537942218,0.9808064194382671,0.17676420830814454,0.022395407500086853,-0.17550102746022042,0.9842244840905514,-1.2566941255368675,-0.20588315214351563,-0.5051315153845574
-0.2505246995537209,-0.4308553877152157,0.0924648174913211,0.9956904098178294,0.09233897892533686,-0.008609341892894338,-0.08893517070361125,0.9770388427071742,0.19361207414142734,0.026289602673339855,-0.19201201215666747,0.9810403885563661,-1.1488007432019105,-0.16410356303925822,-0.47598648597756243
-0.0023778085105555444,-0.501305948929053,0.5416223929210084,0.9948873749509081,0.10062894887209455,-0.008539661128421031,-0.09638831001002438,0.9713834652745383,0.21707937968550012,0.030139755418754056,-0.21514641070705193,0.9761166001575684,-1.1324603123601313,-0.0777914039077812,-0.38678862498889
0.15900266170579092,-0.7274197985579312,0.7186482830333315,0.9941254016580365,0.10799458798213321,-0.007201023872769028,-0.10309493293573432,0.9650799390766334,0.2408155850330673,0.03295634356574377,-0.23865850112328138,0.9705441768721119,-1.0783830906739111,-0.017397521163192035,-0.33316114386980794
-0.026830987962262173,-0.7572394882601915,0.7457434812813222,0.993022364159113,0.11788661172531698,-0.0030546776866794325,-0.1124535891300375,0.9544209436828213,0.27646853808592015,0.03550738756396831,-0.27419593183619173,0.9610181144977781,-0.960958183675481,0.03729824780163347,-0.2786747050073515
-0.1584417996649666,-0.5882863392361435,0.6728590779435709,0.9927113209077301,0.12050219131988496,0.0018588245573101432,-0.11552771345531221,0.9471127925000892,0.2993838768311855,0.03431589668675864,-0.29741650957838395,0.9541309339209135,-0.9933108322403013,0.16385842366248138,-0.16345784840934355
-0.13910610666230916,-0.7406394649470287,0.5736730361314499,0.9926016045310738,0.1212687316939061,0.005995781491048836,-0.11706882751452544,0.9427913004243257,0.31215293282073026,0.032201619628697,-0.31054542108612765,0.9500129457727027,-0.6997901876397671,0.19305073609188705,-0.10440200298422617
0.07230795706464277,-0.9870892172610387,0.5689352388146605,0.992645146673831,0.12078420182878746,0.008172476581226737,-0.11718445932607424,0.9417270774508582,0.31530606414771195,0.030387748803483612,-0.3139447215425799,0.9489548443093634,-0.16015115979668265,0.106978251779076,-0.010664162763544111
0.4678366034429066,-0.8692460756872715,0.49738907609209787,0.9928510089270679,0.11895219751579265,0.009861479537394907,-0.11602470164028443,0.9424105627204032,0.31368869900316104,0.02802039760220394,-0.3125903165153658,0.9494746712467045,0.08409162775604803,0.10701685170245748,0.05973972436482334
0.7723959284106069,-0.4520937531511682,-0.5720289066123471,0.9936327300605101,0.11177757681404735,0.014134039552673588,-0.11065286178337246,0.9445366579319683,0.3092029204290568,0.02121183470722608,-0.30879811389366907,0.9508910468208571,0.11722990600314503,0.15436228549274017,0.1352488897895419
-0.17053233357097974,-1.3743590169968378,-0.9945103502881016,0.9950715591003361,0.0990522981031031,0.0046080918089838226,-0.09647811736481103,0.9563846463992147,0.27571793739543043,0.02290338707195474,-0.27480365785837474,0.9612275404337358,0.8636066579864614,-0.13171861773729798,0.3691847891417311
-0.2252664342984077,-1.1614581070025236,-0.7157022961579431,0.9957277421172769,0.09233766718135734,-0.0001371041001598204,-0.08917083148020485,0.9619614264200262,0.2582223400348563,0.02397553734868761,-0.2571069219205365,0.966085505692632,0.8636066579864614,-0.13171861773729798,0.36918478914173103
0.04220785393651051,-0.6116729991761264,-0.46174452952399136,0.9963077205093385,0.08578591868194028,-0.0034208492192752465,-0.08244555387120275,0.9671086743259527,0.2406315496570816,0.023951131504713896,-0.23946103691288362,0.970610506382581,1.0111705812500469,-0.08574869122983189,0.40045059268286914
0.26479912657633153,-0.13687045157556052,-0.32379752049751576,0.9969522346251053,0.0776739658533395,-0.00727989729480788,-0.07420222507129899,0.9729122459151486,0.2189424388801989,0.024088828748550544,-0.21773496911831952,0.9757106187556673,1.0111705812500473,-0.0857486912298319,0.4004505926828691
0.26134670944154326,0.2529680580478776,-0.36750227479644926,0.9973245893912854,0.07237319011403828,-0.010285171278154552,-0.06881312013835623,0.9769695148527968,0.20197851753370927,0.024666128442215288,-0.20073038733835985,0.9793359452744824,1.04694450912701,-0.11011284188383183,0.3526329282883855
0.09243807527868292,0.5304241711352347,-0.616476815107466,0.9978007524609317,0.06469641953293885,-0.014423303644321513,-0.06111850778308511,0.9822075396606715,0.17757498990595313,0.02565514363178069,-0.17630292775035905,0.9840015707669802,1.04694450912701,-0.11011284188383183,0.35263292828838544
-0.19275828541701667,0.44888224871469506,-0.8185388680691806,0.99797373004413,0.061580753787291796,-0.016007651445309155,-0.05800516546982573,0.9839280375099876,0.16888166798253348,0.02615023748694641,-0.16761094166173476,0.9855063355020316,0.5832904673987157,-0.06779043034935651,0.22250051932181727
-0.4824906254656339,0.12960803665221537,-0.7332325479798337,0.9982328301481939,0.05645884599962583,-0.018536869280364812,-0.05292662824628219,0.9865524322909026,0.15463851513573165,0.027018305587261374,-0.15338414862460387,0.9877972029287686,0.5832904673987156,-0.06779043034935653,0.2225005193218173
-0.745525095203238,-0.1365500595655757,-0.5457346076971858,0.9982121052468194,0.05558538940318835,-0.02197401701119335,-0.05190116618478568,0.9884197942830522,0.14259235329465642,0.02964560485757639,-0.14119693606571193,0.9895375502517748,0.700777065639446,-0.1885242686182509,0.07911090413590416
-0.7717382229548708,0.2689151040969922,-0.5615323138095795,0.9980705410763526,0.056491474319358685,-0.02576641932402319,-0.05252073405692757,0.9894617277482349,0.13493354592390833,0.03311748072661386,-0.13331992593270972,0.9905195756872347,0.36508227485511957,-0.18305727063508695,-0.01778111792707392
-0.7394075275502846,0.6797858955510707,-0.7330095885515642,0.997881849295564,0.05859018081770208,-0.02826668636776531,-0.054291906072636564,0.9894558193004507,0.13427423649931572,0.03583578911457981,-0.13245517114942368,0.990540975353525,0.040293267734313146,-0.1560108111434407,-0.09885522025108515
-0.7517840842292339,0.6382767956963565,-1.087799503504547,0.9974944357289963,0.0628732851751417,-0.03243147700885432,-0.05797166065811575,0.9891936673397048,0.13466690408398801,0.040547962343757855,-0.13244938092082972,0.99036004778235,-0.013006186987778855,-0.21625188195349715,-0.16994125397740328
-0.8558970722612809,0.1975289976093323,-1.3019071518854868,0.9969860131738558,0.06769198855636979,-0.037903617518431604,-0.062101853358374065,0.9891601544827909,0.13306219821210155,0.0464999929586473,-0.13030726560275097,0.9903826367550979,0.09430146569587078,-0.3246311012563563,-0.21721057840480457
-0.928362793435676,-0.17138103817797973,-1.2027901017321554,0.9963697065309767,0.0729000823255127,-0.043965735571103955,-0.0665626221470642,0.9890753254705996,0.13152725146575156,0.05307377167944555,-0.12812329429951969,0.9903371124104948,0.09759878306883005,-0.3781181846739837,-0.2474295359442991
-0.9735111520488593,-0.3408237721001538,-0.8058379088302692,0.995656314435841,0.07863043837241619,-0.04985737343060438,-0.07143723530976506,0.988602136037954,0.13252372630020848,0.0597095045644688,-0.12838641198568074,0.9899251003394696,-0.04297064119114725,-0.3676375692328251,-0.274686441033253
-1.0817754087791969,-0.5040992062744009,-0.24891509876873974,0.9947855490438559,0.08534052519222851,-0.0558453773684822,-0.07704265161612778,0.9875949490713668,0.13682341320359287,0.06682919455948522,-0.13180747827281933,0.9890200439960208,-0.18789556720981257,-0.3194529894409705,-0.27448947281839364
-1.2559534086391215,-0.8268087895338297,0.29556019872053807,0.9937640285421226,0.092703731598151,-0.061960259227253865,-0.08299747773888412,0.9860675089328435,0.14416062748185085,0.07446122658614983,-0.1381191006876149,0.9876125959912272,-0.26209129544873044,-0.2647881523849916,-0.24167862923019065
-1.4144056244139038,-1.256873957509385,0.7721965675196324,0.9933375249534877,0.09562443117422127,-0.06431585871218023,-0.08522435132203969,0.9852238343754179,0.1485624653818642,0.07757171817754237,-0.14209139432494372,0.9868093352810247,-0.2984886694318423,-0.19232843517443024,-0.1786205118819827
-1.5092076659257665,-1.6592696547999224,1.2450791360105864,0.9930361861780159,0.09758872608640044,-0.06599676872282091,-0.0863727243245585,0.9840551133580174,0.15548403894514212,0.08011794701422288,-0.14870095633443026,0.9856313408934664,-0.3240176770762242,-0.09229891697210842,-0.07997422365198453
-1.5668967745509117,-1.9944433343337116,1.7681079286278714,0.9931540776470663,0.09665273071543745,-0.0655989915947902,-0.08493026078141502,0.9830355123053245,0.16256700880009517,0.0801986836338668,-0.15588274821755774,0.9845144691428038,-0.3501673466506719,0.026273330025607344,0.04190690923286724
-1.6131341893367825,-2.290887387591202,2.2838422654245667,0.9936998655115065,0.09254753482182235,-0.06321021342169947,-0.08069417809326969,0.9822162328685027,0.16952793725949775,0.07777549038267058,-0.16335919223604187,0.9834961857616547,-0.37163594733516714,0.1549019462599876,0.18708498079668434
-1.6207430493614066,-2.5782649877747374,2.6696977564153226,0.9946815265202756,0.08437826354349418,-0.059067499021697306,-0.07278667324610827,0.9816028058493674,0.17651637812513266,0.07287496824738815,-0.1712782536985801,0.9825237904564486,-0.3641747924832255,0.2652951943714778,0.3551309009980462
-1.545687791643323,-2.8265211423417895,2.8545767444584285,0.9959530779316234,0.07207982982453212,-0.05368393326677587,-0.06115922251209235,0.9812379318989196,0.18284329493981757,0.06585602523870933,-0.17882007475448392,0.9816752848088616,-0.33915430813477654,0.36041838820145233,0.5356212336563809
-1.3597742601092657,-2.992779696693883,2.895652854452143,0.9973201857819338,0.05581627616110887,-0.04729683231882537,-0.045939595890660524,0.9809194820827989,0.18890876951538724,0.056938568310865065,-0.18622973174528737,0.9808549772788979,-0.33572996262152294,0.4505730407203663,0.7175335333533971
-0.824383450258341,-3.0662747089769824,2.975655954019117,0.9993681808888596,0.01551952126925635,-0.03197473199987803,-0.008653156829635505,0.9788020601696119,0.20462563349836288,0.03447262542616453,-0.2042196647419089,0.9783179271734367,-0.5116499936059805,0.6710512691968247,1.067093230647051
-0.5092313249233447,-2.969329072979623,3.1503885172242763,0.9996315996290538,-0.019386585805418646,-0.01899540244026374,0.02309329727956477,0.97523436599519,0.21996506768739116,0.014260597596737569,-0.2203226989503579,0.9753227894822379,-0.6488127812339083,0.7894483766388645,1.2315081606435492
-0.19285400447927292,-2.8430100064452803,3.2935834768207313,0.9986407008936143,-0.05155465483645746,-0.00767255390360529,0.05190950691661311,0.9704336420937386,0.23572006572279064,-0.00470676219752951,-0.23579793013802378,0.9717907092230506,-0.8021228679988656,0.8884817370237422,1.39173289348952
0.19164383953573055,-2.737256864407602,3.323882866925386,0.9961903773050115,-0.08714119845066656,0.0033382177100743215,0.08339375484604303,0.9631462510400561,0.25572403242590297,-0.025499290530844126,-0.2544714338389826,0.9667440589640859,-1.0086930252186668,0.9469440810057901,1.5527426976408631
1.0391016856943542,-2.407546234463019,3.446341619543423,0.986347786560201,-0.16332630976253296,0.021037121645916982,0.14918629312829437,0.9403405820398912,0.30578266744784327,-0.06972441387656586,-0.2984696070092107,0.9518688984315732,-1.2818734873280528,0.9642749356103476,1.7198154800739598
1.971665601833369,-1.8935120577214362,4.146968107468779,0.9675280306121451,-0.2513013300697093,0.02715053378809824,0.2222173294775687,0.8968691392208346,0.3824201950644579,-0.12045317953313406,-0.36396893908474537,0.9235895424493953,-1.979999848055425,0.9151527069292714,2.0520441050589775
2.5686590419573605,-1.6119250119519215,4.401153628841904,0.9541526498116016,-0.2982158677105821,0.02569079802425677,0.25929332610067146,0.8663851818733928,0.4267829514751732,-0.14953157491697064,-0.4005546315745623,0.9039891012766785,-2.3001182694499795,0.8971798852532427,2.201937049516019
3.1289231659676178,-1.1402411651474331,4.413102364002789,0.9397781342340906,-0.34124036152309467,0.019289221940725725,0.29194533244640397,0.8308044164288919,0.4738480183613815,-0.1777216398704721,-0.43968060829406225,0.8803953551739772,-2.834295237471404,0.8083770024977296,2.3815749331666187
3.708272026385297,-0.37230347003605946,4.113325329735741,0.9201007021699329,-0.3915909173042318,0.00844105154741147,0.3283752586664187,0.7829551200484162,0.5283473946994854,-0.21350500547331117,-0.4833609763673531,0.8489863244852889,-2.834295237471404,0.8083770024977293,2.3815749331666187
4.251186739780344,0.40024603931587643,3.6210699750925803,0.9052311992704527,-0.4249021531710257,-0.003825715358362196,0.3519788619591504,0.744767366190138,0.5669501309569893,-0.23804906343297938,-0.5145675179107513,0.8237432323909251,-2.970023568449666,0.6273505157355648,2.402638832519137
4.948395894375327,1.4283083602834372,2.757111725227498,0.8890213885108293,-0.4575352321441981,-0.017392013024112606,0.3747314534012443,0.7052512069900624,0.6018281090733902,-0.26309182541855525,-0.5415553954913709,0.7984362498109143,-2.656936459340689,0.6291833984768782,2.2914401393504833
5.567757010181991,2.5520370326166057,1.7255170716019461,0.8696277065357304,-0.4926303512122561,-0.03260351345935071,0.39856682596597737,0.6615390048498859,0.6352248659345998,-0.29136255295561153,-0.5654038221720049,0.7716387630287089,-2.2612329928780053,0.6638217241002187,2.1108785250661874
6.05803944508055,3.805146287646717,0.42769775019912193,0.8453460207876374,-0.5319775874882249,-0.04888713070650115,0.424277825907305,0.6129510188602981,0.6665428530270912,-0.324620442335164,-0.5842010740218906,0.743861998982198,-1.7924185412479987,0.7276277377321129,1.871164455434097
6.375388548792629,5.05173504695933,-0.8584247078688384,0.8256676987326707,-0.5610488388737415,-0.05913587462718081,0.442753578813038,0.5794567947005295,0.6842507519350175,-0.3496314055083474,-0.5911463638337083,0.7268451394956439,-1.2996702237000557,0.7943359941550917,1.6093456497715681
6.411136813655377,6.323065121123707,-2.1080407168096245,0.8077106682863028,-0.5859181508783756,-0.06560028054634075,0.45852942202899,0.5543321535361554,0.6945981807417365,-0.37061333687585285,-0.5911140194812108,0.7164007052638293,-0.8478344625783151,0.8409664565180539,1.357908560792785
6.194788338233042,7.457271473256137,-3.2745778648602966,0.7921103872956813,-0.6063965576214685,-0.06960135949188141,0.47228481571630443,0.536668232860318,0.6992383432581492,-0.38666288570549656,-0.58674562013143,0.7114923682475317,-0.4685732055247601,0.8322766864843444,1.1687660101436352
5.941677025080976,8.261679666884334,-4.1515197012938945,0.7772170705955334,-0.6250452994256981,-0.07247067572981884,0.486418358829355,0.5237555850330785,0.6993405946607245,-0.39916263022564447,-0.5787905154824988,0.7111052902481096,-0.11257329653160175,0.8082089911598386,1.0479771292143576
5.808376371263116,8.71312441648832,-4.530196944791129,0.761498185068783,-0.6439845651919321,-0.07351458312135625,0.5026893912132095,0.5151738296608334,0.6941896723477559,-0.4091746449850507,-0.5655791766208761,0.7160281453086946,0.27246761030197264,0.8388624709552264,0.9355031409266741
5.700505805348813,8.856697468917993,-4.466663984024098,0.7437387369931281,-0.6645708879919068,-0.07209872349434643,0.5220656250926451,0.5100991475605308,0.6835541988420866,-0.41749272352041333,-0.5460260016626202,0.7263301118058094,0.5789773607709758,0.8916992646452867,0.8409941186003592
5.580108382641157,8.737789930280556,-4.3015123782066755,0.7283005835561143,-0.6817346246626435,-0.06939857007105535,0.5392713586927304,0.5077115033205178,0.6718745649968584,-0.42280570204944024,-0.5267512989372725,0.7374065414561873,0.7467982231239954,0.9102450816617327,0.7777650160274319
4.946233367841867,7.713178164403461,-3.5012710659114124,0.6964149980515941,-0.714603174837333,-0.06594280098085807,0.5728835393844761,0.4982462923970045,0.6508110957988927,-0.43221591917826624,-0.49101215323558123,0.7563705868050689,0.630386383427607,0.8212041287986652,0.7972422452762344
4.531285284148084,6.934688806943794,-3.0569679335524675,0.6792544054853829,-0.7312862628683816,-0.061918126333846496,0.5873633211168249,0.4911043556829994,0.6432890803020063,-0.44002020593980995,-0.47332537811655656,0.7631155251962219,0.3607629864344504,0.7809247838009844,0.6556286246248206
4.137404859373899,5.900254378635681,-2.9409215725623135,0.6666719889647521,-0.7433423951995239,-0.05468585401011234,0.5952479436797017,0.48682185644218595,0.6392842604313607,-0.44858482439207437,-0.45874455156352295,0.767023527498286,0.2317131471880104,0.8486330596504568,0.4408415925988123
2.980511213719174,3.556337802000993,-3.8735474716170115,0.6551447904132582,-0.7551333612258566,-0.023641285035020384,0.5890357418446059,0.4909448401354801,0.6418800968825283,-0.4730985081607665,-0.43444996341130837,0.766440494016313,-0.0868306904610644,0.9911938826614207,-0.21035524061392707
2.0584015484197042,2.4710302979775123,-4.486447611305861,0.6518951623396729,-0.7582527188834984,0.009247249532313928,0.5745093689117458,0.501810780189803,0.6466258005353097,-0.49494614085853733,-0.41621959972000705,0.7627513110170037,-0.22918762566042494,1.064565973006997,-0.6737346785663443
1.0304014237120454,1.4501838092735877,-5.148512531729516,0.6542658980597373,-0.7550587772868064,0.04268931339617915,0.5551403168615644,0.5178347934367895,0.6508965780376487,-0.5135711861377419,-0.4021608752084541,0.7579652150466029,-0.3210860478812855,1.1399330630659026,-1.2263397297978562
-0.16578980948549926,0.518372598242538,-5.9680056717440015,0.6619076573144895,-0.7446000115466053,0.08630802971472892,0.5257913605762566,0.5432664745208527,0.6545265333086613,-0.5342487232851502,-0.38785610794014636,0.7510964926037855,-0.38688075327099647,1.1879029273232582,-1.8290457123774986
-1.644898411738505,-0.2251678388623617,-6.744394061509357,0.6738367730574893,-0.7265571797893187,0.13438254266109184,0.4890916297486608,0.5749229174172693,0.6559367475132158,-0.5538351568700457,-0.3762689244742477,0.7427572385979989,-0.44739777104711487,1.129160442400257,-2.388231828346358
-3.274102057723732,-0.8209349393690513,-7.260711221408975,0.6892705398979881,-0.7006628475317567,0.1843304015007434,0.4454474066192731,0.6104921998788972,0.654886159437799,-0.571386673597573,-0.3692842373778157,0.7329027365615343,-0.5350005736385723,0.9416788467463559,-2.812059868266807
-5.879285114621609,-1.872009895175462,-7.498642378078436,0.7329873294080225,-0.6166707713213582,0.2871353944138818,0.33191156663386684,0.6926739116813797,0.6403417556357467,-0.5937712411880073,-0.3740588347759452,0.71240136248053,-0.6222609812425564,0.43668347224325654,-3.4301523518811297
-6.856008479298426,-2.270332900950628,-7.191828789393085,0.7491266110943673,-0.5691100122390114,0.3390031187460968,0.27101091438696756,0.7302778480634219,0.6270943700201744,-0.6044521526418843,-0.37789953505815643,0.7013055942807113,-0.6222609812425564,0.43668347224325643,-3.43015235188113
-7.614798307766494,-2.711828786212409,-6.738284023331639,0.7685882703747005,-0.5167984819200577,0.3770827491778819,0.2132995329419018,0.7627117293547667,0.6105523131980007,-0.603137944328818,-0.38883177209403263,0.6964441636779091,-0.5879844320121129,-0.28136167965811665,-3.6482941807200264
-8.320716382262807,-3.104640396767855,-6.097782508954269,0.7914526449605874,-0.45036320698340104,0.4132501573871642,0.14667527003833328,0.7962783167951178,0.5868792101967132,-0.5933709429556455,-0.4038735247544224,0.6962737249518807,-0.47086584713011626,-0.6932702088480646,-3.626759349734325
-8.949049912515514,-3.3615969693102987,-5.296237098091815,0.8120068646624076,-0.3871131789010572,0.4367931300538551,0.08989640473113344,0.8224083099119064,0.5617501296877997,-0.5766831783202475,-0.4168788295283904,0.7026012762111218,-0.25842333611578217,-1.1305368469395791,-3.5282682023039653
-9.40679038865896,-3.26864747403617,-4.474275565686341,0.8335245856301854,-0.3182096893333214,0.4516407408155491,0.03429799399019687,0.8457018943409893,0.5325523012027198,-0.5514167323887403,-0.4284050647721782,0.7158272750596126,-0.04040990664354701,-1.5369537490608767,-3.3476277971150883
-9.527421167806208,-3.056242546259745,-3.6663101377403806,0.8538463289715365,-0.25326800983437936,0.454754617014894,-0.014070635228733705,0.8620962666760701,0.506549152804981,-0.5203349533964545,-0.4389138209007732,0.7325340907399421,0.0010861462358809082,-1.9057366517694498,-2.966366304395975
-9.279569996857395,-2.9896405371509536,-2.8549371044000567,0.8734440065872185,-0.19277678431102013,0.44713832176136364,-0.055627331511873844,0.8727733330731952,0.4849456764063119,-0.4837366714915615,-0.4484460062337594,0.7515949787932702,-0.004884981681553935,-2.1863599285828634,-2.479956885884793
-8.857607712568877,-3.0531642216655057,-1.9721733816585285,0.8925595424861017,-0.13596685736312572,0.42994241104570696,-0.090556084824333,0.8799873055523623,0.46628525343182714,-0.4417432043826921,-0.45512125391536024,0.7731284405687204,0.06637155416047963,-2.3904296357394066,-2.018491463541237
-8.481332180465431,-3.063686297381927,-0.9941132774145535,0.9107289399254415,-0.08455557646700193,0.404256295523785,-0.11786585362578422,0.8848993821915548,0.4506225959115584,-0.3958287995224027,-0.45804305243649174,0.795937261084889,0.15395084132990117,-2.549560663522387,-1.5773939901582796
-8.162266516111577,-3.0993365886663256,-0.04122206355122593,0.9277167331812952,-0.0398960897175582,0.3711468240476716,-0.13754298470888462,0.887781656938112,0.4392330326393884,-0.34702102289745607,-0.458532476090266,0.8181224712949356,0.15916369837774974,-2.6574994870076867,-1.1267836718645172
-7.75140020884814,-3.2849352296908503,0.9010188519098496,0.9396858246337282,-0.012061949677832048,0.34182606739743965,-0.14674333438399959,0.888513591941538,0.4347527926868485,-0.3089610732702352,-0.45869173341702696,0.8331536166269624,0.06654612211205403,-2.6759262861621353,-0.6677873830056127
-7.180460756803126,-3.4093374805803554,1.5478548087894035,0.9580483988181795,0.02533151995651195,0.2854848150403357,-0.1531123044235313,0.8872703840676366,0.4350952628914577,-0.2422805971513982,-0.4605535578552868,0.8539265381698821,-0.09733971049361795,-2.596533385376227,-0.2212017151285186
-6.318114594082791,-3.6378008803879256,2.4399311310491236,0.9662795098671624,0.0394298994026116,0.2544586250139216,-0.15150458011381657,0.8861092734611985,0.4380145176710528,-0.20820727896836874,-0.4617961005889593,0.8622030448017566,-0.1853264133481967,-2.4203838649176985,0.1589734301177066
-5.359886581891429,-4.2216203875824165,3.218407142411726,0.9771066013035691,0.05411651890804631,0.20575250197813466,-0.14233739615651742,0.8850684973882895,0.44316342424236677,-0.15812259593230232,-0.4623041826677666,0.8725090757943542,-0.1409001652082583,-2.1996908755334794,0.4330767125291157
-4.452301807539246,-4.916156132787258,3.9411160672804355,0.9841941468007913,0.060010545626595774,0.16661517282846766,-0.12981589951881992,0.884418654589148,0.4482761154097359,-0.12045627270998288,-0.4628200274710687,0.8782299861292016,-0.15730654550557646,-1.970146085060913,0.6845397339676131
-3.5350403939961073,-5.328344201992785,4.502614383783173,0.9901068138552053,0.06033659480020454,0.12668067131733027,-0.11208704460825904,0.88321197828691,0.45538236224244666,-0.08440966525511084,-0.465076441822675,0.8812371483732857,-0.2421320341937181,-1.7395514878760356,0.8952826442766404
-2.722995331980009,-5.6010817594303415,5.019726381163903,0.9943220389908609,0.05676638754784687,0.0900069998490344,-0.0921967412326973,0.8819197126186129,0.4622957726399586,-0.05313608644911301,-0.4679692273424314,0.8821458828206366,-0.26811342827635887,-1.5571978500335826,1.026530935719475
-1.822789722823121,-5.751787492054575,5.493162037659825,0.9970555021790374,0.05110709258858103,0.05716984048997557,-0.07202442416743614,0.8800365911145283,0.46941248451960876,-0.026321244230780187,-0.47214792532284233,0.8811262842041879,-0.3331557432837641,-1.3832603493771929,1.0745629258984268
0.4880351786890468,-6.315661558181442,6.344529359101999,0.9995663918313313,0.029279117370809526,0.0031243570985273472,-0.027229559400101522,0.8787481442854597,0.4765083944798237,0.011206222207734456,-0.47638685141473913,0.8791643693775255,-0.16757286217572331,-0.9572779062492591,1.1538719618011315
1.654042189517623,-6.487744936334175,6.669332265906537,0.9996988578809369,0.016491120305871017,-0.01817241047871978,-0.005827178238129066,0.8788816119389552,0.47700435657273305,0.023837733645018833,-0.47675481659511604,0.8787130403652984,-0.04269892903453561,-0.7211573414759302,1.222350985876445
2.8228381341596958,-6.367920544100104,6.909894437974835,0.9988697104749333,-0.008835023098468245,-0.0467037885248317,0.029942892567417213,0.8800605882263351,0.4739164317001634,0.03691510098074682,-0.4747792154439456,0.879330411109506,0.08012230128236522,-0.4779266638189667,1.3123362953984694
3.875516322590261,-5.819674398000169,7.005957007649443,0.9973896263090959,-0.031358422598998494,-0.06504292938594083,0.058473957056372025,0.8792516458216482,0.472755052501922,0.04236424998948239,-0.47532430261036257,0.8787901215141197,-0.024501481861179848,-0.271621666437299,1.4155221327242586
5.724372732310373,-3.6942339427334727,6.879905010223081,0.9918740452076418,-0.08352297281974105,-0.09596765837917272,0.1196506326424348,0.8687762932673988,0.4805324945982596,0.043238924034876544,-0.4881103003091755,0.8717102329216933,-0.36164637385599213,-0.05433717011973305,1.5199691023539823
6.587977497305234,-2.9165958043920077,6.97755080168989,0.9880458012493496,-0.11318341410414826,-0.10466618080955882,0.15023376597776134,0.8592016673431474,0.48908313239662765,0.03457325836061046,-0.49896092993989644,0.865934570391923,-0.7805305531915422,0.4054692593425753,1.7758106964669185
7.4913063006038705,-2.2008916410147297,7.055133226511243,0.9834435182597819,-0.14396599333592824,-0.11005743571254675,0.17986866552108727,0.8493835515813977,0.4961802550148856,0.02204789233657182,-0.5077611397751629,0.8612157194209489,-0.7742998297223195,0.6962041748600963,1.9317190150246617
8.451728125828133,-1.2290560918966875,6.807394228457434,0.9723894740876936,-0.20275816399512783,-0.1155328421566073,0.23327978930233775,0.8312647106836493,0.5045587385776686,-0.006265028851934154,-0.5175790835276822,0.8556124366254438,-0.6606901153328494,0.9910179933661252,2.127462653218879
9.112966157315217,-0.09785483122317107,6.160354228324792,0.9601206303842563,-0.25220714616699147,-0.12066453717990232,0.277878807357824,0.8131883526211093,0.5113785990660559,-0.030850340872210995,-0.5245152605822537,0.8508419347237176,-0.6606901153328493,0.9910179933661253,2.127462653218879
9.40085562730445,1.295907126386795,5.135344117559745,0.9441562466095142,-0.3051877265139396,-0.12421527109613702,0.3241195706795897,0.7923854984098473,0.5167898275046235,-0.05929153304404048,-0.5281909441622715,0.8470530329408281,-0.6327804751332596,1.2031673255345607,2.311342136769781
9.374583919299006,2.587618614799397,4.100516228479217,0.9291735293710515,-0.3470954113753162,-0.12712721077072237,0.3599582674767228,0.77141957486279,0.5247302975754979,-0.08406305961181679,-0.5333259931043239,0.8417225119289533,-0.9931457415246819,1.3571280114387083,2.564142381976647
9.192261331843131,3.808603153105661,3.0637316256499525,0.903166394904779,-0.4087551262469664,-0.1311857838392987,0.41128800503077073,0.7363321983643827,0.5372681551792235,-0.1230147959902129,-0.5391976821340227,0.8331465774692853,-1.0452676068431883,1.4092961929978782,2.5550393430498812
8.985434908121483,4.495449144327545,2.252849902828553,0.8825035401310847,-0.4513756179100222,-0.1320891865840973,0.4453267159188403,0.7116829444341303,0.5433152884748498,-0.1512336528192178,-0.5383005091562826,0.829072339483741,-0.8286627885629896,1.5217179003614538,2.4423333283014355
8.647475490326855,5.257718225042293,1.2417062287383849,0.8473452772208223,-0.5138292112070895,-0.13411011476345835,0.4944326498746515,0.671214264807669,0.5522750813287097,-0.19375844732423528,-0.5342761013081172,0.8228041757681475,-0.8286627885629896,1.5217179003614545,2.4423333283014355
8.262961489202436,5.891690492337488,0.1745940252730665,0.8237710754565636,-0.5519610538774002,-0.12938396439932673,0.5224182914553483,0.6504332919779691,0.5513761524037641,-0.2201825242702332,-0.5218002756699658,0.8241626831619691,-0.2665926720762051,1.7353521504533043,2.0757452701704375
7.58000058554887,6.64275595875059,-1.0831089144508539,0.7933579057907135,-0.5965785778642242,-0.12114963372983452,0.5544683919679585,0.6260025565474101,0.5483480660169918,-0.25129272895935584,-0.5022099159013161,0.8274280420329935,-0.11427807150129576,1.7152799718210399,1.8788193284444354
6.835938735312577,7.1154588599076005,-2.1722602093938526,0.7726194398087366,-0.6244292026376411,-0.11466199075087435,0.5743277868885085,0.6104770977310351,0.5454038011910463,-0.27056754135960687,-0.4872431467339612,0.8302935152844478,-0.003865856656928207,1.6219104993168072,1.67526056274712
5.968434411170323,7.379377976865813,-3.1394558337849223,0.7415825534405577,-0.6626760977528213,-0.10447825563089941,0.6017332157855235,0.5881960606089,0.5403170655315136,-0.2966015061542941,-0.4635577458648113,0.8349501558750317,0.05857657277084001,1.4684174911477816,1.4759402578472791
5.290835810761942,7.304760985946161,-3.8093167812153936,0.7196045079884433,-0.687588907200889,-0.0969063815081222,0.6198681610567833,0.573200595354715,0.5359146764113519,-0.3129421911324725,-0.4457157975428827,0.8386922038685705,0.12810571687080724,1.3038273023287639,1.2746909649540317
4.75097594706124,7.094241321920534,-4.289723101123904,0.6987460042103756,-0.710002269197482,-0.08746884779428778,0.6363271997323963,0.561008672694093,0.5294874540938068,-0.32686651171504516,-0.4256360498083297,0.8437963241344443,0.2659719035617137,1.2095216730025815,1.0312738746917454
4.3053020927472385,6.867626936072081,-4.644194822922765,0.6810051012502305,-0.7284864195486492,-0.07442841261476059,0.6498894033476961,0.5544163715491031,0.5198713786839055,-0.3374549088212229,-0.4024052975440521,0.8509959817889529,0.4935826065554542,1.223302980476633,0.7398743077118441
3.8960052482353325,6.666669569420145,-4.933516639029839,0.6659639318090581,-0.743768641548499,-0.05744779698579483,0.6612141842576246,0.5528799470973113,0.5070695875658493,-0.34538072335604575,-0.3756753544575096,0.8599884789852013,0.690291075135564,1.2430315778326984,0.4661067000752697
3.5221524956630637,6.519776692026684,-5.254700815652468,0.6547785772867813,-0.7547793093595563,-0.039663697369384895,0.6691660436707941,0.5545113915323632,0.49470589511225865,-0.35139980182731523,-0.3504644216230146,0.8681548643255823,0.713994156166242,1.1824460207068792,0.2353128910896132
3.154113577462367,6.311183037540978,-5.6277457171129734,0.6467977099257841,-0.7623925523980555,-0.02025631957537947,0.6736506336734474,0.5586556689531038,0.48383743891716874,-0.3575577522388867,-0.32659062998582666,0.8749234333467909,0.6127978328935197,1.0973214239968132,0.004933210288039891
2.8095912589946135,5.79683958674934,-5.94089255443492,0.6437754476897499,-0.7652010051669875,-0.0045381321371652655,0.6741367686672047,0.5643356674536575,0.4765132438564292,-0.3620673833457011,-0.3098268486285003,0.8791555799664416,0.5805726771826665,1.088949166058319,-0.2716999578141074
2.35182002732777,5.038933599775278,-6.119316722377459,0.6437939390584759,-0.7648186044708194,0.024121904710866518,0.6702373529193503,0.5788285312028155,0.46447757988653854,-0.3692035411304107,-0.2828604491987179,0.8852562970664853,0.6367098048613105,1.1879663885184215,-0.6474914578595504
1.6951046682793987,4.288021469105257,-6.25514055487874,0.6486843623128064,-0.7587621424800004,0.05906444979840177,0.6610673856992775,0.6002124577960204,0.45026094331085986,-0.377092176603482,-0.2530316514699714,0.8909413413344495,0.7051191932130625,1.302455077740622,-1.0768832072332477
0.8455365763695379,3.7622231907062678,-6.52448222217045,0.6588506908317193,-0.7455049025292505,0.10068866617161731,0.6452860592116951,0.6288632383881977,0.43374754084715195,-0.38668031883922904,-0.22080187433253995,0.8953908997268345,0.7190784659532841,1.3979765211425008,-1.5385186852328465
-0.1409089480775343,3.4309897024673104,-6.932491327132441,0.6736477241518675,-0.7247014954728532,0.14493614526549248,0.6224859545896301,0.6620921068507397,0.4173071750935848,-0.39838421163952703,-0.19089731403390625,0.8971333431608668,0.6090186954238012,1.4262407125519134,-2.008457180422455
-1.2339752532475736,3.0323498510979237,-7.284507266269351,0.6929899141595135,-0.695069861808521,0.1914232642044165,0.591341993679227,0.699892865371417,0.4005803583722832,-0.41240711121980916,-0.16440153347117,0.8960426945227893,0.43884586287575167,1.3800146089982626,-2.4596112078783747
-2.3402015259169753,2.3873737266207713,-7.482972606632025,0.7144430178381552,-0.6588436521806725,0.2355763490750772,0.5543041735545036,0.7384064643026161,0.38406090227484835,-0.42698718650841166,-0.143808676571839,0.892749128871201,0.26489918424435666,1.2771534805334062,-2.8545854802419464
-3.3307346970367613,1.6428029676985343,-7.560014237524813,0.7393396726791739,-0.61141423896684,0.2820451679984113,0.5066183422600548,0.7810441764720593,0.36511347507967856,-0.4435253134696223,-0.12705362170235096,0.8872106139604002,0.0896551065966038,1.1480668830858813,-3.1753542333467633
-4.240729114411324,0.964765570203582,-7.534302375123428,0.7641357438814831,-0.5564425761953787,0.3262946893832979,0.4521127051711905,0.8228017347148577,0.3443710312628101,-0.46009854025576014,-0.11562423944516419,0.8803069740194309,-0.059015249483369336,1.0202589914154379,-3.443699491199218
-4.983158063016225,0.3809038235656317,-7.340489485529584,0.7868696345209352,-0.49814362236659576,0.3642651640829475,0.39453341134353237,0.8599549258305056,0.32376057955453297,-0.4745308900403911,-0.11104259108710411,0.8732067208640446,-0.23533911784588224,0.8169052539622659,-3.6298317458555127
-5.736073190472888,-0.06439577785381356,-7.0293867938109456,0.809085425932936,-0.43226369220927036,0.398156845904386,0.3288970375853159,0.8945083968815858,0.3027894756690544,-0.4870395386521751,-0.11402994477744102,0.865903955114845,-0.4585407761261605,0.5529834949123762,-3.716043118096687
-6.608629240004971,-0.5086855657657865,-6.762659856249346,0.8283010930820489,-0.36700498124146835,0.42334931551029203,0.26284627099303737,0.9218254040543327,0.2848679733931547,-0.49480211905784965,-0.12468066483628236,0.8600148805641944,-0.7003239329328784,0.23094437454536698,-3.698672744143581
-7.576406969989742,-0.9589379745085358,-6.644278219598604,0.8464538615625005,-0.2980857808724679,0.4412037256048309,0.19198101308331328,0.9437312056702651,0.26928554001218596,-0.49664791438345623,-0.14323504698850975,0.8560517335142567,-0.928162453553916,-0.14354466522513099,-3.617079486683746
-8.433195479770687,-1.492843210065469,-6.502396944112398,0.8638629091484494,-0.22572849279667814,0.4503193552772505,0.11656501488423149,0.959289881848749,0.2572460298773423,-0.49005455972025985,-0.1697338213861789,0.8550069931731719,-1.1566250380914318,-0.572499560421196,-3.494410154981196
-8.927437975377787,-2.3243631231196034,-5.999785394029836,0.8780475982830173,-0.16133864775641305,0.45055771649097054,0.04963446441770021,0.9670834132534788,0.2495718168222753,-0.47599247377599796,-0.1967727434126359,0.8571532257178247,-1.2631015887387764,-0.9576469588800434,-3.2839462731093705
-9.077006363536519,-3.2517578256896815,-5.103519066138114,0.89146071686041,-0.09522755544084009,0.4429779937869219,-0.016921466290092765,0.9699857423041668,0.2425723061382519,-0.45278190585901074,-0.2237395191096065,0.8630927953095688,-1.1791826662305593,-1.2943752236547201,-3.030164148522052
-9.243642416123318,-3.889068547199843,-3.1505850531201496,0.9091474344635287,0.014890219321919453,0.41620814958014607,-0.12607893988328822,0.9623074319511477,0.24097408020261316,-0.39693203867449484,-0.2715560490582635,0.8767566759903095,-1.2627643006347007,-1.5639965130970233,-2.656904303879023
-9.321658635680288,-4.2223929509186835,-2.3487981574859513,0.9163181801466543,0.07538366438294361,0.39329161684038444,-0.1860566621382134,0.9498237252756537,0.2514315202544577,-0.35460387928886383,-0.3035657985473337,0.8843663803795403,-1.5248242515804984,-1.7377179269095655,-2.2039757365331853
-9.332063350364043,-4.827599766473057,-1.3884436859330755,0.9219579231448725,0.12365132774981363,0.3670203497029863,-0.23091439019514326,0.9363002615391676,0.26461361386461824,-0.31092142472206646,-0.3287128981153552,0.8917823155128195,-1.4997012142549555,-1.9634495064691677,-1.822652948003301
-9.024951182531566,-5.262685597531566,-0.2843682735995543,0.9289207556027362,0.15397466271140436,0.33674624430474553,-0.2540815288406346,0.9266067862685875,0.2772046903337094,-0.26934885652708485,-0.34306219098570273,0.8998663937516739,-1.2526014853126455,-2.3173355755045737,-1.0815877449824822
