-0.23662603858519224,-0.0769740092540863,-0.14604923841352874,0.9999999209150857,-0.00039537673634126174,-4.297742038286683e-05,0.0003957033601032546,0.9999688271769942,0.007885942753880817,3.985816234634165e-05,-0.007885959136531366,0.9999689045464483,-0.4044141,-0.0021240227,0.020284424,1.9808258,-2.7313018,9.204425
-0.31578145356691417,-0.0422272502704918,-0.16688757091258177,0.9999991910649519,-0.0012018948922281202,-0.00041631491697597083,0.0012091834278160937,0.9998377347051617,0.017973372946902773,0.00039464525837221945,-0.017973861808709822,0.9998383792127612,-0.49276807469956885,-0.01772468427581391,0.03962666815405106,1.9800965,-2.8199036,9.176908
-0.39556958332938114,0.0172598700097633,-0.21081539463332039,0.9999968073736419,-0.002233087068542743,-0.0011826092625333675,0.002267761051281915,0.9995419466145741,0.030178704706498,0.0011146758891315744,-0.030181290232394357,0.9995438195584874,-0.6228458066345153,-0.0378126199948088,0.053529557810262154,1.9819123,-2.9306502,9.14014
-0.4695808366390574,0.09244975104098326,-0.26041964798455786,0.9999912296544895,-0.0034216390456299367,-0.0024151605212758796,0.0035287005593622493,0.9989438262787478,0.045812446037480144,0.002255856038063035,-0.045820566624782094,0.99894713913586,-0.7607638139818661,-0.057687153874174536,0.06002267441922919,1.9865555,-3.0666337,9.0913315
-0.5083500068382182,0.22612125018203455,-0.27420452761167124,0.9999823839674938,-0.004363250387935862,-0.004024152176555245,0.004607635405018536,0.9980113653939127,0.0628656045906835,0.0037418512346586463,-0.0628830389741934,0.9980138886602267,-0.877385150194248,-0.07989388860952479,0.05278565243157875,1.9953552,-3.224069,9.030269
-0.37264443229260313,0.6753439283441303,-0.3317927633218383,0.9999681453972726,-0.0027503516515974655,-0.007492913754459377,0.003353859467703054,0.9966463594503544,0.08176053951036207,0.007242914980179583,-0.08178306524059326,0.9966238359694406,-0.9241887821662508,-0.17453883292635075,-0.06626320815195523,2.0240402,-3.386647,8.959822
0.03091964706268371,1.3780842414980943,-0.5613914538808307,0.9999356369615608,6.313513089727086e-05,-0.011345393260398962,0.0011392410025901452,0.994371716365585,0.10594145469124906,0.011288226796794828,-0.10594756111452122,0.9943076436544518,-1.2414108422508485,-0.20973401625328178,-0.12479560849687185,2.0690017,-3.585141,8.863164
0.39071458134089676,1.7670330163027008,-0.9267193559522593,0.9998536059622871,0.0049497082146177755,-0.01637885932541882,-0.0026425096641149596,0.9904292940077449,0.1379957633914697,0.016905140841967925,-0.13793228034042496,0.9902973807161175,-1.571255273108598,-0.27256274438739236,-0.2064578469862333,2.1265762,-3.8350587,8.726755
0.4661951586237112,1.7818834065623936,-1.2988165644104428,0.9996560245376848,0.012649790892312104,-0.02297423330370396,-0.008485840298433089,0.9848773962822122,0.17304480577815495,0.02481578368582644,-0.17279032693629193,0.9846459667298226,-1.8128142695266305,-0.39553875710081143,-0.33744946081246346,2.2137268,-4.1147356,8.554614
0.5296966818449547,1.6322930325206715,-1.5617881567729854,0.9992668176904411,0.023234893424185873,-0.030429702436694277,-0.016066163613436494,0.9759109299758563,0.21757696371722116,0.03475205676741047,-0.21692855155839996,0.9755687049455863,-2.2068457072963334,-0.4583629801869341,-0.43612519603219985,2.3229446,-4.4374743,8.333242
0.7303870064851403,1.144678251465002,-1.510552559069094,0.9987184050341034,0.034389307215703664,-0.037133852417448786,-0.023349447391054833,0.9640239590643913,0.2647878578340568,0.044903794412825215,-0.26358145211497763,0.9635914421310983,-2.4716298381322814,-0.4704915559521769,-0.4710717287051421,2.4375687,-4.7987595,8.063904
0.9198983583714497,0.3792314046971514,-1.0472001008905532,0.9978969483455594,0.047050375780468764,-0.044586350170614804,-0.03087433752045416,0.9498112240167975,0.31129634436399284,0.056995225811405245,-0.309265098047984,0.9492663711330329,-2.3422952159335155,-0.524970124682757,-0.48583466981564793,2.556291,-5.149985,7.7917786
1.0290253169849066,-0.05872418526698403,-0.419832825312179,0.9970060679736586,0.058707023994028794,-0.05032281547637222,-0.03714382157492834,0.9344278309852985,0.35421034033314186,0.06781767426353073,-0.35128067697195475,0.9338108208002357,-2.3040601325102608,-0.47550897793909674,-0.4651293027588759,2.672313,-5.4825807,7.523726
1.0378985814014912,-0.11258481478662266,0.04988939257556638,0.9960560168155309,0.06982425341007839,-0.05474472578526692,-0.04228882133126448,0.9160156163337376,0.39890731532918156,0.07800042920389151,-0.3950189416577993,0.9153556515232536,-2.3310949988498946,-0.404886534734458,-0.42206658719446555,2.7731614,-5.8131013,7.242531
0.8950964350955041,-0.3417788022166481,0.2923405037756168,0.9952124577366742,0.07879042328045699,-0.05782934518922954,-0.045642710323954026,0.8978873937359316,0.4378526820340146,0.08642283818535615,-0.4331169557629702,0.8971849283568044,-2.195807740621274,-0.33962640045294595,-0.35516712709084164,2.857608,-6.1277757,6.96566
0.5146617694662163,-0.9416945370890626,0.4945416266765185,0.9945740095585534,0.08512483824137385,-0.059802185787836214,-0.04668191591932667,0.8789075252620366,0.47470239178232865,0.09296955542931161,-0.46933498053324607,0.8781123719724788,-1.9854918763258682,-0.22500189495577338,-0.22934500504171101,2.9188492,-6.419061,6.713814
-0.043470388322133846,-1.4980508485185748,0.7711929789051089,0.9941150586402949,0.0889215532116071,-0.061872510528010266,-0.04611637812513926,0.8641948852419565,0.501039399638652,0.0980231087714656,-0.49523747606181523,0.8632098889903311,-1.5600098625278518,-0.19071969512035988,-0.12033290677679653,2.9618988,-6.6567583,6.5015516
-0.3730548118310596,-1.5170366723881925,0.9731747699330744,0.9938463621570541,0.09028613092663716,-0.06417026561802804,-0.04370140778244968,0.851934739833925,0.5218212203637704,0.10178209756642947,-0.5158057906096061,0.8506378730038867,-1.1841662929271088,-0.13115916567411304,-0.00038197060041673947,2.9910476,-6.832785,6.33241
-0.34903808900849675,-1.1954784259394213,1.0740558162255402,0.9939536066322868,0.08833231235586038,-0.0652198624388033,-0.03958347160797751,0.8423052415623766,0.5375453737239368,0.10241765784341164,-0.531713534368285,0.8407088323144085,-0.9581333897494606,0.0074900577663010864,0.11314573198838672,2.9905639,-6.9772735,6.193715
-0.3292692320815404,-0.9628494291021774,1.049160843671948,0.9942335339662415,0.08375398733329308,-0.06696976588561085,-0.033656443654507075,0.836661566612533,0.5466851623686098,0.10181809140584949,-0.5412787567965668,0.8346558474624335,-0.5486181565792545,0.04951844192029821,0.23337525714827057,2.9699464,-7.075934,6.0997148
-0.42946983546112105,-0.671305056624251,0.6159440094712108,0.9944086170210272,0.07889951371513317,-0.07018809820649005,-0.02743829216620923,0.8348745722534376,0.549755935600191,0.10197373444828871,-0.5447561980741066,0.83237133668965,-0.21389764962707328,-0.0014703086267938148,0.2993545676951708,2.9514327,-7.1233263,6.0550017
-0.4791946028156889,-0.1866376064845422,-0.25165526593339305,0.9945486549922039,0.07378704949777391,-0.07367797621821265,-0.020726500656920718,0.8323735507275156,0.5538273054118826,0.10219288147281638,-0.549281115072857,0.8293653426570233,-0.26277291899335437,-0.004288653960937944,0.29926364658004284,2.9378693,-7.1646714,6.01427
-0.4435777629391208,0.05913094782744821,-1.038114357869213,0.9944572279683942,0.07045080292569629,-0.07804810124879577,-0.01525738711989627,0.8311489595775027,0.5558404619416516,0.10402900499231545,-0.5515687548804407,0.8276169855434029,-0.17213873488742717,-0.1062553480527032,0.30792287348806135,2.9343886,-7.2009506,5.973718
-0.3054459083977996,0.03379191184943642,-1.3785102018366182,0.9940995162079135,0.06761481631917449,-0.08481974115332534,-0.009075599260544586,0.8310552532643647,0.5561158148441427,0.10809156013886938,-0.552064672512041,0.8267652701891378,-0.045068716769484415,-0.19636995423819353,0.2948380380876603,2.9488983,-7.214679,5.9490447
-0.0439865672821335,0.19946122306864134,-1.438718527625921,0.9935073302953266,0.06611442718228333,-0.09258545872766477,-0.0032360860022712743,0.8299019492850219,0.5578998855711541,0.11372208403313519,-0.5539780113788629,0.824727622013402,-0.12522344844497335,-0.2564014367918867,0.25274806647054177,2.976361,-7.227739,5.9175797
0.2288548911668486,0.39529809787790526,-1.1965810675206123,0.9929436886181972,0.06522465662371518,-0.09903825221402027,0.0018689848031444613,0.826442958785666,0.5630173556555779,0.1185720798885431,-0.5592296308690308,0.8204894160371554,-0.3262719435386092,-0.23657676008135575,0.21110134445438122,3.0040832,-7.2621183,5.858589
0.3714852221205337,0.38903190864348497,-0.7888174907636076,0.9924954478764836,0.06495710299836004,-0.10360193393233257,0.0054923377279155056,0.8227051759394485,0.5684417540159442,0.12215817684764889,-0.56474487005417,0.8161743757168299,-0.4414130140257367,-0.23022126945605118,0.17743904319247383,3.0311859,-7.3120284,5.7801514
0.34042418605172986,0.1624842519978488,-0.36753061541483,0.9918653461437316,0.06520881811317726,-0.10932037851864079,0.00980755917936595,0.8171169510760935,0.5763884974971757,0.1269131470814571,-0.5727719426651339,0.8098304481763382,-0.45539287377300713,-0.21796381480306998,0.1374600172643769,3.058066,-7.365239,5.6971407
0.28649217580223313,-0.015159877457809747,-0.0377436490315695,0.9912939841449658,0.06574323844022525,-0.11407919879361181,0.013239498203203168,0.8122595887534393,0.5831458446781738,0.13099981940952468,-0.5795793190560593,0.8043176364081458,-0.41151451781072984,-0.1998341128890898,0.11028403960972247,3.08331,-7.4136214,5.6202364
0.2766641245090996,0.02426706272290166,0.20879294448130964,0.9908115009450489,0.06652664350117851,-0.1177572728093131,0.015914451592296906,0.8072691270211942,0.5899688862888918,0.1343104605960992,-0.5864220001525405,0.7987928003628709,-0.4090526232130363,-0.16247705722933897,0.0716651315961058,3.105101,-7.4592743,5.5477953
0.27974635183030805,0.1923109300079361,0.44115449276991403,0.9905371783388762,0.06715544249341707,-0.11969229245014519,0.01771563297878028,0.80224988292367,0.5967254659364883,0.13609649031704993,-0.5931991839951161,0.7934686341821645,-0.4439865286014286,-0.1007920763064938,0.0334536818821721,3.117862,-7.509204,5.4737716
0.2704299203707411,0.286367007113484,0.6639261144542131,0.9904050659949395,0.06752978465139318,-0.12057169417610607,0.019226439862230046,0.7966589014309827,0.6041232811115659,0.13685082850236613,-0.6006449225255441,0.7877166545036987,-0.45167127817659497,-0.04504734086754609,0.011117667881900398,3.1210206,-7.561801,5.400679
0.25362308590550814,0.25590215789402004,0.7724864694171356,0.990403223072753,0.06766328627265884,-0.12051197209359409,0.02029298385098984,0.7913161611450291,0.6110703133986448,0.13671009667733552,-0.6076515554176416,0.7823489864919585,-0.4497599530763107,-0.0017335017328835925,-0.007247708586143216,3.1165268,-7.6152773,5.3300643
0.23003350603323558,0.16741348219808222,0.6955999294610826,0.9904489700399691,0.06766896192191363,-0.12013221607535245,0.021161654102008303,0.7863538564565449,0.617413797085542,0.13624618212056988,-0.6140590558149361,0.7774113800487087,-0.398220698904673,0.014702348605404581,-0.01173900737658404,3.1083083,-7.6645813,5.266083
0.18992816239687266,0.07740956838561405,0.5500666884918691,0.9904851454095386,0.0675892314357964,-0.11987857405292889,0.021975990949861128,0.7822273693972397,0.6226053311590308,0.13585371744938302,-0.6193157824242763,0.7732992493824042,-0.3253714851410907,0.01221224915624935,-0.004651499544572992,3.1009552,-7.704526,5.2129564
0.1650500480421902,0.11494715884993222,0.29489231155788675,0.9904557768171699,0.0677598578788137,-0.12002481339181227,0.022737205366250554,0.7785564414004202,0.6271625682756008,0.13594253808734522,-0.6239058175831974,0.7695850551590857,-0.2883371613092697,-0.01088998239206852,-0.0020090484400903004,3.0980363,-7.737181,5.166176
0.16482720217227462,0.18327848960328968,0.0720645806521729,0.9903808355783431,0.06813835895177928,-0.1204282548179678,0.023493731398005556,0.7748999995724752,0.6316470812467805,0.13635925015979386,-0.6284004731872322,0.7658452847631312,-0.2832690084970326,-0.027035574800725534,-0.0018607915370885478,3.0981078,-7.7680483,5.1190367
0.20929495966012956,0.256992621853792,-0.06755201078085867,0.9902784988203008,0.06848438979864548,-0.12107180979946794,0.024456291325750057,0.7711203701513639,0.6362195097230312,0.13693204368883627,-0.632995468460503,0.7619490483750649,-0.2937257253756166,-0.03538645184652702,0.006987931673518896,3.0994384,-7.799466,5.069487
0.27867493988102326,0.25658284206965526,-0.12078948251705435,0.9901490594121087,0.0687607550629948,-0.12197048293945137,0.025632540630103052,0.7673725025840419,0.6406890159342139,0.13765105523083446,-0.6375040398625504,0.7580506488043959,-0.28579372673029596,-0.0421689845023903,0.017535556937240775,3.1015382,-7.830556,5.0196624
0.4322684669805478,0.16687138468846846,-0.12972925141916478,0.9898730963128743,0.0690118963703915,-0.12405084181626959,0.02827763089391335,0.7604985388201949,0.6487236299406526,0.13911013186317647,-0.645661932137641,0.7508455504305116,-0.2711292808464031,-0.044250446042310126,0.0289393623503071,3.1051254,-7.889084,4.9250627
0.4782158127683823,0.190804504705745,-0.09841018853931735,0.9897360583869402,0.0690072823299329,-0.12514203815712666,0.02974917316121077,0.7570118350327488,0.6527235772642009,0.13977668412473898,-0.6497469327405773,0.7471890001661594,-0.2635694662968878,-0.040235835298453176,0.034640523530305056,3.1042619,-7.919179,4.877234
0.4966389454581165,0.24779436507972,-0.02421785910386101,0.9897013047381766,0.06870264864851595,-0.12558373090583438,0.03074990942509547,0.7547846615167189,0.655251522554081,0.13980618895420482,-0.6523649751540711,0.7448987640762533,-0.29386519185569665,-0.01150200423810837,0.04397873535670589,3.1000686,-7.951619,4.8271422
0.5036772432114656,0.29481464444351646,0.08200588434370784,0.9896683354872463,0.067830691853569,-0.12631541068519384,0.032711518851613025,0.7509505240797217,0.6595477745537563,0.1395942057118544,-0.6568655171548118,0.7409731102439672,-0.2859754156871396,0.0010815047746123158,0.05448489735484822,3.093022,-7.9843507,4.7778473
0.5177784066970632,0.3270318341448245,0.17991580519743944,0.9896722986689369,0.06651453265058092,-0.12698251136915328,0.03502878432643921,0.7467630167674244,0.6641671333761013,0.13900260974511985,-0.6617558565926646,0.7367207481463752,-0.2694098775331126,0.01556847897543287,0.05917649967201419,3.0833251,-8.015997,4.7313967
0.5311010037847805,0.35173049935307527,0.23637658424387273,0.9897047905410519,0.06513111141324435,-0.12744554094266358,0.03704905640683319,0.7435188676910874,0.6676878468316818,0.13824541583523062,-0.6655355976305399,0.7334511389909383,-0.241944232967674,0.028055764451440753,0.06447365186280246,3.0714126,-8.045473,4.689232
0.5323555879338085,0.3743432698005604,0.2497557073696438,0.9897568870183444,0.06375618030159835,-0.12773587621771013,0.03876698638895007,0.74109270245245,0.6702825726050502,0.13739878225834096,-0.6683687274589346,0.7310299711973851,-0.20141383522770775,0.03817063151856079,0.06505945728148155,3.0579255,-8.071225,4.6537337
0.4887028563019214,0.37495895106018223,0.2248826794693391,0.9898503635894828,0.06218576994399959,-0.1277857101488295,0.0404957981849245,0.7384775090287091,0.6730609623118247,0.1362216870807821,-0.6714044225913512,0.7284639684250964,-0.1851328245670473,0.04740980468320995,0.05492932871374913,3.0739303,-8.064896,4.653516
0.42367988710168814,0.3973300137786151,0.17563322852349197,0.9899482176394727,0.061055643301059524,-0.1275724688697551,0.041630428571226404,0.7362590871551141,0.6754179920600982,0.13516446947850908,-0.6739397339544634,0.726316598452755,-0.1947837503261078,0.053820345911995554,0.03973242683535575,3.089203,-8.058836,4.6534057
0.3486102717645062,0.39052451535157173,0.1156923023828472,0.9900730602904237,0.05996509284706337,-0.12712011220494462,0.04264489189115273,0.733631757924314,0.6782078272627599,0.13392814671586584,-0.6768963224931311,0.7237918347926624,-0.20176400158183075,0.05546239310904047,0.025135677801525973,3.10457,-8.053416,4.6522217
0.2777346526828109,0.3204964067672391,0.0749477834494667,0.9902125141908082,0.058931345194190424,-0.12651590134651575,0.043478048142177234,0.7311276511233745,0.6808538882113876,0.1326229092942264,-0.6796907048918807,0.7214095297498598,-0.1792464471161181,0.0556952848534645,0.01640027951463857,3.1207306,-8.0461,4.653758
0.2080044903004966,0.22088435616888974,0.06821266363816103,0.9903617608337715,0.05796052495001084,-0.12579411840682586,0.044082433246227674,0.7290950671372913,0.6829913045970362,0.13130240575603783,-0.6819537818823128,0.7195128335332789,-0.13832353421404073,0.05529549560641822,0.009674681189323252,3.137947,-8.034703,4.66158
0.13721943725765515,0.15391713014354264,0.07294503399829974,0.9905080729853966,0.0572646793941726,-0.12495804833878743,0.044281548266808836,0.7276822649414638,0.6844835029222811,0.1301264839832782,-0.6835197713186832,0.718239389328241,-0.11685985610289536,0.06203108020564749,-0.0040365756321099205,3.1553497,-8.020256,4.674646
0.07994143976841135,0.12136897891104842,0.06722569714792884,0.9907644447152333,0.05649602717883833,-0.12326400123768183,0.04403167707461817,0.725748078387759,0.6865500259489273,0.1282459609582765,-0.6856368759259411,0.7165577770622575,-0.12281396351990854,0.07855887489355129,-0.02718160177935868,3.1713119,-8.005861,4.6888137
0.04686584107333577,0.06658287898587778,0.0600613077438201,0.9909867664372533,0.05603083561799418,-0.12167898013291409,0.043517575772336975,0.7244090469993931,0.6879954601771229,0.12669431457305283,-0.6870895706422718,0.7154414529292268,-0.12464750532753605,0.09785247680360623,-0.05028074342778312,3.185025,-7.991928,4.7039185
0.04034706680333486,-0.034837121914575046,0.07454515306160531,0.9913946705167056,0.055293264071657085,-0.11865606693032865,0.04229490935021078,0.7225076504276202,0.6900679935460116,0.12388602792135223,-0.6891482786903429,0.713951610449901,-0.11978083895256386,0.12353712599314146,-0.07118354124060122,3.1956496,-7.9779344,4.7214217
0.04962932088174861,-0.15473171809450154,0.14208725789896853,0.9918923238817515,0.054268150003929594,-0.11491120798081211,0.04071849825523261,0.7208431684622487,0.6919010986991896,0.1203811518648042,-0.6909704005067496,0.7127890879490545,-0.10420118900849806,0.15832845658071792,-0.08600783682301648,3.2015762,-7.963496,4.7429366
0.1652681303359132,-0.21077007133696746,0.5364159927881484,0.992919398396243,0.05143147408616485,-0.10707881098409203,0.037660636842712036,0.7186198963651931,0.6943825465697431,0.11266208200208308,-0.6934985566109017,0.711594693106653,-0.07918422065957242,0.20565156830227324,-0.09200358369017567,3.126892,-7.9936113,4.7407656
0.2520731424745241,-0.1638846774251292,0.8392582749740405,0.9940099766803986,0.0470345831618473,-0.09865046500967234,0.03534664767351017,0.7157835760162122,0.697427047657093,0.10341557309263454,-0.696736406607431,0.7098335008645947,-0.16029280535386328,0.3780810532759641,-0.11352255486540438,3.0669875,-8.018062,4.7364855
0.35480125254043016,-0.15199665474898938,1.194514961231826,0.9951414423180422,0.04128765376610545,-0.08938030782927864,0.03343401123771205,0.7121624654330447,0.7012180757231553,0.09260494950985577,-0.7007995094710172,0.7073219711358179,-0.24528035633995143,0.5216335198007879,-0.11796003820942189,2.9820724,-8.055267,4.722987
0.5011026786796948,-0.2657468192668059,1.6313193644095538,0.9964239928344069,0.03254873363833188,-0.07797311358717647,0.032042157697947805,0.7083319821597649,0.7051518298775655,0.07818264918764029,-0.7051286286828526,0.7047560502598343,-0.25896829950600175,0.6923568435740035,-0.08984691906366449,2.8654435,-8.1009445,4.7094088
0.7146129647365975,-0.4679663291373396,2.1041010876956565,0.9976557708124588,0.0208209443960853,-0.06518781511182742,0.03155652828399652,0.7052866292486594,0.7082195677371012,0.06072189462837922,-0.7086164398865724,0.7029762390260568,-0.2149009328005485,0.8727563171475208,-0.03943394158415536,2.7129104,-8.148024,4.7072344
0.9781176762695007,-0.7709448506633424,2.696420184851456,0.9987555826258145,0.0035023289281535044,-0.04974957151422108,0.032860946575701974,0.7041627990711198,0.7092777386852598,0.03751592147233536,-0.7100299191558098,0.7031714368059013,-0.07719448314103608,1.1153430861292253,0.059035426326560225,2.5134125,-8.187825,4.7304506
1.2965999849762901,-1.062704626487819,3.2808638764930667,0.9992872254078399,-0.017655360222713294,-0.03336659095723027,0.036104118759206855,0.7051150828148066,0.7081731515637192,0.011024234455143517,-0.7088730550969444,0.705249925921444,0.07130948626611014,1.3777082915401933,0.17009322127527238,2.259732,-8.215686,4.781186
2.1028388813634984,-1.4859445610245137,4.204578218536409,0.996954762726598,-0.07777972865386042,0.005613812188207001,0.051715007441843125,0.7133120559238691,0.6989359547762254,-0.05836744882246214,-0.69651721061593,0.7151622307097609,0.36320046743548906,2.0031670477318406,0.4384396633967006,1.5630783,-8.217404,4.956805
2.5192492108247233,-1.7164363699024667,4.30142115803218,0.9927827873945028,-0.1158533423747997,0.030989354846281354,0.0621458035009383,0.7179889439495671,0.6932746753440577,-0.10256820248217324,-0.686345306261195,0.7200068641428372,0.36320046743548906,2.00316704773184,0.4384396633967007,1.1163788,-8.181221,5.0715346
2.839456619000537,-2.0406519270509813,4.1009766530331975,0.985137961819853,-0.1609506742922179,0.05998396974447212,0.07652494908007634,0.7239147497443403,0.6856320932328659,-0.15377622816845626,-0.6708519326553888,0.7254726432490838,0.50215400367642,2.316712332496711,0.5755633756474106,0.613324,-8.109736,5.2031035
3.016501384113294,-2.337921744123328,3.6692228618665137,0.9737346879661944,-0.20912188716796934,0.0900488409624717,0.09443435154045907,0.7308105840271084,0.6760163041843668,-0.20717845134209903,-0.6497568211117639,0.7313639058076524,0.6838711081476634,2.5785430058603325,0.7187302821034719,0.06653748,-7.9950423,5.354953
3.0508899722641134,-2.4343708998111007,3.0912624893093485,0.9597000281840264,-0.25547443207537057,0.1170840316155243,0.11562174940188581,0.7386796137536693,0.6640662913369253,-0.2561395458901765,-0.6237669779496969,0.7384492469023693,1.0459016492228699,2.9437407346930895,0.9740658940446897,-0.5117844,-7.838693,5.519058
3.0495375065629604,-2.3327261650165694,2.35668401812056,0.9369930300179355,-0.3148750932153893,0.15131998338093836,0.14564647832440167,0.7458040224748868,0.6500488161761231,-0.31753923387434707,-0.5870519872488973,0.7446736192571973,1.0531157876355222,3.0646137297034404,1.1091440439502205,-1.1149795,-7.651526,5.6724076
2.916789449983929,-2.2407300415854516,1.6250569306662683,0.9164495331937244,-0.35921934823554663,0.17630006512260107,0.1702260187804778,0.7487142076264351,0.6406638259090868,-0.362137205543911,-0.557125205991929,0.7473072655938103,1.0463208992574828,3.1345372970510725,1.2455812260819656,-1.7316681,-7.436226,5.806409
2.6306932419945674,-2.091136452935721,0.6059346313699069,0.8815977254222538,-0.4224667482013858,0.21049298609325412,0.20838724815411916,0.7485169960121361,0.6295212954997808,-0.42350939226546297,-0.5111204880897611,0.7479275642185028,0.9826597664096296,3.091418854487848,1.3642152770652727,-2.3419862,-7.1962647,5.9133787
2.088911613183639,-1.9405381403415771,-0.4342515978480672,0.8543219865218858,-0.46522962724684436,0.231722543739405,0.23633812207321137,0.7448112619552928,0.624019611967022,-0.4629019716961749,-0.4783488036948845,0.7462601333338573,0.8913837102766766,2.9848030766741367,1.5006558591032837,-2.9312043,-6.938394,5.990222
1.4065254686734345,-1.7805246136424464,-1.490884400095759,0.8166744246327072,-0.5179598363253376,0.25448082856016024,0.27310820741174446,0.7353411017448412,0.6202300953106253,-0.5083844914975084,-0.43702525331897357,0.7419933535863423,0.7718279968550936,2.803078300715378,1.6272622179196385,-3.486786,-6.6707687,6.0348525
0.6963935713828665,-1.6776547670837467,-2.2988329059562815,0.7806444016671722,-0.5635692214536365,0.27015560474630945,0.30664763309214504,0.7220500525762757,0.6201700981936998,-0.5445746480186973,-0.4012897384742597,0.7364814991094972,0.627806121497755,2.570709975966262,1.7573913274478452,-3.9987426,-6.4031906,6.046182
0.08865865262860141,-1.6061793495980774,-2.8143849335391895,0.7416258881913362,-0.6093264153067165,0.28055723404303445,0.3415872878989081,0.7029797024115079,0.6238089954010738,-0.5773293399007887,-0.36679811559888753,0.7294861038312004,0.46998418174870155,2.3030949991839385,1.8968659620836668,-4.4629364,-6.1450377,6.024835
-0.4282930457371279,-1.5037598630902322,-3.172309317710731,0.7036917051266266,-0.6509788773234857,0.284683131594822,0.37427914753512664,0.6802095702779405,0.6302618981206773,-0.6039313734658602,-0.3369591099539438,0.7223056516203414,0.33372185025728923,2.0216398396734245,2.0085569767641074,-4.8783064,-5.9034348,5.9760528
-1.017899324973381,-1.3224965286408876,-3.580758823166931,0.6650977278099954,-0.6916664494297553,0.2815005065629843,0.407064189345009,0.6518386535106317,0.6398477284028894,-0.6260541176406978,-0.31097249480087863,0.7150890498829116,0.19737855800848753,1.6744137613258976,2.13708124127373,-5.2414064,-5.6898756,5.9070144
-1.755233578555725,-1.1091993292284994,-4.188721703696907,0.6317193025654622,-0.726681792393079,0.26993387221797094,0.43599423132924303,0.6209800093676324,0.6513776617396378,-0.6409678252563302,-0.2937982310534856,0.7091141279201915,0.041454728074359785,1.2395651113095738,2.311764321715472,-5.5477967,-5.5207686,5.8195815
-2.5199508722225414,-0.9852000797493419,-4.899585021685844,0.5991633106484371,-0.7613664276421602,0.24763782027836423,0.46551531924374745,0.5829407683382005,0.6659395979806734,-0.651382233962669,-0.2837273752542814,0.703704456294771,-0.1060496371101223,0.7392487797722119,2.42702010835446,-5.7899656,-5.4083557,5.716344
-3.0658383328734717,-0.9226976994956566,-5.4916355978447555,0.574110446259179,-0.7888975292628754,0.2191754635423794,0.4899365778517054,0.545471094999531,0.6800172308132882,-0.6560177933402777,-0.2830229192891337,0.6996704095343819,-0.24239300198195562,0.22501617616885022,2.49545228406074,-5.9669466,-5.3606005,5.5957212
-3.1939166575887388,-0.8254654185699495,-5.851839905376408,0.5509560757735218,-0.8151195546384405,0.17896232624290348,0.5145293714666818,0.5006246575376743,0.6961569350106255,-0.6570440841118226,-0.29147051979800065,0.695225148870738,-0.3752690886267197,-0.24944553432041044,2.4891161812876588,-6.0833025,-5.37838,5.4559646
-2.9730795416729348,-0.5370033505047913,-5.978518897734659,0.5357217487118776,-0.8328346427912712,0.13924318914698675,0.5324165986306055,0.46115637072621946,0.7098361552085375,-0.655389024518801,-0.30613928121911677,0.6904664850917367,-0.5111581460356466,-0.6557091440049421,2.381586773048854,-6.1459074,-5.457469,5.295709
-2.583397454768163,-0.1497824564275445,-5.983055002832271,0.524798136072997,-0.8461507724561832,0.09282126182137501,0.5477190125963622,0.4191382900131433,0.724104258436121,-0.6516063225712094,-0.3291685952770441,0.6834158589530703,-0.6360824972345621,-0.9927266113138506,2.1790759275214384,-6.1605635,-5.5909653,5.1162033
-2.1940415371981468,0.24808006001122984,-6.02266693871947,0.5204757277131258,-0.8524652887980421,0.04907084935032866,0.5574975908598356,0.3827869453858121,0.7366617884943395,-0.6467622848056096,-0.35605770015078997,0.6744786587553071,-0.7447257786655763,-1.2589043949751295,1.8767992036605081,-6.1316743,-5.7704177,4.922287
-1.837500497578353,0.5813614599374508,-6.158714374011709,0.5226490484660182,-0.8525386313697388,0.003981728240106501,0.5628614150954646,0.3485626577851896,0.7494605399848989,-0.6403319448023017,-0.38946367689418376,0.6620370418985371,-0.8329562189673697,-1.469340741952042,1.5071623761770496,-6.0626235,-5.9884033,4.719153
-1.4747246341349172,0.8768057471671657,-6.285424908219161,0.5302117231055079,-0.8472799158147172,-0.03150036410097233,0.5626613841033866,0.32382415634192085,0.7606247975239203,-0.6342615355831934,-0.42101622299674957,0.6484270540725464,-0.9558418596824527,-1.6525456124244295,1.1363584240024445,-5.9588866,-6.242621,4.502902
-0.9255320912842246,1.0897243517021817,-6.222366670602456,0.5417949619732423,-0.8384736382606052,-0.058482280414127986,0.5582829772664247,0.3069848987287378,0.7707661054087963,-0.6283138837197143,-0.45024685439715206,0.6344284306606375,-1.0517546357266705,-1.8024038509545524,0.7214725963084578,-5.824399,-6.525749,4.271327
-0.14726640403849744,1.1677189287147116,-5.79886451865641,0.562116747594567,-0.8228060416437057,-0.08375547688552763,0.547353074462441,0.29418169438780295,0.7834932945237216,-0.6200236882170069,-0.48625852025618804,0.6157298738310838,-1.0633518780726927,-1.8335341541427583,0.18924267988001114,-5.6584883,-6.819313,4.037244
0.524294999911445,1.2093566771960926,-4.99791283798621,0.5939615724763202,-0.7978422109977564,-0.10323495905781391,0.5273598642742868,0.28922660375042564,0.7988989580889441,-0.6075370144888818,-0.5289572553932933,0.5925394484696617,-0.9851062255224702,-1.7984178731288494,-0.36724041980705074,-5.4611497,-7.1041017,3.8192658
0.6869476234671852,1.4070802137077716,-3.9345371806620575,0.6194316675993687,-0.77740597294602,-0.10929026673458775,0.5095177180810293,0.29220240678630793,0.8093265400503002,-0.597240407320676,-0.557007815650859,0.5771015414702098,-0.9115241081680032,-1.7943183614778693,-0.8544450261159706,-5.230751,-7.3767014,3.6183944
0.5038951425108231,1.7427768970756525,-2.6047208457664954,0.6581827357961618,-0.7451477919239767,-0.10747211029239988,0.4788241464493631,0.30416327959043177,0.8235363599294399,-0.5809672306394911,-0.5934976558838417,0.5569897749361885,-0.8419558512574519,-1.764197497769084,-1.322595709558027,-4.9675417,-7.635806,3.4369597
-0.003165026572208851,2.2829098294940486,-0.9570397981688461,0.6874554373362779,-0.7195497412607136,-0.09825065663102259,0.4527917181044829,0.31890395592101944,0.8326343296513272,-0.5677892933939299,-0.6168860808525063,0.5450384220930276,-0.6870232434887462,-1.6934602933441882,-1.819242035902792,-4.670851,-7.873212,3.2983093
-0.6155599663515454,3.03136547728872,0.7857758893235677,0.7277780382892283,-0.681649152916657,-0.075455677797543,0.4122968484739147,0.34694783075892466,0.8424004460291759,-0.5480423667221004,-0.644190682220475,0.5335428091708839,-0.4777291173271043,-1.6008204089808096,-2.3072822398759345,-4.3419814,-8.081247,3.222879
-1.1118834673326197,3.792557493932333,2.267157405030245,0.7660866567925512,-0.6412197161528673,-0.04414192906124717,0.36848878473593233,0.3818989152250314,0.8475666546495209,-0.526618694890571,-0.6655753106649774,0.5288499371513351,-0.1684818265977448,-1.5100780322874257,-2.7866039555385065,-3.9814591,-8.249718,3.2320037
-1.3426837643925633,4.28980750162033,3.337516701085204,0.8049324843761555,-0.5933596179225513,-0.002838910853528019,0.31804946064250283,0.4274066820295688,0.8462671379307413,-0.500927376154512,-0.6820908238462675,0.5327512288523386,0.2628714982222484,-1.4633664098594392,-3.2704694676880837,-3.5857024,-8.363805,3.34534
-1.564472360499888,4.816309875394707,4.730010403121614,0.8699479243145245,-0.48578952568640643,0.0848477796658625,0.21338691038749408,0.5259327637802336,0.8233229952198377,-0.4445859145948401,-0.6981427251757782,0.5611952421644432,0.815577334296885,-1.496766280966373,-3.721601987066755,-2.6699433,-8.359596,3.9095123
-1.495229600757076,5.012288772014316,5.416104195344095,0.9033366212921483,-0.40601809028169233,0.13831940932672235,0.14416066236413627,0.5911002430271238,0.7936108656766293,-0.40398100457721964,-0.6969575403547076,0.5924943332079197,1.5353966375398178,-1.8006837125254,-4.33246792788961,-2.163095,-8.250491,4.3015046
-1.0110806809788235,4.844506376677583,6.087816509489036,0.9290993579852479,-0.31755376758254333,0.1895626220686248,0.06762470351780392,0.6497995735902572,0.7570914169610228,-0.3635949428492225,-0.6905940333191806,0.6252028460255264,1.5637817625634072,-1.8653627200787692,-4.5326187882519795,-1.658815,-8.097096,4.7190065
-0.10625661871057734,3.717953567375455,6.702614837326313,0.9455440411807985,-0.22209899246457157,0.23794643038656135,-0.013858352587498585,0.7028987134177642,0.7111549372248024,-0.3251990348248977,-0.6757258587784513,0.6615437638789141,1.7878637914201247,-1.8815263750329483,-4.7586678432337886,-1.16745,-7.8709536,5.1820436
0.7169866048753577,1.750072264626481,6.871391790735368,0.952626108397767,-0.10146684211076436,0.28671933585127307,-0.11335190552427041,0.7563470852840445,0.6442751214321003,-0.2822318959879315,-0.6462534847367565,0.7090145205513475,2.0527326057896285,-1.9528832646031986,-4.860386109282432,-0.69316405,-7.5612364,5.690837
1.4208996465755575,-0.12559405256315648,6.162946297284226,0.9507093966148401,-0.030484841366008215,0.3085811362269834,-0.1705691655530894,0.7796561533377776,0.6025300343759331,-0.25895521417953593,-0.6254653923355239,0.7360266571529871,2.069934562243777,-2.022219312031836,-4.800442827988585,-0.2444336,-7.1979675,6.205452
1.9805165217282457,-1.922862120261769,4.8739730236397865,0.939996507517435,0.07506356404215664,0.3328243188354989,-0.25543241680420875,0.8015349089260136,0.5406441252973424,-0.22618763516290075,-0.5932177097206873,0.7726136826209835,1.8261002848066779,-2.0114169329854557,-4.612259289772416,0.17053986,-6.815201,6.6919417
2.362522738775448,-3.3123105995829003,3.523606124308578,0.922570529014146,0.1669564609953318,0.34783495960940036,-0.3301887574230337,0.8080250341715367,0.48792512604242944,-0.19959710284969487,-0.5649965347539779,0.8005872296321036,1.4577412813052464,-1.8748090349478848,-4.315494448504993,0.5398346,-6.4432173,7.119792
2.4765793930804207,-4.255784504279521,2.514053351484401,0.8993127705499688,0.25057812170462207,0.35839523664346173,-0.39972433735248747,0.8034161784092433,0.4412968370591416,-0.17736119883969526,-0.5401231796481913,0.8226846029632954,1.0707140368904051,-1.6042614565975186,-3.8968886648283014,0.85078275,-6.098422,7.470001
2.4726919033761368,-4.969515059525553,1.8466372759297836,0.8750186851137134,0.3154271897918321,0.3672165418957807,-0.4558854548822636,0.7920771006446484,0.4059338845934888,-0.1628212293549572,-0.5226084141825472,0.8368809310152459,0.7040798918320892,-1.1767144560780312,-3.368688075451569,1.0886749,-5.8041153,7.728598
2.4185214689255723,-5.805902202596451,1.3056312579864837,0.850320151035606,0.3671046337158088,0.377080665968392,-0.5026627489085905,0.7787287188145636,0.37538212977323315,-0.1558390246454445,-0.508739393400798,0.8466985461188331,0.5578488201107188,-0.7062722007622908,-2.758362881784694,1.2367661,-5.567534,7.91443
2.42337152558737,-6.756988139946895,0.7098728251329529,0.8293687324673005,0.40268325080946255,0.3872902078843549,-0.5362857360129418,0.7681663040861526,0.3497401015263742,-0.15666880657820992,-0.49776171888178145,0.8530463974844598,0.5493450507552611,-0.29145236677852715,-2.060853411659885,1.293219,-5.378546,8.057266
2.5356674029513577,-7.404575419998531,-0.0471524572435027,0.8147508812447644,0.4238877225818729,0.3956010618732373,-0.5565272380091805,0.7631380702619405,0.3284778821637088,-0.1626604895626246,-0.48779041028010833,0.8576724787318362,0.6008521388694846,-0.048461082282133416,-1.302178719948615,1.2804565,-5.225586,8.176236
2.960104961206116,-7.293319359571097,-0.9799838240873704,0.808230783945475,0.4273775573204931,0.40510668148236156,-0.5627976982707283,0.763038092977655,0.31785471443128654,-0.1732678582543605,-0.48489307291793093,0.8572379816201299,0.40406005490468616,0.3809216958259297,-0.47354488894932867,1.1987336,-5.156859,8.234369
3.588890283189594,-6.55525796089396,-2.731866948484469,0.8090697052188182,0.3975677469965053,0.4328349554336589,-0.550548813380633,0.7704345593600892,0.3214445423845347,-0.2056750256650319,-0.49836781225491444,0.842215713179195,0.07101221052263143,0.9297529633474245,0.353255517005548,0.8351715,-5.3534455,8.106527
3.105704270196581,-6.5937656674719545,-3.29136225339513,0.8162407479860199,0.36458462893029553,0.4481395872660456,-0.5314766350631556,0.7779652205577665,0.33511595304379604,-0.22645888745900006,-0.5117110160532662,0.8287751253148028,-0.1685266533913434,1.3438426963737482,1.175022040614444,0.5809463,-5.5743194,7.937163
2.3961684987855385,-6.6777503732041,-3.5692795039571177,0.8345239461366691,0.3058410918828985,0.4582914027563231,-0.49210403419143905,0.7878380864232271,0.3703306213554307,-0.24779710017874002,-0.5345768196404198,0.8079753839357624,-0.750716816012787,1.819640537238181,2.7143077567554657,0.2966919,-5.861676,7.6824646
1.590993295356359,-6.809606696120275,-3.7287698874466235,0.8536094215165305,0.23857422531629216,0.4630694273140318,-0.4470392125139642,0.7918436412588497,0.4161004569485856,-0.26740773730972833,-0.5621974624744042,0.7825772263580337,-1.2733357597906874,2.0159694713323493,3.3934178677900904,-0.00786438,-6.215758,7.317569
0.7351946101977966,-6.997969262953492,-3.8615026585208234,0.8772055950480083,0.14664208439254253,0.45717222477035946,-0.38431807044585825,0.7851969862583471,0.48555670472106766,-0.2877672058196376,-0.60163260537958,0.7451363924805565,-1.8648312628565173,2.003130232809281,4.009718317937848,-0.31152192,-6.619403,6.8451476
-0.3737475669408207,-6.977020834787391,-4.16628656745626,0.8935352677487161,0.07938130157464979,0.4419200541382396,-0.3367053250437534,0.7695841579785112,0.5425585202314004,-0.29702567124141005,-0.6335920081162816,0.7143786936035875,-2.626861768381229,1.8045297053052842,4.646863012567307,-0.5935089,-7.0593367,6.2541795
-0.9922657569876092,-6.858986936880963,-4.050919108297618,0.9204756706470778,-0.05177092963196085,0.38735553512484466,-0.24032150798747853,0.7066314285192469,0.6655205459093456,-0.3081722124810027,-0.7056853371538147,0.6379953701874892,-3.713105581274678,1.6521950256462508,5.312168273253965,-0.8530914,-7.5199523,5.483743
-1.5332123332874443,-6.488008007427174,-3.3692443317344516,0.9333725052943908,-0.13095241827323753,0.334166471251775,-0.17587057670314296,0.6447442013874751,0.7438914269080749,-0.31286627592403765,-0.7530978548141138,0.5787558332006725,-4.557755615901675,1.3390907232666718,5.863794552765928,-1.1072083,-7.9533095,4.534917
-1.393225864230974,-6.170579067393703,-1.3759971567279472,0.943831113431868,-0.21780844730943458,0.24847999838742243,-0.0905495310401491,0.5527160976105404,0.8284356932620573,-0.31777918708809294,-0.8044031301050678,0.50194819705902,-4.615108665249941,0.92052627961139,6.161856114246791,-1.3749359,-8.325994,3.5405898
-0.815201984585024,-5.301113154205265,1.0034095965937506,0.9447940179595615,-0.30034575635799526,0.13098354959906733,0.013975111538407671,0.43632114905770425,0.8996824723992651,-0.3273667055235102,-0.8481841082705511,0.4164309769841505,-4.190753271016049,0.6136419196051828,6.269130789549116,-1.6684341,-8.624728,2.6037338
-0.7729501291468344,-3.7106983977224535,2.441512373836754,0.9345730993053631,-0.35507112485793674,0.02230736082299628,0.10394910355633302,0.3324913217261642,0.9373601788248869,-0.3402465369766498,-0.8737127773295463,0.34764677016547807,-3.800399276463457,0.46422530920077465,6.258760172137813,-1.9903015,-8.846968,1.7388748
-1.3336578746776993,-2.0279215304131983,2.8412165730967267,0.9127223129755823,-0.397238201447505,-0.09560225262646618,0.19589688516509657,0.22012495931605583,0.9555989810944331,-0.3585559785850968,-0.8909246958059124,0.2787306883427566,-3.5548656163497157,0.3867046206475082,6.184418041897029,-2.3411682,-8.984934,0.9236725
-1.9898532428202658,-0.7662853965208671,2.8174375046594418,0.8821396745333873,-0.42300294806567484,-0.20711856638620696,0.278683023955945,0.11427167219018378,0.9535605681306407,-0.3796911465558555,-0.8988940376165638,0.21868731642345524,-3.2486163590714154,0.3373324522989575,6.0220818182119205,-2.712468,-9.025716,0.16262817
-2.3342808673252042,0.1615729292983019,2.8797765385676026,0.8448831130858248,-0.43642174532319555,-0.309368042033209,0.3524266606332437,0.01901902354764355,0.935646154065839,-0.40245244948603115,-0.8995411813543341,0.16987551015477015,-2.8135841010787823,0.3572143594619812,5.762708544945026,-3.0958633,-8.975459,-0.5072845
