-0.15508238224095475,0.07138226336875568,-0.20534965483011142,0.9999916490024633,-0.003349133918857516,-0.002342056217922067,0.003388092825956793,0.9998525707110911,0.01683323110472341,0.0022853341849824573,-0.01684102563432185,0.9998555681213397,-0.9034533500000002,-0.12414918,0.1807544
-0.12330188526179851,0.18091207812693724,-0.15063722058234819,0.9999630794364723,-0.006752686746848039,-0.00531422483777109,0.0069421862046999145,0.9993099979490864,0.03648745057819314,0.005064169687788363,-0.03652299577931355,0.9993199812696019,-0.927377568046957,-0.13576862746171658,0.16411176725408314
-0.0474577826052551,0.4749081995382029,0.0018723063696824693,0.999919242279109,-0.00954787270589007,-0.008387314633702413,0.01004340245822626,0.9980766050252388,0.06117369179929703,0.007787103892635169,-0.06125298872777887,0.9980918957615476,-1.3238727856029597,-0.15697007152935313,0.1574637083589243
0.2089049008167465,0.8279329235292209,0.22636779684990868,0.9998715560420434,-0.013015672609157376,-0.009352202125405079,0.013899765558358645,0.9947188015039599,0.10169219464613825,0.007979218977184885,-0.10180912631516212,0.9947719506818924,-1.8872457087456607,-0.031506009294028,0.16397965562794778
0.4741276085398362,0.8708936620834715,0.5060772312270883,0.999835839692934,-0.015943662099144548,-0.008607746766375813,0.017006067433220497,0.989693173427502,0.1421907737564467,0.0062519865628860955,-0.14231381559732195,0.9898018440850416,-2.1890907927542136,0.05876582214974885,0.15095288413366817
0.5959329818940234,0.7962850831980623,0.8639712892046808,0.9997932585602388,-0.01941934834431245,-0.006027358242348831,0.02021645949675323,0.9810966523625217,0.1924594853169595,0.00217598320662096,-0.19254154780964827,0.9812864094973238,-2.404673191126726,0.14735217396523684,0.14118044265036805
0.8355085791365047,0.7941019669583492,1.2571626270965455,0.9996893304611031,-0.024832062381512407,-0.002147379824787427,0.02461383223932028,0.9699832932495963,0.2419226530921853,-0.0039245158587810905,-0.2419003503398619,0.97029316120476,-2.717136878461312,0.2660464115978525,0.23806119694772626
1.3034651422363055,0.7610484469878174,1.564355587806576,0.9994088495783039,-0.03394932510448826,0.0054216888070758905,0.030675014641152253,0.9517707618761315,0.30527276379410745,-0.015524009190157742,-0.30492599128752146,0.9522495182335281,-3.0897886419673823,0.45871973046393916,0.31441119878555424
1.7353611073668138,0.7345907495687312,1.806259240048698,0.9988964794247548,-0.04486227965834647,0.01389961354449976,0.03669258302177209,0.9301693441641108,0.3652925478688253,-0.029316850854423114,-0.3643794273023163,0.9307889960752735,-3.341210169918036,0.611765277816904,0.39101991389675084
1.9195923694255528,0.7914235466877465,1.98065257483667,0.9979591592374513,-0.05887065456321986,0.024733833616664414,0.04261064983475749,0.9024393403374826,0.4287045247392525,-0.047558900478653604,-0.4267756823467649,0.9031061221931311,-3.5248995697525984,0.7937259467509178,0.4386175278456773
1.8813810781915856,0.6849048075644993,2.0558207632308165,0.9967311126429846,-0.07275335147527626,0.03512889036949679,0.047099255232068184,0.8765507961741064,0.47899933390676475,-0.06564106371823741,-0.4757789944666061,0.877112079028834,-3.4984036395484037,0.9703461630810339,0.47846618713974887
1.8125441935762923,0.5491573084830641,1.9941855298850488,0.9942780605388617,-0.09416893221272954,0.05043164221987423,0.05205949033807803,0.8394028565920337,0.5410107705128178,-0.093278871116768,-0.5352896940452408,0.8395022308797838,-3.329227071447053,1.1230201355067544,0.497044182106256
1.7018522777593184,0.4040751064899579,1.8189662352745524,0.9904090806051223,-0.11966581095956003,0.06906480103718853,0.05543688172120498,0.8020433344238405,0.5946875161387838,-0.12655672720145988,-0.5851551789001599,0.8009849008604203,-2.853821510604991,1.3252701713879946,0.46629609121073934
0.8291526128066861,0.20173177936885045,1.0323956421560991,0.981496863022497,-0.1641968071278255,0.09850541307981495,0.05914452455721566,0.7492642175430984,0.6596249370092289,-0.18211488981381574,-0.6415937506230529,0.7451118211849452,-2.196588834046427,1.3781746018743686,0.44433177155697734
0.44554728392568693,0.1284057547120522,0.37429257046883935,0.9736015489642952,-0.19581875361078782,0.11728188090511742,0.06219398645426001,0.7219656029953394,0.6891281275209298,-0.2196176948773753,-0.6636419846768989,0.7150855782847636,-1.6514209162614653,1.5315753009636504,0.47220380632588477
-0.05473140499515383,-0.326036245109797,-0.11912583076426496,0.9659824737871204,-0.2221114301636725,0.13245517327293266,0.06450911882476518,0.7029513415634844,0.7083064202607156,-0.2504324937474507,-0.6756670215311278,0.6933668885162368,-1.2912142681141394,1.5117398750093212,0.4328354228517203
-0.7074018411846928,-0.9588593755881328,-0.2970780015606389,0.957807504617006,-0.24701751487835974,0.14692559832331092,0.06816085660505043,0.6918461620741012,0.7188205517722779,-0.2792111776527031,-0.6784771443214989,0.6794923714856076,-0.6785945206890776,1.427306702381454,0.37387530055948026
-1.2090885064944492,-1.4588164870441225,-0.3183198834154277,0.9492712120726555,-0.2696078408435987,0.1618510985003309,0.0723788741453631,0.6882086057391403,0.7218934918421401,-0.3060154644908664,-0.6735581096997062,0.6728105293098482,-0.16755159382768503,1.4134982614366585,0.27579282096778
-1.4255917395513897,-1.7635201446596351,-0.40324425127281904,0.9398009630204062,-0.29177402613921244,0.17788217329578335,0.07906879928421201,0.6920893937914429,0.7174680452683213,-0.3324489056767519,-0.6602122300229734,0.6734965006905551,0.37279634954732244,1.3840387435466965,0.216719467863692
-1.4979482963345692,-1.8051663313163768,-0.6842331131464722,0.9305455416283372,-0.31128949005293854,0.19283113944123728,0.08748980195062357,0.7003631739346348,0.708404516608163,-0.3555707095786506,-0.6423319063994767,0.6789544848595883,0.734284874694364,1.324607397257843,0.18849768407472478
-1.535038770533537,-1.6100867212976642,-1.2724442142087173,0.912151000313734,-0.3447514305618846,0.2216461227998096,0.11102927722547773,0.7284215987355568,0.6760728319451415,-0.39452889910048694,-0.5920713011294076,0.7027079920945031,1.177434962568589,1.1525661537827738,0.14046921796275658
-1.0321817636802977,-1.264363655390668,-1.651194598573154,0.8937256876270471,-0.37345169818732893,0.248572372552868,0.13941887444615858,0.7578672706268894,0.6373378833560074,-0.42639978039831106,-0.5349495576533826,0.7293916629923342,1.340753165501985,1.0302297285229036,0.1425756220869706
-0.6829856413183162,-1.0730279182145488,-1.9583872766139196,0.8852078231296762,-0.38546023567425164,0.26043716436785697,0.15459001184505022,0.7717724991322552,0.616821803944138,-0.4387585191284233,-0.5057545020037921,0.7427673563068921,1.4107505996169696,0.911221801895217,0.14626805775020985
-0.2892322086797202,-0.7250793598753221,-2.179735839938623,0.8805640803855678,-0.391506196127925,0.2670763911845483,0.16702647668241608,0.7837479539098469,0.5981983791596122,-0.44351894708318546,-0.48214317700821135,0.755532196827277,1.5205400043919919,0.6002648572922008,0.08490332846959281
0.020690050422401796,-0.062126087172584166,-2.296988997350826,0.8755666144087957,-0.3987017845138114,0.27280027631624826,0.18209659800165626,0.7954147753452655,0.578062422372069,-0.4474638898603353,-0.4564561558221592,0.7690408604769414,1.2977957201218193,0.4696900104034548,0.15021649655818756
0.14816037360252565,0.552176092498715,-2.3293701952437553,0.8721766091860942,-0.4047483975862237,0.27474842500009217,0.19468487956120198,0.8024321751315988,0.5640925473570906,-0.44878253091991827,-0.4384989611902808,0.7786609666447634,1.0537665996725925,0.308325151467876,0.23433939048305177
0.14940581422050636,0.8749012779922989,-2.2868923110090913,0.8694939053902413,-0.41149175832935764,0.2732304545914303,0.20801114691775693,0.8067609396133661,0.5530534775879435,-0.4480086062199983,-0.424041647885172,0.7870685926980204,0.7563149969580043,0.1340979996321766,0.3126186800177539
0.1800001996405518,0.9889884604491808,-2.115485886327007,0.8679646130643218,-0.41747488821899736,0.2689835462898015,0.21849810808585202,0.8073963921395158,0.5480598897228265,-0.44597758601863097,-0.4169241941488034,0.7920089703421077,0.46101576076101786,-0.007964498155376809,0.3882537689224905
0.28242280332676806,0.9898794628175744,-1.780997741429141,0.866873829052483,-0.42419647942250255,0.2618914113701343,0.2285813799825939,0.8050633313455388,0.5473788315673856,-0.443035345349713,-0.41464488344651945,0.7948517493234086,0.2039324404683158,-0.11813629751560956,0.48046601667099237
0.38624937407083615,0.8805287341041477,-1.3717505178721439,0.8657360007118625,-0.43210713545646084,0.2525561334813352,0.23811735907534065,0.7994371472372114,0.5515436255856961,-0.4402286909986848,-0.4173531731098268,0.7949937286021466,-0.07417349996378672,-0.1868783304025035,0.6048736071122912
0.4501401768782088,0.5850952574736568,-0.9455136496500838,0.8641545725734566,-0.44177927041550036,0.2409729257230673,0.2482185203739755,0.7907498223549431,0.5595554347774494,-0.4377492899408759,-0.4237284444980938,0.7929878715841023,-0.2541990284026948,-0.20203366650272356,0.6609568676539135
0.44537826728575614,0.17045811695533983,-0.4769616076204384,0.8627091244632148,-0.44991751163301363,0.23088351888749142,0.2563630051782526,0.782650259146829,0.567218283761531,-0.43590248467276355,-0.43015439621531076,0.7905417251940297,-0.3343198131939067,-0.21750992210690281,0.6975636984717682
0.36265790056817837,-0.18061302036317517,-0.0008165254016526957,0.8607381292166963,-0.4588629110209763,0.22039669190325323,0.26475015511182837,0.7733223221755208,0.5760902198382843,-0.4347841168681359,-0.43751275971612014,0.7871120357387377,-0.40702777806486434,-0.1945114136184417,0.7413898814074651
0.23725127118540024,-0.45001734077683575,0.3750943342925744,0.8576688718835599,-0.4700349747594774,0.2084975508365496,0.27500923464681354,0.7619169381036783,0.5863893760034278,-0.43448133108449666,-0.44558916272006993,0.7827363994381961,-0.40859438437313417,-0.14496461029526375,0.7699243784159425
0.08937371492097462,-0.7082357704200138,0.5712668831364874,0.8549142357286023,-0.4787929482756264,0.19969717631983117,0.2834261922303838,0.753497975443433,0.5932203591924616,-0.4345011428136477,-0.4505531197141809,0.7798786079957915,-0.33937210105283305,-0.10922168056885018,0.78400057215563
-0.05138606790109923,-0.8621191491032654,0.56753096261868,0.8499946217495459,-0.4930599540117726,0.18547513242145355,0.297501886315609,0.7398553201849147,0.6034125726505305,-0.4347433388052098,-0.4577182396889881,0.7755593094151554,-0.3185315067540416,-0.09723147357628031,0.8193842292836235
-0.1602939858138448,-0.8255575757960929,0.4181599007824927,0.8462872568620355,-0.5030450607122996,0.17533837505204192,0.30729087718042775,0.7298205152072229,0.6106834960798818,-0.43516685957758183,-0.4629337776352279,0.7722189597839221,-0.36017782842411616,-0.09838580130976338,0.8788539981769232
-0.19204218067334053,-0.6767677629855118,0.20910585331097978,0.8408779656864425,-0.5168949451251341,0.16044894056090037,0.3210349910005247,0.7150274622534029,0.621025170807715,-0.43573017037648837,-0.47069665807985434,0.767192201926045,-0.39923685819286625,-0.118666616452244,0.9384178891207462
-0.12454314846180262,-0.5101473737567843,-0.04524951531690494,0.8357225831109009,-0.529462029367874,0.14573168336397005,0.3339079910027195,0.7006184555356978,0.6305864201735565,-0.4359738726379961,-0.4783343383245927,0.7623142679739129,-0.41201074844616176,-0.14692089629468832,0.9551012522871765
-0.007684722370633279,-0.3003470931384553,-0.350279712970969,0.8310528924240181,-0.540399300925311,0.1316042763481074,0.345757278016028,0.6872933888125001,0.6388111633288639,-0.4356638551597102,-0.4853827286318134,0.7580241500462335,-0.38644901484575966,-0.17672650143224478,0.9337721032661245
0.07149939038913944,0.03197713253216017,-0.6634795932577515,0.8265493903812239,-0.5506522107124108,0.1166115264369808,0.3575729318729426,0.6736916502879692,0.6467465954483722,-0.43469265424230014,-0.49287087880073366,0.7537377482771954,-0.36508093538654063,-0.211870438335245,0.8847242709312971
0.08575959063603228,0.5166872362155328,-0.9291868622671455,0.8230530827903608,-0.5585387324343637,0.10304420061264145,0.3673539598063131,0.6618769588143618,0.6534293837938978,-0.4331682018845633,-0.4999533735872435,0.7499412864450313,-0.33785734213428836,-0.24243834867396333,0.7806364459523434
0.05912262533459156,1.134473551839435,-1.1351771200495815,0.8207737168530396,-0.5641121358320237,0.09004445530003202,0.3752105214026127,0.6512185770369389,0.6596449268741205,-0.4307523306402724,-0.5076335914111841,0.7461639005734307,-0.31889043406173134,-0.2855162962826264,0.6276445315275794
0.025887849071620117,1.8231276412868167,-1.3041472388149913,0.8203609708273867,-0.5663170430507879,0.07932770192915162,0.379309830998733,0.6427027450456748,0.6656254454409526,-0.4279391658295148,-0.5159633594170873,0.7420578697703926,-0.3572947470744537,-0.33804428866459246,0.4401719390416007
0.021981503993968143,2.4720871826483535,-1.4087074413368152,0.8221692635682892,-0.5648735714657453,0.0703956696332306,0.3791469240342703,0.6356484667981158,0.6724571634331479,-0.4246001790377966,-0.5261833092342799,0.7367807089252089,-0.4275589500870349,-0.3950305281450479,0.21227952242822878
0.3316164694223944,3.3883894158656735,-1.0442309553242302,0.8332739987430628,-0.5486136009219883,0.06839268895251906,0.36096411845799037,0.6335689950708473,0.684321001921439,-0.41875929626050423,-0.5455395910182191,0.7259663948331778,-0.4950210917599312,-0.42136087654947213,-0.3705680884819949
0.5825323632600328,3.7206332795675094,-0.6264826097930287,0.8434193201512453,-0.532268372232692,0.07303581529888072,0.3408472333283346,0.6351985048424975,0.693069998613614,-0.41529148068318444,-0.5596545714694162,0.7171608931790359,-0.5448329294238647,-0.39131701472690456,-0.6760954265008225
0.8344275859527204,3.89761910793049,-0.06724495163808286,0.8528473035742796,-0.5156144165481333,0.082421175882227,0.31815351699459027,0.6382898728716346,0.7009738781249161,-0.4140408390606584,-0.5716010948530804,0.7084083370152456,-0.6424438523013896,-0.3208309110763258,-0.978614237116989
1.0703663650671853,3.958376808099408,0.5262444182878954,0.8622033446865826,-0.4972301901084078,0.09678600340972475,0.2910330068996708,0.6426157579820008,0.708762849257884,-0.4146144972214634,-0.5829297776216059,0.6987758532289293,-0.7314913003438861,-0.2254202903412803,-1.2731439547274215
1.4012979538647063,3.8637865302625687,1.2036726586957684,0.8720209160872044,-0.47483079176784254,0.11880758012667818,0.25549386834644305,0.6486030864399929,0.7169636807383515,-0.4174953953564085,-0.5948527174432663,0.6869118134131612,-0.8186838119485699,-0.09751122510008958,-1.587012669262026
1.9567615978007833,3.5934959425556734,2.7926378320618537,0.8861234622345104,-0.43060726621417383,0.17135516321687022,0.17895981485677545,0.6589872455465284,0.730554032822643,-0.42750274191395937,-0.6166953806301411,0.6610054562297439,-0.9424856407001657,0.07140356031242368,-1.8742481873278296
2.0740259595025035,3.4769235180252016,3.4604366759365894,0.890658153032304,-0.4024302012983858,0.21160809889989132,0.12380570019238321,0.6624765010320822,0.73878077545383,-0.4374930891305134,-0.6318028321108016,0.6398632496868458,-1.1542153069090393,0.2831913067351448,-2.0873323902084615
2.084619846057554,3.238910799775421,3.9882840725664623,0.8901851733808541,-0.37919620970648454,0.25254819666181505,0.06959244900156975,0.6609889228868633,0.7471616524306017,-0.450252427128231,-0.6475367776158352,0.6147917318084535,-1.4619834238894813,0.5327112367196674,-2.2092462542522218
2.0860102468841863,2.83341472938467,4.519389008743003,0.8839509417239106,-0.3679500831495199,0.2885194429075332,0.024573976360971618,0.6527538938808689,0.7571713635031192,-0.4669334559776396,-0.6622122698452696,0.5860444158552776,-2.0521257680511344,1.0944447981090366,-2.1867239786229407
2.2260527574314333,2.326946094452392,5.088346575429858,0.870638448425823,-0.3515361835448225,0.3441089998553027,-0.046009562950202046,0.6382593192320919,0.7684452885733095,-0.4897670999973428,-0.684870318434174,0.5395190772234714,-2.0521257680511344,1.0944447981090364,-2.1867239786229407
2.300926447436269,1.6567056606514434,5.626198249180936,0.8545175300902877,-0.3477374205473252,0.38584773825887236,-0.09426620775160088,0.6266828995117931,0.7735518247251587,-0.5107970955717411,-0.6973859977161744,0.5027316355123176,-2.0855830712738195,1.6293717089446895,-2.1401096959241594
2.3148418174533747,0.9751329051395521,5.681570034010683,0.8278156854700435,-0.3436597945542494,0.4434175644882524,-0.16271078701836872,0.6093504746867222,0.77602654515611,-0.5368858264823398,-0.7145557673170072,0.4485127252557926,-2.0855830712738195,1.6293717089446895,-2.14010969592416
2.135156847018484,0.04298727712567052,5.49689757857975,0.8043500733805301,-0.3473057391811629,0.4820785029272331,-0.2064622549543121,0.5974269925796054,0.7748898798000057,-0.5571304126790391,-0.7228137464583209,0.4088349192509981,-1.9476631451262258,1.9485588542577073,-1.9535693150018216
1.8839497979186133,-1.0881586716570473,5.18609053168105,0.7719087428660064,-0.35639000520304676,0.5264437832080403,-0.25567533025312694,0.5841354170440165,0.7703349531565902,-0.5820541368180245,-0.7292269734082695,0.3597791031547546,-1.7441236425488673,2.044725662240513,-1.7672136872291562
1.6011967623214416,-2.438674428922341,4.842352235334129,0.7391906078687576,-0.36787070006007555,0.564152810217167,-0.2954448435036526,0.5756335889373559,0.7624685670466684,-0.6052351523876637,-0.7302856422828048,0.31681744110745047,-1.3864237282783738,2.0709499884574023,-1.5961110155325153
1.3490780794168056,-3.8542363026433817,4.392800320451014,0.7031908025795283,-0.38115724495893083,0.6002015076479538,-0.3297977629399814,0.5729988985005852,0.7502704165012097,-0.6298858076884588,-0.7255283708666626,0.27722274859799007,-0.9184971609308235,2.006063094484128,-1.4542576852157765
1.071326891091756,-5.1688415949054605,3.748058817928854,0.6739120763697355,-0.3912036107470565,0.6267393782598133,-0.3501291334213654,0.5778884639131029,0.7371936741493085,-0.6505782837235153,-0.7162434350237492,0.25247423340361985,-0.34136548465955563,1.8695014512223,-1.3538631147864375
0.7880482916913831,-6.2936271398692085,2.8615126885740394,0.6395455057977688,-0.40006661754343453,0.6564512529816904,-0.36480735218302024,0.5937041056334518,0.7172384755067143,-0.6766809749114343,-0.6981848870330394,0.2337535490887203,0.2897721984371966,1.6707370483431054,-1.3210101727796801
0.3795221611590902,-7.14831038105142,1.6709470329216054,0.6110879830136114,-0.4045435083850742,0.6803793256999006,-0.36894807073528757,0.6148944379416288,0.6969807395395917,-0.7003204967135153,-0.6769411939097394,0.2264990549008803,0.8462110620579748,1.4556353783897351,-1.2736487331442359
-0.27331344486541287,-7.619481016284091,0.1488294673818773,0.5848347598656631,-0.40725235553736344,0.7015082483920919,-0.3647239901283793,0.6404502951945557,0.6758696844880964,-0.7245306858082032,-0.6511289720896123,0.22602289049523233,1.2432488033921372,1.2697124232095918,-1.1266298059038278
-0.9735427409225628,-7.656892342166422,-1.4596005734629034,0.5614204909407651,-0.40912585175363464,0.719321256309511,-0.35232965707272207,0.66834285301359,0.6551195643336196,-0.748779570433681,-0.6212357589937313,0.23107420160769776,1.571920413323081,1.1191871937984472,-0.9457667356140262
-1.467190757870909,-7.334193388923705,-2.845839396789284,0.5459132289491672,-0.40922751728722956,0.7311029924389754,-0.3367908026308869,0.6918168545341047,0.6387185569918719,-0.7671705818926693,-0.594913673466552,0.23984790889435811,1.9030094529958315,0.9281685386104286,-0.8203893719919183
-1.8083996176823152,-6.599503907102161,-4.147218157800267,0.5304006866742382,-0.4065688372051389,0.7438930650228955,-0.3114661765451863,0.7226652382789793,0.6170443859654728,-0.7884566775947929,-0.5589782947457324,0.2566696973920657,2.1881704657958534,0.6995369150585625,-0.7624026630110279
-2.0932807596643803,-5.273592524003244,-5.481514001441026,0.5151231037458774,-0.3998214102641624,0.7581497397490752,-0.2729041457557532,0.7619935752576351,0.587272610033371,-0.8125093939251018,-0.5094198967065013,0.28340757509812914,2.332525098598949,0.48563647482765515,-0.7029649665907469
-2.2850154140342047,-3.637975127872127,-6.582269489348026,0.5090691982461599,-0.395163590719393,0.7646530507143539,-0.24786384119792343,0.7834458597496797,0.5698913063626206,-0.8242645616691416,-0.4796439527512473,0.3008813901947702,2.3199666207837217,0.2918223720165257,-0.5731553780725519
-2.323639942957956,-0.3973607661979415,-8.078868576810763,0.5110614416341719,-0.3807752529364379,0.7706013298885448,-0.18548330321897671,0.8265453034040767,0.5314309039260312,-0.839292646876987,-0.4145275240220533,0.3517879826349498,2.120585822867701,-0.1557703015248778,-0.36546985527320186
-2.1154442610984523,0.9794638343186279,-8.456692708329081,0.5184171751505393,-0.3700163023154574,0.770929029502542,-0.14763146490729712,0.8492723024345027,0.5068939799276796,-0.8422877080180267,-0.3765959271399439,0.3856512992112774,1.9337196597719062,-0.40020487963614665,-0.3086961632339148
-1.8314259147776388,2.1267915803592294,-8.660559343485383,0.5285187711678763,-0.36075095342035396,0.7684573235577262,-0.12201060883137,0.8635379617218653,0.48930113426993344,-0.8401079215528184,-0.3523647801235974,0.41238057892273855,1.7005890917284519,-0.6476099098301199,-0.26899134956005033
-1.4898828470646661,3.108253900845245,-8.754444147248464,0.5431214983205771,-0.35017085669338444,0.7631509740442142,-0.10003363037387034,0.8754291036491808,0.47288175824217865,-0.8336739835548639,-0.3331730115219599,0.4404355044012158,1.4627033801042209,-0.898881754013393,-0.24942009414972438
-0.7378380388370598,4.163610923115842,-8.869073191527743,0.5775149892246142,-0.32804320346132265,0.747572132896704,-0.06774703288699661,0.8932998324088685,0.44432617405830865,-0.8135642425499674,-0.3072508194962542,0.4936700893947079,1.1964354865410245,-1.1187956626272495,-0.2500026128176149
-0.37237344083045887,4.285022999682747,-8.865196531867705,0.5981068032304943,-0.3156569536837245,0.7366335177824248,-0.05612783389169876,0.9004085488708232,0.43140944748923,-0.7994485087809126,-0.29937456924636763,0.5208233377034173,0.9084308996920374,-1.3020617574045352,-0.25342823254747043
-0.18528275119637727,4.093138134376543,-8.815676383296154,0.6181877449601231,-0.30717345158827203,0.7235249702812373,-0.05366666518679963,0.9018374510103044,0.42872963625455507,-0.7841962771072342,-0.3038645793681503,0.5410198853799849,0.23558515349900896,-1.5748128281190994,-0.056050269195306035
-0.023421748774306916,3.539787104697125,-8.657116925716213,0.6504879466893382,-0.292918508203002,0.7007597154260627,-0.04977119174507162,0.9042164677811972,0.42416436420987624,-0.7578840674431441,-0.3107914524973641,0.573603010252226,0.23558515349900908,-1.5748128281190992,-0.056050269195306146
-0.07612163649651871,2.340594937952331,-8.45342646608635,0.6765978446462656,-0.2846687688885949,0.6791016482379345,-0.050013308720199816,0.9023549695972689,0.4280819755537107,-0.7346523161134699,-0.32360346237727716,0.5962942005139352,-0.14773228801688798,-1.6771690223820925,0.14855547589209284
-0.289114747890854,0.6912890765589599,-8.170685737996106,0.7010815644217314,-0.28009468067133386,0.6557679543006054,-0.05474283896745464,0.8957712562352327,0.4411315881735678,-0.7109766955461768,-0.3451678234748639,0.6126755356857861,-0.752835625363772,-1.8576035077946629,0.4074497005666239
-0.5816408680753584,-0.9167132341558806,-7.7188237162172735,0.7300485182358295,-0.2734439331272958,0.6263046993736711,-0.059856532948656754,0.8873531327082658,0.45718881584766585,-0.6807689450063333,-0.3712584454375415,0.6314434338927476,-0.752835625363772,-1.8576035077946627,0.4074497005666238
-1.0202823976511466,-2.4513543999430025,-7.133386257417028,0.7478984265200062,-0.27402497119628716,0.6046141403984635,-0.06246041133169203,0.8777287790595178,0.47506935012370743,-0.6608680962379521,-0.3930680673516489,0.6393362603538653,-1.3256639212407382,-2.0165388357122627,0.9251945854781883
-1.2559479948851504,-4.535435848417865,-6.069754290655835,0.7815852948829396,-0.2755295443978611,0.55964979852284,-0.06334725538699167,0.8574687873972663,0.5106215857897067,-0.6205735669988562,-0.43454660141734786,0.6527309546351772,-1.3708276967679214,-2.1477125400613164,1.0987646935376332
-1.487054230679068,-6.583791507939293,-4.8495985163610404,0.8109095750772584,-0.2762097843357838,0.5158815911478136,-0.058919178821445053,0.8385712159889428,0.5415965713350024,-0.5821977253605746,-0.4695811652440974,0.6637313747541017,-1.3065590239339824,-2.2947939162799402,1.2631755813620396
-1.5942981952530457,-8.321406172905023,-3.4310598250838633,0.8416449541713359,-0.2782137617459152,0.4628508117019101,-0.0460220591853818,0.8170116823201685,0.5747815941909614,-0.5380666698340155,-0.5050633759515273,0.6748297897145471,-1.1973722099205366,-2.429825281264711,1.5440246176485655
-1.6777042120887382,-9.52043152733441,-1.8397241954288193,0.866056599063243,-0.2816713896653628,0.4130462388922005,-0.02726403211187324,0.7983430668525648,0.6015854221650003,-0.4992020029727569,-0.5322683306870918,0.6837307835512201,-1.028630494945192,-2.531635611856947,1.8679962438434947
-1.5805521219316918,-10.503197324929227,-0.15841354069990565,0.894184321751089,-0.2864604172336156,0.3440564315528603,0.007312896535032309,0.7777425397953511,0.6285404229935752,-0.4476392747277804,-0.5595149427414949,0.697540040836488,-0.6079956038145384,-2.6293355179448747,2.0948441249867913
-1.5391547132204075,-11.231582112931155,1.2571651274409343,0.9137292833257238,-0.2911281572556516,0.2834487481820797,0.0445755075535711,0.7652047068296245,0.6422419954908958,-0.40387104491334996,-0.5742004464459391,0.7121671337417109,-0.050318493621235416,-2.7056731209779703,2.3259775071157636
-1.316506481810761,-11.345534796697796,2.2868098645675574,0.9315882509783354,-0.3012177745738715,0.20349737816465985,0.10136773776743915,0.7528566583620903,0.6503317873976148,-0.34909584984505054,-0.5852133835112028,0.7318861819848308,0.3857758516671822,-2.6970861340865158,2.670624504306892
-1.1077750076893063,-10.717139569084022,3.410056786149141,0.9387146891251067,-0.3135448367985803,0.14319346262209845,0.14909259338809785,0.7438842038155796,0.6514658010290874,-0.31078309319775765,-0.5901914321901087,0.7450422419915687,0.6369286666131534,-2.62015589565989,3.145363049358573
-0.47377531796011896,-9.857692041907526,4.728350759066184,0.9394454624708547,-0.3391004773865985,0.04952867128344256,0.22967935188211047,0.7302767406262182,0.6433842377765862,-0.2543415388054733,-0.5930486896845208,0.7639395481983753,0.9328768407563853,-2.4985321566288747,3.555304033106453
0.3584792793671441,-8.90553953282684,6.17994936887729,0.9294160270350491,-0.3674953913692818,-0.033659857586204475,0.30674750253778105,0.7186189269165724,0.6240935887862539,-0.20516290692330127,-0.5903676610381121,0.7806242415036638,1.3288718300177438,-2.3334376127421645,3.927753748189766
1.6161611831528115,-7.268553501742184,7.211329706210277,0.903318763071465,-0.4085053368438448,-0.13091448374085984,0.40246188865889887,0.7014498073153692,0.5882113531668198,-0.1484575375659684,-0.5840304423463961,0.7980406016942515,1.5377033102343194,-2.1020821006116073,4.25584648784031
2.5104565336303892,-4.993743903270975,8.08841301833786,0.8682930536205431,-0.4487233254638872,-0.21145815240596327,0.48524466399226224,0.6798419350022988,0.5498659468264645,-0.1029795567156391,-0.5800537221645589,0.8080426290126607,1.450376508002097,-1.8681245978898384,4.517548958950348
2.7959898710623685,-2.627022722113674,8.605755712827744,0.8219348152914475,-0.4914875846877127,-0.2878595378125467,0.5661920738165375,0.6499675736018792,0.506920791458993,-0.06204591009198483,-0.5796396357771983,0.8125073523833094,1.1860200668720502,-1.63433675126469,4.575139113318599
3.1222624055660817,-0.7443097825528984,8.810726294533833,0.7689646364684397,-0.5323932922504014,-0.353907855560935,0.638643231711105,0.6148134575727838,0.46275180710289193,-0.028778645738743433,-0.581860631727372,0.8127791796024727,0.9469821375776113,-1.388188982586577,4.531112349184576
3.6407560251399755,1.1503610046779134,8.772332997816104,0.7080539436246251,-0.5725534532449027,-0.4133305651593573,0.7061547715094347,0.5722245178756162,0.41701863245720094,-0.002247574709267973,-0.5871470380742414,0.8094771794736234,0.6401797169857613,-1.1490313213124668,4.393590584977561
3.933024939779977,3.4458794642187343,8.491836964551334,0.6444249588768047,-0.6084893531894952,-0.4630952163774301,0.7645240185534954,0.5244430636926681,0.374783268035621,0.014815445705158484,-0.5955671078893436,0.8031689253008246,0.260944755084906,-0.9258418371703949,4.140201385395923
3.644372903681212,7.893576721954564,6.636053256054032,0.5365452243589104,-0.6575890550981138,-0.5288627958486177,0.8434009959588472,0.43879753196350235,0.31005077964482086,0.028177690346620043,-0.6123996738714911,0.7900459842368814,-0.052994959691502475,-0.7147444868303521,3.7912644106829356
3.285214447877448,9.70286974319853,4.998632517042768,0.4713731280548927,-0.6850338919355276,-0.5554601165226987,0.8816491745898308,0.38201864470067415,0.2770496129687382,0.022407746268073774,-0.620314695941281,0.7840328889188661,-0.38628596297833284,-0.21907140220199267,2.910943958400364
2.4663431709435857,11.424602817292499,1.2771866611836469,0.38448631701719976,-0.7172665610745088,-0.5811187076586826,0.9231249644550404,0.3009587871848434,0.23929920270679142,0.00325146527400879,-0.6284524554654678,0.7778412043553603,-0.5384087247367014,-0.025521850218446218,2.3867930442645418
2.206331651065497,11.295867711286006,-0.46806114419788714,0.3651005731560121,-0.7237785187155068,-0.5855307227867196,0.930925206073375,0.2777970651774644,0.23708026336249405,-0.00893488547179781,-0.6316434488101449,0.7752075344040672,-0.7914495439070172,0.045086390205731935,1.287877166996778
1.85628734505552,11.06139561872403,-1.8694355420557534,0.3351693597803361,-0.732791037260951,-0.5921813877305324,0.9417503820854878,0.24209055641035526,0.23344888163955774,-0.027707726472519387,-0.63593196035971,0.7712475761302472,-0.791449543907017,0.04508639020573188,1.2878771669967777
1.4030339125671158,10.861277068541883,-2.763406006769038,0.3286681854301109,-0.7365460554431741,-0.5911659091128132,0.9436011715252374,0.22962875520500237,0.23851093031389256,-0.039925593073570326,-0.636215799076148,0.7704773870942764,-0.6555779922916648,0.1889430188754057,0.37745710627672435
0.7725891328290224,10.643519854007598,-3.2071370516613706,0.3299017649903668,-0.7376932147390932,-0.5890446047492015,0.9425915367663537,0.2231536620094389,0.2484424238092573,-0.05182682966073626,-0.6371900533276388,0.7689621679040128,-0.6023967817752268,0.1176196319119815,-0.07241745171226166
0.2289439268917075,10.242562763589637,-3.1737245006234205,0.3312386739938384,-0.7389814031090334,-0.5866748901306481,0.9413025958928145,0.2159467197294631,0.25945411386896766,-0.06504124703794391,-0.6381798336653148,0.7671350181595555,-0.6023967817752268,0.1176196319119815,-0.07241745171226166
0.043080413534331896,9.621656511507398,-2.7102922713206974,0.34867703932676614,-0.7347761872207734,-0.5818318287440313,0.9344002018132266,0.224211424738829,0.2768131136127468,-0.07294234091198717,-0.6401821551010988,0.7647523933878164,-0.44863443006499,-0.009590668778734102,-0.98179475407699
0.06986740575678052,8.921982966401565,-2.079559458422822,0.37827756918522404,-0.7274177100984844,-0.5725116205688714,0.9222316725272461,0.2427153016802025,0.30096183232742985,-0.0799676361968677,-0.6418354597288666,0.7626614057337119,-0.3497932118945234,0.0064238299451534475,-1.4849529525452412
0.10064646063838856,8.309840762603692,-1.408311165757095,0.4058517949946855,-0.7199329137997725,-0.5630105861592313,0.9098347087657002,0.25994892148516036,0.32346152931057065,-0.08651660664186941,-0.6435240149726124,0.7605206893495446,-0.3497932118945234,0.0064238299451533365,-1.4849529525452412
0.23840429620477588,7.869189497509819,-0.6065634483809075,0.43977078688915927,-0.7095467896734086,-0.5505860589072789,0.8935882841117067,0.28424900111956086,0.3474226300355599,-0.0900090745268741,-0.6447835750286225,0.7590471051760397,-0.26427008979536404,-0.01618228632340002,-2.4913244802039918
0.6836365291272914,7.578778205694493,0.3697158057354457,0.5007728255091574,-0.688929437840463,-0.5240255784867747,0.8602942045014709,0.3293449974194217,0.3891346224328803,-0.09550109388250723,-0.6456842125618564,0.7576090276096383,-0.24303802996665924,0.051022959962480074,-3.008834585432779
1.1569819306600553,7.376678270014134,1.5128015877766605,0.5527811282977021,-0.6693299567162544,-0.49641759964785365,0.8272120496758811,0.3687064722959133,0.42399971952600213,-0.10076333196627789,-0.6450216634573755,0.7574917851711236,-0.2416237284418088,0.17950489368872102,-3.5165358199453656
1.8394208881514533,7.109005437842849,2.643252149905811,0.6165580053798975,-0.6417615386278064,-0.4560683649849365,0.7797253907248504,0.4175248688261897,0.46658471789231437,-0.10901624218868225,-0.6432846270895517,0.757826066778728,-0.2889160108015525,0.30505185198163853,-3.987933138549642
2.398036592547666,6.623336852040522,3.5158954591709533,0.6690330307879039,-0.614782148610686,-0.41765741159996217,0.7337145490821542,0.456673512930666,0.5031026366982527,-0.1185654426041695,-0.6430336012505046,0.7566042713882116,-0.4837939815146661,0.36162753040802054,-4.400985075075665
3.1857065910440268,5.573613439535437,4.015389310493781,0.7531964817334633,-0.5610056797551453,-0.3434642444080612,0.642674732019397,0.5162916885107255,0.5660495395268318,-0.14022927200883895,-0.647082312891653,0.7494132582325069,-0.7919245734818801,0.39318351915187755,-4.728917438134104
3.5498398599902297,4.2020261398099175,4.559609304521159,0.799181928842593,-0.5246497373241027,-0.29334433305789814,0.5802766341057487,0.546090983030618,0.604204986874119,-0.15680329244737107,-0.6530905690472056,0.7408680288008542,-1.1845022554873623,0.4448326592666909,-4.961172695148022
3.9929450425209447,2.596486105558246,5.248358748216812,0.8586764869207141,-0.4673086665925965,-0.21046923988305438,0.4765269886783267,0.5767784873377254,0.6635123251346345,-0.18867093011555075,-0.6700367054660916,0.7179513169132575,-1.7876287384966651,0.5351736096022899,-5.079706746025849
4.224515874903526,1.1085458395094183,6.114749275806831,0.8983221924939204,-0.4190277849793427,-0.13203391188714309,0.3792323210794246,0.5878480606190624,0.7145750515342089,-0.22181092200707442,-0.691990153861825,0.6869858381631029,-2.4835994712479255,0.7240706178256833,-5.096931346007723
4.260088710676355,-0.8933403427459421,6.71326680974482,0.9260566576415652,-0.37528547602752804,-0.03974768320952768,0.27084006139248334,0.5875674548336727,0.7625025555138774,-0.26280168945927534,-0.7168858329630117,0.6457630947292368,-2.8297561929700157,1.1611413643596111,-4.985037448919591
3.89911747788579,-2.9558530389114037,7.155840947974433,0.9375600240653551,-0.34343357601297525,0.055087023349526254,0.16493811038092965,0.5784174400398592,0.798892160933941,-0.30622968670352624,-0.7399234040930692,0.5989463540725383,-2.9913771476246978,1.6378730120548772,-4.786425074073117
3.259978431300612,-5.118415823537409,7.372264633309687,0.9338788399159719,-0.3233967016456358,0.15259385872938228,0.060143151765818886,0.5627005124218137,0.8244700932210335,-0.3524955512525981,-0.7607776985985799,0.5449441986682461,-3.020821746894131,2.0793686722182287,-4.469540444846991
2.4544106209448002,-6.984615258611095,7.408160456183081,0.9165791228454563,-0.3169071037811924,0.24382903669758194,-0.03668258713515565,0.5405807223666739,0.8404920406563019,-0.39816717514748273,-0.7793217372680822,0.4838600318858065,-3.097529500110828,2.4344861824188047,-3.987914682136399
1.2429881752637302,-9.849130360326924,7.764499700394852,0.8514806585141979,-0.33404749853326954,0.4042189467354214,-0.21027929113347527,0.4886423958890125,0.8467651555539154,-0.48037829665445064,-0.8060030258401707,0.34582627783304576,-3.0444677459625296,2.7576186533553178,-3.412230960926434
1.109254160569996,-11.051846535687297,7.698000339752131,0.814686369465148,-0.3537448910480577,0.4595113398656165,-0.2627523153794223,0.48121510041778226,0.8362973441860582,-0.5169597084594203,-0.8020577156210776,0.29909209391465164,-1.623978404715449,2.9368027926962745,-2.579173100732663
0.3505558139342977,-12.714107099986363,5.460802370879714,0.7170308411264201,-0.39991407310574945,0.5709076168746636,-0.3547451023045819,0.4956748661584957,0.7927561664532587,-0.6000189040892379,-0.7709573017948053,0.21354660742991122,-0.6714827438781436,2.779741941121126,-2.2892372666376706
-0.5936966781188606,-13.394890654761141,3.272055908990143,0.6666624529358451,-0.4153037001706091,0.6189378082409921,-0.38314191110480267,0.5213394958694306,0.7625007580334365,-0.6393461111170707,-0.7454716404204846,0.18843721375638875,0.3561002329638685,2.3551218503923685,-2.156627588515697
-1.473838961042631,-13.232898771536737,0.44382261502787035,0.6255513851743529,-0.4192915534294039,0.6579362109879695,-0.39331041086203405,0.5588268715123772,0.7300818093770212,-0.6737895704253566,-0.7154768486110825,0.18466319039691864,1.3011908608529894,1.8082136888945906,-2.08690321910892
-2.0909168563141916,-12.394808951492626,-2.4934743048128483,0.6095161702762532,-0.4164653309476244,0.6745714686306081,-0.3876578069398925,0.5856597625708397,0.7118455360708662,-0.6915283529186081,-0.6953842611277256,0.19552305870542552,2.1176589369344794,0.9772064843499928,-1.6028921341847577
-2.7010106775324143,-10.599002279953357,-5.514987595037573,0.584066656240838,-0.40876824686648083,0.7012664696257414,-0.3661682348651825,0.6383555075321071,0.6770694719001447,-0.7244218141686264,-0.652235207848464,0.22316421935316666,2.288378486476867,0.7267306041193705,-1.2957283634537164
-3.0572979731820493,-8.495122414826646,-7.803672373234202,0.562196525807101,-0.4000945793979887,0.7237813163565169,-0.3454224755201878,0.681586189905742,0.64507641340796,-0.7514109260424229,-0.6126700525291892,0.2449837279452458,2.288378486476867,0.7267306041193702,-1.2957283634537162
-3.2084385696928757,-6.325085667120418,-9.561450893699602,0.5508115877713928,-0.38733921715348657,0.7393070577450763,-0.3212375694503567,0.7191667947065177,0.6161213722678177,-0.7703330570281826,-0.5768599936262494,0.27169749539357063,2.5485919873970158,0.2687882872247554,-1.1898735080398781
-3.4265154130992164,-3.92578056875097,-10.956821475960407,0.5414514144047651,-0.3742738689389432,0.75282762759383,-0.29618477904709534,0.7531182633441499,0.5874414507662131,-0.7868322200443392,-0.5410470889367812,0.2969227257269682,2.410860543591639,0.19792579351748885,-1.067174087142808
-3.6691957822340515,-1.3652357113634972,-11.961034904972015,0.5337027896450282,-0.3649244802312037,0.7628836451603226,-0.2716598410144501,0.7803096666415995,0.5633096439132544,-0.8008509618556497,-0.5078847781472292,0.3173181195917143,2.0950521887282982,0.22081163686525776,-0.7717084526648037
-3.7623575582411646,1.0175069470765177,-12.50678033932255,0.5277596645358619,-0.36105105637132623,0.7688380006101053,-0.24876744573836707,0.799767595596877,0.5463392270137636,-0.8121480742018686,-0.47959767276993537,0.33226732888422705,1.7066224037215403,0.24467710991521102,-0.4019987767718776
-3.5984585374255587,2.9653089580088707,-12.581797924598007,0.5232950717205109,-0.3631523867914086,0.7708972771262905,-0.22685959413558257,0.8126325736068568,0.5368081825584753,-0.8213994110429255,-0.4557945198011909,0.34286201781115677,1.2757739448039442,0.25039955223034716,-0.02270968617044046
-3.1760143686541875,4.33597740665547,-12.242154097007415,0.5214996294216346,-0.3698165697862595,0.76894332770668,-0.2102306464087731,0.8177187059952942,0.5358537050127854,-0.8269469220111094,-0.44110296142386635,0.3486932256288443,0.8725495312975248,0.2028243820757794,0.325577312287054
