0.0840239338248555,0.07283813074467313,0.021687780870329732,0.9999996383972495,0.0003731819676079695,-0.0007641600548485227,-0.00037233679749424357,0.9999993192240864,0.0011058556294346767,0.0007645722200064447,-0.0011055707046466448,0.9999990965709606,-0.05607422,-0.03876343,-0.01890381,2.8120377,0.13371582,9.393724
0.09223879951182375,0.13773244950758765,-0.03692082648074026,0.9999984331188696,0.001044104446148574,-0.0014295473798722784,-0.0010398451177591626,0.9999950280759896,0.0029770027598068176,0.0014326485740890336,-0.0029755115873338076,0.9999945469095604,-0.0920634651493236,-0.03281826560659135,-0.03295645373262606,2.8174148,0.11746521,9.392217
0.08440199711598996,0.19809333722052322,-0.09112931396201758,0.9999956343132044,0.0020793529923360064,-0.002099439369339591,-0.0020670075227916156,0.9999806614515053,0.005865509603655146,0.00211159523417549,-0.005861144439707248,0.9999805938874134,-0.1404665344994031,-0.03281912635461458,-0.05023032484712544,2.8227859,0.093473814,9.390653
0.11544957717667735,0.47543475405355984,-0.23840188291835865,0.9999717647204394,0.00714480903217627,-0.0023284041282284128,-0.007092205135999562,0.9997357255688268,0.02186731916994911,0.0024840266100668294,-0.021850188220362197,0.9997581702024422,-0.42071838255462574,-0.007870924396382522,-0.1331663499942842,2.8281434,-0.014291381,9.387469
0.14772014826478522,0.6840158534961647,-0.37599926155365826,0.999926971184115,0.011936087629433744,-0.001892646471114422,-0.011851210599537169,0.9991353812998467,0.03985020253569403,0.0023666655630994477,-0.039824862170670425,0.9992038727142722,-0.7086808834885996,0.011338237874119035,-0.1892826765524815,2.8267684,-0.1277649,9.3829975
0.17035470120507556,0.9417058340641258,-0.7326564181067852,0.9997608663857783,0.021867516324821385,-0.00014755792666861184,-0.021776096684719984,0.996153947162328,0.08487116804953258,0.0020029120639158634,-0.08484765926469594,0.9963919224183656,-1.1120505107408725,0.027669177163883108,-0.24713578232842282,2.8200164,-0.56229556,9.341064
0.2241515560011758,0.8382170064612704,-0.9552053018073199,0.9993163704174548,0.0365210853620239,0.005744748877379086,-0.03697014027794837,0.9870798715759589,0.15590553504419793,2.331336964172268e-05,-0.15601133758021743,0.9877552642243513,-1.8764405572375258,0.10701357804303938,-0.40002992003025967,2.8069718,-1.2257401,9.232427
0.19394940464882643,0.7051766112804185,-1.1690009437599524,0.9988389813940556,0.04709367923055058,0.010142712862719904,-0.04817163992842009,0.9782770944123956,0.20162693186835864,-0.0004270296151522516,-0.20188143036092027,0.979409876262812,-1.990154888360783,0.10406183756620442,-0.47868079627397236,2.8200746,-1.5721328,9.162615
0.1966540166701614,0.592300571719599,-1.3044923726268813,0.998360405933709,0.05613845054201157,0.01117918756538342,-0.057184804361644796,0.9695485860161474,0.23812903540771738,0.002529429580026309,-0.23837788010809985,0.971169186218945,-2.128545104355566,-0.055645707031581906,-0.5142006908613324,2.8489394,-1.930365,9.08053
0.25640866957384495,0.43860815008086296,-1.1605145823965208,0.9976363308690238,0.06747993800652398,0.012969552684166268,-0.0683837807650417,0.9564731446576171,0.28369487495731727,0.006738683734261239,-0.2839112211861392,0.9588268918976588,-2.128545104355566,-0.05564570703158186,-0.5142006908613324,2.887317,-2.3108444,8.981608
0.272837901975938,0.16766806965345538,-0.8763561354725097,0.9970949576143533,0.0750694779548847,0.01289259398306217,-0.0752088313911193,0.9435410114610988,0.32260500828683497,0.012053098390588256,-0.3226374639910062,0.9464458725403365,-2.39965671608877,-0.13955883230025487,-0.42367903294218734,2.9359193,-2.7103438,8.861821
0.23292931271507256,-0.42661811798926363,-0.6113390209644405,0.9964954942268757,0.08280995050554489,0.01180008825407032,-0.08131132948837987,0.9258891088584303,0.3689414937278994,0.019626453637037224,-0.3686080169972037,0.9293777123016358,-2.3243399747446363,-0.1743099790886099,-0.3244378417061254,2.9898438,-3.1098557,8.727107
0.10643230739189599,-1.1038404123760122,-0.35421228435699026,0.9960237642503418,0.08864177617767208,0.008904861854446517,-0.08469733880326483,0.9112008646608855,0.40316168597834207,0.027622850110447777,-0.40231283817114494,0.915085437756745,-1.9668337834325373,-0.2610297019972402,-0.2265599839819057,3.054933,-3.4564362,8.595815
-0.038380295381813645,-1.3338780879635277,-0.14178876507568372,0.9955223708560602,0.09443124650955757,0.004236603330470611,-0.08700832459831226,0.8979088736926742,0.43149647274867436,0.03694266606138924,-0.4299330113245597,0.9021046752997529,-1.5255491864878734,-0.3259681557510331,-0.16290107769581988,3.129422,-3.7263627,8.47569
-0.09501608012011677,-1.0162676407745186,0.006717512762438038,0.9950196912817884,0.09966964985992019,-0.0013322380775220247,-0.08830812517695517,0.8876372293859609,0.45199759295348674,0.04623298594321496,-0.44962885795377466,0.8920181618700141,-1.1652189514887379,-0.3732256359576456,-0.11526520912857413,3.210832,-3.9229507,8.368459
-0.06202855260057527,-0.4555426598803386,0.1226526486330447,0.9944457910537662,0.10499128645572327,-0.007375528714683458,-0.08937993600579167,0.8794260468562154,0.46756930518421536,0.0555769349195281,-0.46431310328184977,0.8839256453037941,-0.9168937752143944,-0.4095200980679589,-0.10328969313184949,3.2975907,-4.064589,8.272656
-0.037895088643721306,0.03868614043117599,0.31289858951692373,0.9938446348931965,0.1100173991874369,-0.013000521914167042,-0.09003081780836246,0.8704773736153767,0.4839045297043964,0.06455457798457084,-0.479755473027362,0.8750242239855569,-0.9321401212686025,-0.3695942979811512,-0.08921316803329976,3.383873,-4.1949754,8.176236
-0.10805161469902201,0.353113729614294,0.7410925409098461,0.9931222267373229,0.1159087627966545,-0.016534856130310818,-0.0920303177749798,0.8601047099206691,0.5017472556801059,0.07237861127803882,-0.49677464375633185,0.8648562250167551,-0.9459255690649973,-0.2775665482329421,-0.1582736938123348,3.4557967,-4.328644,8.080301
-0.27427791395049617,0.49009650701958385,1.1916984933593373,0.9924076388199925,0.12165632686077199,-0.018078068106747846,-0.09482244416045336,0.8504116751971599,0.5175023543635312,0.07833123575665665,-0.5118590829741183,0.8554907928678893,-0.9388753033819466,-0.22041953003227738,-0.2160976453283987,3.514508,-4.460602,7.9860444
-0.44820600108648234,0.3323885125812737,1.2507837300619995,0.9916350657135564,0.12773678923224913,-0.01852590413195527,-0.09836701468580637,0.8408321905476969,0.5322829677535849,0.08356929381700438,-0.5260081178227174,0.8463637711501655,-0.8292346008223537,-0.17289388632729624,-0.2393022205118182,3.563652,-4.577565,7.898642
-0.5421430660641041,0.011526216551561719,0.965525800260729,0.9909517754091981,0.1328812689749949,-0.01889833772988784,-0.10154295295018927,0.8343119380638092,0.5418603313681176,0.08777019721701387,-0.5350384643741101,0.8402560527129102,-0.644756986553022,-0.17755713989665467,-0.239107310177333,3.606865,-4.666957,7.825334
-0.5518396069410393,0.009136896477458911,0.5215671145604215,0.9899808388573513,0.13989784819307877,-0.019144993242120375,-0.10607855478905662,0.8263487259535179,0.5530778637125725,0.09319484379062867,-0.5455056142570343,0.8329095664625881,-0.6208208873301022,-0.19102395497401753,-0.27083539419003444,3.650917,-4.739058,7.759192
-0.4537956620402714,0.28438985578494885,0.13374177278049004,0.9892541063636392,0.14510987340439604,-0.017872819677858292,-0.10978527123821422,0.8179850284314458,0.5646659963918129,0.09655831016452615,-0.5566359832983917,0.8251259751308305,-0.9073281731106052,-0.12346049540601117,-0.33210319082457085,3.6889024,-4.845102,7.671605
-0.2740552874044333,0.4860232524321469,0.05470660678291753,0.9881220064108542,0.15295465338555211,-0.014824791880249485,-0.1155153759044713,0.80293314528483,0.584768810841224,0.10134642754550262,-0.5761104392481673,0.8110645248147944,-1.1497232598712204,-0.097122534686999,-0.3880698382222347,3.724074,-4.990575,7.555762
0.019797073983709543,0.6290693026458298,0.15626824357288274,0.986800194507671,0.16152257137768725,-0.011654829692534494,-0.12124511575982842,0.784603394819459,0.6080272483550111,0.10735454356480621,-0.598588315767457,0.7938306054837341,-1.2665806233391215,-0.11538517813742549,-0.38869229400018696,3.76633,-5.1516924,7.421361
0.3908572652231984,0.6188151403145613,0.16464253504626014,0.9858895023420455,0.1672261403846962,-0.0075701482013828016,-0.12495858447040604,0.7652840965628454,0.631447229556946,0.11138779708255937,-0.6215912398996853,0.7753818988995467,-1.4280167587289356,-0.017969140461712135,-0.3389847698387149,3.8012817,-5.3363676,7.264258
0.6126760003217769,0.30432836749718156,0.021597813874469685,0.9851579438720847,0.17159435903267103,-0.004381960051436538,-0.1270367776763069,0.7460365795034654,0.6536750562476668,0.1154360547807581,-0.6434165042885805,0.7567626571559389,-1.477091036343039,-0.02057567101743818,-0.27748694920164596,3.8365111,-5.5278625,7.089714
0.5716244204112098,-0.6492550533270627,-0.3896552482360413,0.9846997173039109,0.1742557105853365,0.0011891467514240188,-0.12548583947733366,0.7043386501040683,0.6986847429708537,0.12091224434384565,-0.6881438899663201,0.7154286937702146,-1.5614471957590776,0.05815744160968596,-0.14712697184096496,3.8976684,-5.9398103,6.6918335
0.4341213951019471,-0.9391134013858066,-0.12933718797247618,0.9844467604425043,0.17562663646508953,0.004456502913347912,-0.12444475239345261,0.6792006784879462,0.7233256126691809,0.12400838461970898,-0.712630144538858,0.6904927209164026,-1.5614471957590772,0.058157441609685986,-0.14712697184096496,3.9207368,-6.1211257,6.515129
0.30157186747649434,-0.26139481089484573,0.5938898150414944,0.9844054892424002,0.17577400190397796,0.0070237457307355915,-0.12137700176298843,0.6497761994160588,0.7503722503634112,0.1273320705574883,-0.7395230834308576,0.6609781788232194,-1.0348432943482084,0.04195060003251436,-0.051570216796750196,3.9479904,-6.3931746,6.263896
0.30274487392251975,0.12153233824960571,0.6453559062810252,0.9845173409897954,0.17512002358501488,0.007653929054139621,-0.11900832548740888,0.6357252049350427,0.76268635904609,0.12869585756761917,-0.7517888274973782,0.646723229129009,-0.8187652487253336,0.03973855976428063,-0.001867930948209237,3.9558716,-6.481311,6.1818023
0.1946439020511016,0.04987196714987083,0.6020419831310441,0.9846835911354508,0.17420664514969178,0.0070901434598117236,-0.11654114160691582,0.627400051206783,0.7699268394196187,0.12967801533624787,-0.7589606185642417,0.6380927768021167,-0.5445724067303563,0.016892426250452022,0.049746101646716515,3.958522,-6.534018,6.1323347
-0.18026782357219417,-0.5758410360233753,0.6666806034183566,0.9853157761432696,0.17066671629650726,0.005068849154645453,-0.11268807272960085,0.6277091703867672,0.7702483986850249,0.12827400183853793,-0.7595090976156407,0.6377238517504283,-0.026427843550284068,0.08367245387652507,0.217724716989787,3.9484665,-6.561554,6.1130095
-0.740809439285418,-1.2901535929806207,0.8096508374397028,0.986045065866789,0.16647840722421098,-0.00026078314426918395,-0.10675077661690133,0.6334811330555913,0.7663588753020958,0.12774740612414404,-0.7556365488716748,0.6424126448302978,0.2948700872903351,-0.007007756167156071,0.3293581703066574,3.9441803,-6.547441,6.129242
-1.1015867194767295,-1.5723385360489974,0.8616427154784387,0.9867573932090985,0.1621011492034549,-0.005750162963128164,-0.10059658918620601,0.6394006075643424,0.7622645139913389,0.12724061140722717,-0.7515916979805392,0.6472400994495361,0.2948700872903351,-0.007007756167156057,0.3293581703066575,3.9403076,-6.5039215,6.1756487
-1.0770487390123185,-1.5116686645299038,0.7436458073473665,0.9875516583497863,0.15682103595701338,-0.012201834778210002,-0.09389019185716344,0.6499359921273029,0.7541669828430067,0.12619965912636474,-0.7436332219709314,0.6565693239997747,0.6493873279694795,-0.008324754977033832,0.4418613718647982,3.9336562,-6.448619,6.239165
-0.8641066249619527,-1.3307191391535995,0.4239370900198661,0.988377758873479,0.15074710745545902,-0.019614162180675333,-0.08597152219773148,0.6607012884141659,0.7457095311573178,0.12537265704786868,-0.7353564557965575,0.6659824170224642,0.6603040398529391,-0.016092421418985675,0.505496847894128,3.9273376,-6.389348,6.310318
-0.6232775339441701,-1.1942599764367752,-0.10646624657773096,0.9892427082765272,0.14355289742340638,-0.028132361491089077,-0.0767430647076493,0.6730118141689003,0.7356395856724702,0.12453660562661034,-0.7255671324077678,0.676788719046477,0.6603040398529391,-0.016092421418985647,0.505496847894128,3.92314,-6.350145,6.3568864
-0.4391289906568462,-1.2659565638210837,-0.5708310146497885,0.989734001578,0.13910656081865805,-0.032801994719886395,-0.07069933122340277,0.6759872149386204,0.7335140692611775,0.1242103485421485,-0.7236647358941385,0.6788822720754352,0.23649054766768135,0.009787400345659336,0.5374248391042458,3.919252,-6.339137,6.3712006
-0.35243471294960543,-1.498801276288421,-0.7112038750470966,0.9905644102697747,0.13095564429464812,-0.040407528188020875,-0.05981820659313876,0.6784120690108008,0.7322423415649121,0.12330422242110223,-0.7229160973777377,0.6798443828445367,0.06117877890397178,0.0400085272613768,0.5365049631248385,3.9131057,-6.353461,6.359946
-0.3161202461697713,-1.698097744990039,-0.6043804822134354,0.9914250834764708,0.121314077508795,-0.04857158070169839,-0.04706864890628495,0.6782643500623364,0.7333089483462297,0.12190507021370513,-0.7247346866493329,0.678158379601318,-0.10598154370720712,0.06820775724091871,0.5563392291743772,3.9032853,-6.390561,6.3266325
-0.24942005434469505,-1.7338190300345229,-0.5250934526907032,0.9921962030460475,0.11097943047642309,-0.056835382220356,-0.033029164309901285,0.6734802981962456,0.7384668998990312,0.12023214614234706,-0.7308268289770329,0.6718901525408603,-0.3709669982313544,0.08720256786356073,0.5608259288902571,3.8906465,-6.458406,6.260399
-0.13868339366710458,-1.677066129700991,-0.5748162732652999,0.992714385802028,0.10246131668837137,-0.06340210409904584,-0.020837336187517888,0.6642557587454064,0.7472148903723566,0.11867583428107557,-0.7404498400000166,0.6615512684604581,-0.7238170953304393,0.10028092057329613,0.5445812188358157,3.876245,-6.566962,6.145819
-0.06663993721657585,-1.6948463415718993,-0.6017050144396929,0.9931139456626445,0.09394686753270783,-0.06999054944179464,-0.00809299215370472,0.6510201351903223,0.7590173167028369,0.11687255626695477,-0.7532242492495623,0.6472974864264972,-0.9882222578475074,0.10830460904362416,0.5464588614619426,3.8592134,-6.7093763,5.9870253
-0.09757866356199044,-1.8140547450767521,-0.4876347697862188,0.9932771497030889,0.0862367646668957,-0.07722515326946502,0.004550611790826185,0.6375076780138491,0.7704305630007935,0.11567106729876356,-0.7656024953545917,0.6328293792933354,-1.092094838172596,0.07133791188027833,0.6023642605685843,3.8434205,-6.866336,5.804236
-0.1845850829801364,-1.9206428673721483,-0.2582483440800458,0.9931555751382638,0.07827945588712526,-0.08668523725409406,0.019050652760322785,0.6236689896126836,0.7814563737182646,0.11523487406678828,-0.7777591646400001,0.6179090593423125,-1.0596393595652343,0.011583892870900614,0.68041430602001,3.8338242,-7.0175524,5.617891
-0.23480870917177105,-1.8624817796043054,-0.14161805291158114,0.9926351691444734,0.07021756589470805,-0.09871633308294789,0.03577199049523838,0.6086450049061312,0.7926358701817777,0.11574016447858426,-0.7903295207966349,0.6016506152941526,-1.0396409615058686,-0.05447182692533775,0.7318690770014185,3.831775,-7.1608276,5.4283967
-0.2729701861451979,-1.6403079649420678,-0.22135668684604248,0.9915066856664471,0.06318135721298548,-0.11367765118729732,0.05492381393950323,0.5888844266566123,0.80634887406361,0.11788921469360344,-0.8057439097765734,0.5804126850068728,-1.1531217495256063,-0.14834967968738688,0.7165435317107846,3.8412278,-7.3050766,5.220189
-0.3398034789156835,-1.4774015857002238,-0.27383880053738185,0.9898662362913793,0.05933554049053704,-0.1290121230157606,0.07270881256378486,0.5686110617469529,0.8193868982565973,0.12197648472513993,-0.8204637433145353,0.5585346749132043,-1.197412133469957,-0.2667870372839797,0.6802861282881726,3.8664505,-7.448985,4.994298
-0.41604877053766426,-1.457441227631698,-0.1193920981537483,0.9878373014644751,0.0589409608763803,-0.14388686168775608,0.08803666879694373,0.5507534608764018,0.8300121506820265,0.1281679007494453,-0.832584283099096,0.5388658467131179,-1.128105978702042,-0.405462628116629,0.634106858213177,3.9137025,-7.5774765,4.770517
-0.4682897863621521,-1.3981829815934095,0.09643359660771078,0.9854229355378754,0.06125485579472335,-0.15871194270590613,0.10201146800719946,0.5338375305355046,0.8394111932698838,0.13614440315683676,-0.8433654804610649,0.5198070486783983,-1.0892755590477299,-0.5242447253979982,0.5887674497130525,3.980713,-7.689247,4.5461745
-0.5021732202219908,-1.1925275492351302,0.203670886900083,0.9822604862589907,0.06656215291771475,-0.17531062983518417,0.11633504465645281,0.5169251871808772,0.8480887384246982,0.14707309243716654,-0.853438826546446,0.5000116746876964,-1.0089567314406998,-0.6506492189553542,0.5608037079747884,4.067926,-7.7784715,4.322777
-0.49936736899192835,-0.7934655961299968,0.19213475429401855,0.9786406857408989,0.07388452178408345,-0.19184234582937967,0.1296612727810292,0.5023281037512835,0.8549002459482882,0.1595316976446548,-0.8615146856684325,0.4820187587887397,-0.9113330512302865,-0.7610159738915039,0.5492291078791574,4.1742964,-7.8407516,4.102771
-0.3842434635242193,-0.17958083951340817,0.1152662085831216,0.9743295309662563,0.08421888929557139,-0.2087801326105867,0.14246872995062287,0.48739831900847175,0.8614786936506165,0.17431186440782045,-0.8691087718539822,0.462888017357474,-0.8773225051297928,-0.8531550684499757,0.483382495325301,4.2968216,-7.879796,3.8853652
-0.12617773105295113,0.5732071369816595,0.0013675470535588485,0.9699286046886114,0.09737022747103029,-0.2230639832179149,0.15250660084203227,0.4711250648615015,0.8687824295868646,0.18968457635351235,-0.8766756595580184,0.44210807438012545,-0.9557070368342802,-0.9264217793783414,0.3313212410568027,4.4300156,-7.9077578,3.6578383
0.20529301964708785,1.321074957425211,-0.09125870022776339,0.9655859206755505,0.1130952367642483,-0.2342078077571012,0.15963914373519567,0.4531985318460073,0.8769985373534652,0.20532699184627978,-0.8842061740079985,0.4195476948637609,-1.0443937761477986,-0.9825321052838393,0.15806255951792403,4.5694747,-7.9300356,3.4178681
0.5327840889154692,2.0362357729411458,-0.11578168613122142,0.9611940848284656,0.1309262300078966,-0.24282556205368314,0.16483623359726843,0.43324003022538393,0.886076798197411,0.22121244852908836,-0.8917182282011671,0.3948463677299534,-1.1136065285510401,-1.0024604937458714,0.020087568390915522,4.7104096,-7.947409,3.1688004
0.8825953528806657,2.8070962546198754,-0.13680613415389176,0.9569468217306016,0.14945886849266204,-0.24882690169793276,0.16861184158592915,0.4115519860097466,0.8956533981895202,0.23626854902144961,-0.8990478349010844,0.3686328299310471,-1.1703652670548705,-0.9707831376115578,-0.0867125349504011,4.8450394,-7.9600325,2.9148743
1.2853865421160076,3.704665418670042,-0.33060181154469115,0.9532214059425849,0.16768489401917047,-0.2514969732832205,0.1710505229902909,0.38675336157310225,0.9061807523318146,0.24922012325971876,-0.9068095795864122,0.3399789942521828,-1.311186573423292,-0.8985828403853549,-0.20795602518975864,4.965071,-7.9755707,2.6498673
1.6853681906564149,4.634828853996374,-0.6893596457705726,0.9503030268594285,0.1841143376762632,-0.251049930897897,0.1723215893119829,0.3605260367266549,0.9166931038789172,0.2592863802801842,-0.9143975544062892,0.31088210867947685,-1.409185636669314,-0.7935391524369343,-0.30834668620352945,5.0645113,-8.002695,2.3741958
2.297107500192775,6.120250082440706,-1.0739732166396085,0.9461932262122272,0.21227129438833336,-0.24425248463177998,0.1710452825550071,0.3126726290392553,0.934333633326639,0.2747032762559891,-0.9258383901245307,0.25954072009194235,-1.3236201356572765,-0.6809808984384653,-0.40922345341905725,5.2135496,-8.055452,1.9013443
2.5678098627908903,6.557178832444742,-1.0344294114017005,0.9461697934350417,0.22640476928801814,-0.23130845733506875,0.16147305215178162,0.2891808435519555,0.9435575727804678,0.2805159093881809,-0.9301157563261788,0.2370559098902686,-0.8973151702572507,-0.4148158092959458,-0.6867350815285214,5.2657866,-8.068952,1.7413146
2.8174451223050867,6.783550461123651,-0.9159824610120633,0.9469447100901456,0.237068844046111,-0.21701170294463476,0.1494434334976766,0.27299824032359593,0.9503360568581232,0.28453888348820666,-0.9323466758469523,0.2230858575087713,-0.6497558900344566,-0.3154108359353754,-0.8179931893457677,5.3081923,-8.070595,1.6378906
3.3926751235779236,6.823314980739032,-0.8175999576510371,0.9506360451207865,0.2529363947021991,-0.17976175887035312,0.11415256002279625,0.2536264417945246,0.9605429824130155,0.28854861420105904,-0.9336470469388863,0.21223310058741165,-0.29521303857062814,-0.16347308440561942,-1.1670054780813015,5.367636,-8.046893,1.5790116
3.6588005668447323,6.739974944370381,-0.7441302029454704,0.9526281215148547,0.2622572055587804,-0.15401564930739553,0.0890038638061015,0.24384010214576032,0.9657226914664117,0.2908229260678465,-0.9336825813508817,0.20894703385138338,-0.15030890055719187,-0.13809234591405178,-1.3953300296970812,5.3884916,-8.024246,1.6109879
3.8946288921719447,6.557861530249707,-0.4847136170882296,0.9543264418753888,0.27326321108222973,-0.1207818686992736,0.05548404707568522,0.2351363362875995,0.9703774646380388,0.2935686680447406,-0.9327583399928808,0.20923507429722032,0.03285789223835922,-0.13292351771863042,-1.6430441091870263,5.4072404,-7.9916716,1.6891251
4.09323727807441,6.231675393961179,-0.054292348404595625,0.9547440532926822,0.28582265508456894,-0.08227516358335105,0.015624731025810079,0.22804139447162278,0.9735260603537067,0.29701794639824525,-0.9307537441492494,0.21325526316957327,0.2117402029197782,-0.1622883557214045,-1.9010144488602951,5.4266996,-7.9473906,1.8161865
4.301152520437633,5.70637792722458,0.45734681957595424,0.9532040979395648,0.2998411134995584,-0.038694370734835136,-0.029846239743322373,0.2206908777895091,0.974887038806897,0.3008507098951309,-0.9281114389532338,0.21931257884525232,0.31146461704604583,-0.19572820029292887,-2.196929102651381,5.4459853,-7.8929353,1.9810867
4.485139376236779,4.9680071148584135,1.0455278061089899,0.9494044424779661,0.3139803473545245,0.006895366432182491,-0.07753776421206368,0.21306720295060033,0.9739559857343669,0.3043338622698705,-0.9252127909307897,0.22663228316805129,0.39282506701828346,-0.21195758199548598,-2.473615670450873,5.4588957,-7.8299837,2.1766465
4.612798356550242,4.072797067691325,1.7490276016823576,0.9421707437818048,0.32968031958244054,0.060209438144366315,-0.13343899141461496,0.20423458993172333,0.9697846502423471,0.3074220635086085,-0.9217370119266352,0.23641606483627242,0.4787769007681127,-0.2110548501025753,-2.698948883380513,5.458745,-7.7595367,2.3994033
4.642522182439902,3.1832029565555175,2.4813022520704657,0.9319312602373446,0.34445018652429077,0.113393982185192,-0.18937918245368116,0.19561072016918943,0.9622224126510808,0.3092566109974206,-0.9181996052919396,0.24752743968319535,0.5762445085316983,-0.200405084401428,-2.89458440095163,5.439653,-7.681796,2.6490936
4.554523890461948,2.2932660327119354,3.229788379366277,0.9167465917669572,0.360269499049119,0.17257338884823603,-0.2523429624840618,0.1873787198522658,0.9493219920718649,0.3096751778370931,-0.9138353809091789,0.26269027547692364,0.7300222370413927,-0.19610594159123473,-3.0160672176153085,5.3980165,-7.5938644,2.9291472
4.325578730219796,1.4233013984674374,4.002580834384641,0.8990134350277114,0.37493227134891816,0.22627557433540144,-0.31111203792477005,0.18317978496604032,0.9325526613752663,0.30819497643208144,-0.9087744265112975,0.28132703073308224,0.986461321487765,-0.22105452050960728,-3.0414127588075357,5.3301787,-7.486972,3.250569
3.969447247372754,0.406356287422702,4.819387045088961,0.8760027372816488,0.3918020858739083,0.28126558584354494,-0.37424482316618324,0.18432210090577122,0.9088268126826998,0.30423677721204323,-0.9013969650617526,0.3080965672789825,1.3240578890223684,-0.2956390589102884,-2.9819061677529,5.234576,-7.351457,3.6196518
3.441589181435542,-0.770765233856814,5.540236156802118,0.8529260200146183,0.40816897826261855,0.325446292905715,-0.42827147240856245,0.19063988382770203,0.8833119384538864,0.2984974879341945,-0.8927790991495104,0.3374088466812413,1.6645448216471848,-0.40684690047666916,-2.8630122380255467,5.1119857,-7.1815553,4.0336776
2.6496376604741383,-2.2647294926208565,5.987585268083522,0.8140801547359526,0.43264318451442924,0.38741886448429474,-0.5049862750219346,0.1978871598747195,0.8401366162691568,0.28681416231517953,-0.8795797558208872,0.37957487989263916,1.664544821647185,-0.4068469004766696,-2.8630122380255463,4.9615355,-6.973868,4.487404
1.7465199702288805,-3.6313219349236863,6.094276836701091,0.789611601539719,0.45133859202506654,0.41570060628138383,-0.5475829936864501,0.21259994185556585,0.8092923635796865,0.27688695118994866,-0.8666572217848538,0.415016717963138,2.2891760094491014,-0.7392965411888718,-2.4701014090203834,4.7838073,-6.726953,4.972328
0.6554146240134306,-4.9707174438868025,5.783381580574563,0.7511921779093066,0.47930021760446434,0.45385197284157014,-0.6071070992852019,0.23179420097352216,0.7600607991421178,0.259097051016372,-0.8464884817877679,0.4651085554526603,2.2891760094491014,-0.7392965411888717,-2.470101409020384,4.5802445,-6.441179,5.4766097
-0.2939712229704705,-5.962139919678012,5.217602270868589,0.7282891383297271,0.5003861793906645,0.4681971833167696,-0.6397482137568089,0.2516075743731852,0.7262340197987248,0.2455955088879185,-0.8284366602178205,0.5033642279912518,2.678804634747928,-1.072024700013241,-1.95242049947147,4.3567,-6.119882,5.9821944
-1.2113969286598414,-6.775664916869519,4.304798462717779,0.7017163793533755,0.5274963871571335,0.47889631913741054,-0.6752248791481046,0.27794466293804193,0.68324089962742,0.22730043010653744,-0.8028040395267269,0.5512170068067146,2.7567908886746473,-1.1938810639399322,-1.6890127219348323,4.119136,-5.7680483,6.47489
-2.0780694339949823,-7.385550005807896,3.080673424379729,0.6734013983841659,0.5593671983502057,0.48336207346469706,-0.7104740343495184,0.3089441099597615,0.6322817279000638,0.20434579312863027,-0.7691956021266717,0.605459265764113,2.7685456083216398,-1.2876865408257956,-1.4376813501968442,3.8731322,-5.3942413,6.9439497
-2.8288439992119554,-7.738982751361174,1.7106912265018783,0.6501748667769273,0.5881494502751362,0.48099154540663147,-0.7376030511460183,0.3367552432134395,0.5852671570388531,0.1822481318194752,-0.7353068273240178,0.6527706244455239,2.730176146796524,-1.353391762397408,-1.2081067918944965,3.624298,-5.005513,7.381096
-3.496955340635554,-7.840917976628001,0.2848105620909962,0.6318797804671752,0.6128030231401029,0.4745528399104832,-0.7579137157373046,0.3604391455654364,0.5437374567209164,0.16215653713010286,-0.7032468109948379,0.6922060244548334,2.5985219270116713,-1.3519499656289722,-0.9994816711583909,3.3808563,-4.6126113,7.7732635
-4.053729343251978,-7.664424593329633,-1.2800826954781561,0.6140613010746245,0.6378334112618472,0.4648626227183836,-0.7768614393676672,0.3844733057983852,0.4986647983887152,0.13933780013383135,-0.6673446010919224,0.7315983603366866,2.3850135289193233,-1.240319914264779,-0.8324770766402845,3.1471298,-4.235292,8.111516
-4.465729062022984,-7.269450395904431,-2.743336935446563,0.6010887734721112,0.6567312176015689,0.45540794265510287,-0.7901584701105984,0.4029788366453533,0.4617982777452039,0.1197575822997084,-0.6374262036059695,0.7611477888283003,2.1465760847377506,-1.0946010058552367,-0.6788266809213624,2.9249024,-3.8881516,8.396291
-4.7771852777638495,-6.686816577947635,-4.04379974462803,0.5895341319622643,0.67462765257898,0.44421508036904167,-0.8016396483829542,0.4211781237093395,0.42424387119808105,0.09911297287415438,-0.606206663180516,0.7891071537653124,1.8804250615169682,-0.9504721781854817,-0.5238702621281588,2.7226899,-3.5768998,8.629727
-4.979395857442919,-6.117552487213237,-4.92618786128374,0.5846592813640155,0.6827506253680886,0.4382066958347357,-0.8064297778405339,0.4301238117102102,0.4057887627965403,0.08856939723730789,-0.5906310948124588,0.8020663137881163,1.5852492289328444,-0.7814722520976811,-0.37790784020727863,2.5466018,-3.309668,8.814766
-5.073135672569924,-5.474042284099582,-5.701107178800465,0.5791202770240209,0.6927502720792681,0.4297868835524426,-0.8119410267848751,0.4427192343390446,0.38046215129730443,0.07329033881177002,-0.569294949986692,0.8188600528518328,1.2526937609656716,-0.579080413314323,-0.24525201473427294,2.4010086,-3.0976639,8.95347
-5.1765546874595,-4.926260935808326,-6.293883697362407,0.5768979657593252,0.6980522886133635,0.42416003991936513,-0.8143772440820713,0.4514463149751802,0.36467235844881507,0.06307488742790573,-0.5558050261170511,0.828916359784859,0.9145972601855188,-0.3929584905360506,-0.1052511026526339,2.2905335,-2.9445205,9.04981
-5.652837332552822,-4.393948890412379,-7.034951693768503,0.5841494901202282,0.6978752032303713,0.4144147365966186,-0.8094810545124028,0.46365914405712855,0.3602230149750283,0.0592435277289067,-0.5458849685129449,0.8357630080195317,0.2342350763850276,-0.1750263637882269,0.2196606875639928,2.2048233,-2.7927277,9.133161
-5.843381879703469,-4.299811053916674,-7.210491429883312,0.5880180973168311,0.6977021678553159,0.40920215321755815,-0.806819967226995,0.4701447403361923,0.3577785119568326,0.05723860333485173,-0.5405327077099102,0.8393736558792328,0.2342350763850276,-0.1750263637882269,0.21966068756399282,2.2374923,-2.790259,9.124199
-5.889434156765588,-4.373365298866428,-7.15957113210313,0.5952932333923934,0.6930607342878753,0.40656215375460125,-0.8009900217789065,0.47182645819180347,0.3685034305957078,0.06356847715539767,-0.5450198271058859,0.8360098305484299,-0.508401897263117,0.04509713277205407,0.5427879381394421,2.3202834,-2.8443756,9.078825
-5.862808485052555,-4.547028301799431,-6.9403695512506225,0.6055558318649858,0.6864291106214432,0.4026378156429906,-0.7924957295320214,0.4740807642767366,0.38366384715828383,0.07247519001571762,-0.5514186295676271,0.8310745103767448,-0.508401897263117,0.04509713277205413,0.542787938139442,2.4546998,-2.9532897,8.993933
-5.8723567123418485,-4.837992687957135,-6.54242979143503,0.6137654416198418,0.6802417728906142,0.4007032731184437,-0.7851690616046836,0.4729220399660996,0.3998178195292501,0.08247137304556935,-0.5600141735071864,0.8243679991963795,-1.2819027007468264,0.21740819410492407,0.8934453528179104,2.6412444,-3.1122696,8.8652935
-5.820971009613614,-5.429967891347458,-5.8056479701126396,0.6328140367485513,0.6652289838701962,0.39625344656296513,-0.7669899107131516,0.4683626380753422,0.438591969966777,0.10617378093595,-0.5814695505992831,0.8066103706050605,-1.622952594162697,0.3042221244381329,1.0709657471084544,2.8709183,-3.3181686,8.691065
-5.728511277857183,-5.983891479176776,-4.773773598300206,0.652648669495913,0.6492870236487581,0.3904818499322993,-0.7462717065249687,0.46186426800822056,0.47933280502959735,0.13087495652540077,-0.6042414739643148,0.7859796351661453,-1.9560097153425637,0.3637565164863933,1.2655410855868212,3.138208,-3.5655198,8.4669895
-5.517295561408089,-6.604399857395848,-3.417541804493826,0.679244493115038,0.6276224616654594,0.38041682952503963,-0.7155240120759919,0.45101592625122905,0.5334885400928702,0.16325534207360795,-0.6345665291210489,0.7554290260532055,-2.26021097731851,0.40841535757401637,1.468615677877583,3.438443,-3.8461976,8.187195
-5.198665533818874,-7.173307669720748,-2.0444509262269097,0.6980487285970923,0.6118671515190313,0.371949675891738,-0.6916760306376672,0.44180454715094336,0.5713081574405103,0.1852356368124221,-0.6560696083562605,0.7316149450673898,-2.5377373563104584,0.4746364852307967,1.6560782820465523,3.7587981,-4.1564837,7.848386
-4.561692371338785,-7.8362734598238895,-0.3242574295375249,0.7285673464612661,0.5855247975538962,0.3554579203223043,-0.6491284465060543,0.4245237980140478,0.6311987047328005,0.2186821474355554,-0.6906086130140554,0.6893749792556858,-2.7599274891324113,0.535606083642411,1.8369757060991048,4.085376,-4.4928727,7.4511123
-3.7110409456875058,-8.200340716617918,1.5797058494538807,0.7580179606068759,0.5592013172875844,0.3357121656139713,-0.6031587864922967,0.40512234462746133,0.6870774076919492,0.24821009180638234,-0.7233047577801347,0.6443772014108573,-2.93928680897661,0.5866380904520478,2.018299931644752,4.406067,-4.8485613,6.9994307
-2.648994012288167,-8.137484902156363,3.6335982159528895,0.7890110625814063,0.5299468235703647,0.31083421193916266,-0.5492308996261532,0.38168094548253145,0.7434144703672426,0.2753306412661083,-0.7572819950607846,0.5922136590258215,-3.088428759874658,0.670201509250371,2.196763617048675,4.707443,-5.2207947,6.491806
-1.5442726266545557,-7.725046347044194,5.547742591304819,0.8147582139614308,0.5040113379601673,0.28660360079730457,-0.4996456295525997,0.3595636417408283,0.7880788237270814,0.29414842792604806,-0.7852939314331138,0.5447844928069807,-3.202520642459132,0.7676560194743514,2.3590103093434767,4.975644,-5.602954,5.9287505
-0.32673142882300876,-7.001917615297719,7.366673180324629,0.8440438410616846,0.47255405632977826,0.2535402496885057,-0.4371927663619774,0.3325415415802621,0.8356306649257104,0.3105679948201343,-0.8161548792782508,0.4872768552103675,-3.2103042291379373,0.837956762558415,2.5386158934677336,5.197882,-5.9828353,5.3211946
2.2078025159915993,-4.589707299655528,10.129362612233116,0.8951493154934982,0.41081839890661365,0.1730200742437925,-0.30831779628839673,0.29027164924326426,0.9059152864023561,0.3219438452019049,-0.8642746165226666,0.386499091552891,-2.8934165724326286,0.8886179021249363,2.9315453351322764,5.468419,-6.7007265,4.070381
3.6701082406308476,-2.765244306332636,10.932929004686464,0.9222330669138932,0.3698031523433275,0.11283527288721304,-0.22010057298725527,0.26221210441385706,0.9395746644463862,0.31787089841833005,-0.891341932602632,0.3232145589587966,-2.679108153523145,0.9638209783810493,3.060514137837716,5.505614,-7.0358443,3.4574234
5.044540404697807,-0.7502518498642301,10.96630155767589,0.9409748037714599,0.3333997062341641,0.05840423400948669,-0.14404627799664935,0.2383013623771026,0.9604494419200469,0.30629575325585884,-0.9121716376714367,0.27226056446947283,-2.4849572584970874,1.0839514110086266,3.0986000455153846,5.471013,-7.3521957,2.861206
6.1084747670378325,1.358094889629037,10.548458393990071,0.9545545591972632,0.2979830062780571,0.005632182987887306,-0.07335572703157614,0.2165864898069872,0.9735035848648722,0.28886767009720327,-0.9296754382054955,0.22860238137437233,-2.2769957147549316,1.2047890581330702,3.112571641431664,5.368045,-7.646211,2.2922745
6.800465616068184,3.4905635264985064,9.614603747929726,0.9640470772199072,0.2615508100153404,-0.046951109508431524,-0.0052863988962236486,0.19552809764580925,0.9806838517166078,0.26567891690998646,-0.9451771986306753,0.189880952963182,-2.074916878427807,1.333485369548521,3.064988735949209,5.1995773,-7.921112,1.7632599
7.152917147604908,5.457403179213909,8.191662742467072,0.9699256475239485,0.22073278831880644,-0.10257326374964233,0.06455217414001885,0.1730496192320938,0.9827954243368375,0.23468543859610344,-0.9598598155171584,0.1535964825974932,-1.8738393301350713,1.4704822300238933,2.958070193053396,4.9697676,-8.180771,1.2816406
7.2026734144597535,6.989461859233889,6.4493235121772345,0.9714420908417651,0.1800564769583261,-0.15453132124697205,0.12769205325518873,0.15220443552322158,0.9800655842047165,0.19998750880105787,-0.9718093819841493,0.1248660138353641,-1.6331129540386953,1.5797644249897755,2.8033260823473496,4.687978,-8.420267,0.8580734
6.980555736885991,8.1053138995102,4.566366137402772,0.9692022275259513,0.1388189739247271,-0.2034117367243577,0.18516169712123853,0.13379854397350238,0.9735569297939151,0.16236436825213924,-0.9812376073658498,0.1039738900543154,-1.3431373446460682,1.6652774953252245,2.6236871037523652,4.369128,-8.634314,0.50586396
6.546327264014829,8.92042099886638,2.6489316437121935,0.9639381823601781,0.09809888616837763,-0.24738591132212656,0.23556130980106355,0.11802637784296108,0.9646660787329877,0.12383073089085299,-0.9881530158157669,0.09066183001265035,-1.0723159379149187,1.718645093032957,2.3943695137589187,4.0258484,-8.8240795,0.22914276
5.984249949018691,9.460251845229967,0.683201589993391,0.9568174545050645,0.05981877067351889,-0.2844680534428381,0.2774672095551883,0.10384387999191992,0.95510648422565,0.086673562151938,-0.9927931120144488,0.08276188954199447,-0.8970204405456053,1.7274970429809011,2.1201765102139585,3.670726,-8.994186,0.01741333
5.320631091165266,9.652881009601545,-1.2779065487831354,0.9481571983105187,0.022149722847392587,-0.317028889960728,0.31394318769132573,0.08969612740393207,0.9451953658535085,0.04937207909493944,-0.9957228502482619,0.07809227426142501,-0.7711354913452017,1.6766000963856609,1.8185298228199724,3.3167481,-9.144999,-0.14174041
4.587705883347205,9.54179175715021,-3.1390211457149384,0.939483934556689,-0.011381356184515084,-0.3424038572231394,0.3422297315125507,0.07718866278729311,0.9364404525681055,0.015771733535998988,-0.9969515409830669,0.07641254708985022,-0.647605393657211,1.5883742252650812,1.504343740346065,2.9763749,-9.2747345,-0.25421143
3.8609680233149835,9.071962856240123,-4.506052543257623,0.930539260885692,-0.04372831486470968,-0.3635718889427547,0.36583612142534905,0.06724135361318896,0.9282470213389993,-0.01614361207312609,-0.9967780268662427,0.07856811659874142,-0.4498529923783974,1.4841938345958126,1.2238703932824837,2.6614044,-9.382382,-0.315744
3.159637155243874,8.421109728527282,-5.633081407616895,0.9225444616401297,-0.07261940213615305,-0.37899622521934323,0.38340328087894876,0.06115504656366536,0.9215541137074128,-0.04374517697280266,-0.9954830398922851,0.08426076654312178,-0.2436204614951135,1.3549405120664866,0.9329236512847283,2.3814132,-9.469447,-0.327919
2.552015507988858,7.71426182374759,-6.494097858482336,0.9162986792891472,-0.09663769176069008,-0.388661661170909,0.3950722397833899,0.05893887358314944,0.9167574022244307,-0.06568603874112672,-0.9935730298835193,0.09218448135442175,-0.05818251206554302,1.1905426889130097,0.6497369687859995,2.1442413,-9.53757,-0.29909056
1.6697616977732908,6.291735741661511,-7.447209627889083,0.9124698843943603,-0.12157863693895683,-0.3906626999259185,0.4003291888590245,0.06817147872994239,0.9138321454376892,-0.08447041269473547,-0.9902379938821979,0.11087589842406079,0.29836307381637983,0.7519498461230043,0.14962388640792812,1.82836,-9.620458,-0.14443818
1.082050268451857,5.248543145354354,-7.574709861518233,0.9121156345115701,-0.144501517582739,-0.38362009944193676,0.39819241248392123,0.08995090589434163,0.9128809545439227,-0.09740570783989684,-0.9854076039614643,0.13958503549856577,0.4441808953722968,0.4880807514875724,-0.0927903411228749,1.7527969,-9.637642,0.08997345
0.9544908584596048,4.8701488390011285,-7.404588516687755,0.914303239801301,-0.14771017182497695,-0.3771356398277423,0.39326804690015116,0.10098606945597366,0.9138610709857244,-0.09690112990149162,-0.9838615344220295,0.1504215812592896,0.5319391278547012,0.2018233750817627,-0.33656003311128807,1.8096726,-9.621481,0.21316834
0.9615306712180884,4.53380636938058,-7.070679539324742,0.9191714476181633,-0.14061381869314937,-0.36790162255154624,0.3838866657983751,0.1109989878957283,0.9166843799849174,-0.08806178345762357,-0.98382263578282,0.15600687041155714,0.6114909498132542,-0.4302932738354107,-0.793453481401637,1.9283966,-9.588106,0.33180237
1.0977721730508723,4.339899909992699,-6.538958749513119,0.9278208052120809,-0.12709838632114875,-0.35070579352238535,0.36606450867393414,0.12944097942124924,0.9215431668325584,-0.07173094802745561,-0.9834078670831494,0.16662424209596427,0.6114909498132542,-0.43029327383541066,-0.7934534814016371,2.104335,-9.537369,0.44393617
