0.1329299007656449,-0.7416690303577623,0.1662940408831838,0.999997865885268,-0.0017001136498891926,0.0011738136509459416,0.0017015466604073592,0.9999978070703718,-0.001220898607534346,-0.0011717354104673783,0.0012228933006943779,0.9999985657830229
0.16761996702742915,-1.0136404616554646,0.3046851940273441,0.9999846776298462,-0.004552834753300719,0.0031490000384120816,0.004564855164937788,0.9999822823226662,-0.0038206201165076102,-0.0031315495933998743,0.0038349363046417135,0.9999877432552279
0.1993834809220847,-1.306907652715074,0.46142141231194944,0.9999451464904823,-0.008636086269480817,0.005926383726532104,0.008684396910321248,0.9999288723014238,-0.008175058917628677,-0.005855361682425982,0.008226077555480639,0.999949021894426
0.2446979378335636,-1.5906540023535074,0.6015426427275691,0.9998741270752277,-0.013062104637691068,0.009006188316116518,0.013183171548904124,0.9998217323450623,-0.013516934505670531,-0.008828023191151519,0.013633963215163497,0.9998680818255897
0.31955489525401654,-1.8491048392964344,0.687030156391229,0.9996757865132878,-0.020786278139831034,0.014705526176682244,0.021131524236032446,0.9994951640629296,-0.02372500154434258,-0.014204947817626,0.024028059761675873,0.9996103599911257
0.40089111585817566,-2.059050166810214,0.710880778432095,0.9993937664689237,-0.02820849541898512,0.020405399512276545,0.028890918731228822,0.9990055325571973,-0.033959692798610074,-0.019427155168064415,0.03452863603311798,0.9992148712543106
0.48145264362748413,-2.2195345390516596,0.6761335992974433,0.9988426014007497,-0.03874469551025441,0.028500985891736982,0.04009013378745627,0.9980300997255219,-0.04825661835197818,-0.02657515380740394,0.04934337454696722,0.9984282611126503
0.5512258550377203,-2.3574883320872395,0.6272704998691583,0.9982073463161227,-0.048207143997465694,0.03547062204320556,0.05028967000270375,0.9969083369812265,-0.06037148953226607,-0.032450621743558186,0.06204707023649837,0.9975455469418544
0.6450450941399672,-2.513903085809276,0.5425744936150856,0.997007740023277,-0.06264176393511768,0.045294323538110755,0.06602075000274632,0.9948105350158718,-0.07741614812498702,-0.040209786156518365,0.08017486409425371,0.9959694595040125
0.7785877343475163,-2.7053611105208333,0.3794185013253165,0.9952058989145017,-0.07991675689005018,0.056378459840223404,0.08510887656607866,0.9916717727319168,-0.096662165796127,-0.048184000409254704,0.10099706498168437,0.9937192234075208
0.9569442080805957,-2.8860024969436333,0.08498241670625795,0.9923356016159476,-0.1017352121256512,0.07014271437052122,0.1096533342280078,0.9866707758084273,-0.12023695961840218,-0.05697543381314962,0.12700679816192995,0.9902641431267004
1.1377606498612174,-2.970574924481825,-0.3040564515256206,0.9887169644551165,-0.12399992959357253,0.08404035732580602,0.13514829593250396,0.9803861487693507,-0.14345012167210283,-0.06460419727231695,0.1531894799325,0.9860827961853963
1.2922201318562925,-2.9083487113819264,-0.7322139271965766,0.9836567294386008,-0.14969958419564333,0.10004735439683884,0.1650868781068854,0.9716474604968025,-0.16925582763094807,-0.07187323081006972,0.1830061392461092,0.9804810001683644
1.3834598899015533,-2.706489508530938,-1.1283777827050065,0.9777939422221991,-0.17493884504926924,0.11539240463045493,0.19481076944400355,0.9617113693283079,-0.19276930827625713,-0.07725134731644608,0.21096834501294054,0.9744355221051286
1.424434626398304,-2.3919031125243473,-1.5031892156147195,0.9696966570854847,-0.20479309752206415,0.13322229709982578,0.23024709097554932,0.9483955000250178,-0.21801892722787597,-0.08169865564703657,0.24208627127455015,0.9668089609255034
1.4669845471754055,-2.0698322836839447,-1.8613979037852513,0.9598263654282512,-0.2359384760682935,0.15187621189430753,0.26757883365889074,0.9325735759986918,-0.24229753017057382,-0.08446843201185288,0.2732024173750733,0.9582408481868612
1.432507259926115,-1.6413707101031199,-2.1282330065312336,0.9473492516200483,-0.26991549927961056,0.17226438605693473,0.3086668805616957,0.9129032244922916,-0.26708137253632835,-0.08517131148013389,0.3061916490700158,0.9481521617021912
1.3870520853179635,-1.1582040733117585,-2.339444360977976,0.9328760966857257,-0.304038211115438,0.19313972769507784,0.3503807141016639,0.8902998485749511,-0.29085999177100236,-0.0835197187376285,0.33900876951657727,0.9370685731433124
1.296694770691595,-0.5625902277388231,-2.4968708861704845,0.9153591181454243,-0.33982689673371436,0.21595222870895456,0.3947739729047304,0.8629612437329537,-0.3153591637036877,-0.07919087791561906,0.373919205271951,0.9240742571805287
1.1316124315204665,0.13290955759067669,-2.5890599345564937,0.8962208176446651,-0.3737347808302369,0.2389781571987334,0.43762894333147934,0.8330299356016101,-0.33844059205442606,-0.07258893840593575,0.4079012625493481,0.9101359272283162
0.8495921708894136,0.9074734618476822,-2.5354519442989414,0.8739630812348953,-0.40827573486450053,0.26362749659180024,0.4819292639202923,0.7980634760467423,-0.36171656414579106,-0.06271138027226768,0.4431767283161908,0.8942380389266071
0.4864250961475859,1.6490664810678461,-2.3221647412129305,0.8521450038080173,-0.43859295258123043,0.2854559763450617,0.5208765638884235,0.7633827104362308,-0.3820136680785425,-0.0503636543235597,0.47421836673953505,0.8789655527778462
0.130213517981008,2.303240966893968,-2.0355563344795247,0.8292146417578528,-0.4674365596708498,0.3064410882657147,0.5578603806289797,0.7260566696146437,-0.40203670010657283,-0.03456694402005431,0.5043260603926514,0.8628211582882874
-0.15453072052402528,2.876479106768229,-1.7492593664245182,0.8071738455506322,-0.4924470212311191,0.32552467546962005,0.590083321891613,0.688499474238416,-0.4216279725051269,-0.016494128784598442,0.5324137538174821,0.8463235424242991
-0.393133509909361,3.43024772223932,-1.4274738295197271,0.7861421610922807,-0.5139297244646194,0.34330269568542354,0.6180334477213901,0.6501963295200357,-0.44190427761709344,0.0038935909864933563,0.5595721324283345,0.8287725071205223
-0.6671066352792674,3.9892023326531163,-0.9876951168755277,0.7675508743649011,-0.5310973121771326,0.35888898041023864,0.6404923174077881,0.6134548015760436,-0.46199869887792805,0.025204098938008575,0.5844731400342722,0.8110215175784184
-0.8329406032154518,4.465873815059879,-0.54268438250292,0.753175093123798,-0.5429524577459741,0.37138915940770795,0.6563010519878604,0.581875354818232,-0.48030198897650267,0.04467894646906694,0.6054945912910886,0.7945942937497422
-0.9696250163328799,4.836668657542599,-0.06091829844503449,0.7415904449726631,-0.5509902014221735,0.3826923174849476,0.667803689703162,0.5519924935384639,-0.49934208624552373,0.06388931009245984,0.6258706615698976,0.7773056484047753
-1.1723946325095675,5.185102812406598,0.8539605518254594,0.7284958748492971,-0.5561255993468613,0.4000225969600356,0.678739856713733,0.5068722276122035,-0.5314063904241874,0.09276835255505159,0.6586386434354852,0.7467189365066921
-1.3350918835125025,5.178726810939634,1.7099690153440728,0.7332926653642529,-0.5419856793214877,0.41052818457861673,0.6715198766332392,0.48274090384938095,-0.5621585853094855,0.10650315586624112,0.6879046032416904,0.7179445205790093
-1.385397476526143,5.165250224145999,1.9980013015270788,0.740771578503935,-0.5291935463636707,0.4137773060087141,0.6630311723603,0.47702311617337184,-0.5769216680926206,0.10792188359787891,0.7017144270451381,0.7042369842016245
-1.3894782202459504,5.164724203377703,2.0167951265651616,0.7529832960570834,-0.5130865642897723,0.41201739454096736,0.6504132349870835,0.48526203077811136,-0.5843657974580135,0.0998938417153291,0.7079992507273011,0.6991124954947756
-1.3237476536266848,5.064050373398393,1.8107931675816307,0.7682497352970938,-0.49205279823515224,0.4094830740884183,0.6338845594466135,0.49545826106295926,-0.5938951732752517,0.08934601004587578,0.7158248076823156,0.6925403491461402
-1.2462962915429916,4.84825542436571,1.448183293916818,0.784810549653703,-0.4687401481539786,0.4054072947800004,0.6155657506872851,0.5138423817873226,-0.5975322696389966,0.07177191465365594,0.7185044747165579,0.69180930326155
-1.1853044559412198,4.571433350462816,1.1277897780602613,0.8066236645142979,-0.43634051734368734,0.3987044228118971,0.5892108783997564,0.5402103023485144,-0.6008355598763394,0.04678466224002129,0.7195691642648182,0.6928429931942142
-1.1464602943583233,4.262329334556037,0.8541776357015172,0.8290330583957087,-0.4015151085641254,0.3892169134066445,0.5588103635612659,0.5688811103125576,-0.603411352152143,0.020860624716995145,0.7177464036303417,0.6959920505380267
-1.0204321508062062,3.9203795890489106,0.428633438569646,0.8544496048569818,-0.3596361907879965,0.3749369054057587,0.519472948219008,0.6024932681001858,-0.6059288060181738,-0.00798303378419064,0.7125052085209319,0.7016214071720899
-0.8394221382332063,3.517950821271698,-0.22972945049487192,0.8770401587014619,-0.3187929090240684,0.3594045647746925,0.4792342994544853,0.6330124297340435,-0.6079718332526364,-0.03369044747823044,0.7054547079424546,0.7079538182611507
-0.643401917572391,3.0783192852418857,-0.914237534017363,0.9007090835174985,-0.270339919992076,0.34005804582121785,0.4300696802928444,0.6654288526094472,-0.6101184411306427,-0.06134506469047542,0.6957878769952462,0.7156228149413412
-0.5187648790267056,2.592807574609902,-1.2914395860190249,0.9187706153794613,-0.22952765904657713,0.3212127177554523,0.386326500750018,0.6902947556902067,-0.6117556579916891,-0.08131661044025615,0.686156107601758,0.7228951548235135
-0.3733131328259833,1.9577361359057823,-1.3951665633736816,0.9400448289188458,-0.17809160232259263,0.29085924569301375,0.32602776570044495,0.7195844640410508,-0.6131101818622242,-0.1001080197352516,0.6711792460236868,0.734504461587376
-0.20888934522940622,1.092924400753366,-1.4841813895204887,0.9561385427483918,-0.13536099883415598,0.2597623665306444,0.271454250411994,0.7426687832173186,-0.6121729072474296,-0.1100530644927433,0.6558357099374251,0.746838566603673
0.028412669648875316,0.12297489916131021,-1.657739083007187,0.9694912291922341,-0.09496639677255568,0.225982609957864,0.2166402238499386,0.7632927853672209,-0.608646972568334,-0.11468988590795275,0.6390348247868708,0.7605792021742596
0.33757794115129053,-0.8122812079757085,-1.7374522222628153,0.9799542869634279,-0.058113872213301956,0.19055805760548408,0.163403480526754,0.7816491048927257,-0.6019335340152958,-0.1139688466807566,0.6210051969804891,0.7754764002272932
0.6431312411677412,-1.8036462070743249,-1.6227515231857232,0.9890752719581777,-0.01851158837007533,0.14624441013889405,0.10218144555408737,0.8011623068791229,-0.5896591474916665,-0.10624998157803733,0.5981607469001441,0.7943013674182662
0.9480659125628381,-2.918172207435563,-1.4180576174697188,0.9941246298336035,0.012095887772402222,0.10756351545574197,0.05230534126285043,0.8163276956513448,-0.5752158243545997,-0.09476482276444634,0.5774623648442919,0.8108987887244992
1.2702312573425236,-4.04481673745307,-1.105920203038256,0.9968073746723151,0.04128066470447385,0.06834445493559191,0.003705895560422473,0.8311324546809559,-0.5560621450108825,-0.07975790955749482,0.5545401243350792,0.8283259783234209
1.5600158264936739,-4.981102038348737,-0.5763511015998029,0.9973011444021874,0.06589003294006723,0.032387203232816915,-0.03851752532739458,0.8450946594335613,-0.5332273594251575,-0.06250462076311128,0.5305407808604624,0.8453517919938595
1.7604826436440224,-5.709178424567779,0.049941413075854424,0.9966699056526849,0.0813936182370001,0.004917120758908985,-0.06744978006562073,0.8568093334503731,-0.5112027907606006,-0.04582167975279284,0.5091687785230122,0.8594460591811538
1.8946518582975445,-6.320553838104546,0.5146209546889811,0.9957358734944929,0.09091895304541885,-0.015614551331502507,-0.08688867925182558,0.8674705088761562,-0.48984209052307426,-0.030990767238525497,0.4891100696236657,0.8716713326355866
2.063559629926863,-6.7357093170406905,0.7930726515425102,0.9949580675939639,0.0962825323421928,-0.02807343398053855,-0.09816905382995623,0.8776803384159503,-0.4690842785984132,-0.02052512118882862,0.4694751298246128,0.8827070985759352
2.2767919356536623,-6.811357144604667,1.1366539117018428,0.9948073272437357,0.09681864400900084,-0.03137725026883703,-0.10049626548164624,0.8857110997770369,-0.4532288035374561,-0.016089819340727007,0.45402863115007386,0.890841804031205
2.40668496842639,-6.634316990215915,1.5440966003081327,0.9953524340745298,0.09196836854682532,-0.02855435463714667,-0.09513341820244638,0.8930834110352207,-0.43971769770480384,-0.014938698839824226,0.44039055407732136,0.8976820122718523
2.4324919855552625,-6.499391509436832,1.7225709655906871,0.9963634240769531,0.08252180404836604,-0.02121506583191577,-0.08359099481790767,0.8984666653104332,-0.43101066913859876,-0.016506748529067496,0.4312166545746502,0.902097402762276
2.4924017189383654,-6.380447893563217,1.5388259473413592,0.9976522171511965,0.06803092665837289,-0.007864262921900437,-0.06486645610063697,0.9018740362338897,-0.427101352889612,-0.021963526270745732,0.4266087385241842,0.9041695569574093
2.5919252256876595,-5.999132574848645,1.1946184987697608,0.9987026785650007,0.04991128404477376,0.010090765684250068,-0.04080791781757647,0.9030124862289988,-0.4276717942042901,-0.03045773580695683,0.4267051832817648,0.9038777643520103
2.6229785316969596,-5.307487262376621,0.8897717914060859,0.9991209298798416,0.025981392180167064,0.032898856156725,-0.009283766590231415,0.9024295252048518,-0.4307374649556784,-0.040880058145000064,0.43005339121895825,0.9018774315543848
2.5705579996661587,-4.590447298984776,0.5696590300693303,0.9983585732121099,-0.0011296078672584017,0.0572615340341721,0.02596808173745352,0.9000560946445976,-0.4349996381883469,-0.05104721368260309,0.4357725903257131,0.8986080522096718
2.5813598357367264,-4.0400069676872405,0.09933925357705986,0.9957919448001276,-0.033123408537820045,0.08544730819643478,0.06759108271321952,0.8950985550560981,-0.4407153528913425,-0.06188576741735194,0.4446362744348713,0.893570777973319
2.668892537312331,-3.623781660105892,-0.49546915944415293,0.9909752565382102,-0.06773860651015674,0.11566988422701367,0.1129069672146201,0.8869238043020072,-0.4479042108719809,-0.07224996666729584,0.45692192609954385,0.8865677051224328
2.7581569691235956,-3.190814689751567,-1.077958185940431,0.9830039873822364,-0.10666182070010276,0.14942026902520014,0.16431165607419773,0.8741881976894069,-0.45694274772525,-0.08188309024932268,0.4737280348738984,0.8768562644503003
2.7416160653601387,-2.629278064891977,-1.58942062453501,0.9716900303022935,-0.14710158482421223,0.1848772802518819,0.2185299274389771,0.8570120302527643,-0.46666374491227725,-0.08979507683967627,0.4938537270733512,0.8648961443035318
2.6157408811101943,-1.9112934889517406,-1.9332498074005595,0.9557415117616197,-0.1910745319724857,0.2237156363044598,0.2782073658689926,0.8343015749425002,-0.4759638049523313,-0.0957017464409638,0.5171377043689226,0.8505349907253607
2.3722713028347675,-1.082355322683362,-2.143808237980241,0.9359447711443986,-0.2348973858693406,0.26235587182148157,0.3381181303812985,0.8076349104941407,-0.48311694366744934,-0.09840485391948481,0.5408780541516465,0.8353247364122606
2.0212001350202704,-0.21036663853950976,-2.317889272078388,0.9105955063986629,-0.28121851392070546,0.3028728630214218,0.4017711712557299,0.7741791841806477,-0.4891078784165991,-0.09693167528915593,0.5670650211480308,0.8179495779789976
1.5996506828693056,0.6274062814326093,-2.4155461221052157,0.8816577504638597,-0.3253379367193493,0.3418111144743592,0.46304115531093853,0.7360622067750933,-0.4937664592149735,-0.09095328215803235,0.5936056390303045,0.7995998035117969
0.7346644106058904,2.1126359873406537,-2.076308938184946,0.8195358276440134,-0.40011663615235005,0.4102044669210346,0.5687254036744203,0.6555024172675477,-0.4968581247919476,-0.07008881810396514,0.6404867355617361,0.7647642114706069
0.2702356978610043,2.7265272004434964,-1.6968550277340793,0.7823205729903957,-0.43777781953328215,0.44308588535481946,0.6207787314824414,0.6063153973319668,-0.497006444120427,-0.05107139723006293,0.6638766599925499,0.7460961685346633
-0.16365983564180658,3.218470233970144,-1.3038487621881314,0.7494450424264227,-0.46768354168705023,0.4686194972656545,0.6613446304362279,0.5618758301740955,-0.4969092787011942,-0.030909677701774704,0.6823251836926638,0.7303950544213345
-0.5177314618318505,3.6163602212862394,-0.9711544388310347,0.7205213474080555,-0.4916258017409518,0.489032779056626,0.6933575602243433,0.5211611503606033,-0.49764078313032173,-0.010211836711754336,0.6976353821426909,0.7163802007129966
-0.7648438493407816,3.949786065341798,-0.6903558402380219,0.6936815807516512,-0.51183090494746,0.5067889001019604,0.7201728460135736,0.48061702593244915,-0.500358217928474,0.012527425537647994,0.7120648840692195,0.7020018977786933
-0.9114305590363014,4.259905130123945,-0.39372564785094677,0.6721358240538802,-0.5262936303792443,0.520815177050023,0.7396298868352115,0.4445891074891037,-0.5052604833174424,0.03436661932085917,0.7248141417799991,0.6880867644070605
-1.00619378273377,4.796746750282082,0.5179832412620045,0.6512632443854645,-0.5379076783115176,0.5352677051028125,0.7563015541444302,0.40231179411687107,-0.5159003581246915,0.06216225310620053,0.7408107382644885,0.668831297384313
-1.0830858916259933,4.88713388702234,1.0453570125948757,0.6346666790928599,-0.546142367334874,0.5467419144816867,0.7681767101395527,0.36869826886424717,-0.5234177380789479,0.08427780519457942,0.7521902027668042,0.6535343528944884
-1.1245852003049603,4.862466972462294,1.3293099610932617,0.6264937963658754,-0.5493180083947371,0.5529513981972668,0.7733255763998222,0.3494898247049161,-0.528984324260758,0.09732972824865442,0.7590168562561477,0.6437548725392893
-1.1787040681631116,4.789218391576464,1.4705785464696526,0.6233356957680608,-0.5487551595888243,0.5570640763915686,0.7747951439681109,0.3372558394707388,-0.5347438486100823,0.10557033326073763,0.7649354701983234,0.6353964362252008
-1.2191393832020456,4.759977294328346,1.5198862487086964,0.6302783603554488,-0.5409981973204953,0.556839419369374,0.7693638250146664,0.3391004538553964,-0.5413780443958427,0.10406004625431599,0.7696309717592176,0.6299521204683028
-1.2714196357594105,4.750166997306794,1.5009107745115082,0.6370619948317865,-0.5343727757673632,0.5555157524855874,0.76428123531191,0.34428707285144156,-0.545289468830536,0.10013095470955587,0.7719534623188554,0.6277432946060701
-1.2242106347912873,4.727394399639388,1.4269533897941518,0.652816940394459,-0.5198339840729996,0.5510015166374862,0.7523006276864116,0.35969748503412086,-0.5519614885503883,0.08873447986352177,0.7748485969935803,0.6258880441584018
-1.1400178683021742,4.674209676480792,1.3018374061841165,0.67220709199509,-0.5019211313110143,0.5442543554396018,0.7367971732946619,0.3814567650684315,-0.5582299363242035,0.07257789537112501,0.7762511928023028,0.6262320135353185
-1.1027388622379437,4.606901838091454,1.1089674280472532,0.6954587764892478,-0.47966431094107415,0.5350319981211435,0.7167547008556153,0.4102350957816606,-0.5638881670955598,0.05098812612223651,0.7756476745265438,0.6291032474849474
-1.159196515581065,4.5024780800034785,0.8320799223460249,0.7206556742116208,-0.45429105173861956,0.5237127452495437,0.6927872840536035,0.44302436034145437,-0.5690124736749431,0.026479771151337532,0.7728835982567253,0.633995082997896
-1.1959412163182144,4.308016388197913,0.443477805655794,0.7500857186079717,-0.42240936552237035,0.5088631865829474,0.6613387056469942,0.4809419800164179,-0.5756091801483421,-0.0015909599373533818,0.7682871466950849,0.6401033737370879
-1.095240263536637,3.956876897495362,-0.045323868614751905,0.7819248432410838,-0.3847668723759503,0.49045692312825606,0.6226572209612289,0.5197619966343092,-0.584932006338819,-0.029858410996685042,0.7627594121194077,0.645992689212508
-0.8642914432184714,3.511017661436421,-0.5528807694429445,0.815728447747506,-0.341100340351723,0.46715913492875577,0.5755534662460248,0.5591487912475892,-0.5967334721117513,-0.0576654751790991,0.7556475283214374,0.6524350587714233
-0.6193200767829787,3.113911170303688,-0.9155878895115073,0.8457896352695013,-0.29880243209174534,0.44199208075116225,0.5273567815291536,0.5937512600620121,-0.6077452312852697,-0.08083760168323394,0.7471121386718528,0.6597641505896424
-0.36169047936874454,2.7050969233685427,-1.0826021255004126,0.8771285363859895,-0.2510166388996122,0.4094339722750341,0.46920471121226126,0.6297371601368138,-0.6190945389187663,-0.10243275664352072,0.7351338355281721,0.6701386231430382
-0.18860467080286963,2.191776803705135,-1.1287927998853458,0.9047671004264504,-0.20474625107970826,0.37346414373366316,0.4092069667048479,0.6610295817066079,-0.628959100823738,-0.11809382873855487,0.7218856313693958,0.6818614102853138
-0.08492142435854863,1.3977220597412945,-1.2108111867345959,0.9317756767713959,-0.15528999871772758,0.3281449443088447,0.33985963305070466,0.6909066320938577,-0.638077938461567,-0.127630396065543,0.7060687233031712,0.6965467966857518
0.01124903514769629,0.4743275318718325,-1.3938366893462577,0.9521061033427284,-0.11339407790422633,0.28396434824423916,0.27692207246885037,0.7135464214793247,-0.6435570450034768,-0.12964618682044718,0.6913705862200819,0.7107732259677609
0.24617577000166388,-0.3933006885950442,-1.5461445856741478,0.9711804948355062,-0.06660473962995513,0.22884985276352415,0.20257795888368463,0.7365633715979419,-0.6453189677940611,-0.1255811173129986,0.6730811305326405,0.728828631912414
0.5957329902402546,-1.2310253913420475,-1.5187334735151896,0.9847869043981925,-0.023757572823019022,0.1721346294601516,0.13027467064026724,0.7564926194014211,-0.640895800408106,-0.11499244807983988,0.6535705734844061,0.7480790348351366
0.9152980999045184,-2.1062057698307566,-1.324331089796357,0.9927303044356995,0.011512963150171801,0.11980815637720885,0.06708512830035164,0.773529570557035,-0.6301996422045752,-0.09993061700964462,0.6336556282030104,0.7671338974590548
1.1457450052648854,-2.9093565301688993,-1.0259641779783175,0.9965333685083287,0.041031958047340236,0.07237142991709039,0.012003515625593379,0.7898939826075733,-0.6131259347417732,-0.08232351463627549,0.6118691646578932,0.7866631835028143
1.318706843988806,-3.608056111820029,-0.6794392314313986,0.997370018490127,0.06420334127549922,0.03363000425312451,-0.03182895079991864,0.8048603301797401,-0.5926101305191603,-0.065115006780155,0.5899811690825576,0.8047870873839853
1.3950380332397485,-4.361673606001716,-0.33364589481889273,0.9965315413063784,0.08321534066755268,0.00030701647606726223,-0.06819186417452283,0.8187238119220851,-0.5701238369443729,-0.0476944110136263,0.5681254499398467,0.8215587114069872
1.3941378044076054,-5.089538366167368,-0.010318186204689273,0.994829236991597,0.09810094636269777,-0.02628675616084732,-0.09641291346560107,0.8308489900787872,-0.5480825720656826,-0.03192709419585704,0.5477829497235218,0.8360110649078789
1.4175458363387692,-5.601707686655148,0.34451261830961455,0.9929485796358245,0.1092504686587579,-0.04601579399554302,-0.11705770524093073,0.8422901111951328,-0.5261604909403772,-0.018724631983719542,0.5278368153896931,0.8491393787101977
1.572912604871214,-5.619142670645717,0.74437585586027,0.9916476324253013,0.11625124131764102,-0.055862527667499204,-0.12849075674583063,0.8528802929769844,-0.5060487439786581,-0.011184745691259948,0.5089998573119654,0.8606939332423693
1.7190061509639416,-5.298740238623013,1.2359864861686265,0.9911964514788533,0.11927088719632022,-0.057480866756963137,-0.13213630629513312,0.8637825305652775,-0.4862301270478049,-0.008342130088155464,0.4895448859478038,0.8719381936283921
1.589062269322967,-5.084364961916847,1.961601614399951,0.9918733177319364,0.11688332985903654,-0.05025543525335836,-0.12701783688668497,0.8869307181794653,-0.4440950013930419,-0.007334213254888891,0.4468693190975657,0.8945691817658427
1.594091102184302,-5.174537042216025,1.899725989472113,0.9937098219765166,0.10591875070422747,-0.03635942734223628,-0.11128581301033981,0.8977589790465569,-0.4261974699173049,-0.012500301197459466,0.4275629003907379,0.9038991695313322
1.629561528196684,-5.125162206601366,1.675767193385226,0.9955267403694121,0.09235947581455979,-0.019905688551588096,-0.09227240002758452,0.9051593590630045,-0.4149365480333117,-0.020305501781595826,0.4149171747805954,0.9096325767415576
1.6177941543053775,-4.857986954793367,1.4819841198931765,0.997191339742566,0.07488439034086049,-0.0013266596035138127,-0.06890442547526367,0.9103295826747874,-0.4081081119716585,-0.029353229674938544,0.4070532876546087,0.9129326420482641
1.6043660244534612,-4.454367956044863,1.3023444081804154,0.998400217590161,0.053264607293483084,0.018970691231212283,-0.041059163869546784,0.9136546841668736,-0.4044122440805481,-0.038873520270906646,0.40298635176616365,0.9143800357137859
1.6891047382148787,-4.079331717861651,0.9970010093719543,0.9987714876411694,0.026271913518878916,0.042015497558658965,-0.007116475807799068,0.9151447844375422,-0.4030625004746065,-0.04903948661152646,0.40226833093946357,0.9142074811967222
1.8651374235001643,-3.8322300451111646,0.5115477487266853,0.9977298585952812,-0.004731873992585272,0.0671769204113896,0.031543287878496376,0.9141725050050545,-0.4040960926346585,-0.05949916181976138,0.4052977183026108,0.9122464630139393
2.0693212957287583,-3.6722456808487243,-0.06714915294558299,0.994806336159512,-0.038545762186711796,0.09420497733311756,0.07388301168743698,0.9100603964954211,-0.40783743736272154,-0.07001181415219712,0.4126794142528109,0.908181725719624
2.251453408281206,-3.470632962009902,-0.630171744745171,0.9892096934799293,-0.07684871239741375,0.12473354692384689,0.12240756169156428,0.9013462341662172,-0.4154411570789605,-0.08050199479559411,0.426226748993114,0.9010272955225553
2.3443681812957466,-3.083301762018207,-1.1332433635811827,0.980777621726732,-0.1161813267684485,0.15677103058402742,0.17332703080788886,0.8877469168548509,-0.42645416167042927,-0.08962698874433038,0.44542935570641295,0.8908196742122351
2.309491718594401,-2.4414014295390825,-1.5450796882030886,0.96796043055715,-0.15935575432507185,0.1940575905217416,0.2310790496688801,0.8677215911471012,-0.4400701228909675,-0.0982602548324805,0.4708131092276753,0.8767439412391878
2.1245154512469346,-1.6532194527695867,-1.797426238381906,0.9517352902939384,-0.20121981381435602,0.2317553100527112,0.28857870486437726,0.8437988412358706,-0.45246640386641074,-0.10450965652948663,0.4975078914525061,0.8611408883769075
1.5278444970664278,-0.05660118254085278,-2.0792434041165775,0.9079908402839563,-0.28340333962950603,0.3086019783593057,0.4047227705027108,0.7838163167549445,-0.4709898731664233,-0.10840716303383757,0.5525527383658101,0.8263978208631717
1.1955216131828963,0.6924586487410652,-2.2179857196515553,0.8789592713463459,-0.32517483562657196,0.34884369793581244,0.4652689264564283,0.7452553553871079,-0.47761834276011544,-0.1046681679804499,0.5821132033737659,0.8063428508206347
0.8480434958549518,1.4131055091899731,-2.2459697250247244,0.8472848042522672,-0.36361494247886944,0.38715970101404584,0.5222655775639278,0.7030388820467395,-0.4826748354972408,-0.09668054082913705,0.6111632383713527,0.7855777295013053
0.4963200606059025,2.0807566164969455,-2.098408179829241,0.8195370399057821,-0.39322706180031247,0.41681112999818204,0.5666544430654594,0.6643076541854575,-0.4874403376258365,-0.0852160922399214,0.6356632901611572,0.7672485902006265
0.11502650180957208,2.6726808410385567,-1.783360450572961,0.7873540078857213,-0.4236773576587954,0.44785171973941595,0.6126884923072977,0.6184119194377451,-0.4921173734908524,-0.06845785316895575,0.6618641813125897,0.7464913447823173
-0.26029685461137697,3.1368446748109773,-1.408233281377404,0.7516492724232233,-0.45233778787748535,0.4800144757439528,0.657727800512321,0.5683108089871084,-0.4943854415551126,-0.04916819804369445,0.6873233227866787,0.7246855443946806
-0.5097819617395145,3.4871836165104426,-1.1036031007371983,0.7256780060494903,-0.47123400923679587,0.501328176023103,0.6874287981729907,0.5271449404573026,-0.49955966529805573,-0.028863107567871485,0.7071468873500624,0.7064773179180229
-0.6519069745894063,3.800625814550743,-0.8569002575203708,0.7062337513400546,-0.4835002563967403,0.5171666951113927,0.7078951229151361,0.49347786623417156,-0.5053356216317374,-0.010880414565596644,0.7229848529542339,0.6907781981053146
-0.8230174980040367,4.113908478707443,-0.4749077809578244,0.6804792176065181,-0.49732592064911885,0.5381588641434121,0.7325633530483899,0.444379900945725,-0.5156330453005982,0.017290696230115955,0.7451130332278277,0.6667140313042045
-0.933073980952351,4.366764447612319,-0.06477045977975959,0.6676965816758669,-0.5034280858551206,0.5483989762851603,0.743659716915674,0.4174851690348275,-0.5221842194789711,0.03393376276311252,0.7564828458122569,0.6531326080793438
-1.0178459017867605,4.484364717420241,0.3765161719473571,0.6533307377399832,-0.5095008859273046,0.5599712442290417,0.7550155044914711,0.3840002064481102,-0.5315029909843398,0.05577217139057665,0.7700342126731127,0.6355602065983045
-1.0614932896366187,4.494417418429759,0.7074617693351715,0.6453297931162925,-0.5120590914932611,0.5668729530817105,0.7606051728216282,0.36181804773016407,-0.5390431071943274,0.07091705855057495,0.7790270772930995,0.6229667596675648
-1.1197898272558644,4.436260513968591,0.9647825364653155,0.6413525401680601,-0.5122394552986256,0.5712071950311411,0.7628770040585111,0.34640973313400575,-0.5459111406343882,0.08176549332504923,0.7858823303939301,0.6129464633032129
-1.2109601759132969,4.342605943899558,1.2000619883851265,0.6410192805765612,-0.5102821591991323,0.5733292247323338,0.7622821410917805,0.3361060242223218,-0.553135316043006,0.08955567710446924,0.7916090313308302,0.6044294187196919
-1.3100079750101639,4.257154320139554,1.4009699029693417,0.644157702002404,-0.5065938298089478,0.5730824954144775,0.7592303548460705,0.33247544199175083,-0.5594902579604949,0.09289845656033982,0.7955015852101694,0.5987880298543166
-1.382779026576557,4.2143945246892915,1.5569451389895472,0.6530624121883258,-0.49840686930775435,0.570175480368639,0.7517076254766588,0.3352625769239599,-0.5679213416614581,0.09189739706330073,0.7994933377715844,0.5936036314510222
-1.5367938009604867,4.161256767049503,1.7826452372627983,0.6713585581599966,-0.4830798785813011,0.5620600655581267,0.7365762821773035,0.3509450615091471,-0.5781807194435005,0.08205526746768393,0.8021666876106339,0.5914351514482297
-1.4537773358528208,4.073941812754485,1.6426261485640539,0.7112164693597323,-0.4536741072072574,0.5369831823820692,0.7014467686460552,0.407687854889729,-0.584605032249484,0.04629864433744924,0.7924458451055877,0.6081825532744302
-1.376718576236925,4.062331766171233,1.4128682867666975,0.7397884879721605,-0.43044342362125904,0.5171377496616094,0.6725634743343049,0.4510660597378913,-0.5866837161059638,0.019270860261912194,0.7818298208777549,0.6231940028041214
-1.3648612193074419,4.054945618621725,1.1801546255379143,0.7651268533248347,-0.40870350118549925,0.4975362765064984,0.6438618167242447,0.4913898221777759,-0.5864963798904903,-0.00478113854565638,0.7690887405097077,0.6391241271735864
-1.2904367501260265,4.015555838805992,0.9061506942437998,0.7925976452510358,-0.3842042157988329,0.47347237860821034,0.6090478131232429,0.5359724916618369,-0.5846317212669863,-0.029150198495194225,0.7517450423808636,0.6588092722355114
-0.633193321691513,3.4084126733795728,-0.02780836313338808,0.8468547771683258,-0.3283197581096252,0.4183815517228525,0.5268556712975262,0.6252019683054089,-0.5757999656553282,-0.07252646419631023,0.7080456449000165,0.7024324001135631
-0.2712085657916826,2.819393867964884,-0.5607629984647171,0.8714718972192546,-0.2977278697374757,0.3897368957882447,0.48194992350954013,0.6671357253961213,-0.5680265795975933,-0.09089006318746656,0.6828528681068685,0.7248799603603358
-0.03179835821045193,2.087977948415673,-0.9320389013281752,0.900492529568785,-0.2567316067766242,0.3510015473936023,0.42065903405834376,0.7189053310375441,-0.5533724804061927,-0.11026867758303961,0.6459597565543018,0.7553653497853835
0.04962054471535629,1.2085243134972299,-1.1272847172804181,0.9215577568603793,-0.22033463457614919,0.3196622429638201,0.3679834531113504,0.7582011100351764,-0.5382557523869808,-0.12377188294080657,0.6136641797820876,0.7798056138844252
0.11501089947805197,0.2356749711131979,-1.3427113415136518,0.9412935755040216,-0.18318308126159155,0.2835672115290544,0.3125252780562415,0.7904575756688803,-0.5267872166667934,-0.12764934504619957,0.5844833443368485,0.8013019810920785
0.2476783044580847,-0.6407254303877397,-1.5796624920856146,0.9582059546480408,-0.1448114911289597,0.24672045013343258,0.25626187455588295,0.8178404132791572,-0.5152348106023933,-0.12716603369666604,0.5569261086036336,0.8207692181298424
0.4456095922171722,-1.287713295501916,-1.65492416103803,0.9714634900568176,-0.1073235368228683,0.21151913844959114,0.20240936416444089,0.8400047483429683,-0.5034108382422998,-0.12364924902794142,0.5318587041734849,0.8377572333377541
0.5770610292225201,-1.8198556200399638,-1.45082718650709,0.9828935505880353,-0.06527914636314697,0.17221759858546326,0.14290515953943064,0.8601884872614793,-0.489544565652423,-0.11618254425452629,0.505780979706541,0.8548024432450091
0.5551003721171448,-2.3640830282434817,-1.073463019815273,0.9896649132887749,-0.03160543890496892,0.1398729982403512,0.09539977275735932,0.8733521319326338,-0.4776556678262798,-0.10706186418592435,0.4860629073282074,0.8673411136091068
0.4112632209403932,-2.891185663005515,-0.7122628650775992,0.9942282900851827,0.0014251618664035122,0.1072757013864181,0.048888153274241404,0.8840446717113808,-0.4648386460785646,-0.09549898252718564,0.46740024318818396,0.8788725487827568
0.3059373356324768,-3.2796023199846114,-0.45830336065659105,0.9965068593980452,0.03163778958842341,0.07728602359160816,0.006819720726740041,0.8915392504667146,-0.45289210225666315,-0.08323202858186993,0.4518371555629411,0.888209217623268
0.3310043595084212,-3.5204361402852196,-0.2596853957141452,0.9970630094825065,0.05718883001389342,0.05093910917290168,-0.02873471060400967,0.8958840792882651,-0.44335768052930286,-0.07099064394827358,0.44059182266522123,0.8948961807228524
0.4578727924742269,-3.674130654503714,-0.07024009293160782,0.9964584644100806,0.07973594905635076,0.026696575315700317,-0.060248928782725905,0.898507344605669,-0.434804114826672,-0.05865658774628617,0.4316558005144318,0.9001292543830622
0.6723237917289502,-3.7492474187507123,0.13207895729962238,0.9952190515738456,0.09724528798056024,0.009077078276230704,-0.0841224231724465,0.9007020068853789,-0.42621510145963687,-0.04962315290316259,0.42341380322118793,0.9045763063101525
0.9118315672807116,-3.75148551903953,0.3988579904547187,0.9937408425763615,0.11166729986940267,-0.003090620568658206,-0.10281101322448694,0.9034063468189115,-0.4162773931972102,-0.04369248625767104,0.4139895972934435,0.9092324125202731
1.0475967215782453,-3.782520696491067,0.7021332484679625,0.9927082285435678,0.12020144425978005,-0.009054599922363502,-0.11341874977820803,0.9059676189716239,-0.4078711323122003,-0.0408235248433938,0.4059239906346402,0.9129946076766333
1.008973626725815,-3.9891381800243217,0.9598148203072792,0.9919672963836572,0.1258697236762033,-0.012557689555537915,-0.1204001244080479,0.9090673040319458,-0.3988739735588399,-0.038790371844357255,0.39718188453373354,0.9169197662011703
0.9641011571759974,-4.346776343628434,1.0459995810770402,0.991832680739976,0.12693475388787825,-0.012470030937250031,-0.12159359986946756,0.911498031040177,-0.3929202665690155,-0.03850882868818385,0.3912274372603568,0.9194879892895601
1.0739601757581847,-4.645995391394356,0.9566602939350852,0.9922188624976513,0.12424587792003879,-0.008043054379085517,-0.11754648869829609,0.9135053525693264,-0.3894750233607975,-0.041043292979088944,0.3873898974509679,0.9210019084965902
1.2884778212526258,-4.742277121380716,0.8317211740892487,0.9928828972552354,0.11908966500601491,-0.0010972815519341185,-0.11011673629502343,0.9144857554383279,-0.38934574286631785,-0.04536360574051863,0.38669555827439767,0.9210910315951789
1.505040780308829,-4.662245644910522,0.774313136702319,0.9941789648207778,0.10702450518342342,0.012407304224908048,-0.09365406906454106,0.9153715152403608,-0.3915659643460116,-0.05326444644920393,0.38812465056578344,0.9200663858481347
1.6598172772115956,-4.543651988722579,0.7198080890870318,0.9952627382215034,0.09379816746216192,0.025573143893061118,-0.0761645111236167,0.9157218081853946,-0.3945282464652862,-0.060423912097243036,0.3907114968802603,0.9185278858327881
1.8567512879886288,-4.433564853111291,0.515736107146965,0.9963167230033256,0.0726601028355087,0.045535666458803,-0.04846563366416389,0.9152355071711563,-0.3999938109104803,-0.07073945022012149,0.396313607978696,0.9153859592070789
2.057461737545177,-4.274598205185724,0.1632098031416862,0.9965088534895123,0.04780058494961955,0.06844858651200492,-0.01584416909298176,0.9132490106913441,-0.4070936093542073,-0.08196991657169216,0.404587874941597,0.9108180851451474
2.194285640386441,-4.012488689290382,-0.2314418082294334,0.995337897959039,0.018899890091643487,0.09457940072238286,0.02219902854213443,0.9093935799915079,-0.4153438573062276,-0.09385985306970585,0.415507052677514,0.9047343351266046
2.3015602855262367,-3.706773880149413,-0.6033927638999478,0.9926159405574076,-0.010900195763857128,0.12080885846510597,0.06143534330834564,0.9039423310483158,-0.42321857323553774,-0.10459107583306597,0.4275154358280508,0.89793722441206
2.4709683635000883,-2.9721290184606413,-1.5696119369669466,0.9790766485627266,-0.08743192874788012,0.18375139203446691,0.16133156285942776,0.8838507972783143,-0.43906707343619406,-0.12402033327044974,0.4595252180086696,0.8794632061374552
2.4423206968949502,-2.4560372621920146,-2.0902935761140404,0.9644674908338573,-0.13773167459410887,0.2254605174706773,0.2278303037676347,0.8656642149087342,-0.4457788910565345,-0.13377522868524916,0.48130598670694796,0.8662844425188885
2.251576862459979,-1.8410060060527318,-2.350148883849478,0.9481212586247137,-0.18159373677579999,0.26094021098268794,0.2857456580283113,0.8465445029713857,-0.4491233944105988,-0.13933950574713566,0.5003859702796754,0.8545164614478838
2.0115361895120243,-1.1449708172793698,-2.322344949419754,0.9270171964178702,-0.22949650248833317,0.2965981673766278,0.34777965348450096,0.8220078543302357,-0.45094611656117384,-0.14031546660205596,0.5211856125844473,0.8418296306659815
1.7904381757267704,-0.4798353852312598,-2.223579666038612,0.9020616240529704,-0.2784029222051302,0.32981303691419084,0.4097830263706915,0.7923573858648458,-0.45193765539497394,-0.1355090318369779,0.5428273997994878,0.8288399823352713
1.5842464197226573,0.14214316917382308,-2.238679053841264,0.8752143065300558,-0.3233754177157983,0.3597613887874104,0.4668644734150035,0.7593728008731152,-0.4532003009233918,-0.12663917682946985,0.5646071984231638,0.8155864334211926
1.0303119898775406,1.5608059896123636,-2.1468407637470164,0.8109394425389418,-0.4079313561439478,0.4194868641676277,0.5766875055980271,0.6785446241804006,-0.4549821028161499,-0.09903909037222014,0.6108757661508918,0.7855075155005236
0.6318635498817484,2.2419680776038295,-1.809551627736099,0.7819222139117211,-0.4388044327000088,0.44277344233164645,0.6176817757637867,0.6411644288746118,-0.4553870870316696,-0.08406470888957424,0.6295703653990689,0.7723822109102432
0.19126054201895581,2.838539240766816,-1.3207053121595425,0.737998096352853,-0.4797220067600642,0.4745793990573778,0.6723467062493529,0.5826878304896149,-0.45653564898587456,-0.0575214427427962,0.6560043356788151,0.7525620208297686
-0.1598410506666469,3.318827051554014,-0.7865093797281024,0.7034274586487363,-0.5072048947623289,0.49792871492625856,0.709965692512366,0.5346584647245766,-0.45835471149950757,-0.03374204905482898,0.6759315947841871,0.7361915194418424
-0.3970022733144517,3.7372881020578173,-0.22384204669756125,0.6756377456935402,-0.5254144986316022,0.5171588162468598,0.7371605201097228,0.49135674531805323,-0.463856568803347,-0.010392506228807833,0.6946280684352978,0.7192939888224654
