0.4712272734833976,-0.8836057184018711,-0.3882481839360505,0.9997838799103221,0.015191068620428773,-0.014192424233793684,-0.015706922858016902,0.9991928596163663,-0.036971906442606534,0.013619326187255233,0.03718683538347904,0.9992155189088925,0.8855054,-0.33209106,-0.36894286
0.08526415776099705,-1.9862106478500252,-0.8166279266142255,0.9990515655936884,0.030911206428099438,-0.0306670279283724,-0.03345862190387398,0.9957015837172234,-0.0863647891406388,0.027865568450935168,0.08730895429549493,0.9957914724452773,1.328348463091164,-0.4121886119565395,-0.44533003687269623
0.17409039477526023,-2.3811216404612017,-1.0947258280693364,0.9984307673424868,0.03974164380551016,-0.039453828350731884,-0.044634453302184914,0.9902342625790811,-0.13207524670762094,0.03381964521262951,0.13362898997635136,0.9904542011802424,2.36273757560188,-0.39612981803241976,-0.49718819922461144
0.461173037139361,-2.416669610103486,-1.4212328964372816,0.9978352553429113,0.04651258180696505,-0.04649067571457171,-0.054042120651255986,0.9827866403001585,-0.17666315077865674,0.037473355737939654,0.17879317487302945,0.9831727967293238,2.782267014890207,-0.36125184180138525,-0.47668356632292214
0.6993174054272756,-2.1947413771039455,-1.9698699108427813,0.9969485226963419,0.05450486184618717,-0.05588258341119734,-0.06630532146849977,0.9690699326561641,-0.23771215780169294,0.041197663022801194,0.24069209720492712,0.9697268001373137,3.228371678688987,-0.3860104627669608,-0.5023810111803612
0.680777389854853,-1.9460619318320997,-2.737332017490033,0.9959005520951845,0.06224635886073409,-0.06563140365013816,-0.07954807888489829,0.9480939738957079,-0.30787971646142454,0.0430603469822139,0.3118384316777293,0.9491588903058041,3.5903761601069286,-0.35374617682244697,-0.49496649127759207
0.48396807972999045,-1.6092529962855657,-3.347846976850491,0.9950235963604153,0.0680639431820409,-0.07276910281498238,-0.09050686330861991,0.9228432924787194,-0.3743911927664323,0.041671937560189866,0.3791141743136873,0.9244111057610843,3.6984447645976397,-0.24384656206970584,-0.41134151842720046
0.25489220180219846,-1.0439228423902485,-3.476537555813219,0.9939954642062911,0.07413801616502237,-0.0804771501510512,-0.10269392470726463,0.8859803946376437,-0.452208688711246,0.03777532217650335,0.4577578998519203,0.888274017495514,3.772721093198244,-0.19577016012016002,-0.38315121099789884
-0.0023864185932562787,-0.5711594155405726,-3.3032821598326505,0.9930612278115934,0.07941274151134656,-0.08673531174200495,-0.11331634540709624,0.8434014924926451,-0.5251983704513554,0.03144524894018795,0.5313826671494202,0.8465480833197003,3.901196743022395,-0.13130187608404478,-0.3554297288155021
-0.16150056906386817,-0.21537486172990117,-3.005757022957678,0.992356506298247,0.08392745311776757,-0.09046959169081285,-0.12125841106028465,0.799285223696884,-0.5885911390149853,0.022912052607143577,0.5950624452887172,0.8033528017330495,3.8470566781013678,-0.027697658632327996,-0.29193362997834715
-0.1519602241534423,0.26138842976073584,-2.331153926657406,0.9919668653843012,0.08744916091725156,-0.09140230978762227,-0.12583367992981997,0.7561073652454362,-0.6422363561936717,0.012946929171176604,0.648578674083934,0.7610375027214908,3.5460521305723174,0.07480608929105007,-0.1729978535357015
-0.39966709478445994,1.1614763579163911,-0.42164357860934537,0.9916185023225842,0.09382103784279933,-0.08882769111946663,-0.12892331071118043,0.6735318954506384,-0.7278279781417716,-0.00845729311208901,0.7331796496553699,0.6799824082463058,2.969347199224763,0.1564741287402162,-0.07091396016065168
-0.7360400106607115,1.1462244775955628,0.19604306814608408,0.9915302717766387,0.09755716329272328,-0.08573400749307289,-0.12839710034911844,0.6369869546793578,-0.7601064426711936,-0.01954238400205483,0.7646765456443628,0.644117905176468,2.3657030536200834,0.23525086351703417,-0.007662168108708012
-0.9890163818023385,0.6783310837912531,0.4916646200708148,0.9915745703201067,0.1011812328246157,-0.0808840504585857,-0.1259528328821423,0.6072168085986781,-0.7844894079872587,-0.030261450452006858,0.788067322935882,0.6148448089861486,1.9724211157195144,0.30032549275251436,0.07663458546561536
-1.0910719327893634,0.07848827841843337,0.7466534201758006,0.9918495810025892,0.1042912110102101,-0.07319666639275382,-0.1205622014137336,0.5823349846310548,-0.8039594027468201,-0.04122092011664231,0.8062315479939826,0.5901622884969562,1.5478652006057345,0.34609724139632153,0.20907600604106727
-1.13417714800738,-0.3312614771245159,1.0224443555853984,0.9920707452816451,0.10691499835054859,-0.06606678048780372,-0.11570649521769848,0.5717351859828054,-0.8122381941731402,-0.04906774216079418,0.8134421062601256,0.5795725118070497,0.7029402939764153,0.32376725662403255,0.22016351940678053
-1.1424349013807076,-0.41813062529494677,1.1455660587652559,0.9922896713677944,0.10894948872426445,-0.05908652133537614,-0.11088148697122208,0.5673616425995135,-0.8159694003783676,-0.05537602318553752,0.8162296094932501,0.5750675791962642,0.28641601311048254,0.27232957990889906,0.21823637852860253
-1.0269831163177483,-0.19176227600664153,1.2090150991414208,0.9925212185946624,0.10991722054458501,-0.05310212111695368,-0.10673236214504234,0.5702739388813036,-0.8144911525018199,-0.05924384786883847,0.8140674660374021,0.5777407093403905,-0.15052699824450733,0.21282715942621605,0.21929441257003454
-0.8191940093084016,0.06437037627598069,1.1953791958691897,0.99273696391136,0.11096066426642817,-0.04648711079007181,-0.10216219592715281,0.573487759898362,-0.8128189681411851,-0.06353114360215327,0.8116646599626673,0.5806584827248206,-0.15052699824450735,0.21282715942621605,0.21929441257003457
-0.6081458803346069,0.12236359008159159,0.9313852883930062,0.9930259241020076,0.11057072382057463,-0.040910012162651846,-0.0984266932136639,0.5865132344917576,-0.8039368207944205,-0.06489761262463647,0.8023567416055102,0.5933059573911355,-0.7908891866711052,0.15017567093231063,0.2432884541370068
-0.39042453830805346,0.1860808045794181,0.8287708905436229,0.9935321437309413,0.10843410163942405,-0.033703486096418905,-0.0934194976537941,0.6118242054905931,-0.7854577894667018,-0.06454980117330479,0.7835261241193279,0.6179968737712442,-1.5129373521581027,0.12898804999584695,0.34504382571209524
-0.18399109395947755,0.33691235660362073,1.0740864950735465,0.9942885892595804,0.10341027156850982,-0.02639160855879747,-0.08772624614716552,0.6510753093925702,-0.7539264203065815,-0.06078081115879131,0.7519356736008053,0.6564285458154475,-2.556719856591405,0.038700612509748086,0.45468069069530337
-0.05660229801748953,0.540597368247186,1.477488269480759,0.9952574700842061,0.09549138758492251,-0.018546243250108518,-0.08060473471380844,0.7028326675121632,-0.7067737390561805,-0.054455899435255306,0.7049167584721219,0.7071965205244254,-3.3448902127976443,-0.022884224828756402,0.5381530059547013
-0.025220146419329265,0.5694432871622922,1.5764574256915265,0.9961880751545045,0.08653621706646653,-0.010990998853109436,-0.07279539995657898,0.755278385928013,-0.6513488999723096,-0.04806400592049473,0.6496661010748536,0.7586987600155107,-3.8448581287710284,-0.029206113838057025,0.5954612323159569
-0.021645157724902386,0.42357761481569656,1.4499794918511388,0.9971238754259524,0.07573043596658242,-0.0029796180697158926,-0.06349743988090518,0.8132990185907558,-0.5783707993042914,-0.04137695232977939,0.5768965309547508,0.8157685581022808,-4.519600119361612,-0.01766520426559065,0.6570447391995387
-0.03350300312249975,0.4322692278416529,1.6693752074615578,0.9980484811970042,0.062327566544605605,0.0038083630317119832,-0.052517538840127206,0.8708264150101965,-0.48877731436172983,-0.03378072371233732,0.48762345038884025,0.8724002712839753,-5.521748695604135,-0.07507600213737908,0.7806199737910696
-0.06888104710472842,0.9933572164308354,2.2972694515705805,0.9989610279568991,0.044160224021348254,0.011257852267650737,-0.03727570518378777,0.9338847646034768,-0.35562588241656523,-0.026218055350220773,0.3548367526848002,0.9345605879330454,-6.727209450462297,-0.04363083265034201,0.8996701633487222
-0.01664282536923091,1.7110154697154498,2.796137081293114,0.9993265722594675,0.03368015855551732,0.014561898771070258,-0.028419788556034546,0.961469396009378,-0.2734390538233206,-0.023210290704210563,0.2728410662950833,0.9617790988311136,-7.480318264139019,-0.014316110763786846,0.9512612664051618
0.13010796914364167,2.355248947524169,2.5260335052360823,0.9997262105928422,0.014866071544726123,0.018069415333751376,-0.012771672265502482,0.9937434062002518,-0.11095461694343586,-0.019605821615507817,0.11069346209397007,0.9936611943758459,-7.891247799795054,-0.008964062371174142,0.9138421576982042
0.2782010451509677,2.54463411331813,1.8130158581201292,0.9998557309888446,-0.0025894426085051893,0.01678725694510174,0.0017783683742624522,0.9988384849960795,0.048150994762959184,-0.016892442531766312,-0.04811419413971629,0.9986989885383871,-7.9828457478606145,-0.09201923833030674,0.874490783117293
0.44308385952215573,2.3915210412817878,0.9301765270842595,0.9997911002370912,-0.016949737918636708,0.011422008194558091,0.01429126832535418,0.9792393073229576,0.202203211258643,-0.014612170829816803,-0.2019977360718283,0.9792769777164666,-7.512393245028881,-0.17051520368137013,0.7227682821756133
0.7308966651321694,1.6950581720878284,0.1342425558337642,0.9996384870499359,-0.026622100839602595,0.0037628387424346633,0.023718846562803538,0.9390851101095873,0.3428652392532594,-0.012661418808558474,-0.3426520388343696,0.9393770642060646,-6.6243120154801645,-0.21414270913018651,0.5166672974970776
1.112146058835,0.6501553824244127,-0.3087389175462765,0.9994727490037082,-0.03185292583079269,-0.006294053939130238,0.03116783569049984,0.8869029084691356,0.4609032403524178,-0.009098901985441204,-0.46085640069874945,0.8874280747855873,-6.009444686025905,-0.33071580710316006,0.41192923518885427
1.4395614278170514,-0.006926639610203511,-0.5664398279912137,0.9992349202525639,-0.034089426061016975,-0.019169902938798705,0.03899758171444209,0.8313695570609756,0.554349932995994,-0.0029601973376655218,-0.5546733909455795,0.8320628982286467,-5.618187573313385,-0.5143734110522813,0.43840627464094617
1.6727707351186625,-0.3178674520219913,-0.9204016431029323,0.9987929359491056,-0.03376675740851945,-0.035671798276513414,0.0487393136230884,0.7714295096276491,0.6344454200190867,0.006095113265256598,-0.6354182227240253,0.7721441133781476,-4.883887736563377,-0.6563312625567919,0.4677036127630402
1.9390912776460876,-1.067020000103921,-1.2439441926619832,0.9982284628108776,-0.030371613350105194,-0.05116152007851284,0.05717413448911254,0.7276131183644652,0.6836009569400556,0.01646372921464781,-0.6853150480519528,0.72806059537232,-3.631222960777759,-0.7640955148170003,0.4239023793717194
2.5362530141906663,-3.8715443035366786,-1.029680887759323,0.9960022933794654,-0.020816448192470173,-0.08686833178722525,0.07824393358487763,0.6724765660695573,0.7359708927290953,0.04309661750080315,-0.7398256170017001,0.671416962839072,-1.9649747539498774,-0.8177097061258429,0.4826593480163783
2.670377788321133,-4.610363494328623,-0.8686798627812586,0.9942636153494565,-0.017073616919475613,-0.10558576986277526,0.09029428610863127,0.6631293373434655,0.7430386422323868,0.05733066446815896,-0.7483100784833137,0.6608670224424403,-0.6340918613539124,-0.7928970725048903,0.5938021470476298
2.848434816864604,-4.769780832760996,-0.9388541907165857,0.99173418019472,-0.01704922535505491,-0.12717169397432346,0.1055258995464928,0.6721961764763723,0.7328141543771172,0.07299041278421428,-0.740176752029769,0.6684390588499841,0.5611239839238308,-0.6495967277837174,0.7224722103358784
3.1375108924857034,-4.748750594585612,-1.2386353344695353,0.9894828408768004,-0.02937516172266657,-0.14163617999700356,0.11970326659869726,0.7160010296613272,0.6877598806920338,0.08120859299346146,-0.697480914002445,0.711987035715073,2.8955188621671155,-0.061068648208279286,0.8985673121278541
3.4449259415841658,-4.593113703840387,-1.8521214423848988,0.9877576353300814,-0.04749034042785207,-0.14859179456878696,0.13102923573482336,0.7694823165559327,0.625082637649186,0.0846533710484941,-0.6369000173290639,0.7662846564406498,4.099900372436823,0.3439963326512106,0.9222884511626647
3.6494087522464658,-4.161604305976914,-3.1043310871055168,0.9864438483707048,-0.07173859780343506,-0.14758762684178905,0.14024498282978975,0.8355368529181548,0.5312339524227512,0.08520492240866273,-0.5447308886053943,0.8342711670653085,5.500033698521315,0.7287359574591834,0.9247121902519486
3.5895718739674836,-3.6358734566443043,-4.805524509492569,0.985901688647778,-0.09499678902076268,-0.13774422092125907,0.14373446652235103,0.9022648340863579,0.4065200761397306,0.08566366473012428,-0.4205874216460374,0.9031987363244834,6.989014587446682,0.9832201472894698,0.7808992659656897
3.186836199151482,-3.0041971691982767,-6.77982917360038,0.9864059030037458,-0.11323242704083605,-0.11908741321318128,0.1397710886117334,0.9592249819791665,0.24566537553216308,0.08641433508195434,-0.2589707539733189,0.962011804126558,8.36571400633619,1.1652685403702139,0.5332387138385971
2.4507180660951726,-1.7164111484360656,-8.819089788572006,0.9879287386961345,-0.12383695818051231,-0.09306564912395446,0.12935972935195159,0.9900243368792278,0.05583791551298395,0.08522245995190975,-0.06720282862680166,0.9940930098055726,9.348379911903264,1.332679876091667,0.3029156481951825
1.5111998253301622,0.7275612441159602,-10.073245016641179,0.9902424998905257,-0.12521462247198098,-0.061164448250285046,0.11548691984369687,0.9830082247767746,-0.14268006646420386,0.07799078635055628,0.13422417196769532,0.9878771729845816,9.725629602261746,1.5590942016251117,0.12082507429561767
0.6047994060205449,3.9577507628572866,-9.505020608141693,0.9927201655868316,-0.11720099210722924,-0.027759688152700496,0.10180083319995295,0.9396463734472557,-0.32665162364086864,0.06436818466485908,0.3214476945266551,0.9447370620900025,9.663675122707485,1.7562975485404648,-0.006862424072858808
-0.2589610329159446,6.959926106332107,-7.401227832051319,0.9950968046331479,-0.09872932688549446,0.005905033584692271,0.08871237374187148,0.8645500750047175,-0.4946547104338742,0.043731729373324736,0.49275317129580715,0.8690695300284917,9.066855665145184,1.884990098636388,-0.15133283500829187
-1.0079105192831508,8.434613786264345,-4.105902135880197,0.9967869678738333,-0.07135157012849963,0.0363963475789525,0.07830311315196423,0.7723729451342771,-0.6303242467931197,0.01686307052706686,0.6311489420610648,0.7754783361175206,8.183343619108184,2.0253563625456885,-0.2698785836592127
-1.8260579447166492,8.00170128343384,-1.129699493778547,0.9973468156855454,-0.03761449614833426,0.06232558801495498,0.07139339454841369,0.6726888140107787,-0.736473178547343,-0.01422365834648373,0.7389688147576186,0.6735894731651938,7.207497492129212,2.079709545760495,-0.3324603911036217
-2.8286520127476975,6.4896773885271175,0.8362027269662877,0.9966047406627531,-0.001427236515148523,0.08232225631296201,0.06778780125176088,0.5817146654418028,-0.8105632992008601,-0.046731198251050106,0.8133916713403585,0.579836342517576,5.88561507829324,2.0456273705392083,-0.36124752326730714
-3.830031989700454,4.732978684258154,2.258589578031726,0.994720136912181,0.030487964883813397,0.09799149564454937,0.06804814239797995,0.5188075584570113,-0.852178483420028,-0.07681991628215049,0.8543472369505964,0.5139936762035942,4.03228298623603,1.8919605662333006,-0.23619153363291445
-4.427938998871117,3.1698020460963887,3.8715608442418543,0.9926719836694208,0.04773089546983608,0.11101393811348707,0.07280749194164882,0.49696872187827745,-0.8647087131467094,-0.09644377613399571,0.8664547599801845,0.4898517601812784,1.7484084661597132,1.4780268534446286,0.17598158501488648
-4.35946504837171,2.033678652733881,5.998624043019043,0.9884792854101419,0.0575724935052794,0.13997896380042338,0.09061466865165106,0.5156730604230203,-0.851980209030179,-0.12123400570882387,0.8548489356287113,0.5045152258497776,-0.7306485193114346,0.8319011507644409,0.7211389276576448
-3.918638202461169,1.463516535909947,8.171085838254916,0.9860435991342277,0.04973271082181275,0.15888573907287185,0.10419688216721264,0.5599839473205706,-0.8219251720746265,-0.12985003023892888,0.8270094535237106,0.5469865934640105,-3.1388073699102685,0.22327515478585236,1.2392862649521625
-3.660473932883346,1.7000569772222858,9.547398388128354,0.9833645370173405,0.025409031638277926,0.1798570778364777,0.12045210518796617,0.6499310404009676,-0.7503871887759697,-0.1359613095423066,0.7595683141327849,0.6360585652854776,-5.3090606914553655,-0.3111175404179861,1.4998526355200488
-3.956929345077479,2.4122539278269306,9.622607262424408,0.981444655631322,-0.008998991320802941,0.19153434701881622,0.13285488392715883,0.7521819077250739,-0.6454238587996025,-0.13826050683191254,0.658894070277064,0.7394204733467326,-7.3086245748946155,-0.8232868368401492,1.6617311701750086
-4.561696299884658,3.3320814422440526,9.054163736475964,0.9803951090910343,-0.04690911877467947,0.19137649972283027,0.1411284626398929,0.8449626948689594,-0.5158689768852998,-0.1375070438315062,0.5327640930614309,0.8350175052303702,-9.04252228685708,-1.3070438231200137,1.756399410743604
-5.541083683281904,5.101804278404336,7.219813331765462,0.9803987768290275,-0.08661864699040508,0.1769617144630412,0.14459448769771632,0.9264202647600345,-0.34761750124149726,-0.1338307607375161,0.3663914614664202,0.9207858732870082,-10.328777950183554,-1.7138524700883484,1.626136699815703
-6.4433452947913725,7.166394999971214,3.7142491805586504,0.9814196796363697,-0.1266932445226345,0.1440980021193015,0.14527591664929318,0.9812428148399336,-0.1267179796505264,-0.12534081723107554,0.14529748833800127,0.9814164862169956,-11.040584055819403,-2.052132522455209,1.4923239195813724
-6.482957640808765,7.446801702374756,-0.43074695086889675,0.9827401256914912,-0.15288636966248031,0.10415182824751709,0.1448153994117672,0.986127240248648,0.0811268521070282,-0.11511014485736348,-0.0646438242294855,0.9912471087170465,-10.946759525942577,-2.1660968135868695,1.315366187091088
-5.38715879826068,5.25050245891778,-3.8470523007915194,0.9841893265204449,-0.16828418181244667,0.05524313274018098,0.14501787011654893,0.9446871782857749,0.29416993818084197,-0.10169162654856889,-0.2815076718922165,0.954155251390323,-10.208040166976748,-2.1458959742666446,1.1348481994687174
-3.7195049284162076,1.9929035491570848,-5.301307315597516,0.9855480801449289,-0.16907835268112575,0.010367853070069148,0.14543587164293117,0.875942705956739,0.4599704154841341,-0.08685268540526843,-0.45181510215554177,0.8878737097707482,-9.003036684416921,-2.083722423442101,0.8830756691683004
-2.339056912421248,-0.9115811944989161,-5.538519720660199,0.98707479743003,-0.1568253242194128,-0.033002453877587386,0.1453925295709369,0.7896854706331831,0.5960351246493889,-0.06741184334692585,-0.5931295601757882,0.8022798565477295,-7.297556993918221,-1.9683290153334783,0.5686993860942111
-1.5376940759851807,-3.1889880579643846,-5.371335551720634,0.988163632011875,-0.14012929750783537,-0.06242128121931959,0.14550288234449846,0.727265434025325,0.6707562148063921,-0.04859575700144896,-0.6718993737546687,0.7390464694114572,-4.984681384645765,-1.709954882326708,0.29847820805524955
-1.0188061399416137,-5.243500184666861,-5.067949396317685,0.9890300223998798,-0.12426042049041709,-0.0798684085933796,0.14442365693365067,0.6999578734722656,0.6994288975171782,-0.031006807471997258,-0.7032910658210642,0.710225495618586,-2.0412509301635717,-1.216018215409271,0.025934603229850195
-0.5995421413011544,-7.100038381112868,-4.891687950178144,0.9896280206637178,-0.11384779383699853,-0.08760742294840923,0.14284746143463242,0.7153735178884617,0.6839848921325444,-0.015198140639381593,-0.6894051129360264,0.7242165468827473,1.1070614098463298,-0.6515371997366987,-0.10683828184888428
-0.3604033647786631,-8.704629963875014,-5.4878514994190795,0.9903054011720803,-0.10903898802502623,-0.0860564436860149,0.13890378163823358,0.7729966600729028,0.6190168842307416,-0.0009756310798833883,-0.6249693293327406,0.780648695340856,4.415955688672929,-0.10177907820749282,-0.2385420371510294
-0.3590449530189188,-9.541306913029675,-7.169326327419087,0.9911802563482836,-0.10918541653506049,-0.07510155951388298,0.1321263484170335,0.857896922903418,0.49654355068496037,0.010214082402872944,-0.5020870586749996,0.8647567623509833,7.375239929548352,0.4515016965404456,-0.30315738072936904
-0.9172177125350968,-5.960107691756204,-11.311893272055377,0.9943505450811249,-0.10096879594072217,-0.03274592712310621,0.10250036996984567,0.9935223774672532,0.049060774839596866,0.027580204004245056,-0.052140077848979505,0.9982588565241917,11.641186713499621,0.9527720498451142,-0.49977300977954286
-1.7043773970498535,-1.2690864107349427,-12.069980263374806,0.996084685506261,-0.0876223917712448,-0.011730974391787143,0.08292156369891521,0.9720512461843805,-0.21963694831498615,0.03064822300919025,0.21780424984760874,0.9755111455922477,11.64118671349962,0.9527720498451145,-0.49977300977954275
-2.7357326997181906,3.8892745756105978,-10.561329291059584,0.9974847592583688,-0.0708671089862186,0.001417007837141689,0.0641224219801648,0.8936701230206013,-0.44411938284625807,0.030207119138918492,0.4430931776548572,0.8959664981845294,12.09140130802479,0.9141498523316878,-0.5812214443554965
-3.37629230464897,7.142821161372448,-7.602708597998829,0.9987147315242657,-0.05061994217782569,0.002550782297367661,0.041500052694950565,0.7878166333843912,-0.6145101283048151,0.029096918440469445,0.6138261754086393,0.7889048077686378,10.884763985679895,0.6358039657543371,-0.8966255240781027
-3.27680537291225,8.400100544400917,-4.438096784932895,0.9996248944526878,-0.026937691967516244,-0.004942786857334847,0.01400606363175512,0.6579095179255209,-0.7529667299453225,0.023535092351573007,0.7526150589607361,0.6580400234435068,9.453016732531982,0.5374667040694006,-1.1099445026041834
-2.5398635774147147,8.575001699443757,-1.6436262342780519,0.9997713503310324,-0.002940067990915127,-0.021180251591371473,-0.016321814699233342,0.5349890199201394,-0.844701335934668,0.013814681400194696,0.8448538953955872,0.5348187076128821,7.4645211512870215,0.46141003080659615,-1.3271418603486849
-1.4897868859069177,8.371934162257459,0.6664589079911707,0.998961198171177,0.021259818742678425,-0.04030564049156788,-0.04555719985555168,0.4458967104264695,-0.8939243061759619,-0.0010325162121533737,0.8948319080910571,0.44640204991956495,5.1466324328425594,0.5893900450715944,-1.4413898780883723
-0.21737323506430917,7.720873298053739,2.4269069288328144,0.9972026309633212,0.04551827472753756,-0.05928743092476866,-0.07268697036434892,0.4056694334019338,-0.9111250820510906,-0.017421743284844485,0.9128857526926262,0.4078432117759646,2.2473271595717286,0.7154667973625588,-1.4254806382044203
1.1553406838579479,6.483642980568813,3.6892997821711466,0.9943979387706567,0.07103682107367376,-0.07827202195175897,-0.10116258450050435,0.4249340593128232,-0.8995538765038504,-0.030640999752750288,0.9024327206433027,0.4297398211086317,-1.121281345826412,0.7443540079093649,-1.3655146579032924
2.31264150835148,5.619312669332826,4.763950238002369,0.9916766465749682,0.09468305679389989,-0.08724991343255947,-0.12335929078517996,0.5046199718643865,-0.8544829836647208,-0.03687701201023944,0.8581339072381123,0.5120998762286977,-4.837493606721098,0.8758811494576788,-1.0066437904438679
3.274720523665512,6.135839820010775,5.5186089399527205,0.9891716600844412,0.11790974445150018,-0.08738832329993024,-0.14205319821425114,0.6195611116217449,-0.7719876409911823,-0.03688245874252155,0.7760420872152554,0.6296017496066034,-7.981974683325136,1.0698074229157348,-0.7604892708221871
4.225948538954896,7.327793530567776,4.538926958248044,0.9866648645795826,0.14410270849625795,-0.0756759830342298,-0.15962837972325944,0.7658657570241438,-0.6228711123537213,-0.03179977029919153,0.6266450762767373,0.7786557153113568,-9.73225724373741,1.2481778018959058,-0.48396184702634626
4.968001891344563,7.304242661318991,1.724882105969526,0.9849001111486464,0.1636669434661076,-0.056434941976106004,-0.1714657881148064,0.8771814397810478,-0.4484999500666821,-0.023900932315555165,0.4514043124739839,0.8919993789876408,-10.296518152171263,1.3329892670114103,-0.3027885121245222
5.285957525560752,5.779607946054467,-1.7160483996489426,0.9837064470225784,0.17684184501209335,-0.03238190758640801,-0.17923311403505737,0.9505969422165079,-0.2534579734037208,-0.014039833314963062,0.2551321526216248,0.9668042551515502,-10.070297280152936,1.312814650875958,-0.1849178611649883
5.241926385274973,3.4626402565495695,-3.902376315782732,0.983125471719903,0.18274856922966465,-0.008201664466998916,-0.1828800156464778,0.9807808811308726,-0.06799825795778328,-0.004382548649211573,0.06835073995692947,0.9976517276157433,-9.615218948023601,1.2700701160106647,-0.09882529292168908
5.036464522024175,1.1897170162360913,-4.685368243797224,0.9829200306446371,0.18337092951676467,0.015598575758839859,-0.18393688978523906,0.9761288730802088,0.11549737536106325,0.005952640899572237,-0.11639383723943154,0.9931853002934554,-9.05812092995293,1.173418608052501,-0.06006220979475565
5.413395901307148,-0.9839234121035842,-3.792082175803271,0.9841924668307283,0.1740617713095982,0.032675495439422574,-0.1739712935192957,0.9156569785597822,0.36236209327962776,0.03315384238470023,-0.36231864067880315,0.9314644520065136,-6.673397964987989,0.49439683835096604,0.13104251187663857
5.805379340318,-4.0801611615170215,-3.458057951757282,0.9861538361780897,0.16581694352151993,0.002313575678257941,-0.15165034309667172,0.8960808282158325,0.41718260119843176,0.06710279301116774,-0.41175707710397524,0.9088197426469626,-1.3300446980216316,-0.554341595411912,0.4413137930109523
5.954778910489324,-6.168408772379793,-3.4600030927752448,0.9867466571482328,0.1607130975179831,-0.02241282875863262,-0.1400568184806939,0.9132677367057078,0.3825259843324375,0.0819458492167505,-0.374317166823283,0.9236728514022354,1.866331127066948,-1.0215490225475428,0.72336541486238
6.1440737276731445,-7.693764123189695,-4.056202405917774,0.9869250274470817,0.1519299121378252,-0.0538172091098235,-0.12921084095467847,0.9453665496711738,0.2993102827211334,0.09635117424485533,-0.288443042142834,0.9526368996952747,4.858517916193451,-1.4694017458314081,1.0461744521486924
6.435079443076544,-7.723591763425755,-5.812343242776548,0.9857646533311838,0.13716589913207294,-0.09722944182778048,-0.12284844791152943,0.9824352122630079,0.1404610713025745,0.11478809645856113,-0.12651707323926165,0.9853005242515561,7.620583979687071,-1.8525651921331738,1.1189219138283066
6.731877980030187,-5.91166727254505,-8.133603993382316,0.984047738696384,0.11627981972543751,-0.13464416619799627,-0.12468673722941828,0.9906281539447126,-0.05575910841443582,0.12689864272566437,0.07165796631715589,0.9893239461054573,9.694496399514923,-1.8260219448363237,1.0972144292130441
7.00930766349359,-2.1379476141458493,-10.078072006636178,0.9828318811841729,0.08460894809337377,-0.1639598098026263,-0.12744045183053673,0.9539156570493256,-0.2716686409458813,0.13341823175716727,0.28789971368288375,0.9483213222827506,10.507978208536963,-1.665320855144131,1.2562733400934862
6.896763732267295,2.236058276891643,-9.917989423300085,0.9821362908774142,0.054599798523860155,-0.18007545124949637,-0.1294656977580799,0.8905399864479897,-0.4360930699302935,0.13655379615949645,0.45161642412380043,0.881700440181393,10.387349724931727,-1.5469150840305168,1.3051737366154832
6.096498052362912,5.85454709094074,-8.057359313467943,0.9816240801956371,0.02256004125439657,-0.18948670063798675,-0.13192188312648742,0.7977066685344737,-0.5884391962879366,0.13787959215355772,0.6026235271827939,0.7860242378917695,9.870781400198181,-1.3888395568814458,1.2405168512785836
4.894360261510407,8.212082515920137,-5.4837698134338275,0.9812931140659386,-0.010914003205344466,-0.19221006430675644,-0.13586836474783553,0.6680739331587865,-0.731585270009244,0.1363950576359817,0.7440148549375767,0.6540934825273019,9.2053042414781,-1.1835838241892376,1.0941799417636469
3.76443073330776,9.707908265345136,-3.2022922153894084,0.9811980227954159,-0.03796650123756136,-0.18923262098841645,-0.14126281550720987,0.5268082219970065,-0.8381634173544733,0.13151143302900828,0.8491358207142903,0.5115399309560549,8.22680999797374,-0.930113939814811,0.8672157208469669
1.439344852813607,10.557809768378162,1.0918261178170838,0.9808930506708113,-0.06695212982020907,-0.18266426979091377,-0.15323156027219442,0.312635370444752,-0.9374322450627682,0.11987039702219487,0.9475107057228487,0.29640268294725436,6.246197903345507,-0.6252367615516078,0.47919987260141955
-0.1022387555643795,8.914541792311242,3.8468364928449583,0.9801957335321453,-0.06818797904574084,-0.18592128301794264,-0.16296925603291754,0.25562266300958786,-0.9529418008167992,0.11250486902111215,0.9643689406391851,0.23944769946065042,2.8818074752397207,-0.10291130876688416,-0.13677427165611278
-1.1595300148626853,6.977778209865921,4.932877319955484,0.9780790305652991,-0.03164526501246784,-0.20581542014809326,-0.17917269741894437,0.3757406356994483,-0.9092393079843138,0.10610633566411004,0.9261844049035078,0.361834069216084,-5.764440500228571,1.3073980143151378,-1.4038746511012188
-1.690829796864882,5.090676722469733,5.832932151628349,0.9752745066993912,0.007563723193331977,-0.22086744140709003,-0.19614633471306478,0.49006275033458224,-0.8493321588831635,0.1018147924463334,0.8716543413681592,0.47942930366546244,-5.76444050022857,1.3073980143151376,-1.4038746511012188
-1.6591406093303966,4.23305371460343,6.050967074883314,0.9714657082634749,0.05474004505791098,-0.23077674305528198,-0.211283897876432,0.6418262791051418,-0.7371690050105132,0.10776591374960409,0.764893819374367,0.6350779109027537,-9.442564282090371,1.6672083148002628,-1.802576749862238
-1.1698614095657152,4.342527352689491,4.615579720349089,0.9668101894106619,0.11439678674960521,-0.22845444367113146,-0.22641891352018112,0.7978962629668036,-0.5586555550103749,0.1183745464703517,0.591840289879774,0.7973158332950396,-11.301592044478225,2.0266777277567343,-2.0682189960751027
-0.7331923841995535,3.9688010978631887,1.5322543970610154,0.9628135940849848,0.1699243010955847,-0.21003741319663025,-0.236874467410413,0.90482320373205,-0.35381556873193437,0.12992486187865657,0.3904109397612294,0.9114268091188483,-11.611116331042625,2.18182841526548,-2.042602980566844
-0.8194179958728094,2.4352260910164594,-1.2798764502489965,0.9596406693085932,0.21992652361020484,-0.1752772376028509,-0.2438682189121275,0.9611686299497169,-0.1291632943417395,0.1400645480254828,0.1666948979822549,0.9760095969677258,-11.262745402271726,2.2998256251824363,-1.9380713300883987
-1.4785221895650587,0.6319012660913976,-2.058729312154293,0.9591110748573888,0.2529781332278421,-0.12691733606746294,-0.24454194223542128,0.9664634266487206,0.07840716445670379,0.14249626161283285,-0.04416456791330586,0.9888095399860368,-10.63956798957231,2.5776630579920865,-1.602994887639846
-2.2357417256819665,-0.458482546424877,-1.2725216104972714,0.9586683795306693,0.27611814560564507,-0.06865644729623807,-0.2446776105152422,0.9232001304886966,0.296368665648386,0.14521640747722908,-0.26732057296989536,0.9526027011647898,-10.639567989572312,2.577663057992086,-1.6029948876398459
-2.797933538535852,-1.179021471514293,-0.50388057170811,0.9590430854846198,0.28263971075702354,-0.018739105830507398,-0.24583614621287797,0.8633758385801542,0.4406208694231535,0.1407158462979249,-0.4179676485796493,0.8974976854240111,-7.926983782203759,2.2679352406857944,-1.243794214388903
-3.3407730015285884,-2.497763792496525,-0.47709744483652683,0.9602209476748349,0.278402669101836,0.021626037163944,-0.24597945196350401,0.80664615028397,0.5374161306136844,0.13217352555703718,-0.5213577870033439,0.8430398668347772,-5.356033410174906,1.801053965211509,-0.7687337941251212
-3.9334130582568614,-4.138146018278405,-1.0171568406668143,0.9616642313893686,0.2706791161354224,0.04398547663083928,-0.24539935197076304,0.7778306689967962,0.578583276996774,0.12239715731431448,-0.5671968498291777,0.8144364121435337,-2.8049001989210223,1.2888725990407226,-0.33760919297453496
-4.56664863522213,-5.535395587417455,-1.6120160677621023,0.963314752132163,0.2623408192131823,0.05658606629822187,-0.24438361073399728,0.7703441809462964,0.5889367484601326,0.11091140216030262,-0.5811601650635871,0.8061957103669676,-0.5825672744427215,0.6910147735868827,-0.02260601643624191
-5.238056383769079,-6.542203770309902,-1.9451733613125421,0.9652518575625569,0.2551345290732712,0.056526308446551,-0.2410942977731204,0.7860101092534746,0.5692641282679128,0.10080868540617112,-0.5631114278949602,0.8202091981444602,1.2169196493597785,0.2115878530925896,0.302223689229012
-5.8128458750023455,-7.06796436968836,-2.0801444460695744,0.9675038881774181,0.24818707364788484,0.0483673736694343,-0.23586576989704722,0.8168941142310577,0.5263566706383883,0.09112389890941011,-0.5206603332392004,0.8488870669522491,2.580289319411634,-0.14022306382227395,0.5242996679533695
-6.009027684725038,-7.032662870927871,-2.4384035096728156,0.9698425514624892,0.24094427559334736,0.03675978007995981,-0.22870679681852885,0.8475087008409763,0.47898037860422693,0.08425334688745603,-0.4729427640398335,0.8770555942929867,3.699159749513643,-0.41440736814958035,0.827350972893406
-5.746212698212426,-6.354512268248788,-3.699515133752119,0.9737140194617878,0.22732196855153236,0.014343323095648546,-0.2149023036887774,0.8959961498145277,0.38859734866156637,0.07548515200240663,-0.3814650994932548,0.9212960271789815,4.882920305229478,-0.6789710333763921,1.0870217717820512
-5.268437045162981,-5.2252244646488295,-5.5792230635964675,0.9777325580243169,0.20938585992892325,-0.014021649013301527,-0.19762778387069635,0.9411818683939942,0.2740801883550639,0.07058543774451034,-0.2652060562434717,0.9616046192225784,6.251223012814984,-1.0634308973773978,1.37773802159607
-4.796613623889282,-3.69726045375031,-7.913306883737468,0.9811006745700311,0.18657862913718232,-0.051282370338359314,-0.17985284440242583,0.9770661185919051,0.1139945360975948,0.07137521081291176,-0.10261683608959563,0.9921569252050672,7.888648883842353,-1.5592528830120522,1.4507164502135492
-4.5077988140316005,-1.8211519452226832,-10.154176474503236,0.9829767673283266,0.16081977782576468,-0.08884635025044865,-0.16747496293080735,0.9831457028268074,-0.07332573766766654,0.0755566786199497,0.08695703578925895,0.993342671107341,9.540379941738308,-1.9045728348704003,1.357403511382691
-4.191468626470858,0.8006070907886129,-11.93380732370861,0.9845181688786754,0.1257551944780625,-0.1221048983848135,-0.1561472591432416,0.9457225888848356,-0.28500319004358066,0.07963672902520703,0.29965716399703946,0.950717400416873,10.55319078693322,-1.9397136252460694,1.398462316062503
-3.732287816464832,4.938459705869803,-11.744475866749415,0.9857436140808373,0.0852722761494021,-0.14504539365023056,-0.14600209716199095,0.8619594800119593,-0.48549896234885304,0.08362365050122321,0.4997544334348746,0.862120984165817,10.879721863300457,-1.871342341521243,1.4177776645143172
-3.4845168840785083,9.149958305335945,-9.25967230240949,0.9866496363303786,0.038399702341685694,-0.1582654668245806,-0.1362320099173895,0.7271052979066875,-0.6728734838213609,0.08923751791147443,0.6854512007547269,0.722629446383762,10.452703394055165,-1.7536104835022104,1.3649316975320358
-3.7144461995047253,11.543033620870014,-4.743080744948955,0.9869785188441085,-0.010202742320918078,-0.16052821368663972,-0.12811828906044836,0.5535609987023036,-0.8228948442686537,0.09725794234155824,0.8327461346441911,0.5450456566991843,9.400722367550728,-1.592539247689327,1.2255817372316054
-4.472745806901239,10.358434944862074,2.197633675052998,0.9859848647536946,-0.0737571127439853,-0.1496453634307134,-0.1229526654216048,0.28503370660272964,-0.9505989838864924,0.1127674090434028,0.9556755068641135,0.27197028704926185,7.8382607797271495,-1.4102258171694761,0.9718719535979885
-4.546284043708868,9.055846052272969,3.9202158169278793,0.9853001992425175,-0.08529388821379856,-0.14801510060135062,-0.12563993804885398,0.22526399510074163,-0.9661628943808249,0.11575026280633666,0.9705571004040027,0.21123634042379869,3.8660151956254536,-0.6771747607108485,0.27730962948558624
-4.349633378503105,7.732112474793207,5.12743194371023,0.9846761125145357,-0.08730492185509152,-0.15096623484454572,-0.131418650928011,0.19757817943170708,-0.9714381098148834,0.11463896210069116,0.9763916804399393,0.18307701859094114,1.1539462386308417,-0.10515471728512694,-0.10123597751976804
-3.8343031451106215,6.487222580554551,5.832422353699087,0.9843510479535315,-0.07870232285707365,-0.1576672406357329,-0.13576508881805605,0.2316981526388821,-0.963267256124672,0.11234257897614083,0.9695988399542516,0.21738729150610292,-1.67703795374091,0.3414321643167243,-0.408846450580807
-3.0132672433975203,5.204110439379686,6.282275580201407,0.9839682376749643,-0.0697449200067054,-0.16414065121134383,-0.14024568932316575,0.26594973655411647,-0.9537305092388867,0.11017102102229859,0.9614605471677216,0.2519046692041455,-1.67703795374091,0.34143216431672435,-0.40884645058080704
-1.9355805356964768,4.093116099818596,5.952504159022132,0.9833463444032277,-0.05309724258082242,-0.17381211056518148,-0.14438503136139547,0.35258789805529583,-0.9245727320572013,0.11037630935838696,0.9342710832382974,0.3390495735982573,-4.4305833001305555,0.6307957816060054,-0.702769824283124
-0.6016456391147521,2.889420618376411,4.290701038964929,0.982799992403358,-0.018248998121601395,-0.1837692819801992,-0.15050782335835305,0.49747999804322496,-0.8543190543671866,0.10701200885830943,0.8672834747730819,0.48617672131195105,-8.029599422618398,1.3761671120178562,-1.2005459313597502
0.8326220077572323,1.5313927865043462,2.937247769944296,0.9821651574473542,0.024008401550735782,-0.18648109864378526,-0.15841984092782474,0.6398501061487598,-0.7519940130491889,0.10126577653292919,0.7681246242091185,0.6322418874029019,-8.532317167879627,1.6278966688485161,-1.2988221548872503
2.3045356448238676,0.8078297342182138,1.6046922440873246,0.981263664129323,0.06783296518653523,-0.1803338855941897,-0.168076032523091,0.758949307056093,-0.6290837755103633,0.09419165966683443,0.6476068546217516,0.7561304735931021,-8.451481757906468,1.7636501849541253,-1.3303695625717071
3.5849519634024323,0.6472050882409692,0.4686123525433737,0.9800483376570283,0.11032677493894898,-0.16532773084775254,-0.17913820142424217,0.8506621750951352,-0.49425030971452233,0.08610900444311236,0.5140057067718061,0.8534537906411994,-7.956095796369083,1.81346562372357,-1.2856677540967496
4.581719454856906,0.20568057380965743,-0.3090922636403189,0.9787026109423768,0.14608050304683662,-0.14422789592918125,-0.18976541430566585,0.9117711656075431,-0.3642285396561631,0.07829614848748605,0.383840889166651,0.9200738475447394,-7.273609119519112,1.7766686487166627,-1.1638184419675273
5.250647948545126,-0.7404743828985616,-0.53528266685586,0.977070455911698,0.17684398044957764,-0.1185728921940292,-0.20095818458730835,0.9499630006539479,-0.23913616505229968,0.07035006916756119,0.257481074969204,0.9637190274145379,-6.275224365259167,1.6463970940557562,-1.030143938937134
5.545590600999427,-1.687865111989093,-0.49106817235578315,0.9754753239096613,0.1992010810345963,-0.09363130757385804,-0.21093952922469222,0.9675405389279801,-0.13917550266271309,0.0628681752065963,0.15551281248052176,0.985831302860987,-4.9426494519916515,1.4188802161584537,-0.8391129510358091
5.590789672951099,-2.227716440446011,-0.4938764810590787,0.9746720329367732,0.20897419343126675,-0.07965057872137604,-0.21583255675658428,0.9722472093481073,-0.09028660675168478,0.058572482061240314,0.10519101860220362,0.9927255985168392,-3.726064207342411,1.1523891786572742,-0.6158629461987539
5.558480129314991,-2.267922715218045,-0.3656187806292054,0.973672936949346,0.21848021329706127,-0.06501852236175917,-0.22141888272991353,0.9742745273645903,-0.04198599408303666,0.05417278120119599,0.05527695474765862,0.9970003851808448,-2.481889225585516,0.7908470268982689,-0.4405489787664749
