0.15377817296970556,-0.052707970764692226,0.12565294207800376,0.9999931015650223,0.0036594641828665933,0.0006365094354912579,-0.0036607269403117287,0.9999913111675491,0.001994158387515401,-0.0006292063537733829,-0.0019964747181816823,0.9999978090916319,-0.052569587,0.016673584,-0.09643066999999998
0.1720799677759701,-0.12615875462079026,0.22790862331054132,0.9999841965503353,0.004747574404745879,0.0030111769877881676,-0.004765339477204497,0.9999711207723283,0.005920233188043251,-0.0029829832797687314,-0.005934488908508808,0.9999779415827867,-0.16682262787673657,0.10066599886794309,-0.046610774889219865
0.22649441033950934,-0.37156029657707823,0.6060699484656135,0.9999517150745364,0.001622879281167619,0.00969194419773328,-0.0018270868279459472,0.9997757371835756,0.021098272269578274,-0.009655530706096172,-0.021114961564655182,0.9997304282279832,-0.4248283490820419,0.18837894825144844,0.08502060146704786
0.30774046507761615,-0.6213422795486929,0.8964334234076763,0.9998728131499885,-0.0036008631065620415,0.015536772779948478,0.0030278749929150556,0.9993200257764612,0.03674667406936742,-0.015658527917886432,-0.03669495696987311,0.9992038283735825,-0.6690852023066158,0.25720588580914455,0.21681117280819234
0.4316979354001487,-1.147182488730539,1.2113573159676936,0.9996721538864942,-0.012668903105729613,0.022250475006954505,0.011440130828476636,0.9984477263609893,0.054509275643677364,-0.022906508912639085,-0.054236856644432216,0.9982653230633457,-0.8331025555937156,0.3367560698255661,0.41391498693824186
0.5913000494212988,-1.9156077732612535,1.504735346626952,0.9991747827561538,-0.02704330247472109,0.03030533443890112,0.02471582063958978,0.9968991864452154,0.07470702962224768,-0.032231688046153166,-0.07389635888275214,0.9967449254596517,-0.9486627076950256,0.4280022401572397,0.6599189499653213
0.7727690982593207,-2.6567758266242216,1.7735870486620275,0.9980819936189026,-0.04785036474552974,0.03927692207182848,0.04382326090662824,0.9942535137835508,0.09767022131935646,-0.043724773495426084,-0.09576164640805962,0.994443488218406,-1.0801936625923105,0.5187552230447557,0.965146251379519
0.937522802050216,-3.17656988406999,1.9538378316841043,0.9961032020578745,-0.07407241380355131,0.04787158200190132,0.06773127422668292,0.990129604300776,0.1227022460218969,-0.056487922086753954,-0.11898169691386858,0.9912882882682599,-1.2455083316356348,0.591684245608712,1.3014497231816975
1.0609085507491773,-3.4272557178451404,2.00421151464049,0.9923680239225822,-0.10973082081543283,0.0562570178658692,0.09993152888513258,0.9829329948173124,0.15445522728010494,-0.07224537791907011,-0.14765457887461644,0.9863968424050688,-1.4583830571280603,0.6397904122601845,1.6531053609083166
1.098883436535028,-3.491612143543401,1.7678775391319586,0.9802556660736846,-0.18652784302642927,0.0656215887215815,0.16816408888996462,0.9609945339273821,0.2195685427594341,-0.10401763474644427,-0.20419811345260058,0.973387621723306,-1.6550548352366012,0.6377078885896031,2.0004577749389756
1.0577672137754592,-3.2787377885330815,1.5149610071533628,0.9698740114642848,-0.2343334880212277,0.06657490726979276,0.2101362297778832,0.9430195852437625,0.2579860980390581,-0.12323622365568095,-0.23622421179567296,0.9638521437132355,-1.7671763887233898,0.6131706172274225,2.2937323153328832
0.9131703413009978,-2.7276212184809556,1.0426728108497514,0.9534260899577988,-0.2953040537509595,0.06143457353993655,0.2653681513576124,0.9180521120916934,0.29455061318731646,-0.1433821301028367,-0.26452946021611884,0.9536591264413828,-1.4366523016951798,0.53030773968081,2.6268294216684405
-0.11920647167187126,-0.6329306337333345,-0.6540871035254318,0.9178064849479304,-0.3945592327323339,0.0442071041032569,0.3571204087813756,0.8690715186847136,0.3423152188303474,-0.17348276519397365,-0.29839186865046674,0.9385446302142134,-1.115065643006099,0.4336030219665588,2.641215164212881
-0.7956262704295316,0.7879772168219827,-1.7068872383089437,0.8983545222681061,-0.43812032620052194,0.03177628188430749,0.3986712721656099,0.8435619134717203,0.3598117770304133,-0.18444611427269747,-0.3105702463370852,0.9324836475884308,-0.8636328404764562,0.26455757780769995,2.5349871973615525
-1.3888141588400666,2.1940396020001307,-2.7819007813458247,0.8837663937160048,-0.4676835257642972,0.0151354242386308,0.43014581895778853,0.8247153912252925,0.36717720232776685,-0.18420514588724402,-0.31798843250154274,0.9300278603482105,-0.3688718860217651,-0.18583757900770675,1.9421762850800743
-1.8400434425153547,3.535703513129983,-3.8340354399551817,0.8714445954314546,-0.490475318964888,-0.0042753455532605015,0.4575686836399269,0.8097767705006828,0.3672771184126621,-0.17667828628706178,-0.32201792410326374,0.9301017362153945,0.0034918598333156248,-0.3980030213531728,1.455774329826615
-2.1113449761458263,4.975367526440465,-4.829345042729767,0.8662476008814282,-0.49924612896582476,-0.019193662490748317,0.4716628512726253,0.8045100314460618,0.3609678157842241,-0.1647702906975259,-0.321740441995244,0.9323807373000353,0.38380724245250997,-0.5933375752090896,0.8697721893820168
-2.2274525438873214,6.596706715054695,-5.707281540225033,0.8670375027341745,-0.4969976302431581,-0.035204039330326745,0.47678261197643357,0.807105592803156,0.3482224906332088,-0.14465237560930622,-0.3187066324985259,0.9367506459202649,0.680467264843929,-0.7946137488908926,0.1755017792629703
-2.1025614097911935,8.323638268181773,-6.382887133281914,0.8758415373056789,-0.4797176479223107,-0.05265529224978835,0.46849791368992216,0.8189924301092213,0.3313021344512919,-0.1158071949328496,-0.314837065314231,0.9420543062404139,0.8359074125662183,-1.0353113868185555,-0.5524874470347374
-1.6075063717762492,9.82471386825284,-6.770952349213579,0.8897807269205077,-0.4512570310937732,-0.06824477920871412,0.4480856367529294,0.8353791479453128,0.3183723312630739,-0.0866574874810865,-0.31386106968943406,0.945506059629905,0.7888684478494978,-1.2936902486122106,-1.2831466855365277
-0.6533522311948712,10.677666255545475,-6.579289735219282,0.9072758075771106,-0.4126496484079869,-0.08106094407337305,0.41634515037925707,0.8542440706229424,0.31132584788484663,-0.05922267083622361,-0.3162077410094657,0.9468396589627596,0.5825339908870791,-1.446557939966635,-2.0450631204975256
0.8045238912576487,10.449498899467006,-5.363358546143055,0.9299370491282274,-0.35638862491091394,-0.09057721950243691,0.3663954603598098,0.877162018970649,0.310388722577121,-0.031168113295610214,-0.3218290547937545,0.9462846338201579,0.2986720230639057,-1.4066984516213503,-2.745808069046116
2.5356711222092065,8.89973971077995,-3.0229102067718614,0.9540087719129035,-0.2848747250393148,-0.09334695574580142,0.29970879061582817,0.8996433753198096,0.31751604380058807,-0.006473325330282011,-0.3308899942230857,0.9436471309669809,-0.030645410524829667,-1.2391003428999956,-3.3162377273629557
4.2219756933032215,6.491671210627734,0.011523824151953965,0.9734185447822308,-0.21180023199601242,-0.08716076181676773,0.2288488043138696,0.9147289044379701,0.3330153992682953,0.009195729343361015,-0.3441100014706705,0.9388843088739414,-0.4722210929521475,-0.9449940106371384,-3.688579795952431
5.854940986432348,4.097986085563625,3.1058001820116368,0.9877304103265907,-0.13867094812888006,-0.07182621151851144,0.1553581634312129,0.9193059053084804,0.36158054914532506,0.01588954282996005,-0.3683028924811634,0.9295700628885717,-1.1980629494997563,-0.5730466424184799,-3.7298692606318533
7.408894452736925,2.2983739254042046,5.779215031659216,0.9956033546945683,-0.0800794227927496,-0.04859265547488935,0.09283624714490171,0.9126237205184817,0.39811980101855515,0.012465606161435865,-0.4008805692375012,0.9160455108076478,-1.9855599157269719,-0.05508129117181815,-3.5597664501990325
8.78546415014876,0.7446795463924807,7.78259357342203,0.9997485351861221,-0.02177490847876867,-0.005359081445940342,0.021849702449221048,0.8921186293299105,0.4512725802720584,-0.005045482740382502,-0.45127619543164676,0.8923700681559495,-2.5601035866745527,0.6459842554412267,-3.2247156063242426
9.494188959114899,-1.1051884408471038,9.261334288627646,0.9991277080012638,0.009834031314751909,0.04058466375666479,-0.028536399148946522,0.8703372628263951,0.49162864324555966,-0.03048765369379975,-0.49235793967799274,0.869858702438671,-2.6165404005503303,1.4322333185377998,-2.772571343001305
9.317994853813198,-3.395162532456044,10.211239581379882,0.9940261404760473,0.028433150172412616,0.10537356414948743,-0.0802266640643641,0.8449364652044161,0.5288157071617385,-0.07399807040319877,-0.5341104059453801,0.8421700302417938,-2.189449199278708,2.1255363913666034,-2.2684203850115754
8.701455698756234,-5.704489668246056,10.928380996296497,0.9876977142306281,0.027488415212057235,0.15394028820527123,-0.10819641318820597,0.8308784227017048,0.5458338418071323,-0.1129015565738552,-0.5557746249315956,0.8236308668361964,-1.609875955969559,2.736404219603353,-1.705465622824959
8.19262487561682,-7.6429311166915,10.588609243282011,0.9737321061861323,0.0051856608188275335,0.22763763815369142,-0.13572013969083252,0.8159523553351874,0.5619624520421809,-0.18282732034523666,-0.5780958940736658,0.7952228041187882,-1.1481424040052848,3.3367951263615874,-1.084100130926216
7.937510621865335,-9.099252070344345,8.995634076994618,0.949270215841873,-0.04113942715018325,0.31175888896594184,-0.15269363386321397,0.8063812091041673,0.5713440292690097,-0.27490127590313307,-0.5899634676295258,0.7591919357905313,-0.6493510136836642,3.796878134895477,-0.5274231492497505
6.801358665808575,-9.644634952473586,6.204786457796296,0.9344514145670977,-0.06921685040917397,0.3492986994435907,-0.15367963238373442,0.8064808418100137,0.5709388954904118,-0.32122130129234927,-0.5871947542449988,0.7429799433249894,0.005557960875989448,3.9555755870985574,-0.08597909782940905
5.087107907840178,-9.37579836271879,2.137142970968536,0.9039021772486453,-0.12214193714464576,0.40992950754454305,-0.14363470269165168,0.8160405289369971,0.5598633112777675,-0.4029018815392144,-0.5649417689663052,0.7200769900013345,0.790054815316363,3.9352585049163875,0.1884636826507018
2.453921167181683,-8.746185939539705,-1.8715790846955938,0.866913058324343,-0.16856992062449122,0.4690905362159704,-0.12535510601538405,0.837106579483779,0.5324834945618868,-0.4824394746521122,-0.5204197886760448,0.7045675246928248,1.7329882398776617,3.717165235301819,0.04836169955066105
-0.6747872394683612,-7.980646786121319,-4.856414633716431,0.8333290448845165,-0.19594022043946532,0.5168850287694475,-0.1042238786989426,0.8626043989756325,0.4950262962478209,-0.5428628611913023,-0.4663915531846823,0.6984116501442196,2.5567534703966417,3.305897333295241,-0.26493673715327404
-3.6280988735002575,-6.876650943036052,-6.8485109835227655,0.7999614768848116,-0.20983762503921807,0.5621652840741509,-0.07767231687574,0.8927689132078767,0.4437687221974762,-0.5950030644386843,-0.3986625624855262,0.6978821638221225,3.101884044723504,2.7462224791470784,-0.5866074343640825
-5.70586641838877,-5.123111080695151,-8.21835828942441,0.7727269277441986,-0.21204780957807057,0.5982715283148223,-0.049913041969348176,0.9193297774725488,0.3903094266010483,-0.6327730899622528,-0.33146415598887125,0.6998069233111421,3.227903991226642,2.1532952977542434,-0.7449450551121332
-6.594682007872081,-2.6315961420868272,-9.329395713595785,0.7503198101344517,-0.20916930050451538,0.6271111434556483,-0.021123834243654802,0.9405527991540958,0.3389899934072405,-0.6607374411569589,-0.2675978993375053,0.7012969400500101,2.959290447476575,1.6432841030299143,-0.679447971857353
-6.944619157367088,0.2527332158050779,-10.152488971834305,0.7347871456510899,-0.20496259258919725,0.6465896583035002,0.00476673477809829,0.9547902097771719,0.29724221361243197,-0.6782810102203052,-0.21532763629589605,0.7025445752560782,2.421115215195798,1.1147371805599198,-0.49848410931778714
-6.796383527896286,2.9607224043742844,-10.649742088852598,0.729151588294459,-0.1987657989602119,0.6548512185614186,0.024478320496829097,0.9638547467955083,0.26530141142749375,-0.6839143024629043,-0.17741528751343288,0.7076616724418553,1.8418032723681428,0.4123625605206306,-0.39963629174773985
-6.609555223814512,5.202671564198097,-11.130732214349267,0.7343910876953932,-0.19287017029977152,0.6507463620506171,0.03563220458516124,0.9684091425605235,0.24680777662300663,-0.6777905844064059,-0.15806590402021403,0.7180634329056828,1.1636767758012347,-0.4042037582067198,-0.25942440326751853
-6.16223752089148,6.4775144871792225,-11.797429592771218,0.750897033125262,-0.18832288500190217,0.6329993180314161,0.04098910886780549,0.9699227104300662,0.2399371349879299,-0.659146067725433,-0.15422200483897525,0.736031272858392,0.39794573131645417,-1.1129642518011382,-0.03252578592579072
-5.4997881505273405,6.678603108614583,-12.558750895847892,0.7754800729851219,-0.1860442138985244,0.6033392137743646,0.0387136129868821,0.9678133956644247,0.248673455242003,-0.6301840307184011,-0.16948386839866,0.7577224464011435,-0.4083233096635888,-1.88004933118594,0.1988735697950056
-3.804271155157269,3.993078971534209,-14.088518808257804,0.8526648929380278,-0.2015069177612855,0.4820347938119471,0.02305031909644352,0.9362392020097652,0.3506063881472628,-0.5219494833224116,-0.2878387026000204,0.8029430977005801,-2.476362185114202,-3.50536131000056,1.2586745016551024
-2.9335522716052105,0.7560447799332195,-14.474543257023669,0.8893390361669924,-0.20239653547475886,0.4100142938695893,0.020539916776312804,0.9134774776417933,0.4063705324700696,-0.4567868108520493,-0.35297951820041895,0.8165483875206742,-2.476362185114202,-3.50536131000056,1.2586745016551024
-1.7208192151104338,-3.7674953489157357,-14.388898819001534,0.9256607666029799,-0.20345221128349697,0.3189974026474778,0.02637211744051545,0.8757616916609389,0.48202279078988897,-0.3774343076532468,-0.43777694907683773,0.816023704473889,-4.101816041324239,-4.9193474393344045,2.239068344309011
0.39126704653234406,-8.833558517079998,-13.108519709566094,0.9596435475812111,-0.19246144213058028,0.20504354386023324,0.04336029682061077,0.82166856880867,0.5683138637157633,-0.277856341020634,-0.5364879833928504,0.7968541255648343,-4.101816041324238,-4.9193474393344045,2.2390683443090107
2.948113756975858,-13.709173660007025,-9.793991930042065,0.9783797192956357,-0.180829486232232,0.1003684301958463,0.07377096252230449,0.7585127542307256,0.647469108728633,-0.193212240708306,-0.6260663691481152,0.7554534608181834,-5.470412095164713,-5.556598306320798,3.207245784337923
6.2041254551957525,-17.554442673428873,-3.5318560099389558,0.988388496232781,-0.14468573229529216,-0.04641356897368949,0.13108919107179073,0.6574905346002661,0.741971576878251,-0.07683621866570532,-0.7394404883296757,0.6688228163870649,-5.470412095164714,-5.556598306320797,3.207245784337923
8.452349295201575,-19.334770957043503,2.740631055011715,0.982294171977902,-0.12165226459649203,-0.14247415982132208,0.18702568688948076,0.592379848926052,0.7836501177374147,-0.010933990203243413,-0.7964212711278439,0.6046433715450318,-5.064724320124808,-5.372487810073572,4.0916988080904275
10.4860353644141,-18.600958192193062,9.588108380136159,0.957549930957083,-0.08950144252090421,-0.2740212063157919,0.2800694657497589,0.5139323901223671,0.8108234041625549,0.06825850920383027,-0.8531488675312102,0.5171825458689445,-4.032747901543167,-4.931071961624942,4.533488471478826
11.348320787658437,-14.955652685701233,15.35802971434368,0.9125113727507097,-0.05756512484701137,-0.40498055632580965,0.38743781047872744,0.4391949581900745,0.8105551996698724,0.1312057072389166,-0.8965456179703101,0.4230733001338768,-3.3940414989806715,-4.199730424558361,4.735006127197245
10.855003561582429,-10.147075686953327,18.419146270658416,0.8774375342870795,-0.04100830796066196,-0.4779348199309323,0.45379396879069994,0.3939029753764925,0.7993193854015616,0.1554812120913481,-0.9182367693943368,0.3642345782855545,-3.17876782052133,-3.356584291974207,4.582333108686213
9.536887704105517,-4.560788368981304,20.004875299991912,0.8291247803670003,-0.026850483721857832,-0.5584184363944968,0.5328484148277037,0.3402323203644685,0.7747996741061599,0.1691882543115099,-0.9399579882650664,0.29640228558449455,-2.8312485206196403,-2.467372121974201,4.251196010822872
7.931839122045989,0.6545072419371252,20.197985044746126,0.7792566644558954,-0.021112475677909064,-0.6263491951554028,0.6049966004868963,0.2861114153826636,0.7430473547406156,0.16351808554520864,-0.9579637369746714,0.2357272032268475,-2.6006772147759807,-1.5067625622120207,3.7001875209986963
6.476979347223225,5.149710337789388,19.268892673455202,0.7357153806933185,-0.02801527129605104,-0.6767111815135709,0.6619971246971746,0.2408730285258291,0.7097464272692516,0.14311773301711497,-0.9701522193465326,0.19576002092623057,-2.1251399320774533,-0.5122035678208995,3.1046252197054556
5.249557376883744,8.766237654367263,17.22059753133612,0.705171521218808,-0.04495726890079356,-0.707610040654408,0.6993331021340117,0.20864446576504528,0.6836670967402465,0.11690311339554497,-0.9769576914475875,0.17857024164128793,-1.716396454848126,0.3690076185553431,2.5254088442068925
4.305963575440924,11.693136406522354,13.880995969588213,0.6756240676009182,-0.08053490707608213,-0.7328343933117739,0.7332468447625673,0.17680128437780251,0.6565747257457429,0.07668887744731193,-0.9809461935216452,0.17850316941518196,-1.2633462796259682,1.1714946777115887,1.9161979029120755
3.705273143051861,13.621019855100528,10.051251564295809,0.6601935207232185,-0.12138961832291334,-0.7412213405984057,0.7500942384088005,0.15749603720398278,0.6423033798532916,0.03877046170736435,-0.9800303866862792,0.19503151660831364,-0.8335014535609158,1.818311796538404,1.147073183594324
3.2031538759767253,14.809295567628755,6.274695434535171,0.6584736114262864,-0.16275566774336833,-0.7347945942048248,0.7525975855347999,0.14637077019838107,0.6420065980024822,0.003062238137824999,-0.9757490406087734,0.21887081223553878,-0.5476687850556636,2.103240391825382,0.17382778544362132
2.717636454165786,15.083757778185964,2.6596925953278,0.6696456959584492,-0.19780373826971062,-0.7158549594791187,0.7421292583228892,0.14108196785113603,0.6552404461633667,-0.028614783337317623,-0.9700358547361935,0.24127087412445744,-0.4357600949973366,2.005688026337812,-0.8165081802929444
2.675230504955086,13.90558277798234,0.16806483625297508,0.6898849021175001,-0.2349207865226924,-0.6847415905944998,0.7218153741038479,0.15116763459037397,0.6753746456298696,-0.05514877639303277,-0.9601877786724373,0.2738577042013622,0.18128202219618728,2.1078257804726395,-1.4754328365153966
3.378549566585322,11.369309759860203,-0.30908683896888123,0.7151959475519399,-0.2788127079676914,-0.6409042287900777,0.6951668905700796,0.18881786245894933,0.6936070999287413,-0.07237230727570562,-0.941600386943503,0.3288631333053845,1.385498286515735,2.582994198045666,-1.9603685507405695
4.314565201385175,8.343994444948823,0.11244265702963374,0.7437768165533499,-0.3224457862290848,-0.5855123927816306,0.6637407059933559,0.25272295617930207,0.7039739928629712,-0.07902102483013858,-0.9122279443007106,0.4019898696132692,2.717606108366863,2.9969566652963113,-2.48339157381873
4.686591844128257,5.45712540592458,0.17540646489107903,0.7770761551176022,-0.36466444889443306,-0.5130034004372316,0.6248090473470151,0.3485976952984331,0.6986367448008548,-0.07593618044752634,-0.8634231213866921,0.4987326036604196,4.113240931783014,3.288264782676796,-2.9014754767779287
4.347528540948421,2.8016657193344794,-0.1610263790929685,0.8116332600406245,-0.3962115881315613,-0.42926428762021773,0.5805479284435641,0.46540685175010177,0.6681022115843831,-0.06492729761598115,-0.7914624689613038,0.6077594970462921,5.62932708068122,3.5682861219457944,-3.324307362348189
3.4701635082558067,-4.370877515307038,-1.3733382921617538,0.8770100268121348,-0.42604781013913534,-0.22211860873556918,0.4780828641636832,0.7277566862534781,0.4917387320584017,-0.04785590730544641,-0.5374508992354573,0.841936068265857,7.819648683570836,4.387320589139957,-3.6128435303964435
1.6838038947537777,-6.841171383913066,-4.097344280611554,0.9139583178083518,-0.39724797336551804,-0.08291104248479486,0.404913349217561,0.8791469754598777,0.25128823125081934,-0.026932748362260867,-0.2632387570186724,0.9643546981629313,11.7847214855603,4.83384511427536,-3.906447235983101
-0.6676896949596456,-5.7482536609986985,-6.189667142928132,0.9422212650314175,-0.3348842835264459,0.008461936514389687,0.3345985283334735,0.9420392441585714,0.024614778126559295,-0.016214578615208846,-0.020361215880307815,0.9996611967702885,11.847627336652574,4.135201829257811,-4.1129121138123015
0.32699392435087193,-1.6981659790089916,-6.074226205279309,0.9800315024664933,-0.16439702868917425,0.1118564755900962,0.19472444017619212,0.9073723878417572,-0.3725020029213465,-0.04025725489071355,0.38684488718414933,0.9212656439312962,10.791819020353719,3.640566567825639,-4.208337223990213
1.7056264304261877,-2.3999590190176003,-8.571463445826367,0.9859119984040292,0.04279463701665623,0.1616977131736424,0.08442466513188651,0.70722352484395,-0.7019311660160605,-0.14439531613020523,0.7056936339162418,0.6936472357976684,8.529701373575211,3.571275983263389,-3.300926281975187
2.563183339149844,-3.7401495014302144,-10.026389512089702,0.9738484200890355,0.12430535278695791,0.19017737499134513,0.08633444403455656,0.5717976947682328,-0.8158392979202322,-0.21015617636256373,0.8109226692639959,0.5461124481372145,4.879000208735364,2.2928729858453685,-0.8284459854932478
3.21750475378896,-3.480174112463109,-9.81857985018389,0.96238725796892,0.18316948840603473,0.20064821009950334,0.09464132947853175,0.46625334468763724,-0.8795742363906108,-0.25466406195927827,0.8654806509013718,0.43138087401012293,4.879000208735364,2.2928729858453685,-0.828445985493248
4.402620329073831,-3.7421512991662937,-8.617902634884555,0.9537194993450758,0.19070439916530535,0.23248859909246572,0.1239214210797612,0.4551863473692343,-0.8817306111087593,-0.2739755426430434,0.8697339945682554,0.4104877351709729,1.0933568508228109,1.3319523628668988,1.5287659400129536
5.47056842996721,-3.340371444477414,-8.086881918199602,0.9394349451788689,0.20201618145468284,0.27685997581312377,0.16559445592475308,0.43971646925271496,-0.8827388644638401,-0.30006742566256683,0.8751222138069598,0.3796322575306854,1.0933568508228109,1.3319523628668988,1.5287659400129534
5.41090573917124,-2.6955472196719934,-9.188894414824526,0.9282608315315435,0.1902588455902184,0.3195831665138892,0.2082541499001275,0.4460487091127702,-0.8704428517416897,-0.3081591110023234,0.8745525260231705,0.3744273514752208,0.22021761112156735,0.725760033757761,3.52212958477519
3.216065241755061,-1.537251686901063,-10.760389258086832,0.9014513349279215,0.16196552833456906,0.40143823732670436,0.29743420909977497,0.44203485823316846,-0.8462494167584239,-0.314512928214182,0.8822541310405331,0.3502988242173443,0.8894840177275259,0.5195019092312423,3.5384386295169277
0.2560698808528714,-0.5311197370581402,-10.327093224731037,0.8815416433430795,0.1426140957776309,0.4500506090847016,0.3530061727477176,0.4338696286555393,-0.8289413654368515,-0.31348201392423014,0.8896169765780286,0.3321304893113176,1.084286494817417,0.3288346297071125,3.2144511386207677
-1.6103795570920472,0.6945784933874846,-8.096447753659925,0.8557552026334971,0.11959429945417767,0.5033688873021119,0.41552150399786036,0.4208079593867593,-0.806388579428123,-0.30826111152894126,0.8992318193073551,0.310414597376034,1.0874209268719737,0.20756436821797064,2.885470533956787
-2.1632189057374225,2.131719239755087,-5.521872401589064,0.8321192073453919,0.10151227001682343,0.5452273689048521,0.4638046719728339,0.41164699340451544,-0.7844947285209718,-0.3040770478399325,0.9056721326490366,0.29545750476150834,0.848922037865495,0.18609039175829645,2.6481632371585873
-2.2834309930413186,3.6872862533186064,-3.136484938253734,0.8070288866469257,0.08589468864772967,0.5842315282313447,0.5065192224094192,0.40788668707673115,-0.7596490820341486,-0.30355008391891575,0.9089832523031863,0.28566902804668975,0.4469839871416162,0.2332781602220192,2.373217205253973
-2.5327443230957103,5.163124634935815,-1.0230083548425495,0.7876860459328047,0.07464489249373091,0.611538087993988,0.533721425923089,0.4131251873578433,-0.7378814397185838,-0.3077208679198866,0.9076098939495679,0.28557336684551854,-0.15088975797174123,0.1980360953021596,1.991389321376563
-2.9130269269698434,6.619887446058045,0.7365611341041602,0.7693749453501434,0.061277730171510766,0.6358515811512081,0.5532456960065993,0.43369152248821696,-0.7112178732090643,-0.31934525723366813,0.8989753629031665,0.2997697509347499,-0.9879698390692654,0.0381612047326636,1.6203762843192513
-3.37825848598606,8.190832761293446,2.0870662937159454,0.7582242928651478,0.043118947771615915,0.6505664286237149,0.5597009808521028,0.468736126056517,-0.6833895347184662,-0.3344110251506981,0.8822852149234949,0.3312734003584669,-2.10057953416493,-0.43722669016792187,1.3673653868111315
-4.246112079528434,9.73196075536957,2.5485784026778227,0.7536066571337278,0.004016469336885216,0.6573133760222699,0.5507012949709921,0.5421235353634178,-0.634689023162005,-0.3588942602508444,0.8402892004418091,0.40633603037370913,-3.517378402753315,-1.2347759807309093,1.1172775183388393
-5.376251435250458,10.690430729005787,2.046905945504694,0.7577302091157736,-0.04041838754155283,0.6513150421584833,0.5315086165564145,0.6172922260217836,-0.580042152105652,-0.3786073437212395,0.785695018211018,0.4892236887546788,-5.2549355025927,-2.2873248302700033,1.1277226225515424
-6.570655471719444,10.043506787006628,-0.21082281384359014,0.7685769570641205,-0.10883833408140539,0.6304313428950383,0.4973116713585332,0.7215458277936146,-0.4817185069355423,-0.4024556653851944,0.6837586090339273,0.6086900705378302,-6.938997557086568,-3.1805213827680197,1.4046505403323448
-7.374030841940802,7.295217288390372,-2.648487675335404,0.7837562747101426,-0.1655119331739195,0.5986083041768728,0.46229687737865294,0.799104067111727,-0.38433616417329475,-0.4147381089536222,0.5779606300627471,0.702818476620418,-8.035581860893867,-3.972035234830229,1.3926663530744436
-7.7496703881282745,3.1012137903648753,-5.055722249946932,0.809998702994048,-0.23715748100769515,0.5363379814539005,0.41219112146101716,0.8807898059904311,-0.23304033353058498,-0.41713376815677417,0.4098361219626965,0.81119280852206,-8.491466435295756,-4.515445553035622,1.424707563516356
-7.571174709505234,-1.4994875661578957,-6.498776587920146,0.8431239416034133,-0.2973359977492132,0.4480327259672042,0.35952488185517756,0.9312992076605213,-0.05851192304055883,-0.3998548216817514,0.21041171605536452,0.8921003482369517,-8.330157526531382,-4.814755913340084,1.2942552473715323
-6.636432565165412,-8.40307995030734,-5.530298014961447,0.897709169965997,-0.3477291470495727,0.27055994982838305,0.2891931998546486,0.9283354833784991,0.2335819416355555,-0.33239365113790964,-0.1314445533013166,0.9339361809516891,-7.801613232969224,-4.91098288158073,1.192614253980615
-5.867373070104928,-10.202206732044388,-3.2898146323074653,0.9188093436643587,-0.3548800365214042,0.1727702221843716,0.27313499518204504,0.8876613883250062,0.37074861305718354,-0.2849327366273927,-0.2934576960236124,0.9125217346685706,-7.024342175671286,-4.772383599116091,1.5081657854853936
-4.776381951272196,-11.259915906682338,0.20524892551884433,0.9354727402918113,-0.3487956323037617,0.056853839419590074,0.2690000315619628,0.8071233222919366,0.5255387004132882,-0.2291936630681422,-0.476333443606727,0.848867902156256,-6.779863247161794,-4.377213311095565,1.7021440528209
-3.769808624244272,-11.536477599746842,3.8404439509395765,0.9419424966024994,-0.3349887771879359,-0.022953262347258176,0.2738661626008006,0.7269242976056295,0.629744702663605,-0.1942721237763233,-0.5994694193273675,0.7764629786504601,-6.2328870489743,-3.6206219485352396,1.6592533530200495
-2.8334439151243727,-11.159119955433136,6.74269684370325,0.9438179178749926,-0.32035243180492123,-0.08112987942051368,0.2826516646961155,0.6553567527053719,0.7004395499455915,-0.1712184988330089,-0.6840188931017483,0.709085593942811,-4.96398722936822,-2.7142775314086984,1.438205846903689
-0.9766973318677552,-7.157706713275069,6.933802683951412,0.9410088499778444,-0.29829519564863266,-0.15975706718739735,0.3066323238800476,0.5520342646939178,0.7753933121685825,-0.1431047246435172,-0.7786386497322023,0.610936077611983,-3.363779112018276,-1.8747420288213892,1.263027350755464
1.1252484741367474,-0.7389174790686575,3.175402168451348,0.9385642474650611,-0.28914906561957915,-0.18838782134646506,0.3150800146959445,0.4952672395422252,0.809589368615612,-0.14078969322911197,-0.8192088740288073,0.5559452158197832,-1.4289579222779933,-0.5275026381241201,0.41595334645925763
2.121508088081798,1.8587620997653866,1.6784261396984332,0.9396737583431051,-0.28528072731899334,-0.18875416419695146,0.3100622486405624,0.4772736754264408,0.8222355141398918,-0.14448055180301017,-0.8311586764061843,0.5369363321525339,-1.0812037428342822,-0.17081219014721458,-0.09280000781189512
3.299232019717311,3.3232771283624416,0.8612515579908498,0.945798494211803,-0.2785686234956163,-0.16692732056330134,0.28840547707061903,0.4841933980682574,0.8260623669328971,-0.14928994990405406,-0.8294312962933513,0.5382901035564137,0.028783300357305197,0.2987278341107928,-1.3085193241619153
4.535358458112734,3.605358286412041,0.4701117173114235,0.9527981507559762,-0.2698313129384965,-0.13916445837166447,0.26079561156358516,0.49272845823584244,0.8301833023096182,-0.15543916142712513,-0.8272905952580475,0.5398415861087552,0.028783300357305253,0.2987278341107928,-1.3085193241619155
5.5911279337692115,3.4237527639000893,0.10745445912271012,0.961425954859494,-0.2576768703013301,-0.09624325344782014,0.2269805905291833,0.5455739168221944,0.8067396809419444,-0.15537034738177588,-0.7974658185746888,0.5830165721139209,3.0349711292663093,0.7690739583878343,-2.59953156857027
6.473471320770898,3.6000493399313145,-0.20590127858435014,0.9728576075129521,-0.22989185052728411,-0.0264161421353539,0.17277400410862825,0.6456774145766049,0.7438076497387884,-0.15393901067775717,-0.7281829532245377,0.6678715202976864,4.551527486651957,0.8781717873000324,-3.0941611273334226
7.117543916365699,4.614893645678016,-0.26636402649486457,0.9774262866723458,-0.21106747302042247,0.00940084861500199,0.14444656076495513,0.7000608622993354,0.6993210851675248,-0.15418510046397346,-0.6821768912162602,0.7147458596490307,5.6760833933486525,0.9453286111533259,-3.439958969620286
7.974705064778933,5.071320225857949,0.4290498786432939,0.9838297891186916,-0.15632777225894404,0.0874103750319505,0.0798506656319517,0.8196884973333448,0.5672165711062529,-0.16032098191068164,-0.5510647829066524,0.8189168381461196,6.509126697003339,0.9891263997616966,-3.620066107433095
8.480285586541926,4.997277368554754,0.8844357716594549,0.98478214810866,-0.1191473872243567,0.12652280776248184,0.04505858998017538,0.8781534004859366,0.47625237918983887,-0.16785066051550537,-0.4633039017023195,0.8701584053676175,7.104533200831629,0.9883642136684387,-3.668307490896603
8.84236131971916,3.8375215635310713,1.3945714268935137,0.9826435939761542,-0.05426261205708206,0.17738978592458296,-0.003973425982792642,0.9498846408780404,0.3125754003595817,-0.18546099078670472,-0.3078550599823493,0.9331824489025052,7.521313952463689,0.9583344235403541,-3.581636733466679
9.069816972989832,2.178604230853338,1.7249635505555492,0.9767554724239905,0.014864877881561891,0.21384055390723505,-0.04430457457373569,0.9900516835669644,0.1335468776799255,-0.20972804238257506,-0.13991675836647635,0.9676969819972513,7.811490415353237,0.9277736897172376,-3.4373019432698415
8.995463006632368,-1.3714984454215917,1.5805188313620375,0.9603997352187801,0.13125881355599334,0.2457711790580212,-0.08898175729771707,0.9803821585789508,-0.17587799751044586,-0.26403521632522253,0.14704403083412718,0.9532384054034667,7.750396718771587,0.9451953696017353,-3.111782586668561
8.728710026478556,-3.103392986075926,0.5993987001802554,0.9482910059627897,0.18795536208298902,0.25576737453071013,-0.09181547273557969,0.9338034902423907,-0.34580480126433877,-0.30383233365858553,0.30444018045484766,0.902774661556358,7.050766117017961,1.0745846703863104,-2.2217912012918393
8.011298317309762,-4.171138235153452,-0.7135101691550058,0.9384449453138073,0.22440397145023103,0.2626098669363526,-0.08308205864427204,0.8845579484309166,-0.4589712489896456,-0.33528861618968614,0.4089010802933279,0.8487528794581811,6.349092711460271,1.1766245613017134,-1.6606413147374266
6.815524198685837,-4.588480756274934,-2.2653249026148092,0.9275337177399047,0.25687735179043575,0.2714686512154266,-0.0636394454869459,0.8243038627825043,-0.5625594748823932,-0.36828144595364065,0.5045167667570366,0.7809171586201193,5.5750260066500195,1.2152080365608855,-1.1276255475697876
5.496588764840987,-4.50496038781126,-3.784452276953444,0.9170870965055592,0.282384294082407,0.28144336531278075,-0.03874871590439535,0.7657150042422012,-0.6420117361031059,-0.39679943855651223,0.5778751099796096,0.7131693787784849,4.876321143349253,1.2242211958199865,-0.7177686575722577
3.35690532419388,-3.9165534324073743,-6.265382570196923,0.8960571456742329,0.3064826344704392,0.32116971596681565,0.021300146806735684,0.692940882802743,-0.720679704644556,-0.4434274410003938,0.6526111611891218,0.6143865044572736,3.096522042863956,1.2675704038724822,0.23583371092337346
1.9481563196035006,-3.262899672940115,-7.406446827415062,0.8828154120601477,0.32215153487679205,0.34184109876607616,0.057874029709493846,0.647610477237943,-0.7597705353965936,-0.46614112124361673,0.6905208601832176,0.5530763028168647,3.096522042863956,1.2675704038724824,0.23583371092337346
0.0414455520993231,-2.624456884610384,-8.18001944446682,0.8719003726895426,0.32391478674752266,0.3672450830578172,0.08817515017879027,0.6338543853408003,-0.7684098913178968,-0.48167923247196825,0.7023587609694515,0.5240966398429507,1.4782854878609069,1.0382974505999847,0.9863510183035014
-2.346352350478094,-2.093502179252392,-8.784067361561615,0.8657500233089536,0.32274627859536187,0.3825071722116994,0.10574389950204542,0.6290695567097593,-0.7701231853016025,-0.48917800937761635,0.7071819656027944,0.5104885333359798,0.963971293753406,0.7581733016651317,0.9856802681421751
-4.8083455841363865,-1.8656181670590097,-9.159272485712805,0.8595776497323694,0.3180692360961812,0.3999477780032875,0.1264282832667937,0.625962779435399,-0.7695365410113542,-0.4951183224955293,0.7120411222750422,0.49785066728740085,0.6189486442054615,0.43581536332789816,0.8743966632378384
-6.651675128460301,-2.0143215541918913,-8.889155950369783,0.8566564018902052,0.3087596838523677,0.4132883578422118,0.1436467334532523,0.6266762582158024,-0.7659258993903061,-0.4954850402068027,0.7155028476645126,0.4924939085057148,0.2915833437282625,0.06588103361952558,0.7705711320890346
-7.49129432952585,-2.1240361638955654,-7.894206463681212,0.8572366079996347,0.29401856543752336,0.422727431193364,0.15657875755107944,0.6332360641268993,-0.7579546027123472,-0.4905389796836131,0.7159365686058607,0.4967960740020239,-0.10020355208644431,-0.2731785462666758,0.7260101730662779
-7.52147813301004,-1.8073574272173945,-6.720231466157438,0.860282927420134,0.27387872846739775,0.4300043335624941,0.1663216996287217,0.646529702884637,-0.7445377327714926,-0.48192362156472157,0.7120321519292401,0.510646489850814,-0.5564848134832892,-0.5894859845777394,0.8634067435384823
-7.370775355546234,-1.2932780628728615,-5.9317959936600575,0.8646750682101891,0.24743591627287606,0.4371641496668109,0.17558993062441777,0.6664921999771388,-0.7245386971259326,-0.47064339226107926,0.7032521700697665,0.5328519331044479,-1.0415256472977286,-0.882392244964544,1.1305392905806813
-7.523921487182497,-1.0926035182411513,-5.616747934672087,0.8707719254604169,0.21241012431206882,0.44343905209136486,0.18581844446577497,0.692823546822598,-0.6967546473935234,-0.45522275813746044,0.6891135407593488,0.5638215749825785,-1.4094351503690945,-1.1618153534685516,1.3278811477632628
-7.899293156252536,-1.3184224528392061,-5.458640134723778,0.8782697820486137,0.17338545874207423,0.44562279187344056,0.19495330520202728,0.7211252600178404,-0.6648094224324783,-0.43661813834411967,0.6707576626927211,0.5995404566898815,-1.7118163452093242,-1.4509049625511672,1.4022736570779553
-8.038396379200679,-1.7925376452657074,-5.165172023928233,0.8869750816769617,0.12628298119339473,0.4442159532761679,0.20493921345823085,0.7543555380376954,-0.6236566691850403,-0.41385398786440125,0.6442051931588002,0.6432142301255186,-2.0952285419960015,-1.7250211861322051,1.5579538355390488
-7.805476373493136,-2.319869301007226,-4.646887734038097,0.8943403591887367,0.0732812873719895,0.44134473469983115,0.21753825442472008,0.7907921888039048,-0.5721230829013747,-0.39093788482060243,0.6076821266483264,0.6912958868416328,-2.6258131022271773,-1.9171200025655346,1.897954270795017
-7.350791070553079,-2.883594807187994,-3.8454825250000426,0.8993918094290984,0.015267574190929042,0.43687672667490063,0.23310261183996067,0.8286973978735843,-0.5088455513325602,-0.3698074437937134,0.5594886271729516,0.7417647407223427,-3.21509480962762,-2.0363794356869422,2.2685673601396594
-6.6840365248145535,-3.3276985968363464,-2.8223354770468454,0.9031377714630814,-0.05202570616268119,0.4261871556663481,0.2520224191360128,0.8678695615707579,-0.4281204554232494,-0.34760159091915876,0.4940604720044436,0.7969174260820344,-3.7155077559325873,-2.2021041669938897,2.503012957441552
-5.6031426910862026,-3.304728579396019,-1.9364902130455268,0.9043111029058428,-0.12232133958027588,0.40897300527602526,0.2734857019197204,0.9016353078598929,-0.3350512534909729,-0.3277605833633682,0.4148388379885392,0.8488119570845015,-4.138818767846284,-2.2730614140541903,2.7036714723254334
-4.227550273327804,-2.9724566487643105,-1.4871358949255704,0.9024291225203994,-0.19216304519163835,0.3856099621246022,0.2976079088651672,0.925206999067593,-0.23541780191234402,-0.3115304341600733,0.32720845487091804,0.8921229823589466,-4.468359647240455,-2.3241316169210027,2.9361294233164923
-3.1547520697927323,-2.8959399897588467,-1.3274854339615763,0.8978372382963726,-0.26513869069512497,0.3515533646899377,0.3249995881388294,0.9377061204666725,-0.12281082749062497,-0.2970918397363574,0.22451883292012542,0.9280774388089875,-4.832385589348827,-2.462282371811983,3.1343974717778287
-2.6195845759285126,-3.1852126486080836,-1.2871398455403578,0.8916908041590645,-0.3336824612774648,0.3058488594289227,0.35265621236862105,0.9357246678559853,-0.007276114596587155,-0.2837624105761343,0.11434754479925197,0.9520522744799276,-5.087482695776882,-2.6793816895748144,3.2133990681526297
-2.1105155683524197,-3.697910854471276,-1.2684780586280708,0.8837929677395678,-0.39703248168624405,0.24753827716163146,0.38142528194630404,0.9177995387746415,0.11026677159161075,-0.270970006580562,-0.0030356401491322127,0.962583004432664,-5.090446944668191,-2.809833095749819,3.176319836072197
-1.4393619186372508,-3.979832674853447,-1.1604644060941354,0.874649992340697,-0.4488422975780891,0.1831064794135918,0.4090895025506039,0.886088753094068,0.21792774156379874,-0.26006378025653343,-0.11570355891250253,0.9586341933467956,-4.936263999776706,-2.8416119558180224,3.06969970277569
-0.5781433436683072,-3.9206364048012237,-0.7693981540793412,0.8663225024034608,-0.4840794167266171,0.12309524820651334,0.4319823535584823,0.8498549717299342,0.3018903331343781,-0.25075200506372924,-0.20835941382027298,0.9453622515358812,-4.548034887282869,-2.8039281344845266,2.826120016497131
0.2631506141637936,-3.284504961273146,-0.3714137182241143,0.855908605131524,-0.5151871154050057,0.04475148916491496,0.4592060048532487,0.7969859406433047,0.3923560315881781,-0.237803079812957,-0.31527075116092307,0.9187241417824495,-4.115695338822684,-2.8033867488802207,2.5838433836661414
0.9965704884606658,-1.882220333045217,-0.43959819422358204,0.8465007131194187,-0.5315949766745941,-0.02904003207044583,0.48238371568429483,0.7427727109750072,0.46432171031888053,-0.22526094541870648,-0.4070570974754928,0.885190389613385,-3.90564496052348,-2.8853048947503885,2.4023723185035353
