0.01657005089828428,0.3376812156559293,0.1435797546144239,0.9999666861851499,-0.003356383603057508,0.007440511339893043,0.0029861111218282715,0.9987830636612193,0.04922880136542833,-0.0075966874529655205,-0.04920494317259021,0.9987598129215672,-2.5909900000000006,0.39581174,0.16694824
0.2524578475642669,0.8292577592528146,0.2585199384618515,0.9997802428726918,-0.009499045953357575,0.01868780584758972,0.007223618728304624,0.9929558658112508,0.1182643982079872,-0.019679565388729857,-0.11810341517926262,0.9928062741688861,-3.197198665855866,0.5415206639558892,0.23924716096561338
0.4074149049318124,1.310839460395797,0.27780919229199585,0.9993837716903107,-0.016420589498694075,0.031023235204667536,0.01014361465612762,0.9812257661704038,0.19259569799196513,-0.033603332628725065,-0.19216232732723554,0.9807876712073943,-3.938857665519848,0.695375042926665,0.2579859162839858
0.3796183673170891,1.4757770181319843,0.06644841222084591,0.9985840050339274,-0.02728771230302122,0.04566580392009434,0.013124555714484704,0.958255870430512,0.28561063149462673,-0.051553185427268666,-0.28460686489037745,0.9572571240422149,-4.68979938736044,0.8258319905504948,0.3461032094691192
0.29387547399485614,1.043401287634824,-0.2919295918178361,0.9973013525636335,-0.04255959284974714,0.05982218009409742,0.01626576780394758,0.9226686392376301,0.38525057685242786,-0.07159215719961884,-0.3832378676799098,0.9208709463348604,-5.2464086281337545,0.9207207845554743,0.48013931831512935
0.2637689790744674,0.1100680756859928,-0.44852895496261846,0.9953224556620445,-0.0602212242018083,0.07554213003690531,0.015453239158166794,0.8711156771688383,0.4908346711370308,-0.09536459853843918,-0.48737139959820386,0.8679716079453813,-5.344187155854319,1.001409850076292,0.4106402483339698
0.19205512078167253,-0.6668974750948726,-0.30826961794073626,0.9930827409385878,-0.07631809010577921,0.08923126566684629,0.010002720790436827,0.8121799485973786,0.583321246547002,-0.11698980821716781,-0.5783937069323679,0.807325278035034,-5.340593087033608,0.9896154653888054,0.3036959084095343
0.10746868747170872,-0.34342387915022715,-0.20183694269562288,0.9905404407451643,-0.09531145552728652,0.09871859851945461,0.00294709748492469,0.7340230848731756,0.679118123370067,-0.13718946703296703,-0.6724030319076034,0.7273604421582698,-5.5159830029777295,0.871638929536655,0.3897753314527622
0.18564833244515144,0.18968237271683652,-0.33702100872299673,0.98829806293422,-0.11148279314354773,0.10410823998791495,-0.004882272286488482,0.6590509451795814,0.7520824523117273,-0.15245688642297844,-0.7437899155613863,0.6507944831445622,-5.85355873734331,0.8676473250633508,0.41478905680178624
0.35674249982610207,0.24004879240278407,-0.39445265028046184,0.9855627209984456,-0.12809983538630962,0.11070932730416291,-0.017847907721122328,0.5716341088702603,0.8203145114930507,-0.16836738154440195,-0.8104473318791943,0.5610949537126296,-5.757988603431744,0.8972249264256057,0.2587585340593097
0.330061392419398,-0.2605843040476793,0.015823507309904727,0.9832202016132565,-0.14241434350829518,0.11400083290348466,-0.031015837006917405,0.4853221406732015,0.8737851209691903,-0.1797666626333907,-0.8626590140579785,0.472761432934382,-5.202429923931514,0.7173827903637287,0.24039648387899226
0.0635273043502887,-0.7817736778569948,0.557843607147636,0.9815011998398183,-0.15437825838260527,0.11323757349815482,-0.0438202300416486,0.39461490351952744,0.9178011033766367,-0.18637377002167846,-0.9057849806985258,0.3805501104833355,-4.432487653822865,0.46227257043449804,0.2573492992802141
-0.16099128623504197,-1.0848077707556998,0.9008339837205245,0.9808952955378066,-0.16061716292034442,0.10975675909582079,-0.050755731640071744,0.33335585650801813,0.9414338684355302,-0.1877984954611713,-0.9290188372187219,0.31883494977071636,-3.5979303062007695,0.25275574786069266,0.299716384455793
-0.18351064620939228,-1.2025004234779213,1.228239519756169,0.9810325630825033,-0.16273574956316444,0.10531944732996233,-0.055466112690474814,0.28494167226876227,0.9569387408542354,-0.1857380427235662,-0.9446297259872766,0.2705107396507991,-2.6338771758815267,0.033778804356662535,0.25269052932411473
-0.12521511212559777,-1.1158678486749778,1.5654221795591818,0.9817039087198804,-0.16061117256061194,0.10228141010375986,-0.05827262476751655,0.257971330827116,0.9643936404155677,-0.1812780648804826,-0.9527092125722271,0.2438922292185537,-1.6011151993083397,-0.16687005520144643,0.13600490857035358
-0.17920613333768554,-0.9174145800796192,1.5901545837051754,0.9826832876680086,-0.1578186811644358,0.09709181228873745,-0.05672598537045821,0.2425982421689283,0.9684669614810291,-0.17639648160250784,-0.957203926429507,0.22944481799812333,-0.7525942747163669,-0.19931679084638054,0.21414080859252937
-0.23223860810194824,-0.8061857078009114,1.2146383817796247,0.9835388480910869,-0.1570661429975537,0.08933958260216578,-0.04978915286618043,0.2397145735325536,0.9695658634115449,-0.173701970491199,-0.9580538345834114,0.22794840531904736,-0.08723810855260994,-0.12821639596055587,0.35778406409097435
-0.11597650844929949,-1.2357759874704395,1.0768062385899537,0.9840056664054226,-0.15807864544037056,0.08212180184188042,-0.04087849921994503,0.24831976681456402,0.9678151898532519,-0.17338338093238484,-0.955692646861374,0.2378860398416801,0.4488392115755177,-0.03494957503800873,0.31983846071617833
0.2547456152006437,-2.2757068194658205,1.4428134014541447,0.9837352611090207,-0.16539499031657456,0.07006734780870826,-0.014590347362082558,0.31521210836919134,0.9489090833695837,-0.17903088508584244,-0.9344976318405682,0.30767209537062434,1.9662589242965558,0.0989495519722696,0.36644754303013805
0.41885214786688374,-2.7256462952698475,1.5036499865870578,0.983404474549044,-0.17002191785240087,0.06331024314208016,0.0008480060922393309,0.35326151036092746,0.9355242306766748,-0.18142469601072903,-0.919945027024609,0.34754312959704275,1.9662589242965558,0.0989495519722696,0.366447543030138
0.5850639997600638,-3.302876770309134,1.188553585819131,0.9828372976517834,-0.17501138480792797,0.058325479270642015,0.017866135286709835,0.40498839983095536,0.9141472513836485,-0.18360731890220439,-0.8974159633023999,0.4011644815478693,2.976870097185899,0.14196338549798904,0.3333325664553622
0.7013311904168418,-4.010948916653677,0.25351881145262833,0.981457328535914,-0.18170642492927633,0.061026939973810396,0.041049595837015514,0.5102392925805334,0.8590522655744147,-0.187233658685514,-0.8406180104222956,0.5082370683144811,5.295691552136756,0.32008306465551306,0.031089837103022933
0.7379229467782205,-4.340760905335987,-1.0917245822392432,0.9800529626112711,-0.18649568810113612,0.0686698536226295,0.060296085590688706,0.6082761219212051,0.7914319563695541,-0.1893688795428384,-0.7715047101736862,0.6073877753466126,6.269488684039952,0.4369102397936325,-0.1853053364389693
0.728420535591624,-4.155886349541451,-2.4109011711617123,0.9784993417023848,-0.1900992293352065,0.08000825766231325,0.07763352622747396,0.6988604004426899,0.711032472042291,-0.19108132795615265,-0.6895334826527599,0.6985925152814549,7.301423314179989,0.6184821672598013,-0.36249037397905665
0.6707118224574238,-3.996200101858629,-3.668819123903247,0.9766112500710873,-0.19115475432143786,0.09843945415786211,0.10036300090599243,0.8101713929616704,0.5775375157300958,-0.19015187162826186,-0.5541499561732885,0.8104073616332788,8.522850838881567,0.7297953152990844,-0.533581601438303
0.45431836080317517,-4.083708629301124,-5.284279677416363,0.9752791634616235,-0.18505099461950958,0.12077533981705432,0.12349389955545631,0.9096674500704502,0.39655313270091785,-0.18324794702855934,-0.37183498984449426,0.9100323786751566,9.801524804919215,0.7912952019653516,-0.7599864537532564
0.07846519564143023,-3.590569377248291,-7.19055135591458,0.9747896036749016,-0.17345048436738436,0.1403572514694088,0.14087872067847262,0.9662520157158958,0.21566230126047753,-0.17302720776607397,-0.19045201914836132,0.9663279017885122,10.881630750838553,0.8763015696358633,-0.9693170869483381
-0.3830328158390447,-1.1938144919204086,-8.483057681046574,0.9746295575880839,-0.1551090315081708,0.161364227201236,0.16041800700308867,0.9868398030458194,-0.02032894866059967,-0.15608743865158387,0.04569892196852701,0.9866855223555796,11.323858097822228,0.9251757591679228,-0.960162725525403
-0.827638391793026,1.916458568916923,-8.018796476022239,0.9746023759240996,-0.13546066575298094,0.1783272746297054,0.17647561761627825,0.9547981480713765,-0.23920044487087141,-0.13786430005644124,0.264595737821358,0.954454048289764,10.950891713234714,0.9725090795851303,-0.8406075923153015
-1.1957946657100047,4.237230020185345,-6.517503705207494,0.9743043358508247,-0.11585295399296267,0.19315577701271866,0.18793892313528116,0.8908073208555132,-0.4136922506900191,-0.12413711094202905,0.4393636422843011,0.8896907145326624,10.007784656224212,1.115598265448237,-0.7143285343644667
-1.490082715767044,5.635025951666243,-4.626953114781049,0.9740854771834845,-0.09526054041010135,0.2051412015685732,0.1986842258521365,0.79379755967398,-0.5748130240810234,-0.10808358588499876,0.6006753396772749,0.7921534414277518,9.013065810609413,1.0021443974369582,-0.5479019289068339
-1.700524262109995,6.078305830535851,-2.771003896100259,0.9745388062367836,-0.07970835781822336,0.20957264333043582,0.20574237227140985,0.6894420482702039,-0.6945068310168865,-0.08913019348524241,0.7199418308244825,0.6882874173180674,7.940587520643351,0.6778389739740591,-0.44234750030704717
-1.6936473980006834,5.940225407475205,-1.1412422071612074,0.9756923585186136,-0.06782339089492828,0.2083852422219433,0.20790310680698837,0.587125749413304,-0.7823424138801808,-0.06928722615595424,0.8066494542385683,0.5869548008733156,6.741411275685982,0.4128583987983336,-0.436862472056541
-1.4493487019533549,5.643858758749614,0.2670526555879835,0.977108635039637,-0.06001144480717832,0.2041013028452572,0.2060267095384869,0.5060576469446951,-0.8375312847443623,-0.0530255625874962,0.8604093702772846,0.5068372571657753,5.175418181340466,0.21636594996800695,-0.4257765357182494
-1.0616304025807008,5.184799678756031,1.863057084201339,0.9782090960739638,-0.05639856583647811,0.19981533006690413,0.2037247750783565,0.4463307839780611,-0.8713696387256114,-0.040039734982022,0.8930890398191649,0.4480946178849415,3.3248082103866863,0.051998269478208514,-0.27253752177256496
-0.612791713758985,4.246879675992403,3.4968928062877964,0.978800873560145,-0.05825579836666142,0.19635455654137185,0.20245210655863535,0.4203721048385908,-0.8844774943567211,-0.031016035656849676,0.9054797377248348,0.42325459253491554,1.4951337081682894,-0.164871876813936,-0.12130432046637901
-0.252999447335023,3.0437990279976157,4.619466842519029,0.9792274827452513,-0.06469977106336404,0.1921652327054655,0.20131144580257784,0.4234855462714419,-0.8832517726492566,-0.024233011064935632,0.9035894707905392,0.42771348991024366,-0.16581280841355187,-0.3751584566953887,-0.05265958525402356
-0.017384454654873926,2.2608946378091694,4.817983020877346,0.9793295759690321,-0.0715914105461051,0.18917783054135429,0.20094522889567737,0.45125931004189024,-0.8694745827708713,-0.02312134547076046,0.8895165569209693,0.4563175411345543,-1.468398324574421,-0.35534502386355327,0.01779326744681612
0.23243408056281312,2.0799426790860185,4.410299781934759,0.9792192099351381,-0.07760044570815688,0.18737104824358064,0.20099598625068027,0.49445879247017516,-0.8456424280155604,-0.027025032934656554,0.8657301388855718,0.4997809262267311,-2.376070301942437,-0.2956384607229064,0.0633328440000039
0.45774645920380647,2.1699863697323902,4.166746477070075,0.9792348217499659,-0.08598208852893807,0.18359260422063084,0.20043875550049423,0.5463712489828327,-0.8132052407469791,-0.030388635469934,0.8331179620780848,0.5522598954270845,-3.2129060722022387,-0.4783335098843147,0.06433068224443872
0.6407422960286653,2.394238508714871,4.163127385615616,0.9788858691666533,-0.09700363282796137,0.1799242906447672,0.20095807830080178,0.6177269358963401,-0.7602823708555707,-0.03739392880526904,0.7803869090946469,0.6241778321938466,-4.314525351336405,-0.5370156813732639,0.17510762518243422
0.8217235070269743,2.744627014678296,4.127785653642277,0.9777533226154432,-0.10970939703826264,0.17877999976496473,0.20367971655169903,0.7002679795400123,-0.6842070811504133,-0.05012996289525449,0.705399606629072,0.7070349226082618,-5.499009015054033,-0.49913189151061943,0.38233465869282207
0.8050208530145292,3.3544291436080087,3.92560864220148,0.9759831657299773,-0.12453763486048886,0.1787379022900459,0.2070498542488369,0.7853859933220404,-0.5833516943912027,-0.06772900462302667,0.6063490900437696,0.7923090072287874,-6.643654660289509,-0.4886537306567894,0.5746608729880835
0.4861830579942932,4.077008761067375,3.4817638858361066,0.973812537488725,-0.1422811942805139,0.17732795488551717,0.2087460186696756,0.8685845213476174,-0.449428558243565,-0.09007908480512518,0.4746756693042532,0.8755391295945774,-7.648566080184841,-0.5177532490446254,0.7035321023825607
-0.1387062672330862,5.064604850959147,2.2023744162093384,0.9722319290313745,-0.161722337204541,0.16914775145130398,0.2063086568315059,0.9334893114654959,-0.29331628576683944,-0.11046182276384653,0.32006810373540046,0.9409328321845898,-8.47241098536118,-0.7570850670619858,0.747537192460328
-0.7062787980211863,5.218855917085,-1.7623473023086218,0.9703055252529329,-0.20311482322969335,0.13134517976690072,0.1921371207376354,0.9770855051011734,0.0915818898900651,-0.1469371106912087,-0.06362612911025634,0.9870973615587089,-9.717860317923092,-1.06565089460218,0.9272698002683398
-0.3531573974822402,3.672629219570945,-3.578861585393473,0.9701632990420412,-0.21852175081893885,0.10503055560591676,0.1789085621490714,0.9376003422060721,0.2981565439241747,-0.16363037487463622,-0.27046967059927796,0.9487208534149042,-9.717860317923092,-1.06565089460218,0.9272698002683398
-0.062017008356577086,1.746840531910608,-4.266334590108614,0.9702142221019173,-0.22845050418986884,0.08058988997737376,0.16230265726115878,0.8599728786160783,0.483843461762937,-0.17983940245990995,-0.4563518545817146,0.8714360413379125,-9.901843624603009,-0.9227822272835612,0.9142684004197249
-0.008496081021709179,0.2586430804859232,-3.897337157045311,0.9703346539538288,-0.23349112716958031,0.0627100699200792,0.14799170407255197,0.778750346830655,0.609628044660707,-0.1911782280020523,-0.5822626476464152,0.7902031981039952,-9.477570468570413,-0.7780399234391161,0.8813162812067385
0.11388682431625319,-1.0324575101891829,-3.016321288678892,0.9708407145744914,-0.23626950651278172,0.04055893510308976,0.12888540134077212,0.657091754746251,0.7427105621746071,-0.20213079984435398,-0.715826198274902,0.668383118890343,-8.704691897341698,-0.6997100881027284,0.8184169994581224
0.4242839491817569,-2.010031492262046,-1.9655432052569264,0.9717393696659262,-0.23496156782947647,0.022708128156718792,0.11094482133509102,0.5395035776702968,0.834641921005574,-0.20835989071842143,-0.808535064993513,0.5503246356613005,-7.683766348686174,-0.6205076096277615,0.6786240158443334
0.7861699934554655,-2.7676499546466093,-0.8388190560562782,0.9728032848134763,-0.23152077103688798,0.007204278908721015,0.09461039637395295,0.4255385728358305,0.8999809975365081,-0.21142999303332866,-0.8748228709900818,0.4358695933861379,-6.480201967615899,-0.5301749989198008,0.5751335045163993
1.0461839832425073,-3.426385398399792,0.1779616140295226,0.973812572689488,-0.22730722017405883,-0.004527795117045362,0.0811738471742004,0.32901830137849775,0.9408282329378449,-0.21236732283197354,-0.916557900524975,0.33885356007932155,-5.197538392356599,-0.4218691768850007,0.4509122265981903
1.203592172787717,-3.336730121292243,1.357070900274603,0.9747003623524039,-0.22330408443267225,-0.00972057126808246,0.06752478686047145,0.25272417715577594,0.9651792027599766,-0.21307183481056313,-0.9414168981681932,0.2614089077553368,-4.031900730677553,-0.2717940279630452,0.18488442203792232
1.203312242908309,-2.9805684583605947,2.3108650461906173,0.9752335520637562,-0.2210014430242626,-0.008825027495813695,0.05270111032901005,0.19343786038009314,0.9796960687589091,-0.21480715048433066,-0.9558975658263628,0.2002941131137832,-2.948619104191079,-0.09826772965454697,-0.0665494658506145
0.8493178675098619,-2.217970502492378,2.7773481199983814,0.9754941934497052,-0.21997668828199077,-0.004618999718151051,0.03993914848048229,0.15638917830516952,0.9868876781719833,-0.21636992158006277,-0.962887678559406,0.16134241697060261,-2.0270269190311505,-0.014272899606461456,-0.22151478628709798
0.3065140688514099,-1.4922075102536831,2.8834099355618794,0.975295807515006,-0.22089827934290623,-0.0014275948287146125,0.03158585940088556,0.13305387997936807,0.9906053697150766,-0.21863307464690515,-0.9661783557945083,0.136744153310705,-1.2098026037473026,0.06845450434665207,-0.14661511327872712
-0.005055570509792218,-1.2777374638956778,2.8977643780460274,0.9746067070314121,-0.22392308003531677,0.00046993285008518145,0.02880641909400948,0.12745819983730433,0.9914255380578081,-0.22206295690269207,-0.9662364418307411,0.13067203851590556,-0.29051642648355097,0.1577627555433894,-0.0694767732324631
0.062173586292330385,-1.7444764341425603,2.9053605699637686,0.9737918774411375,-0.2274260278309552,0.002604091914133803,0.030260657527650094,0.14090071842361224,0.9895611553379127,-0.2254188812758551,-0.9635478137657434,0.14409003626760078,0.6724487189533838,0.19130682798779458,-0.0803728994683682
0.2340514802765607,-2.5511504997036383,2.758085177875146,0.9727583428153647,-0.23178272333954855,0.004239769381316604,0.036936630433105626,0.17302110784785968,0.9842252697280984,-0.22885998299255544,-0.9572567395429514,0.17686899893493416,1.670283140341101,0.23537136796485475,-0.04503284061079704
0.34131049847592604,-3.3754131279308575,2.3840086733360923,0.9712321658099732,-0.23808859819983824,0.004679690513670699,0.050624118610339136,0.22563291904126906,0.9728961838037208,-0.2326913808266095,-0.9446711624963221,0.23119497407351614,2.8051616759568487,0.32541747184456704,0.0451465913431115
0.4971456506997464,-4.313456303484059,1.8620179180472172,0.9691788031789348,-0.24626759645975743,0.006687181961104406,0.0702368331733658,0.3022288845907889,0.9506442492251165,-0.23613393389012052,-0.9208745692291335,0.310210884742355,4.016077471080462,0.4234889700245587,0.01722700743178973
0.7690363393746439,-5.407713760028363,1.109564121972712,0.9665923185755692,-0.25605097890341155,0.011712637333636953,0.0948430015680689,0.3997369819729506,0.9117100143668037,-0.23812621595335548,-0.880141034974374,0.41066733961927665,5.319221179499001,0.5550024842972401,-0.0509963405527607
1.0217990377546409,-6.440634035474655,-0.00038870104836119523,0.9640364028272917,-0.2649754514509351,0.020538358069425278,0.1186263336969814,0.49816357115394544,0.8589300607900282,-0.23782684242412047,-0.8256034559663142,0.5116808834801742,6.787241113404751,0.7320521043613111,-0.21051254848244527
1.0826943543525775,-7.129825798573762,-1.946787487977407,0.9610783385052466,-0.273518067448303,0.038939620380010746,0.1489051456261591,0.6315447995999849,0.7609063172981733,-0.23271374016599525,-0.7254922693437615,0.6476922743559577,8.569505434100552,0.9208973578330559,-0.49569312205542637
0.833522040337326,-6.904521309331724,-4.894719647711132,0.9578736937649855,-0.2781121418114186,0.07163535000324456,0.18683020729107466,0.7928823887163273,0.580027578057342,-0.2181111194703202,-0.5422095113888697,0.8114409315057056,10.286257718942114,1.1646506221540667,-0.7673721861868125
0.3434282820005826,-5.624514210114874,-7.73500164436061,0.9561159252267909,-0.2737302831501514,0.10447042459114866,0.21472227025576313,0.8972479057068906,0.3857985774478837,-0.19934062351645296,-0.3464360370849682,0.9166489993584974,11.68488938786853,1.4228435278496383,-1.0200428574960707
-0.44521526612977325,-2.4158428375473746,-9.721570331475231,0.954548303768601,-0.2632806317513168,0.139717016562456,0.24414385119336737,0.95955431342035,0.14017595914019162,-0.17097168097950394,-0.09969367352560124,0.9802192896296287,12.427516365086587,1.5460767944353289,-0.9167201838222274
-1.2972250963139678,1.7579148974213288,-9.564846616170575,0.9534461718444129,-0.24797935634315973,0.1716002220944538,0.26772738252919676,0.9579502359293935,-0.10321528049124107,-0.13878921441992206,0.14435229236299796,0.9797448492593614,12.152620885948027,1.5934059111271157,-0.7514758618650258
-1.8824087006475096,5.386742535262028,-7.797479021000353,0.9527395853697418,-0.22640061401861403,0.20255874318697456,0.2834395041957896,0.9024042671179056,-0.3245436583090815,-0.10931299067694289,0.3666187401912116,0.923927145076857,11.227889560875038,1.7360065768133053,-0.656219460631774
-2.2264153872913752,7.646789128057954,-5.688315592466579,0.9521579409532117,-0.2063835782277006,0.22539093619236464,0.2932011775232844,0.8249115746006981,-0.4832742115908497,-0.0861877310218789,0.5262382661188068,0.8459580144981028,10.155291440853881,1.6845932599707902,-0.45567836581751675
-2.4779875966407765,8.84469474477196,-3.2828007514584763,0.951903153595028,-0.18312566155373028,0.2456529630522482,0.3006800738416306,0.7124858043567125,-0.6339995834263309,-0.05892265583315497,0.6773691539114234,0.7332797214971175,9.177196645088884,1.4712842438894738,-0.3178186220338649
-2.4628317716990082,8.780294737239704,-1.0483706447159724,0.9523373584622632,-0.16412294631518576,0.25713267814484664,0.3031313964532371,0.6034773047416236,-0.7375137281068718,-0.0341308095630512,0.7803068634547619,0.624464800196106,8.12084419141171,1.1719221672843974,-0.25810378589650185
-2.09407769355711,7.893408781500329,1.3402082137491864,0.9534452041436139,-0.146502906469012,0.2635889623858977,0.3014741748446208,0.48465376681611805,-0.8211114712465682,-0.0074541664388089075,0.8623500592607855,0.5062576524810491,6.653553612363195,0.831521263657002,-0.2246570380322499
-1.5210272252019421,6.59134855160583,3.2994073952125595,0.9541236085939536,-0.13853300511796657,0.26543689648697516,0.29921024477185953,0.40853766206624587,-0.8623051710949035,0.011016757563629983,0.9021671603236462,0.4312459227475117,4.623415758160346,0.42235527012865287,-0.11804298628404958
-0.959313407456401,5.0858898244265625,4.883193261953281,0.9545750220834776,-0.13727450066397892,0.2644659499477833,0.296673719327359,0.35513578060939754,-0.8864893014534503,0.027771054621669622,0.9246806415181457,0.3797294822986373,2.550490538945633,0.03325869986993424,-0.063683023645568
-0.5410256549594499,3.6336970680917897,5.887911896402742,0.954942878155033,-0.14360602203933692,0.2597333438259692,0.2941793332402418,0.34218556195703786,-0.8923942856621585,0.03927619323850808,0.928593749506308,0.36901358921116667,0.6861187081504816,-0.3660618155151263,-0.10130190265947375
-0.1620659758479599,2.6776744385817457,6.04810607562717,0.9550275271663464,-0.1509210785654346,0.25523567618806614,0.2934513742150001,0.3576032797224625,-0.8865698987124858,0.04252897043030319,0.921597917953586,0.3858089738429553,-0.8012461016372316,-0.41259429787713664,-0.07148569941008481
0.22433056442818633,2.3309066303574677,5.521231260775597,0.9552323883936634,-0.15736753568613052,0.2505325185995059,0.29309757515857554,0.3879789211347405,-0.8738227327045727,0.04030999379683291,0.9081342496939523,0.41673407460022033,-1.6895237496897315,-0.3994646287289488,-0.09228925493599796
0.41660609788586034,2.2077039595317483,5.061852387588111,0.9558453076031866,-0.16648881615030084,0.24215949708785084,0.29139973905714095,0.4303440227683236,-0.8543361248039368,0.03802551788470281,0.8871783902713413,0.45985711240031096,-2.394186646129957,-0.609240001188641,-0.189563530016439
0.5020253374194444,2.1050492190390564,5.117735489460004,0.9564402678852132,-0.17862246906458856,0.2309026364356447,0.29005940268212477,0.49212063153404906,-0.820781838818464,0.03297812734754039,0.8520042825971001,0.522495115338747,-3.3213196465320394,-0.7603009369138357,-0.1896017882608504
0.5341281167766954,2.2174081296549097,5.569480280627642,0.9562097070939386,-0.19440617255418957,0.2187903931441109,0.29167824884267646,0.5710869354209456,-0.7673222995219049,0.02422385624531842,0.7975374300083627,0.6027829232188505,-4.692351287379049,-0.9773173103467643,-0.057144009352429054
0.47047215370138895,2.8354311192977093,6.204154765875462,0.9549812270895661,-0.2131170465685589,0.20637824587005515,0.2965158797922545,0.6635397551922104,-0.6868721324311304,0.009443989492355958,0.7171444190268491,0.6968605981981704,-6.1269481650509485,-1.114307340028859,0.14453619026691733
-0.22730173882442006,4.990221019060945,5.58583133885931,0.9509442822686732,-0.25324650646046665,0.17768280441867873,0.3074130771889187,0.8379179898876625,-0.4509885167006592,-0.03467235200787258,0.4834869689952244,0.8746646093320878,-8.421332117470412,-1.3533491049492063,0.43631770175936635
-1.1278605739674576,6.562979064809795,1.4195415692513667,0.9473186274380051,-0.301893711198198,0.10699348226856048,0.3057054428882643,0.9518983257240752,-0.02082689780534891,-0.0955594071636292,0.0524381981258224,0.9940415660724924,-10.190877960987466,-1.8575528471674143,0.6589352492491468
-0.9527055645169991,5.716748698262292,-0.9214541576926762,0.9473970971889025,-0.3125912508435757,0.06874190959007263,0.29588999292530216,0.9372903310890766,0.18421712008821436,-0.122015787194551,-0.15418672168179556,0.9804787618976328,-10.190877960987468,-1.8575528471674145,0.6589352492491469
-0.4816522629088007,3.8620560838089735,-2.6707154574856586,0.9479427517543433,-0.317496627400073,0.02450369331310359,0.281103821714066,0.8704698564868805,0.40405800371414236,-0.14961677985490252,-0.3761357740727279,0.9144051064208685,-10.526302154269649,-1.8783095127433795,0.7981336572389519
-0.06812379256216616,1.7110882835219927,-3.1313055711355116,0.9493133241417187,-0.3139447251981199,-0.015585959299224562,0.26019347921258557,0.7570242841268584,0.5993442972261178,-0.17636203101078834,-0.573020892082039,0.8003396099502101,-10.486313342096647,-1.6933051866568178,0.7865074729670042
0.1261609928438554,0.034398984871433225,-2.4029728183414623,0.9504555828301715,-0.30838861851643673,-0.03912345890232959,0.2416543543699945,0.6538150405130186,0.7170279393531208,-0.19554374978756053,-0.6909575622051506,0.6959456078965769,-9.511370266311474,-1.2947281027238,0.6849584628323222
0.3345440069861373,-1.0338679658623007,-1.204749745867946,0.95215590088297,-0.2990008033532963,-0.06322705123460164,0.2174926280165247,0.5176096595088291,0.8275126567863609,-0.21470001670285324,-0.801672476749226,0.5578755621557167,-8.444473232332907,-1.0786929137595838,0.6110163723513895
0.6320796023224878,-1.7566262615888353,-0.09405012116453815,0.9541390711241995,-0.28861908548814025,-0.07948368666738463,0.19457407602541113,0.3961143453357742,0.8973485133202542,-0.22750727876950935,-0.8716607418664679,0.4341059653997997,-7.24214361240435,-0.88057944977166,0.45436738756345063
0.9074331110919518,-2.270180972421324,0.7727298706756588,0.9559554024307731,-0.27913652240912995,-0.09073075785396803,0.17434028966785134,0.2913266462704745,0.9406031302155704,-0.23612439933634155,-0.9149926704789145,0.32716002354798307,-5.999744114720958,-0.688673717491552,0.3524325532221324
1.1094897754257032,-2.5773917438386325,1.5867986308472,0.9574702214240322,-0.271413919524382,-0.09790433787441062,0.15659698794676963,0.2038292523429836,0.9664010654253757,-0.24233893300956424,-0.9406317665153101,0.23766304165787638,-4.675474077153288,-0.4817821352698267,0.2358839669135845
1.2414310219949845,-2.5075928318108,2.3567223562586244,0.9589674467619279,-0.2654768090231313,-0.09951632992531667,0.14015858203536416,0.13879323324843915,0.9803530028955294,-0.24644879373359696,-0.9540746838038102,0.1703070456320435,-3.4235557262364615,-0.3159434839255165,0.01649030450488609
1.1582428516222412,-1.9881278557372961,2.8436179239172596,0.9604348166648496,-0.2618447123241547,-0.09488050150498283,0.12338111351208379,0.09460889835207018,0.9878391858906627,-0.24968392772958967,-0.9604616093215222,0.12317237211743917,-2.3572128644526575,-0.1566612117212552,-0.256720328936649
0.7418512628320861,-1.2320775081128263,2.9238222642638574,0.9617176194108601,-0.2595851206761773,-0.08783385246157946,0.10889532575003384,0.06787288419746985,0.9917333712346844,-0.25147768995380554,-0.963332152849811,0.09354215488883368,-1.5355023322751256,-0.0893054722254234,-0.37690976126795345
0.22647693085329312,-0.5924622195851235,2.738647171868922,0.9623118263985033,-0.2593431941810273,-0.08183554487848536,0.098556906925794,0.052120633371695854,0.9937655536765978,-0.2534610125261819,-0.9643778031502567,0.07571636494370088,-0.8573242155027974,0.00593809584433674,-0.2878092395735976
0.01658883993649929,-0.3886171014298733,2.490466454900115,0.9619957828212176,-0.2619660450026203,-0.0770578036273921,0.09275228796290173,0.04806397997083979,0.994528464603709,-0.2568289837846186,-0.9638794764362647,0.07053529608013669,-0.20924830775372893,0.11364277891606392,-0.1762252110322259
0.14512717018220994,-0.7261394012395068,2.2359104837782215,0.9616337956679796,-0.26391374019138075,-0.07489980485549179,0.09207376323326377,0.05329968053260021,0.9943246784522594,-0.25842380918417635,-0.963072521564871,0.07555430532684117,0.4007413557307673,0.17454119201620139,-0.1652179214992908
0.28605513616586925,-1.4140407368053525,1.9402580645447924,0.9605016277827534,-0.26902716436954055,-0.07114076087564171,0.09460512242356132,0.0752690072014619,0.9926653249540505,-0.26169924309769094,-0.960186940853806,0.09774735175903969,0.965251386188034,0.24374553566221102,-0.14526903347260783
0.295662864399056,-2.120743961480928,1.7861778153786538,0.9584175500239036,-0.27662268277888263,-0.0701119902612377,0.10283266978949303,0.10559664057763009,0.9890777479666021,-0.26619774948361913,-0.955159275132128,0.12965152254765128,1.6114910058668197,0.4046667636026339,-0.006459388175031999
0.4036764019820599,-2.76464197183431,1.9556001744372846,0.9548316242242841,-0.2884979157768715,-0.07117248045148347,0.11894836124224177,0.15160271705081868,0.981258326609561,-0.2723010406498682,-0.9454023316954587,0.1790714228619087,2.418280758518479,0.5932998945524135,0.1457676936305755
0.7845644594420441,-3.474448892410949,2.238985536067854,0.9502051495405095,-0.3032892385363598,-0.07159477337580743,0.14164081931712438,0.2156941967765128,0.9661334751369036,-0.2775753088620677,-0.9281657455783259,0.2479118727394029,3.527020753521334,0.7630746650036666,0.18929026324018827
1.3076082482296258,-4.432537991194583,2.0305290728474583,0.9445132462162996,-0.32158021572697193,-0.06693946948506646,0.17135419131088098,0.3085200777477517,0.9356565089533212,-0.2802364516656288,-0.8952103252753038,0.3465054179639076,4.879999754182675,0.9402072161256871,0.06021470954759045
1.673614442109903,-5.455426169728348,0.8683588166958716,0.938641407915696,-0.3408147242719496,-0.05289263715750282,0.203742589529254,0.42419287497165264,0.8823544424069043,-0.27828270617836565,-0.8389908989629855,0.46760347186406404,6.269029916290391,1.1498751582459634,-0.2210546662276247
1.64681012784258,-5.996060243262486,-1.1932003555210797,0.9333491380319173,-0.35800084371008417,-0.02635872603038545,0.23455918138166879,0.552640326507446,0.7997316174488203,-0.2717376988285557,-0.7526114970026776,0.5997787572219855,7.696358557152427,1.456502861105425,-0.6345672928696562
1.2761732187698165,-5.65498252893816,-3.5497489030225235,0.9276421131316672,-0.3732307381107199,0.013376325128461167,0.2656141951462,0.684499213919008,0.6789034728745298,-0.26254372832244893,-0.6262265103567458,0.734105679343894,8.999345142812953,1.9284037524173283,-0.9274685244261034
0.7169300911091189,-4.57842985323688,-5.678437328157029,0.9215903018345738,-0.38272651475890707,0.06474357470019215,0.2992728596310688,0.8068101681391788,0.5094046604375284,-0.2471984446809936,-0.45008640002529576,0.8580880849071187,10.301764574925805,2.339785312635757,-1.0693652820966073
-0.0499789574764401,-2.715217010880257,-7.4684398447270715,0.9164439416749142,-0.38083236213627325,0.122870719526879,0.3322938588410152,0.8953301968335858,0.29658831739379254,-0.22296029499418601,-0.23097738111693886,0.9470681898725484,11.316781645887987,2.609326062615281,-1.1519988124070548
-1.818925354959227,3.8970775948261727,-7.343073591560431,0.9095530991609062,-0.34830742677796184,0.22670486597800543,0.3867403323198359,0.9090834786288807,-0.15491657187388747,-0.15213505567072289,0.2285807632661351,0.961564225364451,11.678488193802025,2.6566529843465805,-0.9060437200415816
-2.3149386115108017,6.896609017583568,-5.038621844306083,0.9068711734329239,-0.31827546923872674,0.27619811816386386,0.4043499604409943,0.8417937073658769,-0.3576093731022438,-0.11868354682835444,0.4359863299692792,0.8920931205833614,10.091833672388717,2.6683382246605074,-0.5955753913262462
-2.5802097396375605,8.452297809584422,-2.549546667828317,0.9048047708556068,-0.2916488985008818,0.3102728583684933,0.4153831882331903,0.7648838113161689,-0.49235105577187754,-0.09372904336524118,0.5743637133295191,0.813216570933083,8.958492115935341,2.470726477265885,-0.35056745775652076
-2.6589482546583834,8.762439827077856,0.4506403062236828,0.9038576386913729,-0.24899989829981228,0.3479086368947152,0.4237762270437603,0.6327821589614149,-0.6480744160146172,-0.05877991469721141,0.7332024208544415,0.6774652254406671,8.958492115935341,2.4707264772658855,-0.35056745775652076
-2.4736162515945717,7.981235653896124,2.3291775512487964,0.9033131662595432,-0.22996901575872358,0.36213198623308995,0.4275365339365624,0.5518519923367403,-0.7160110967739831,-0.03518289089415512,0.8016069051255321,0.5968153264146248,6.58351441810099,1.4775131930449645,-0.08354277875281668
-1.9788396696778099,6.681000072551697,3.9694784543313792,0.9037430398652652,-0.21531488983679928,0.369983805199169,0.42804667825913906,0.46454319786659715,-0.7752261983106568,-0.004955716538214871,0.8589756198696455,0.5119925051630638,5.07660092638953,0.7958055022969839,-0.08562733563623459
-1.4649168472699663,5.523641176335806,4.972547497556239,0.9050602496503937,-0.2101370145943719,0.3697409628376761,0.42506994862551944,0.41943573828351055,-0.8021154531774499,0.013471572969243773,0.8831285843793815,0.4689375440011206,3.4323059570282615,0.28748888224224717,-0.19890555882145505
-1.0649485773746423,4.548981702361346,6.029005883721931,0.9068660343578115,-0.2111986941551912,0.3646767161682776,0.4200744536782953,0.383964385732865,-0.8222583559050443,0.03363701971070815,0.8988695467507644,0.4369234358890074,1.6131746510602103,-0.12626955199335463,-0.17573749144683742
-0.712603816800189,3.755045715333444,6.8625326359331575,0.9073417552102594,-0.21713181664902814,0.3599787680553656,0.4184436896482899,0.38408282403289234,-0.8230341808676267,0.04044524502944562,0.8974041221666023,0.4393518222027727,0.019438020601802275,-0.48732206002406375,-0.11808574490526672
-0.3611517604526635,3.0412184226807293,6.663683239469259,0.9076333620778386,-0.22478429168735853,0.35450486915399576,0.41787730487097313,0.40387637530805165,-0.8137950795758124,0.03975220895813502,0.8867671034035044,0.4605039263723016,-1.0219689277549646,-0.4351026897103961,-0.0744227030880735
-0.11544388983373732,2.3375832718359066,5.660642539327414,0.9089961901752794,-0.23154448859598814,0.3465733342997547,0.4151120340836355,0.42806310539843045,-0.802772680748168,0.037522332094023086,0.8735840701371985,0.4852246356037077,-1.335255608002935,-0.48809160463101386,-0.21078222371178373
-0.048876145632962276,1.747798648666211,5.011843118655824,0.9115555887815122,-0.23911635516038593,0.3344992933565074,0.4096926120396203,0.4591335290279058,-0.7882565357563078,0.03490518874528627,0.85558153978285,0.5164899385094177,-1.7155269861795175,-0.6319355475582287,-0.36910165467815753
-0.046923976141136414,1.6171959577123607,5.389276096849905,0.913899639300348,-0.25032879642500094,0.31956680517085023,0.40484156804821514,0.5041655695120028,-0.7628370620905236,0.02984550329541106,0.8265304423909912,0.562100234596993,-2.6607739915808497,-0.9006572203102526,-0.36916541098703126
-0.12731169880196824,2.187861122548658,6.38240504999724,0.9153452508180765,-0.2685992230084175,0.2999958819785144,0.40219116066395566,0.5735315756569903,-0.7136552403003786,0.019630132158820847,0.7738966268977295,0.6330076372270259,-4.032459569642788,-1.249187924508498,-0.2465415172420431
-0.4113401115619748,3.4179411507941166,6.926558972493973,0.91588725373334,-0.2967877582810456,0.2703101274153669,0.4014354176511792,0.677766102675909,-0.6160216842926338,-0.00037934683841723757,0.6727184675612975,0.7398984521526952,-5.5390666320080255,-1.5854636806092732,-0.09015662846616784
-0.6533151441835261,4.264943335492383,6.866162368586323,0.9155719831808757,-0.3148401998152118,0.250207098609443,0.40183303367678147,0.7410721552552293,-0.537905450568671,-0.01606725428792611,0.593032637622658,0.8050180954823059,-6.813106462992936,-1.8288353340304804,0.09056641914547103
-1.0806427818602429,5.6911172506367445,5.778860648826543,0.9148212869733643,-0.34640922982907385,0.20761179732766896,0.4010590628295048,0.8396738295329216,-0.36619596955706435,-0.047472529137563335,0.41826846102323595,0.9070820544418985,-8.011346071626201,-2.1324074377932387,0.24405162320965051
-1.538197249091374,6.833688430175833,3.966256979592333,0.9143721090435845,-0.37162264756861224,0.16068681967504989,0.39786437902510824,0.898278846802243,-0.18654503287570623,-0.07501721206598037,0.23450313686969723,0.9692165375663573,-9.067007311274553,-2.52055753442738,0.4401968952836423
-1.8592169743343474,7.209145165246913,1.6561325482321085,0.9144017260576288,-0.38803213773519224,0.11532798215301268,0.3927765480604076,0.9193985808065134,-0.02080463661591922,-0.09795951549788008,0.06432192235643075,0.9931095728205384,-10.06830179940136,-2.844496438487475,0.6178160821991946
-1.870209704525309,6.633593049831874,-1.2644249724577132,0.9149251608500732,-0.4005654363842733,0.049591140516668575,0.3826484872253165,0.8998997132862248,0.20919044254350658,-0.12842151403734617,-0.17241762439393432,0.9766166481945238,-10.7871299309974,-3.0243457643554152,0.8201825214740761
-1.3380735291851624,4.743564052911971,-3.3437821693245846,0.9160697094424985,-0.4009624303062172,-0.006739208029720008,0.3688706964453808,0.8359196123599739,0.40641458017134635,-0.15732354161356743,-0.3747899827301731,0.913663927327373,-11.20170583287234,-2.8997481528058238,0.9387309125124821
-0.47445867535286124,1.9311470335566219,-3.912901502884074,0.9188569023370288,-0.3896774584132956,-0.06207633552452968,0.34588885503416783,0.7197067140477282,0.6019826789184013,-0.18990232486926628,-0.5746074522308043,0.7960925717842555,-10.991314347718427,-2.5808592418062895,0.880265672393727
0.24043390441458534,-0.44196599828513516,-2.839376130553211,0.9225792189404503,-0.3713080629184291,-0.1047755085456154,0.32005420005155244,0.5849315523309175,0.7452653139098218,-0.21543651920830292,-0.7211001327828936,0.6584843997331313,-10.046548504461631,-2.231832670028315,0.7935317024237134
0.6961405277376587,-1.8222456490506955,-1.3551347505893077,0.9269696156681607,-0.34858434681477507,-0.1386228148023935,0.29219418182253915,0.4391661576594549,0.8495620319174398,-0.23526557703386852,-0.8280229701658927,0.5089480023937343,-8.753369496976044,-1.8641887376462178,0.6810998049422046
1.0657726558215783,-2.5802608156477356,-0.2714568687789237,0.9317822300245314,-0.32568283549941657,-0.16035138437684554,0.26374247465128947,0.30382186103969844,0.9154955946476147,-0.2494429451303944,-0.8953339976876972,0.36899220819583767,-7.359696437248563,-1.4693318428525752,0.45040931111651283
1.4533453211409264,-3.533084858447544,1.79417385431725,0.9406007116719692,-0.28601150517082524,-0.1829418489906116,0.213364724749933,0.07882377414094383,0.9737876087025158,-0.26409429269594253,-0.9549786550180561,0.13516646412972894,-5.99701970447895,-1.1359074068993915,0.29620832030566446
1.2879410725823854,-2.7168419727898465,3.823448257170273,0.9452567341293604,-0.27905258970692814,-0.16917257094739682,0.18027792861669967,0.014427489618934197,0.9835098962374345,-0.27201024803629625,-0.9601674331704607,0.06394470456636929,-1.7062272959793172,-0.1560857478051962,-0.35117116899192236
