-0.03942161175596953,-0.012980934909499257,-0.023073494276822745,0.999950103211077,-0.0028252967728652667,-0.009581690158918507,0.002829702310997506,0.9999958968094097,0.00044626133109320357,0.009580390022719015,-0.00047335239487174323,0.9999539949740301,2.9094176,-9.305425,1.0525284
-0.07862939785500098,0.10899568308392946,-0.048001724503611655,0.9997830373516275,-0.004380852385909228,-0.020363849251233385,0.004317688799818052,0.9999857341618696,-0.0031446837956321614,0.02037733513936528,0.003056076752874315,0.9997876897659315,2.9038498,-9.308245,1.0444794
-0.10647518726692623,0.24866247336989505,-0.004493778758211891,0.9994703432498186,-0.0024446743068348787,-0.03245083252588865,0.002155375254012179,0.9999576520054515,-0.00894698570797375,0.032471330764293656,0.008872303155201332,0.9994332868756763,2.922139,-9.300921,1.0555923
0.5295080799478525,0.9878723092563403,0.673723119333168,0.9989521777257916,0.002853258540705537,-0.045677188317566515,-0.003546790136940562,0.9998795545977619,-0.015109486328317222,0.04562857543933455,0.015255661672998477,0.9988419784381791,2.996376,-9.274916,1.0663697
1.03732537560765,1.3482338867638017,1.161030284552018,0.9986788031879288,0.006855350950950591,-0.05092791205680547,-0.007698561336875415,0.9998362124623826,-0.016379267450634026,0.050807285072800114,0.0167496988694225,0.9985680083856656,3.039737,-9.262564,1.0438263
1.3226726082302336,1.3644667225641274,1.4384184227421968,0.9985851007746473,0.011592405731985557,-0.05189809861866638,-0.012236467731822584,0.9998518019173483,-0.01210962675227917,0.05175002771338246,0.012727542259858303,0.9985789624760215,3.0828598,-9.2519,1.0035645
1.3734826700109195,0.9531409969122421,1.3991882205373636,0.9985608403333495,0.0168717373809829,-0.050907687341920055,-0.017357244497748055,0.9998078484904355,-0.009110003313480712,0.05074420376950394,0.009980509740157491,0.9986618122313107,3.1283326,-9.239612,0.9738113
1.2249202564858215,0.21997390760175603,1.0620283482970956,0.9985550574028903,0.020877346934931703,-0.049517004352744476,-0.021405494868491415,0.9997192529116039,-0.0101597316548802,0.04929099435542162,0.011204987408412581,0.9987216059206043,3.1781602,-9.221809,0.9815811
0.939804461278179,-0.516932306470201,0.5696429030467163,0.9985327595683097,0.026994827584286767,-0.04694259635546157,-0.027809470274723535,0.9994722540829607,-0.016788290007160478,0.04646462559772149,0.018069106287248574,0.9987564998366936,3.233136,-9.194983,1.036937
0.6378648522423316,-0.9638652392523135,0.13290132421016146,0.9985272463955205,0.032841045040832274,-0.0431833760422518,-0.03403246397774442,0.9990518811753976,-0.02715014024830473,0.0422507940917568,0.028579791470987225,0.9986981855986775,3.2899826,-9.1581955,1.1350174
0.4311627886312256,-1.0510025160015515,-0.0995100241053928,0.9985447474036139,0.0397287313559096,-0.03646937533745156,-0.041313286032527305,0.9981868103769813,-0.043775609494587794,0.03466410001498007,0.04521857465995613,0.9983755208717174,3.3415923,-9.114041,1.2655243
0.32483495518881644,-0.937654358747682,-0.1783761708264326,0.9986299336552565,0.04310890333660735,-0.029662738592618434,-0.04480653129225182,0.997241845593632,-0.05916989226424732,0.0270301750134074,0.060417910011198,0.9978071185297401,3.3748612,-9.068311,1.4219757
0.07961309703849162,-0.973475582705951,-0.4032930776954052,0.9986622725466535,0.04603232248257513,-0.023551872087259094,-0.04776863575351246,0.9956958757646275,-0.07942216582012442,0.019794515154523448,0.08044096140755218,0.9965628073019911,3.397194,-9.017412,1.6100785
-0.4758469181551835,-1.2570190290013148,-0.9125735798618747,0.9986302959930788,0.04888912036252244,-0.018638289485767748,-0.0505549616438722,0.9933978824431698,-0.1029798184627082,0.013480644567790481,0.10378102460278818,0.99450880898785,3.4186692,-8.957156,1.8321152
-1.0906056424049428,-1.4561064564698238,-1.4697959874172997,0.9985426728487982,0.05198057661604826,-0.014510346468717844,-0.05343746671233953,0.9899233408355236,-0.13113434493069684,0.007547691789328778,0.13171863544578083,0.9912584090059233,3.4400177,-8.889262,2.0879912
-1.4780536694313733,-1.2926306443819455,-1.7855463455935805,0.998405544396762,0.05523696400297435,-0.011629562568753193,-0.05638351151491199,0.9857118876216252,-0.15872294802787654,0.002696024305197782,0.15912558690903963,0.9872546677751385,3.4633439,-8.816078,2.36436
-1.6099485915658636,-0.7489636162009929,-1.7296690397305396,0.9981910565805056,0.05938761377646748,-0.009366210153123364,-0.060091462723619725,0.9805710366650777,-0.1867336556738236,-0.0019054318227536842,0.18695869432447218,0.9823659277204483,3.4904327,-8.741888,2.6296096
-1.5143527445304215,0.015533289844529563,-1.2955914894676288,0.9979342011643363,0.06384034161602381,-0.007193116768742267,-0.06393574174756368,0.97593608147671,-0.20847298577770895,-0.0062889644368706015,0.20850221978250827,0.9780016734505509,3.520523,-8.673586,2.8514283
-0.9010197845495616,1.3256793952355344,-0.08800737369551415,0.9973868557848036,0.0722008924463015,-0.0025477514915025912,-0.07079508895422103,0.9697191533198128,-0.23373664467658553,-0.014405390923844309,0.23330622540914353,0.9722966059272595,3.5794358,-8.590906,3.0692184
-0.6250076202535966,1.5192644155388526,0.17437792304522393,0.9970743147452038,0.07643639384749312,-0.0005371880253256774,-0.07449324685180368,0.970103665379305,-0.23097539823780483,-0.01713379843642006,0.23033965380113608,0.9729594425452236,3.611,-8.579468,3.0633774
-0.45863681729895794,1.3924953629820551,0.1973326090225938,0.9967248061741136,0.08085894780454968,0.0012211949550088729,-0.07856692400676983,0.9718277112611271,-0.22221192154579086,-0.019154613263949644,0.22138818890107795,0.9749976259488062,3.6454835,-8.582753,2.998616
-0.33636503447125843,1.1679717650834085,0.17577337319880015,0.996351344803509,0.08529410449969553,0.0029855394547014863,-0.08284269972541423,0.9749422109215782,-0.2064576771775486,-0.02052035112870647,0.2054570541522949,0.9784509768448365,3.6806533,-8.600772,2.8764815
-0.19285292435787993,1.0511376638605994,0.1885639235228981,0.9960208491429701,0.08899683171447614,0.0046938275749436355,-0.08658698729202648,0.9788315984673253,-0.18544917221058307,-0.02109885551892621,0.18430481758946313,0.9826426474100873,3.7141876,-8.634236,2.6938095
-0.02214469875083841,1.0172552403227444,0.22623019217966495,0.9956158184567809,0.09331063524038608,0.006501337529410156,-0.09121412186786747,0.9839376579541182,-0.15344923991873463,-0.020715356876228528,0.15218347679955002,0.9881351442888217,3.7487,-8.678976,2.4488418
0.1509361042873392,1.0479046869841455,0.2852919336944797,0.9952974598904554,0.09656488396146157,0.007628205629017705,-0.0948812332988136,0.9877379671208953,-0.12398088512176399,-0.019506868106008504,0.12267408647872374,0.9922552849964089,3.7864928,-8.72937,2.145874
0.32604019022402503,1.0326419074803392,0.3703020441731488,0.9949497326552337,0.09996805120770168,0.009023204919275194,-0.0989422956199966,0.9919142989904555,-0.07947606932729886,-0.016895313750448303,0.07818191732112194,0.9967959350726038,3.8216615,-8.781815,1.7875382
0.5298547035902789,0.9793290667726047,0.5011160988936167,0.9947776857254158,0.10149560632974662,0.01077023112773252,-0.10104432613760532,0.9942161687123784,-0.03639030126662916,-0.014401393619539663,0.035111988930219905,0.9992796145700055,3.8455963,-8.83008,1.356746
0.7683418232505971,0.919698406856518,0.6641068392915965,0.994836083243867,0.10054158126434962,0.01387652380345713,-0.1008565420634422,0.9946053493740952,0.024251946714407724,-0.011363335734230094,-0.025526249887078148,0.9996095663646347,3.849521,-8.857282,0.83339536
1.0470523923166164,0.9544087051964028,0.8435070423936507,0.9950370822280916,0.097845781970402,0.018094417415566486,-0.0991369465189946,0.9904516525692172,0.09579869392531244,-0.008548147512659627,-0.09711707817632428,0.9952362545147735,3.837883,-8.826047,0.18961182
1.4110564015242009,1.169528913816528,0.8352092713062919,0.9953398382066422,0.09372026958039587,0.022696201192165318,-0.09629744687168883,0.9783582475497383,0.18314459090401314,-0.005040655192687694,-0.18447669370731376,0.9828239625050083,3.8158736,-8.70392,-0.57020724
1.8224256018921068,1.3508730216927574,0.5452547267132932,0.9957820530759997,0.08830938958511825,0.024890851388670133,-0.09174707853352249,0.9561605230223204,0.27809985220104994,0.0007591787093246642,-0.279210504682016,0.9602296171869,3.7728744,-8.491148,-1.4106796
2.182088840259483,1.2698225166612838,0.20471563318273783,0.9963498150739755,0.08219881514290481,0.02303043184917422,-0.0848345367482641,0.9234441361558222,0.37423793069935374,0.009494597240763193,-0.37482566906300524,0.927046692693904,3.6993318,-8.218002,-2.2845688
2.526774846372507,0.9666274399899906,0.03961441654315401,0.9969670649017284,0.07580845461443492,0.017599707673879902,-0.07524733141972569,0.8812616568397055,0.4666001835601298,0.01986229129392722,-0.4665093465227766,0.884293231338704,3.5963242,-7.9068694,-3.1595185
2.9407211465861107,0.5416304742405648,0.06535034393726319,0.9975912195026672,0.06870004618265241,0.009594916658562349,-0.06253688350863684,0.830870220197003,0.5529410595993125,0.030014945813885918,-0.5522091821441262,0.8331651229999395,3.470244,-7.581708,-4.00186
3.3825169042007293,0.004524467654566818,0.3949608231850939,0.9981157596483183,0.06135576076742383,0.0006332158503581306,-0.04845940107281947,0.781907724682219,0.6215078410848396,0.03763797004789321,-0.6203674561926384,0.7834076860152369,3.3240294,-7.2736864,-4.7859297
4.002775181086157,-1.1787685034996045,1.0301614769181,0.9987096426032562,0.04660673977547684,-0.020170810067500648,-0.017432093119659937,0.6876669703846067,0.7258169603774243,0.04769876204625964,-0.7245287776545227,0.6875920872506437,3.0353851,-6.9322343,-5.879298
4.194963288426754,-2.4606519086059944,0.9267128528069767,0.9986952828803927,0.04077070932790422,-0.03074867823751478,-0.003883531629532982,0.6610308211104858,0.7503487000882184,0.050918072769274,-0.7492502938290354,0.6603266972208275,2.9388108,-6.9672914,-5.880638
4.315847937373706,-4.438022166327935,0.19548526061161509,0.9987762339218262,0.036181168282484154,-0.03371880209394102,-0.002175431969669284,0.7132538842838574,0.7009023926694323,0.04940953398567055,-0.6999712991371174,0.7124597380453259,2.862825,-7.0628023,-5.375987
4.154525728049306,-6.226071150468082,-1.5080458724059844,0.9988194456085662,0.03487167120242009,-0.033818362197914745,-0.007604925915060935,0.7998498934467708,0.600151908315733,0.047977913418837545,-0.5991862102057586,0.7991708236186019,2.811908,-7.104909,-4.3649125
3.43475494196717,-7.0053231023326195,-3.966479554425892,0.9987346432866326,0.04095920485528356,-0.029179716186903768,-0.02317260864180843,0.8897672396854838,0.4558259419901508,0.04463342366275431,-0.45457298943084756,0.8895904983598032,2.80831,-6.975873,-2.9819489
2.273306052588953,-6.6375179305312555,-6.867035217137883,0.9984901782653222,0.052008523211759985,-0.01767703088811473,-0.04562167629679944,0.9644028851021437,0.26047214411243935,0.030594551141626188,-0.2592724218269137,0.9653195246758706,2.8122802,-6.681741,-1.4088409
1.1054042684119263,-4.438451711232121,-9.716965338581995,0.9975859173866722,0.06934942832281987,-0.003604750073427681,-0.06925514423061468,0.9973613639775827,0.021772336630976774,0.005105137548642329,-0.02147012892541375,0.9997564559104057,2.8269928,-6.3605165,0.22772828
0.2139139024838264,-0.6969930003211207,-10.918722261869785,0.9959829292747946,0.0893310852042044,0.006161315560888695,-0.08656492529125587,0.9781715087760051,-0.18891006624368395,-0.02290236456178598,0.1876178473256555,0.9819750633607585,2.8687012,-6.0774674,1.867656
-0.391985361271153,3.2970119108022646,-10.126541764538688,0.9935386910251393,0.11294836041821914,0.011114734134965169,-0.10074385182384836,0.9227819021289042,-0.3719196652814368,-0.052264191907551306,0.36839683628147185,0.9281983760285581,2.947171,-5.8344297,3.4692903
-0.775747755393131,6.464562611490242,-8.077646424138818,0.9898825364903883,0.14132269848641732,0.012667235052472232,-0.11373586312259042,0.8436800192554518,-0.5246600599901617,-0.08483346857883825,0.5179111120661903,0.8512175765380112,3.057965,-5.63714,4.9453173
-1.1288918234930816,8.199713837853501,-5.710344185607578,0.9866181333740118,0.16235256744709592,0.015043362021804214,-0.1216467848393778,0.7943900277014863,-0.5951021287364668,-0.10856665526682198,0.5853085747977458,0.8035092741421261,3.1668167,-5.5232115,6.0721116
-1.465800587703578,9.07078791063415,-2.955027144177933,0.9816555335294618,0.18931757090383183,0.022611298902597776,-0.13602892095168315,0.7785199876506861,-0.612701200825571,-0.13359845117257416,0.5983857335995307,0.7899911187278251,3.2582536,-5.4882307,6.509659
-1.9016377131859354,9.114305711147107,-0.770073634688401,0.9780691356606894,0.2050698923362089,0.03642945408827912,-0.15030901479399209,0.8160360826088536,-0.5581149630246945,-0.1441803243844795,0.5403993441313677,0.8289635594661409,3.3166823,-5.442581,6.122313
-2.5128160275618017,8.289439634166662,-0.058593812430135284,0.9762586248127625,0.2072483874723657,0.0629857394082209,-0.1618896605088403,0.891305649913119,-0.4235162054199171,-0.1439125960401955,0.4032646083194721,0.9036961991609317,3.3112702,-5.3678102,5.035234
-2.8943634805462066,7.058799231426798,-0.25336631703115864,0.9770021905480997,0.19247224732115037,0.09176684409612745,-0.16669340957510548,0.9577970730461377,-0.23417530627390704,-0.13296626214360951,0.21349285907354862,0.9678536936211789,3.2554367,-5.3620834,3.5116029
-2.797819728232668,6.220494969174167,-0.686860255086116,0.9797327795633753,0.16565321292762186,0.11261746621097767,-0.16603512941260523,0.9861013090798992,-0.006045165990214346,-0.11205363202486601,-0.012775808297944447,0.993620029121983,3.186586,-5.4988756,1.8054626
-2.814178178718327,5.359662331633285,-1.172636609284167,0.983031552840732,0.1352584574657163,0.12391172585165727,-0.1598074573469018,0.9631155486632286,0.2164948417386592,-0.09005855148657091,-0.23262327830018184,0.9683882835397262,3.1213927,-5.7274156,0.08867188
-3.298306528933516,3.4391371337201457,-1.6164040293069806,0.9863617759254961,0.1052075929263582,0.12657728620785397,-0.14879585956119035,0.8987179830141093,0.4125115503649544,-0.07035793608790501,-0.4257198015099759,0.9021155200038171,3.0494828,-6.0162935,-1.5566864
-3.9745039907303523,0.8075779600911145,-1.6328749962054179,0.9895299618766851,0.07741596471044537,0.12180813994261275,-0.13376782137979093,0.8088253493133116,0.5726322766588559,-0.05419063121640444,-0.5829308043980441,0.8107126820102282,2.958899,-6.369757,-3.0600097
-4.5094615103843925,-1.6262051680379317,-1.3582806287112128,0.9922929374271788,0.05766743209349304,0.10967768053658546,-0.11683687109963276,0.730265573300602,0.6730983122869879,-0.041277983039275164,-0.6807250984998905,0.7313750531625508,2.8501174,-6.76644,-4.2587447
-4.824098408346482,-4.085154838119835,-1.1353803436399719,0.9943180416945917,0.04906493415147939,0.09446832377757734,-0.10203250886057803,0.6922828765617567,0.7143765015417263,-0.0303479669211996,-0.7199562841284813,0.6933555724501387,2.7480621,-7.029269,-4.957896
-4.955680620738234,-6.91574072147794,-1.5571872819482482,0.9956779171741764,0.04990003237158374,0.07832925392859762,-0.09044826301669234,0.7124785332245939,0.6958401047736433,-0.02108546819397298,-0.699917371168516,0.7139125132448619,2.6459992,-7.059874,-4.9350266
-4.908480761184565,-9.09930347593681,-3.46017490373379,0.9960308507531662,0.060097637519404716,0.06565682228460436,-0.08801976773971991,0.7746883952126699,0.6261872010907477,-0.01323120685998129,-0.6294808688811794,0.7769033214484441,2.5732758,-6.9271593,-4.1122513
-4.784728670878178,-9.06937054322826,-6.925350562776426,0.9955167439005235,0.08034282796773592,0.049914352723925554,-0.09437166183531195,0.8791638346769046,0.4670813004591837,-0.0063562611764434425,-0.46969775578593864,0.8828044042445133,2.5269837,-6.7185106,-2.7165115
-4.654582316218936,-6.933250348899822,-10.161244114327038,0.9945643870292958,0.09822989566249012,0.034533572812258426,-0.10379508698294647,0.9616291173602496,0.2539606673545146,-0.00826195928613768,-0.2561646506508734,0.9665978542215322,2.455789,-6.4655533,-1.0245941
-4.518667011488857,-3.374346749273759,-12.3036792910042,0.9935200690148274,0.11215427858420592,0.018419833333424934,-0.11221185216481985,0.993682046490379,0.0021191310562417576,-0.018065788067931226,-0.004172322848159327,0.999828094736058,2.3959823,-6.225665,0.74736327
-4.3221966455900365,1.1630919416612766,-12.032977961491174,0.9929782388014162,0.11824709946448508,0.003441036918727002,-0.11431402837336864,0.9666226964153724,-0.22928773558942941,-0.030438794061074567,0.22728437307239538,0.9733526049552629,2.3347688,-5.957797,2.506476
-4.046266584686015,5.225151951750626,-9.9010814378095,0.9929407869205829,0.11811030211767425,-0.01088807619406458,-0.11081561247131774,0.8910349085795483,-0.44020074025976297,-0.04229058644831897,0.4382998382686316,0.8978333687670274,2.2713256,-5.6585984,4.190277
-3.5432750207831036,9.112104659697374,-3.978053730444084,0.9947731149541736,0.10081537847596138,-0.01620830734905946,-0.0877216234381317,0.7625200913320725,-0.6409898806504724,-0.05226247741689554,0.6390613192626176,0.7673781751369865,2.1510787,-5.1917677,6.8141923
-3.3487758863154653,9.945936661413388,-1.2258579635433309,0.9959321087871565,0.08912067964083815,-0.013294327629664702,-0.07432384802619457,0.7290825845973824,-0.6803782407245108,-0.05094310847748585,0.6785986216440147,0.7327405478076772,2.0784256,-5.112233,7.3356524
-3.297688732850805,10.303565138182588,0.807931014113743,0.9967511023073957,0.0801173725664131,-0.008273249787633774,-0.06598969249649374,0.7534305303821752,-0.6542077623907048,-0.04618008805981441,0.652628257510422,0.7562696324497623,2.016127,-5.1598115,7.1216707
-3.3966818819475004,10.056615867913482,1.9584822731509335,0.9972137777274159,0.07440388816790068,-0.005361243896437903,-0.06308141684753753,0.8027333363894618,-0.5929923485994999,-0.03981728718943275,0.5916783349714121,0.8051902455732632,1.9620987,-5.3042784,6.212672
-3.45112449962359,9.862607911326124,1.4721362627629953,0.9979813735333216,0.06315169103357868,-0.006711333708492467,-0.05985965607433391,0.9000938493276202,-0.4315644609757043,-0.02121319530881144,0.4310950316602913,0.9020571345666542,1.8990631,-5.511655,4.7720823
-3.2895734642779013,10.048481240753276,-0.9482424328863837,0.9985889981007473,0.05119098086683964,-0.0141243176840102,-0.05264846741840742,0.9891212174984602,-0.13735849436003994,0.006939146247260426,0.1379083049430137,0.9904206922702615,1.8693314,-5.7490005,3.0408447
-2.77205626159876,9.319786374115068,-3.2285636709611656,0.9987099056845612,0.046412852402795066,-0.020600277167394758,-0.04506300121507155,0.9970735638810646,0.061754628417661994,0.02340620022617033,-0.06074664880756253,0.9978787473684483,1.8625152,-5.995702,1.2558258
-1.9092178902851535,5.562080759313924,-5.846330540076389,0.998646949881365,0.04381397294515772,-0.02801080626132945,-0.03434876485776119,0.9601752895888912,0.2772788769734105,0.03904397322756696,-0.275941568158279,0.960381080153579,1.8816391,-6.2994432,-0.49184877
-0.9886433880174237,0.9450342654688515,-6.578803534556185,0.9984717078989256,0.04431968036029856,-0.03301536700032348,-0.02379813627524476,0.8839757378660807,0.46692670042946083,0.049878825519752895,-0.4654273958383617,0.8836794905212474,1.9239181,-6.6485686,-2.1414216
-0.2005312028795454,-2.3524608151818676,-6.073578482351572,0.9983080170107576,0.046938253946081566,-0.03432059860411365,-0.018808243611793705,0.8191703185456256,0.5732418679633389,0.05502138806219761,-0.5716264422945734,0.8186671224162834,1.9894226,-6.954904,-3.5834136
0.3561609769083776,-4.3968167437205565,-5.290721727911229,0.998015218805152,0.0533335833547201,-0.03348360673302913,-0.018045062979074204,0.7516206405596383,0.659348760813881,0.060332402035624816,-0.6574358840003062,0.7510912459171308,2.0813766,-7.174588,-4.662126
1.2026570299793489,-6.800998085905201,-5.1168159021840705,0.997874323788672,0.060493715137485846,-0.02423518830477256,-0.03335482154799582,0.7935955274869183,0.6075307355453398,0.0559847282998177,-0.6054309615320516,0.7939263574259083,2.2789626,-7.2022843,-5.062228
1.723511488811195,-7.814150995997573,-6.051798059198871,0.9978411911604856,0.06312256327108871,-0.018124547705063762,-0.04490666134510833,0.8571930042950262,0.5130336686363804,0.04792023570749071,-0.5111122140917341,0.8581771120322331,2.3756852,-7.1105437,-4.2563567
2.1416894590745557,-8.42818049398938,-7.524405687172294,0.9975030243862507,0.06976219543673258,-0.010997837429811723,-0.06100801721759529,0.9296235113802952,0.3634255754953801,0.03557721427350684,-0.36184715444068016,0.9315583173627509,2.5052154,-6.9812975,-2.8974824
2.4950609850592835,-7.956223632004834,-9.473872791099312,0.9967879752048034,0.07991390272262784,-0.005244105142827924,-0.07830591440003287,0.9862715157972316,0.14538459649153437,0.01679036202960986,-0.14450697311434424,0.9893613184596641,2.6294525,-6.8105774,-1.2166245
2.708200792450038,-5.0979009112511156,-10.857215347969186,0.9957041019102372,0.09258922967241337,-0.0007589386006493304,-0.09218331161262558,0.9905026761423039,-0.10201316393027024,-0.008693589549778533,0.10164488724773033,0.9947827593988229,2.7236924,-6.543269,0.55143434
2.820528168841266,-0.4797545117478781,-9.970772211129685,0.9943965750742322,0.10571247847642201,0.0005686607171834037,-0.09996480725565082,0.9420530287205771,-0.32022356001507557,-0.03438733474667397,0.3183723652780819,0.9473418328334603,2.7861648,-6.1729903,2.294014
2.961296307841167,3.693565496718257,-7.145813215839377,0.9928763032586507,0.1191309964013967,-0.0021100056513107326,-0.10308648293724415,0.850006528668962,-0.5165869513022671,-0.059747999657456315,0.5131244555822225,0.8562321353583854,2.8253357,-5.741768,3.9462006
3.0979007152032034,5.729553462985349,-4.455296659084836,0.9916881713415608,0.12846404523452085,-0.00718052248909529,-0.10273128991232074,0.7569717930575715,-0.6453216148465482,-0.07746517213680026,0.6406954764919051,0.763877250288701,2.8465805,-5.307225,5.421959
3.234978341790517,6.498899639214788,-2.766513797731951,0.9909077861288158,0.13394020886979932,-0.012719270309496825,-0.10018011315985925,0.6714174041653825,-0.7342769329831204,-0.08980926631795452,0.7288749480066761,0.6787308788111058,2.855536,-4.9504824,6.575305
3.4625322213371965,6.880755425441688,-1.4905884937366118,0.9906755517874296,0.13523351426629765,-0.016548344626017772,-0.09848481344947785,0.6268935848851167,-0.7728552094342829,-0.0941418749042948,0.7672785216914878,0.634366595542695,2.852246,-4.770087,7.248067
3.7425245078091014,7.274403474585878,-0.003007621794213655,0.9908079532288014,0.1341708434511968,-0.01725643607904309,-0.09964018822777772,0.6375568139035322,-0.7639326815466861,-0.0914955338171686,0.7586300111469176,0.6450651699469901,2.8396454,-4.7642593,7.2946777
3.979093971184625,8.141851924666241,1.5704380329530574,0.991428287147755,0.12989201475475404,-0.014071813892380955,-0.101068004443622,0.6942202089621514,-0.7126314334537396,-0.08279619508802934,0.7079451715856948,0.7013974793991253,2.790442,-4.8919954,6.6665754
4.1546258315903355,10.131449513865252,2.272073625209341,0.9930008418483444,0.11783161885438992,-0.00806459463554579,-0.10065548200288443,0.8085756818972994,-0.5797187599061161,-0.061788364853335234,0.5764729622822499,0.8147767312130847,2.6902542,-5.125459,5.4599547
4.1028677123851685,12.255431704348275,1.6313500649278327,0.994629590410628,0.10333865350631719,-0.005753309577114155,-0.09678194583625813,0.9089440236291426,-0.4055293045749136,-0.03667741593591851,0.40390826260472457,0.9140639378948809,2.5779603,-5.432982,3.8872254
3.8356847361896627,12.455634728145139,-0.977062746810037,0.9961841293617325,0.08664888473575501,-0.010447544298026091,-0.08711128447974001,0.9797879113000423,-0.1800757423602394,-0.005366984637500256,0.18029869562576314,0.98359726302565,2.4628158,-5.7928376,2.172278
3.759996491851922,10.015151877834818,-3.790112247180954,0.997138806245432,0.07278002614834163,-0.020427160186470852,-0.07220407734011372,0.9970067121418884,0.02764393531112838,0.02237794215069594,-0.02608991640212102,0.9994090974006745,2.3480256,-6.182756,0.43211976
3.9166321141281943,6.03361402724535,-5.889592156309772,0.9976176688657302,0.058660954036419515,-0.03630260649657913,-0.04769387521093679,0.9667011422682581,0.25142433415365784,0.04984256247698317,-0.24909394615041003,0.9671959082610643,2.2223847,-6.56279,-1.28004
4.153581542395461,2.4674672875652877,-6.336778348703538,0.9974435037543666,0.047562434906262115,-0.053331712929573116,-0.019850761346354825,0.9013679263204377,0.43259890045487376,0.06864695253385161,-0.4304342878844374,0.9000077331452396,2.080443,-6.885541,-2.906334
4.4041123631076955,0.026383128006678636,-5.919288232546073,0.9967871487250267,0.03891005718429219,-0.07000991063091344,0.007716765927382959,0.8233554022051727,0.5674736409589276,0.0797234699461542,-0.5661906826409935,0.8204098239479283,1.9332123,-7.1320524,-4.3018847
4.690462416786754,-1.8715012517026808,-5.389679515887506,0.9961449392206008,0.03150012561008539,-0.0818718642253634,0.027330371007524126,0.7754076009076167,0.6308693234539835,0.08335652875317315,-0.6306748722925654,0.7715574473576016,1.7968231,-7.2830324,-5.223288
4.924763402832729,-3.8420745154490192,-5.084222021469379,0.9956471326677224,0.02229761768149869,-0.09049642786471986,0.04005140805314665,0.7743818189704486,0.6314496679553971,0.08415861170138843,-0.6323255606835372,0.7701179866635667,1.6893616,-7.335307,-5.4353347
4.875703404007333,-5.683459249926159,-5.431682085403199,0.9955494211987664,0.01478428180344377,-0.0930740294731003,0.040760842220165544,0.8229113910616469,0.5667057404001564,0.08497001643112678,-0.5679773476755408,0.8186463392913647,1.648523,-7.2712464,-4.873151
3.9138319047920582,-7.884490112149003,-8.19748091522802,0.9960355967403416,0.007261277193524141,-0.08865869319831275,0.01954595804470864,0.9544409311083573,0.2977590713129126,0.0867815968407371,-0.29831155337755866,0.9505152137505428,1.7503662,-6.7251816,-2.063565
1.796388155361918,-2.714590752207405,-10.644250577432004,0.9982168470122369,0.017402038393637916,-0.05709899649465768,-0.02735715678721448,0.9835586373662484,-0.1785048818233559,0.053053862380323814,0.1797486465094995,0.9822808721361386,1.8883117,-5.802017,1.439534
0.6517798484038666,1.1440788736859844,-9.230593216829064,0.9984490481393528,0.034636950010889254,-0.04358646537132199,-0.04893162161983319,0.9193984718500038,-0.39027188774690535,0.026555501789191586,0.39179935126774135,0.919667371211408,1.9852111,-5.3286424,3.1737015
-0.18842014067707802,4.096825454289169,-7.183230217135445,0.9976234140206772,0.05882490998269268,-0.03587692522023703,-0.06874329205537276,0.8143983548811308,-0.5762201657043071,-0.004677990500213714,0.5773170268859543,0.8165066851364063,2.1048095,-4.8531466,4.8459673
-0.7689058470232791,5.87367720341924,-5.313815922139923,0.9953710709462408,0.08876041933271407,-0.03685131046809851,-0.08807379877025066,0.6889947140143052,-0.7193950861873639,-0.03846345139886444,0.7193106922743663,0.6936228736757891,2.2462204,-4.3707213,6.3533735
-1.352704668263148,6.492000695154558,-3.584037053539677,0.9915997175067398,0.12158015082888357,-0.04413917947789312,-0.10803109111025908,0.5908274581645625,-0.79953248716505,-0.07112864116572605,0.7975845921300321,0.5989987769625981,2.4079041,-3.9653535,7.4978013
-1.8844885860502671,6.137106968253443,-1.791247046051448,0.9859056804309307,0.1589489312885528,-0.05220370232322817,-0.1326361986761087,0.5524151232865887,-0.8229490691197219,-0.1019687603865865,0.8182742625834517,0.565711590033943,2.585582,-3.7558548,8.005659
-2.1565695791500885,5.087392209289764,-0.1163203323365114,0.9796989651783959,0.19365845581762434,-0.05182991528755567,-0.1586551094166848,0.5909290550394669,-0.7909686518226525,-0.12254996484847193,0.7831342505602076,0.609657487213223,2.7525039,-3.7828171,7.704974
-2.2374566640532034,3.8803189539777323,1.4888181250225478,0.9735987055132668,0.22533831608746618,-0.03644453217916552,-0.18551202554166307,0.688063585973549,-0.7015367346309471,-0.13300695095491202,0.6897761556911691,0.7117007840641953,2.8789184,-4.0287857,6.7207627
-1.900671004800215,3.3945189934387283,3.0300561541465747,0.9686484953416163,0.24815262234842067,-0.011847721047811836,-0.21109597105544514,0.7969812880650211,-0.5659145849670075,-0.13099077630346073,0.5506733173995487,0.8243787442841993,3.0293183,-4.4649796,5.335643
-1.4903928753867057,4.059031429246902,3.6573633512559334,0.9647758353624805,0.2619527203582695,0.024256129071477207,-0.23598900739884104,0.9025099227159079,-0.3602568913792457,-0.11626166989829287,0.34184296350258625,0.9325377270739402,3.1935914,-5.053285,3.796393
-1.607572586569008,4.449128182604811,2.8410783409493017,0.9628099924742053,0.26519467118754636,0.05165950798789763,-0.2497560474844948,0.9465348347950505,-0.2041904093350888,-0.10304773232218754,0.18369429194517123,0.9775671700553461,3.3621764,-5.6576934,2.251117
-2.1688862677635967,3.9440193507295103,0.5338790104600437,0.9611872691632911,0.2617310416261162,0.08726909789682122,-0.26293299396440584,0.9648111860689513,0.0023697934802160703,-0.0835779533329837,-0.025223740514313142,0.9961819555839873,3.5413315,-6.27964,0.774646
-3.002600428482079,2.426662759790158,-1.6596899583417049,0.9604601196232218,0.25112983266441274,0.12020884226749874,-0.27153575619953835,0.9403138482919345,0.2051297146089747,-0.0615198481670193,-0.22965990911858847,0.9713246802306372,3.711783,-6.9186296,-0.55134887
-3.8786498254981714,0.7198001160028995,-2.941975304731659,0.9597926817517842,0.24648354240203463,0.13432747812962242,-0.27698541010469896,0.9092778931867396,0.310632895152812,-0.04557510992692598,-0.33534993109710065,0.9409906126355988,3.8708909,-7.512904,-1.5762405
-4.716626499884244,-1.0828280076829713,-3.612217864791727,0.9579052552662451,0.25097066098776316,0.13939601592827747,-0.2849843671936189,0.8899040351090178,0.35616670079043367,-0.034661684733489004,-0.3808996398266275,0.9239664669193264,4.027841,-7.850116,-2.1465073
-5.428698376555012,-2.935569912550185,-4.530181855018316,0.9535981165457766,0.270145274979447,0.13293668615784074,-0.2995163459553161,0.8961377705118782,0.3274554240924671,-0.030669049967753673,-0.35207758614867923,0.9354682157645955,4.1399918,-7.773726,-2.1310654
-5.976534309488159,-4.229230720458195,-6.522841213058215,0.9489574232806598,0.292481311116099,0.11804444691869359,-0.3131751615512253,0.9181871900372373,0.24259761383593192,-0.03743163084740462,-0.26718339525376844,0.9629184318065436,4.195778,-7.314542,-1.4754273
-6.228080849029445,-3.713328635330779,-9.403173404262754,0.9425200888871519,0.3226212820554714,0.0870137368984991,-0.3291609649048165,0.9412456875005285,0.07556199404852498,-0.05752339721441484,-0.09986022294458924,0.9933373015478532,4.1878877,-6.6820617,-0.33664092
-6.139550149035095,-1.4619718044855987,-11.611517538331993,0.9369909079516815,0.3464430175791859,0.0450030441916246,-0.338822629344839,0.9325647852564241,-0.12458790929898106,-0.08513086549386861,0.10148968849232627,0.9911874589955203,4.1343584,-6.0730314,1.0610473
-5.793163000906472,1.5286490003522024,-12.000291938426074,0.9328584918465564,0.3602375431065836,-0.0019866369326884195,-0.3402884576242212,0.8793623093623297,-0.333055092260545,-0.1182319745140818,0.3113693006856718,0.9429052756205248,4.0588636,-5.524774,2.5705063
-5.265075286363984,3.7533702279212764,-10.757559117858815,0.9317001604486528,0.36055377124682925,-0.0439976028852232,-0.33192943078469284,0.7959577450798341,-0.506235242773927,-0.14750479313875314,0.48626355619881334,0.8612723668584624,3.9526336,-5.0117292,4.087494
-4.1454005886897285,5.8327186682543655,-6.277075439996494,0.937745782019941,0.33466845463316347,-0.0928971139339719,-0.2899337624139783,0.6070134960888005,-0.7399142037956343,-0.19123614123979238,0.7207854334262751,0.6662560297995145,3.6488159,-4.0146437,6.8202105
-3.7542547925476457,6.041997458378598,-3.959925138340932,0.9440181379605272,0.3162543987721778,-0.0938771029526852,-0.25830788859845466,0.5316033924489239,-0.8066442015068382,-0.205199390567684,0.785735953354589,0.5835342506799465,3.4499862,-3.6317353,7.763243
-3.4093982056116605,6.027405707113354,-1.6321756773642493,0.9509713475430003,0.29980761271021833,-0.07595321924218706,-0.22801233137773988,0.5136992772917149,-0.8271175425836756,-0.20895902204006314,0.8038833546423079,0.5568731266968181,3.2149339,-3.5202057,8.16968
-3.229390495474362,5.997836915565676,0.7056818256110984,0.9566936970473313,0.28754185741483806,-0.045352511113891485,-0.20483413561693908,0.5542702483923294,-0.8067387858738216,-0.2068336213384371,0.7810916540211726,0.5891652409150571,3.0022187,-3.7256896,7.9791794
-3.325659424767439,5.6791289865072105,2.1111354014268326,0.9629111329647349,0.2698156578493125,-0.0012887171586880158,-0.18543117990261992,0.6582773116735132,-0.7295795079741587,-0.19600364163069633,0.7027591989545467,0.6838947877797212,2.8218856,-4.234782,7.255615
-3.363335369730451,4.957521460777141,2.481022570312686,0.9677044776031818,0.24905264886397988,0.03899771942806166,-0.1748286028764315,0.774497374480877,-0.6079381354533568,-0.18161223428786286,0.5814865389809677,0.7930261038206161,2.698851,-4.9144225,6.111328
-3.107590908411772,4.266600117322834,2.166231632367177,0.9720778663224272,0.22234195049124716,0.07502452170981608,-0.16648392865436995,0.8787802319097351,-0.44724535269187515,-0.16537147065272612,0.4222669310476741,0.8912591742236005,2.6074219,-5.5764008,4.7025347
-2.6279068035323783,4.054291246641968,1.067967067638925,0.9759821737616163,0.19042097316749257,0.10582367163114668,-0.15967813742097148,0.9557404821992459,-0.2471093343346686,-0.14819476687562544,0.22427657849962604,0.9631917396900685,2.5454545,-6.1523542,3.1543458
-2.1700661332480857,3.737279862461249,-0.6806373120201671,0.9790053275245558,0.1594522022569866,0.12697859612523651,-0.15413512623852887,0.9867472796134023,-0.050716555827301196,-0.13338265081325842,0.030079916405270246,0.9906080289857745,2.5236313,-6.6775055,1.5845077
-1.7341195619817742,2.4736049032968546,-2.494679958371258,0.9816686862633536,0.1259597608759949,0.14304100478549986,-0.14884177191654333,0.9754099450804955,0.1625471192325766,-0.11904922235246594,-0.18085789360193216,0.9762774733543461,2.540193,-7.186911,0.06764374
-1.1041243703147265,0.8555754983229626,-3.374906484378586,0.9829970249321591,0.10694052314148035,0.14926678627461792,-0.14625765611677333,0.9474965834125673,0.2843570334082503,-0.11102048010053649,-0.30135352815545297,0.9470271928865125,2.5840988,-7.6444216,-1.3658813
-0.3086267875305343,-0.6484446641963558,-3.3093357686380385,0.9843895609579691,0.0866410484592254,0.15320091709537778,-0.14414786537884697,0.8963247002189563,0.41931303901038075,-0.10098804475630002,-0.4348509635487601,0.8948218003139032,2.6467545,-7.9433794,-2.688443
0.6048288070081234,-1.6987163826447245,-2.6223940532410888,0.9852535619914481,0.07280044257391607,0.15484028592135704,-0.1436210635536282,0.8437504405274184,0.5171635952128815,-0.09299682084292091,-0.5317756008607671,0.8417638039511323,2.7134979,-8.019667,-3.794931
1.543329940123456,-2.6007527405608415,-1.8837456734475428,0.9856958883561509,0.06379052754344078,0.15599482130349643,-0.14385263688322844,0.800693177107861,0.5815469499487231,-0.08780680235336143,-0.5956687038351517,0.7984164081053373,2.762143,-7.9526763,-4.5813293
2.3582222275732048,-3.1837328980273347,-1.866072770760741,0.9855344229820281,0.06383369221124478,0.15699414274476187,-0.14701147528539393,0.7828858605355797,0.6045472318255026,-0.08431801261826918,-0.6188820478186012,0.7809452500886093,2.8090835,-7.87693,-4.946683
3.0784021663223404,-4.493437939007023,-4.701397673568989,0.981575547027958,0.11354657647524424,0.15367700038560758,-0.17241869579552324,0.872976370804688,0.4562719028790263,-0.08234827755901965,-0.4743621306422212,0.8764698113430007,2.9933152,-7.967183,-4.08172
3.1197994142183236,-5.441698782796912,-6.4304771734168735,0.9778755433631954,0.15165045586077178,0.14408872589261462,-0.1908851143934866,0.9286478087657758,0.3180819397223134,-0.0855704084080616,-0.338548942564799,0.9370497952046809,3.1375961,-7.98378,-2.9283035
3.2962136915613955,-5.282804849434223,-8.293631613798107,0.9738329212141862,0.18817450665682076,0.1274354605433992,-0.2061887168059816,0.9673783521405539,0.14719149728068484,-0.09558061843987434,-0.1696156798597614,0.980864346647569,3.2389817,-7.7412324,-1.4895966
3.768119432784115,-2.879244855272532,-9.8135997452024,0.9689362428690053,0.2257505513103345,0.100991315656236,-0.22040782913560478,0.9734733003107688,-0.06140132276905891,-0.11217373182090142,0.0372346903456999,0.9929907510768833,3.2767212,-7.170648,0.022802735
4.279946522784081,0.7213413667595169,-10.028674683845468,0.9642710744991629,0.2557197835110107,0.06920034107800965,-0.22884949344549277,0.9356524708730191,-0.26866775597186243,-0.13345113050840898,0.24323208273230915,0.9607439563670079,3.2480133,-6.3509035,1.5027893
4.602997208237473,4.228830560312904,-9.093671180289318,0.959895048300559,0.2785716231822581,0.03161245016873154,-0.23165189753236815,0.8515850812172507,-0.4702555133306383,-0.15792053260333733,0.44407285461488333,0.8819639477759097,3.1835907,-5.4545927,2.9531112
4.845329294464344,6.829474214781801,-7.442749454564634,0.956135421042471,0.2927915151753072,-0.00884224345321764,-0.22868541821974006,0.7272474953254755,-0.6471584504868073,-0.18305200387212556,0.6207932096794964,0.7623042402441618,3.1021514,-4.5667315,4.388083
5.077682746328792,8.312983295725738,-5.488083042642512,0.953157760536225,0.29890503804450774,-0.046325605891137434,-0.2209170671498361,0.5833290921920576,-0.7816155190656753,-0.20660574283277897,0.7552370147404072,0.6220378755305132,3.0147767,-3.711876,5.7908936
5.238271988742873,8.873453767827304,-3.5365325096704243,0.9510928832536152,0.2993214208931218,-0.0763479824150528,-0.20850229418275643,0.439681683808161,-0.8736170844507036,-0.22792349757068459,0.8468097211995997,0.48058732332116605,2.9271667,-2.9018357,7.0755525
5.3699318332157775,8.719655534821111,-1.3392368159682406,0.9499990344327176,0.2977499584492255,-0.09405741236282375,-0.19324885756575708,0.32402935600632754,-0.9260992687048482,-0.24526865602117923,0.8979698985431582,0.3653674146444305,2.840692,-2.2305846,8.111346
5.515410878819136,7.894184495708208,1.1376437279462621,0.9502711292409967,0.2966225208574513,-0.09486759747781956,-0.18033676081265304,0.27576800405921303,-0.9441560573532313,-0.2538965018085966,0.9143123580360103,0.31554631722140003,2.7417724,-1.8700043,8.684774
5.661416248883469,6.869863605785174,3.6849007912675997,0.9516354024952342,0.29779195408457537,-0.07556462664650287,-0.1711003164493548,0.30941539832076037,-0.9354072872246272,-0.255175904874786,0.9030958218065768,0.34540294469914207,2.6360993,-1.95121,8.630243
5.65065448733489,6.158690975292508,5.603470992875261,0.9520236658755197,0.30326468398060297,-0.04100574426935217,-0.17056796165538934,0.41459003669254746,-0.8938801216785158,-0.25408169959614196,0.8579892965098214,0.4464267655561419,2.5635314,-2.4370713,7.8928194
5.026822975001728,7.739813334374683,5.323288640070725,0.9528152890427563,0.2979109587385044,0.058241614245104274,-0.1945274767296309,0.7465497961012904,-0.6362566013318254,-0.23302807934575898,0.5949054232435842,0.7692759268505673,2.5562272,-3.9643846,5.1558714
4.7011698557895745,9.551381432267465,2.2819556508889605,0.9553673552621529,0.2726120892705578,0.1138238344238254,-0.20625805344626374,0.8913636673943606,-0.4036439369516588,-0.2114966474626944,0.3621511579890616,0.9078081883741871,2.5735612,-4.7363954,3.5316253
4.065386924891494,9.473214662039446,-1.9264338040929396,0.9585898350696759,0.2416913405130753,0.1506347371029867,-0.21160888074005874,0.9584633664194412,-0.1912319450924782,-0.19059698238175993,0.15143735058731633,0.9699172743868738,2.5978026,-5.4979296,1.909201
