0.08236984321686505,0.21320607242480769,-0.1619033703703865,0.9999979204756729,0.0020117319438726516,0.00033463250852924125,-0.002011989830826002,0.9999976778656604,0.0007721141156342076,-0.0003330784448368969,-0.0007727857872083321,0.9999996459303757,-0.03759522,0.016248781,-0.09791748,2.522342,-2.9773803,8.996831
0.08437620625157309,0.31842005561187425,-0.15830495254652094,0.999987729095636,0.004906599267409046,0.000683331385151883,-0.004907742106543527,0.9999865441634386,0.0016809400581198884,-0.0006750744910987801,-0.0016842730456768013,0.9999983537480145,-0.04504274424131161,0.0170783325392344,-0.1432635643804049,2.5271637,-2.9795532,8.994748
0.07088159247311157,0.4706242554399345,-0.1483023887396299,0.9999628650101965,0.008586459154013033,0.0007357443824012849,-0.00859013779630766,0.9999498330107761,0.0051517952561705915,-0.0006914717927839501,-0.005157924089933944,0.9999864587512385,-0.17811271116752664,0.002042938336489478,-0.18870773471173374,2.53692,-2.9950042,8.98669
0.05438428325527789,0.5671799279550161,-0.1784419584126935,0.9999129923654556,0.01315460053323899,0.000981928496083927,-0.013166699542548198,0.9998215634220781,0.013545454565570157,-0.0008035682402722521,-0.013557204765089753,0.9999077739857015,-0.4087460730952181,0.009903046731828652,-0.22245715818978407,2.547708,-3.0482345,8.964149
0.020411271503560036,0.5160502125658933,-0.22687172351599555,0.9998348630114513,0.018152507161859247,0.0008562655028416198,-0.018168218309935723,0.9995238990937195,0.02493774215783192,-0.0004031752909391924,-0.024949180832777636,0.99968863944003,-0.5853630892624494,-0.011390997432835571,-0.2565138263117276,2.5644882,-3.1329727,8.926451
-0.04459681454763215,0.4455498468949497,-0.23177721545428961,0.9997110284047053,0.024034104834126272,0.0004706281218952004,-0.024033813737811927,0.9989205234714224,0.0397512714865256,0.0004852661363129424,-0.03975109548681052,0.9992094950131206,-0.7329059740459228,-0.028461679237867313,-0.29006281199895545,2.587445,-3.241516,8.875684
-0.13036106119384763,0.46503357508491794,-0.22298731033811056,0.9995441144861205,0.030191269423107923,-0.0002246036040105256,-0.030125269923035426,0.9977985829547857,0.05908008095361488,0.002007811799417762,-0.05904638095635276,0.9982532211757372,-0.9740366798434177,-0.05026757564352624,-0.3078942228189026,2.6169448,-3.3841279,8.805636
-0.22035295220023343,0.47320532888501,-0.2680412130384781,0.999330469566535,0.03657759928247833,-0.0008317611793730165,-0.03637148052221584,0.9956497919684166,0.08578232427412173,0.003965854328028503,-0.08569463801183211,0.9963135555714726,-1.3034629181780624,-0.05202485568005849,-0.30818351822756546,2.6493773,-3.578424,8.705137
-0.3124513001249944,0.35010546554498173,-0.33192982334640053,0.9990760949191015,0.04294752692823006,-0.00157050690792483,-0.04247010837278025,0.9922425599413576,0.11683746032769404,0.006576203768374506,-0.11666281400587819,0.9931498081217286,-1.562305003078115,-0.06912766075605209,-0.31374905168415007,2.6860046,-3.817009,8.574147
-0.5111041482440135,-0.021511321957104798,-0.3114125279034261,0.9985425936636347,0.05386915774870831,-0.003286713091595869,-0.05227908381671818,0.9805960481901069,0.18893990491484303,0.013400971412037149,-0.18849271635103076,0.9819831515091404,-1.9064955126731131,-0.08806200858612387,-0.27560144572315487,2.7696457,-4.3799834,8.243085
-0.5969220790203382,-0.22666114229063078,-0.29349453148892085,0.9981902158354282,0.059969927955903876,-0.004461025822106397,-0.057140297693875,0.9689780357485421,0.2404507280428829,0.018742448876204427,-0.2397606597794158,0.9706510941797067,-2.0642843305789533,-0.09629982244927524,-0.22382235448686486,2.8135056,-4.6976867,8.046084
-0.662325643426824,-0.5852288756198025,-0.22168763258280313,0.9976857260950567,0.06772460670680894,-0.006047279767653043,-0.06223029247228462,0.945330513715247,0.3201212434963996,0.027396763403623462,-0.31900407126755487,0.9473572820587439,-2.0704030637118653,-0.09239809607542918,-0.17503442078932913,2.9000945,-5.3250227,7.62101
-0.550284198163901,-0.29051962573676127,-0.21834293705450913,0.997325608899975,0.07266798801490328,-0.007809823951948304,-0.065095150786573,0.9317765605015682,0.3571485162281105,0.03323027499687387,-0.35568497974715396,0.9340149591981376,-1.8540752165206524,-0.1573433070501984,-0.1917285377709948,2.952849,-5.602132,7.409424
0.3198309736604251,0.7591068739051071,-0.41574786550258747,0.9963301369215813,0.084951736399391,-0.010462348902220718,-0.0722702456780676,0.9004282597109683,0.42895915971512844,0.0458614200767393,-0.42662882180720696,0.9032632941462523,-1.877349808330482,-0.1753626989036427,-0.24757004318497108,3.080278,-6.1222777,6.9581604
0.6966748528152974,0.8342520540260944,-0.361293099679578,0.9957286416342591,0.09174436183896734,-0.01036553423391294,-0.07654863186572891,0.8831036397547594,0.4628912058047568,0.05162149928739847,-0.460120564116251,0.8863544930154434,-1.8913576597792865,-0.14768583632920515,-0.3072005950869159,3.1490846,-6.345233,6.729837
0.8721694701991611,0.6331812761084348,-0.1962131865480566,0.9950111926116719,0.0992427752443741,-0.010178317115010075,-0.08165246530928762,0.8687482409185048,0.48847657959202045,0.057320166489767115,-0.48520857933758593,0.8725176405384516,-1.6062232124641789,-0.18929775834384505,-0.37175841796566805,3.2225938,-6.536351,6.5104127
0.9637318281385676,0.30204249955498563,-0.03168400401282234,0.99405123037289,0.1084856244451954,-0.009644723058762556,-0.08771876192526902,0.8499509231905927,0.5195082742110635,0.06455672079994576,-0.5155718160025773,0.8544109856172041,-1.6062232124641789,-0.1892977583438451,-0.3717584179656681,3.2967238,-6.7141128,6.287323
1.0084392350823217,-0.07674451448626601,0.19038447650445012,0.9933726415151244,0.11459462713017932,-0.008880682527826624,-0.09182954748001391,0.8377467262617961,0.5382822278761019,0.06912401390892109,-0.5338993295280853,0.8427178511403328,-1.4665259438168072,-0.17301924920060124,-0.3736158715217219,3.3670228,-6.8760605,6.0721617
0.9971499022482191,-0.270830922617352,0.4414965711806733,0.9925485293747242,0.12157108553768699,-0.008239417288941514,-0.09650041361944399,0.8255469340938617,0.556021519169449,0.07439816534934926,-0.5510832339759704,0.8311270554032257,-1.2185615342246467,-0.19072507305581637,-0.3593151734949181,3.4341369,-7.0069456,5.8889666
0.9637817473335744,-0.2794398151571558,0.6676300336618816,0.9916110472318423,0.12905249049078543,-0.0072791280999301424,-0.10160696641473577,0.8130592387355412,0.5732457576666203,0.07989715504174216,-0.5676972159566299,0.8193511552511092,-1.0689452056701334,-0.17801740768922955,-0.3475497209105003,3.4961638,-7.1173754,5.7268586
0.9753083468208699,-0.18219118942124385,0.7352934166474001,0.990722667666568,0.13578009814239542,-0.005688648352735477,-0.10642360527581056,0.8011934778439348,0.588865882268993,0.0845139752451513,-0.5827973713125192,0.808210747255615,-0.9509328577929377,-0.13159073860003526,-0.3202668327906342,3.5480514,-7.2165174,5.579271
0.8659650693049391,-0.3982942612778499,0.8449879153832516,0.990086066558156,0.1404161733090172,-0.0035887436034536513,-0.10992411596486613,0.7904836605166354,0.6025381906448452,0.08744295018320179,-0.5961701776585887,0.798081981837571,-0.815190738499463,-0.05282135939613354,-0.24030695917837422,3.5829651,-7.3049073,5.4532213
0.45322622471288676,-0.9933579673216311,1.003350444697267,0.9897950145910748,0.14248101593958515,-0.002233648915674148,-0.11135320781216647,0.7831455090712128,0.6117871972602336,0.08891733352162133,-0.605295193866939,0.7910192387552843,-0.5636286370865806,-0.009177744560456433,-0.12015943129502595,3.5997758,-7.375061,5.358153
-0.12418067411777667,-1.572349741373864,1.1134546331835082,0.9897586070707682,0.14272806806712127,-0.0025687185834027083,-0.1109362112257922,0.7803710551665245,0.6153975733598177,0.08983906037019701,-0.6088100810959959,0.7882126796669076,-0.23594082321638185,-0.021559518485663773,0.00043421247911034147,3.6067994,-7.4123793,5.307138
-0.5189165745857311,-1.7343503512418628,1.010372558479212,0.9899697549004781,0.14122417972581386,-0.003951638022295076,-0.10893012177820671,0.7808053396267882,0.6152050472644722,0.08996728823118576,-0.6086039374429543,0.7883572377908755,0.01134917722858665,-0.007496251577346812,0.0985885356542176,3.6043808,-7.4228563,5.2952957
-0.6512598068700062,-1.4718042727101786,0.6768350742290461,0.9903828318359699,0.138228073271351,-0.005903063971865338,-0.10573107739520453,0.783686404875536,0.61209195231281,0.08923444221496074,-0.6055812237618897,0.7907645640452261,0.16986277099725838,0.013655021967962304,0.15535243653301173,3.591661,-7.418785,5.3087525
-0.6452283724122794,-1.05079056618731,0.2282801881348197,0.9907922677831469,0.135161223936504,-0.007881982308783972,-0.10246233126965557,0.7866029125484693,0.6088984551146877,0.08849945068709257,-0.6024842749103516,0.7932090176705194,0.16986277099725838,0.013655021967962297,0.15535243653301173,3.574019,-7.39785,5.3488846
-0.5797152136267211,-0.6747997388279232,-0.27092096044385794,0.9910941856050359,0.1327824081048829,-0.010057204271545465,-0.09980525032493924,0.7907002829861044,0.6040132237735125,0.0881545646434005,-0.5976302323205909,0.7969108345034398,0.40782742290661,-0.018384141522948323,0.21538191081847222,3.558255,-7.366536,5.4027433
-0.4882648647609578,-0.5135665370216312,-0.6690433215428954,0.9915394931685851,0.12909605507726604,-0.013551459348478682,-0.09557301312328866,0.7967047539016219,0.5967640524303492,0.08783639706591832,-0.5904199722858674,0.80230232685468,0.3804596357601084,-0.02391111149609284,0.21442806448874102,3.544928,-7.337199,5.451256
-0.3945657544304748,-0.4655930591134111,-0.9057505864860871,0.9918424660606358,0.12636757878948773,-0.016725954371574866,-0.09219320611685985,0.801768159844272,0.5904813550027004,0.08802803681016401,-0.584122463949824,0.8068779411066676,0.40750722162135,-0.04876399958160461,0.21576560824607754,3.5362458,-7.3024154,5.503642
-0.3462958139257095,-0.5203175747677632,-0.8759127950565361,0.9921814778877737,0.12311850093325079,-0.020438925225742022,-0.08821104765963982,0.807657608735343,0.5830162931880181,0.0882877455099127,-0.5766550284007393,0.8122033318159434,0.40750722162135006,-0.04876399958160461,0.21576560824607754,3.5324357,-7.2631483,5.5591097
-0.2680264829900118,-0.4693573154227243,-0.7548425605147137,0.9923639573865473,0.12115193266927979,-0.02315135612896905,-0.0855038870664502,0.8109735413504597,0.5788013480685947,0.08889803921707048,-0.5724020653701322,0.8151398739991604,0.3044395610521008,-0.06340018170325605,0.19020431251221348,3.5298507,-7.2327056,5.6016846
-0.1009370260018675,-0.32271640550260394,-0.5200434656357608,0.9926050446643094,0.11869019332642591,-0.02545315923614609,-0.08248369183385719,0.8133207507064963,0.5759390567166628,0.08905990056373439,-0.5695805425735307,0.8170962854114686,0.16236016144402732,-0.021511287306762515,0.15955210161971112,3.5238998,-7.2177763,5.625543
0.12535176078613375,-0.2468297047180894,-0.18651310264100304,0.9929056183230487,0.11587831895069538,-0.02665798754006146,-0.07957394099743978,0.8141507948996847,0.5751751655611952,0.08835395303358606,-0.568973372277977,0.8175957929331374,0.04388989646452775,0.03362678737619563,0.15728891272219192,3.5105407,-7.219142,5.632117
0.34438044173196825,-0.3020068947014728,0.21766193106931203,0.9933536588106228,0.11182692444213344,-0.02726256586169074,-0.07581843142074345,0.813918774514889,0.5760102377120391,0.08660296752679822,-0.5701148721634924,0.8169877346408312,-0.05491583019025693,0.08899199385462692,0.17681800827943178,3.4875197,-7.2357316,5.624263
0.5471781947340948,-0.39895058160032665,0.6753512391944558,0.9939431029337785,0.1065324440259704,-0.026980483691484924,-0.07141615810358343,0.8127498699980537,0.5782191463276458,0.0835274834536332,-0.5727900899875985,0.8154352655606096,-0.14705424381974824,0.17085533872685635,0.21637947820099437,3.450409,-7.266757,5.605092
0.7233410792983435,-0.43557516721328243,1.1687644936266337,0.9948161092576877,0.09852654590193789,-0.025168005761890835,-0.06544711481900438,0.8097633587830929,0.583095170563256,0.07783048196731981,-0.5784252955438222,0.8120139121663968,-0.2966226940183654,0.29590963506353807,0.2645854904455473,3.390944,-7.319272,5.567717
0.860899119623776,-0.44486681108540105,1.6529648383709579,0.9958354898683308,0.08848596875883777,-0.021952458894447087,-0.05857799415661756,0.8055322345967062,0.5896494192536995,0.06985911335888594,-0.5859078872642423,0.8073609180052391,-0.4304797542746799,0.443314622491637,0.3269650478533735,3.3029847,-7.3943253,5.5116014
0.9753342201413253,-0.49284186512897343,2.0667205214016526,0.9970770588215869,0.074514774843448,-0.016878598926588818,-0.049613836162734605,0.7994795363817894,0.5986409092001457,0.05810168700572917,-0.5960537049937616,0.8008396685543855,-0.5574180657104659,0.6081323760625678,0.4047928171433763,3.1819427,-7.4906435,5.439662
1.0845004185868532,-0.5972540105087623,2.4202778145621204,0.9983118676119516,0.05718072122500188,-0.010187252098911767,-0.039121126349553816,0.7916407576087519,0.6097330960065922,0.042929622153944066,-0.6083052490426422,0.7925413374259344,-0.7165709226431295,0.8052853789180668,0.49860040788681137,3.0210252,-7.6109037,5.3470993
1.1872543837707639,-0.737441796766011,2.742160968183668,0.9992079724812606,0.03962962152479816,-0.0035945552841079396,-0.028847591862402717,0.7836393360736935,0.6205458946780016,0.027408833861174924,-0.6199507109890129,0.7841618913021645,-0.8784687999412506,1.0190291594027996,0.6237976358381528,2.8141372,-7.7539396,5.2298937
1.3028377607736323,-0.8503689090384094,3.0019942442474865,0.9999231506456734,0.010641804000871065,0.006359623450961589,-0.012253171977612439,0.7703615953625693,0.6374895074955544,0.0018848287237914893,-0.6375184423983707,0.7704327894259415,-1.0458288113287457,1.2482532876137247,0.7822473448108211,2.5554078,-7.9167085,5.0837417
1.4526782589511125,-0.9902773486119085,3.1731456364969297,0.9991969706033367,-0.03496281698258131,0.01957077836363081,0.013253364501675911,0.7493500331774412,0.6620414459128325,-0.03781219732442899,-0.66125042851072,0.7492116580298838,-1.1926155787018689,1.4856843110903255,0.9764135646303027,2.238826,-8.092545,4.9066772
1.5985175892143795,-1.3413691727471273,3.3006654057324045,0.9975842845615445,-0.06431137159232758,0.026261048717561103,0.029632080818275577,0.7358765664291985,0.6764670123271002,-0.06282941176082858,-0.674054691003844,0.7360045778074349,-1.3167482573313296,1.7183904595433044,1.2099081402573497,1.8611053,-8.272265,4.703195
1.9469347499826202,-1.71317787758511,3.413266911473872,0.9923434180394191,-0.11820773859160093,0.035797642532764073,0.05947339915104967,0.7113542950022743,0.7003127742482195,-0.10824719611733016,-0.6928217646111282,0.7129379685595785,-1.410106299464429,1.9793753282265427,1.4632450505621204,1.4147003,-8.448061,4.476724
2.331912121664269,-2.071650511769303,3.501677625232045,0.9842097587358748,-0.171805372159537,0.042591840840649015,0.08884711739128462,0.6876184854553153,0.7206157146436635,-0.1530925881299662,-0.7054528563676398,0.6920252357410144,-1.4028975441430505,2.2486702123846283,1.7273234198467313,0.89675295,-8.602635,4.2404375
2.640097976839904,-2.331367243645773,3.4572306799110475,0.9717152000587037,-0.23129760094282112,0.04765490292687714,0.12160383938774287,0.6630567870800438,0.7386258886291828,-0.2024403028574958,-0.7119389839762855,0.6724290348235862,-1.2513345815902865,2.5076834557227654,1.9814162359606469,0.3112274,-8.713579,4.0139146
2.8672037196006075,-2.358218022086965,3.1487171827622484,0.9517401021257943,-0.302553498264481,0.051499113521579445,0.16120038445167437,0.6355993303919395,0.7550019385789355,-0.2611612797836161,-0.7102639452296896,0.6536971118557433,-1.0041180244041141,2.7393502058571824,2.1887605839305193,-0.32933196,-8.766914,3.8180053
2.9992852164467108,-2.117897363987526,2.503637395307921,0.9252880782320908,-0.3752433038055387,0.055085708043647034,0.20167488468468914,0.6098127917258747,0.7664565218816477,-0.32119964690046443,-0.698083678362845,0.6399296561610633,-0.670882121806606,2.979555773373604,2.30423023481521,-1.0143783,-8.752466,3.667984
2.948260942768459,-1.6708427963419523,1.494707025183409,0.8933521792798212,-0.4453138850666533,0.06014505418435728,0.24091271997096267,0.5876261363897054,0.7724354893373945,-0.37931905453349984,-0.6755672191562818,0.6322388688377676,-0.2694653055940122,3.180355607797445,2.2952038173441753,-1.724736,-8.660278,3.5733476
2.647987630800748,-1.0420463680505894,0.1841345981565612,0.8543671819151311,-0.515192167275326,0.06807164787598088,0.2803504417073946,0.5672346355914406,0.7743697424486021,-0.4375618222615722,-0.6425121780663764,0.6290610087547417,0.07159165718725038,3.3083325507430366,2.1922395339647274,-2.4389374,-8.492479,3.529007
2.1636194161742597,-0.2317662895869092,-1.2815308456704753,0.8117034846078561,-0.5788093385112005,0.07821254840300337,0.31634202189140137,0.548240601216353,0.7741834203621207,-0.4909838879852634,-0.6036654643344768,0.6281105228450762,0.25267502126431746,3.3315619097096043,2.042753785512463,-3.138649,-8.267148,3.5153642
1.5331579344850037,0.6947946841218527,-2.8487512980201912,0.7651549454410234,-0.6375520611756951,0.08980689705011052,0.3497784686876017,0.5287238392892264,0.773373211722398,-0.5405487325946687,-0.5603378186932275,0.6275576440713738,0.3145730729569537,3.2206463584321146,1.8772187089247554,-3.8026626,-8.007395,3.517981
0.658814735372264,1.5644817148949963,-4.439744426882662,0.7183727660855007,-0.6881562554188145,0.1018898281214729,0.37828987979651696,0.5093460346106224,0.7729575563185676,-0.5838127574746931,-0.5167277669666986,0.6262228669215174,0.2863895791080554,2.9906720557302617,1.6612035522998272,-4.412268,-7.735379,3.525084
-0.4723368711996896,2.250325413245252,-5.89635195004694,0.6744011547402431,-0.7296026924534916,0.11341513853822212,0.40107159706521084,0.49094650244565613,0.7733777251537173,-0.6199392361454383,-0.4760792401491522,0.6237178052504325,0.20847028354084518,2.6202640593663054,1.398623462458462,-4.944763,-7.4724426,3.5303848
-1.6471205370372672,2.824967462844966,-7.124446648773535,0.6400039648739698,-0.7584249231938235,0.12323376495118249,0.4158365255826281,0.47674718858905113,0.774462460138517,-0.6461229828267745,-0.44441394448293353,0.6205008759157008,0.11037958860876507,2.1257153222099614,1.053679882021528,-5.3775024,-7.2423263,3.531018
-2.708573135514731,3.4105100458181945,-8.12648860017547,0.613946860370527,-0.7783201371029881,0.13148010047592765,0.42357890844868124,0.46540739574537443,0.7771594844708082,-0.6660706876590485,-0.42144242805571347,0.6154154035088065,-0.07273374448182962,1.4974946773976292,0.6762385961994928,-5.6911287,-7.070958,3.5170121
-3.4982590338857027,3.926939372097659,-8.98031692582668,0.6001471982839461,-0.7883491766958236,0.13538432699152655,0.42316925968461694,0.45654671245460215,0.7826192413970335,-0.6787865040275217,-0.4123962596216323,0.6076003678407237,-0.36540056117525127,0.7923676445544516,0.3710191864587092,-5.8783293,-6.980914,3.462523
-4.000545468612344,4.279091717932399,-9.593388547378542,0.6002593992651087,-0.7885370314358048,0.13378342067797835,0.41416584352987523,0.4495513606700443,0.7914355489696547,-0.684218757158176,-0.4196581039061692,0.5964325344737658,-0.7264313244366236,-0.04869056562724819,0.06569559798105398,-5.9243865,-6.9949217,3.3468719
-4.159871117774648,4.365891394594259,-10.012622192834943,0.6138632886449783,-0.7791983587943334,0.12657717213696554,0.39749895075530783,0.4436364806828706,0.8032317580597437,-0.6820311187932724,-0.44276019543262374,0.5820626790458756,-1.0604222959501688,-0.8918338232956647,-0.200321544263672,-5.8250303,-7.1166854,3.173822
-3.9855612737542585,4.106999816625416,-10.156953412872493,0.6434128771826616,-0.7568740334842804,0.11472387246239203,0.3716242633131863,0.43984029789271134,0.8175793045733134,-0.6692647281849403,-0.48340687809224253,0.564271666682503,-1.2731932590777286,-1.7197896212825874,-0.5386551448382242,-5.570503,-7.3353972,2.968663
-3.7037849666216855,3.5389947216977165,-9.85997680219058,0.683157048167132,-0.7230199356711802,0.10265778178791418,0.34183176341030896,0.4408260245640687,0.8299538912438678,-0.6453274308933185,-0.5318971598806319,0.5483045852877275,-1.3144783024806794,-2.532274686507877,-0.9691964243096165,-5.1463485,-7.6226854,2.762178
-3.293421782606345,2.742554952289617,-9.051902854725654,0.7346771371218712,-0.672392662723604,0.09020870970075216,0.3049993635704402,0.4461335593027006,0.8413918441995563,-0.6059908352541638,-0.5906377522469812,0.5328434603226306,-1.2818634066483003,-3.2904866292113835,-1.4021244482481405,-4.5549574,-7.941194,2.5662124
-2.667580080433217,1.9155468720568787,-7.573289471313039,0.7921957041722919,-0.6049894980481867,0.08008541404257957,0.2626152552990987,0.4564139095279143,0.8501291495259025,-0.5508713043671427,-0.6524370087915375,0.520448609935692,-1.1083650290105524,-3.925461650488876,-1.8618740348532261,-3.8096251,-8.255251,2.397908
-1.0277780355248771,0.6242867252271384,-2.5751871945208893,0.8956663434917028,-0.43912231454660733,0.07038035239635482,0.16919951224469773,0.48282286413669273,0.8592168567497948,-0.4112825381563881,-0.7576632990544493,0.5067474707125507,-0.779669755359794,-4.320207835602756,-2.3132412860477887,-2.008313,-8.750196,2.2444215
-0.029052972570728572,0.36067731144063414,-0.177150203139735,0.9375540510357726,-0.3411509541017857,0.06788540271556805,0.11738136155050567,0.494016330228315,0.8614925893055019,-0.3274355163188058,-0.7997273860405121,0.5032117751701036,-0.5611416908669519,-4.510572773096731,-2.507239923713051,-1.0547822,-8.919214,2.2047973
1.478309702350608,0.12524933517353787,1.7092937670029191,0.9624936146426923,-0.2630502276409629,0.06641249513520465,0.07702733175914502,0.4996688831994197,0.8627849079140824,-0.260140023706681,-0.825309387381655,0.501190166668905,-0.47465651000096165,-4.291072076667814,-2.3972530393076443,-0.12647858,-9.041723,2.1688018
3.1803542166167262,-0.44059268232644144,3.6398998806592506,0.9864719194810883,-0.1506274579734858,0.06468787351385573,0.019945970718877517,0.5019613303044324,0.8646600378941348,-0.16271235456283115,-0.8516725848490432,0.49817516787689126,-0.47465651000096165,-4.291072076667815,-2.3972530393076443,0.730307,-9.115079,2.1543686
4.496601893657338,-1.057067445112789,5.767222131138485,0.9944487268169705,-0.084300331908586,0.06296970519392786,-0.012260738925107597,0.5015327649236792,0.8650517672307365,-0.10450552144799945,-0.8610216836689493,0.4977150351745158,-0.2679916729830822,-3.2345400993250535,-1.7529930835866419,1.4690888,-9.154448,2.1508698
5.277381352524834,-1.6206448249260674,7.984044595144594,0.9975026490336151,-0.03430116209364098,0.06174054947883291,-0.03661874065638729,0.4963210348122546,0.8673664152107997,-0.06039480940993743,-0.8674611580249105,0.49382548163740847,-0.41603781398689366,-2.3936976233266116,-1.2929998427782508,2.041916,-9.175717,2.1218934
5.856304523932656,-2.2806331953149375,10.019288280959456,0.9979966865506095,-0.01050310311196245,0.06238828783534447,-0.049309849473949806,0.48869652144498654,0.8710592681743456,-0.03963776455430705,-0.8723906205092932,0.48719960269744444,-0.5968646930213415,-1.3417606504886,-0.8061627745152445,2.4017258,-9.188955,2.0477767
6.345031438358679,-3.0273650705471185,11.549978790804209,0.9978322609130842,-0.0039407628512302655,0.06569055844818769,-0.05583265731873053,0.4776968673663335,0.8767487766088534,-0.034835232994966006,-0.8785158924553057,0.47644132193339833,-0.5919416980811936,-0.19464688185624457,-0.28463625530164416,2.5215805,-9.200541,1.9524902
6.972019458604684,-3.5726222293371666,11.978690769332502,0.9971702744027868,-0.025917491654042262,0.07056718411439732,-0.05036826129145333,0.4665102183767537,0.8830805480841201,-0.05580754520625726,-0.8841360188208806,0.46388470347880084,-0.5688774553226833,0.9802512497107432,0.2733637654412848,2.3885207,-9.21932,1.8486435
7.669194619614285,-3.7038230969211745,10.861389561984439,0.994697507154737,-0.07090231490130593,0.0744965167091038,-0.034318208798574175,0.4540126780401151,0.8903340657998551,-0.09694910935646164,-0.888169662801246,0.4491720386160626,-0.6441619071562568,2.0482596377971314,0.837778968400637,2.0155473,-9.253382,1.719606
8.017735726326954,-3.6843539120116855,8.483241962999431,0.9884934032740095,-0.13065173662399693,0.07622936049123147,-0.010901001168717282,0.4411092234660224,0.8973872191795038,-0.15087067262157997,-0.8878923226891515,0.43460932278585007,-0.6266525127152465,2.9306180852199506,1.3448183821169557,1.444397,-9.288656,1.5776917
7.586741049271426,-3.7366246236869793,5.809210072688229,0.9741429893837729,-0.2132027308924359,0.07476651506159883,0.024014481271683413,0.42675803435167037,0.9040469483414847,-0.2246524892443896,-0.8788755177249541,0.4208433003149663,-0.43604914905670794,3.6454063336556777,1.8099121532749831,0.71270907,-9.297386,1.4549927
6.053447232000686,-3.751894401969535,3.660830749461504,0.951193698117018,-0.30052271498237054,0.07011880234358148,0.06393977306884813,0.41421826650786575,0.90792892514289,-0.3018977543513323,-0.8591328916243655,0.4132171589452434,-0.1047007447657027,4.177485437830632,2.19029778378043,-0.13883667,-9.252653,1.3816757
3.9887029876129665,-3.49774015327322,1.8969073610326828,0.9147780776613823,-0.39903148360837726,0.06288834327158994,0.11182514298922856,0.39974238893994096,0.9097808306839775,-0.3881703312021493,-0.8252150614075621,0.4102973268259579,0.17576108667906304,4.558563834600821,2.456030342857977,-1.0695312,-9.139676,1.3577149
2.010548833246069,-3.083844974225764,0.1842256034779015,0.8747973528750712,-0.4812299698515737,0.05610086915033912,0.15345572871339136,0.385049136112106,0.9100486262306885,-0.4595442641659361,-0.7874991294572805,0.4106874606999991,0.33398664524980265,4.723753102449289,2.568158607964909,-2.030336,-8.95032,1.3672974
0.32728201368401416,-2.50285038608861,-1.8062713679799467,0.8157528241480358,-0.5765323274342834,0.046452183131837396,0.20363567557668621,0.3614412644519881,0.9098861049514797,-0.5413684895955172,-0.732782838073161,0.4122492822292252,0.34557509075620896,4.682337180094174,2.6221465757020956,-2.9795487,-8.6938,1.3858979
-1.2585588428226127,-1.8733556369542366,-3.748231475036976,0.7485121737996849,-0.6622281425515597,0.03440076868884536,0.2516377853037474,0.33165586392406166,0.90922099235126,-0.6135209455928108,-0.6719064482035398,0.4148900748166999,0.3343524697229349,4.444392647080486,2.6452065056900227,-3.8804061,-8.38429,1.408873
-2.6441565631187682,-1.2374102240589275,-5.286580981801125,0.6746444556672772,-0.7378945062361979,0.019145654959887362,0.2973283682981744,0.29539971687204525,0.9079288786447214,-0.6756113526596114,-0.6068366377686454,0.4186867507088038,0.3059978481152988,4.028739209336592,2.6005962602189148,-4.700957,-8.041182,1.4343704
-3.6447530730100177,-0.47913322589357943,-6.445581077922903,0.6098243468228097,-0.7925317536109888,0.002772280726467763,0.3324410273351502,0.25897351549244885,0.9068713699405406,-0.7194423044042408,-0.5521106209735277,0.421398425295754,0.18923818746750082,3.4601464709882404,2.492040418858021,-5.4137664,-7.690282,1.4470398
-4.450029243907711,1.5358145070996911,-7.889840336963907,0.5233839695054339,-0.8513574187472486,-0.03549318256734713,0.37145176958954235,0.19047121093306746,0.908704737895918,-0.7668720905949918,-0.48878549830136553,0.4159277982015055,-0.19361513214038306,2.0547636202738926,2.042893861488026,-6.4563203,-7.0794725,1.3636917
-4.73592447838078,2.6601029156890106,-8.108662133772226,0.4709147028157412,-0.8802949341087414,-0.057620930697538916,0.39052619125829036,0.14945316227640673,0.9083793514974214,-0.7910301110661061,-0.45027167495643095,0.4141579192997207,-0.19361513214038317,2.054763620273892,2.042893861488026,-6.7685747,-6.874068,1.2747589
-4.671235568874151,3.5530479604415786,-8.37380307402293,0.4527353576362783,-0.8878593370369363,-0.0820761450257303,0.39315149217531264,0.11615730267539127,0.9121071128083057,-0.8002890728644725,-0.445211498808724,0.4016517411666635,-0.6231149165330616,0.3422461281309797,1.3204850062469677,-6.9326386,-6.7688875,1.1321701
-3.7758721836020332,3.843826856748159,-8.472276443670138,0.45717413664248885,-0.880132736328492,-0.12789908220201496,0.38350979117953865,0.06533927714714893,0.9212225675325781,-0.8024413055511426,-0.47020968227463183,0.3674109495382075,-0.864440613147887,-0.6193897027100465,0.9919510473275288,-6.8064895,-6.913672,0.6877319
-3.0261665494415637,3.362033256007966,-8.10802648684239,0.4782042124452758,-0.865580075187648,-0.14863332277030222,0.37400926672990065,0.047584405815490484,0.9262034294491408,-0.7946306057532367,-0.4985046216047884,0.346490032524617,-0.8619546815115616,-1.499103855156072,0.49735613489330677,-6.5075164,-7.1421037,0.49926758
-2.465742594905466,3.010530638023425,-7.566207864332624,0.5255506635559619,-0.8375652916558806,-0.1492678205417676,0.36173811877495954,0.061192161781821165,0.9302693442017863,-0.7700272939714811,-0.5428995317274347,0.335138874183658,-0.22131903156436666,-2.9419149877828352,-1.0414046533814612,-6.0407763,-7.4417267,0.3889435
-2.3966002956610657,2.81958074569585,-6.977829923372768,0.5836638206502948,-0.7981865891831172,-0.14911308900335948,0.34498959301983395,0.07752275171582171,0.9353995957206831,-0.735063755855171,-0.5974013657622731,0.3206132920099532,-0.22131903156436677,-2.9419149877828357,-1.0414046533814607,-5.4070206,-7.7845063,0.3312973
-2.414213348609215,2.793756881029508,-6.066941329883045,0.6472083547648169,-0.7496607846495755,-0.13831143655245293,0.32730232814240257,0.10940762912695971,0.9385644126437895,-0.6884726076723624,-0.6527163845403305,0.3161752517788447,0.3746972720353571,-4.267093396008412,-2.1309450101519944,-4.6192045,-8.135004,0.32211608
-1.9646328642411772,2.7830041824798055,-4.561268971588751,0.7297489034788514,-0.6733286213527867,-0.11872280968108508,0.29937055670487106,0.15855945218585513,0.9408699006242777,-0.614690009394679,-0.7221408919246141,0.3172833505885417,0.7004903463566335,-4.716841458766923,-2.569285976851381,-3.703012,-8.458737,0.37779388
-1.5179707004621994,2.5319129919533,-2.6696575690548956,0.8018413872538425,-0.5895611792955884,-0.09730367698309364,0.2670472680691623,0.2078963655442419,0.9409914228144128,-0.534542932142622,-0.7805105489748938,0.3241406124435467,0.9539070932776461,-5.03906355152278,-2.890294259215456,-2.6932158,-8.729652,0.49137726
-0.5016964948618114,2.2098838258738365,-0.657258218464025,0.8710207869077682,-0.48620286418207675,-0.07021085126758508,0.2239078163641266,0.26571718557918456,0.9376884701535617,-0.43725059010322953,-0.8324669075398865,0.340309813707091,1.2631475618623167,-5.095016308330435,-3.1572885751806767,-1.6357406,-8.92721,0.6790451
0.40400375129337324,1.549645279629533,1.2859521003737178,0.9179951427768682,-0.3937471279599869,-0.047414312832104205,0.18365206800424744,0.31608917514024104,0.9307843742118399,-0.3515065230630042,-0.8631632711036907,0.3624808017836721,1.6613761201352795,-5.048403630921322,-3.280335876220743,-0.56072235,-9.033653,0.95162505
1.5855273266135899,0.7804749686528959,2.7358062390137343,0.9589133791351367,-0.28259418373439543,-0.025013169233943346,0.13332107751924296,0.371049544216557,0.9189927780052433,-0.2504208889145298,-0.8845692528322334,0.3934801333473908,1.805036940473227,-4.8818214742940205,-3.161337820451263,0.4913803,-9.057356,1.2636032
3.0850745915193314,0.18971497729853537,4.050515436655006,0.9793012808227348,-0.20209027800082646,-0.011336706598545132,0.09386614065870026,0.40381298246322156,0.9100133091510255,-0.17932693332791383,-0.8922413321135185,0.414424005399662,1.5229350031283366,-4.418520770373385,-2.8888800100908325,1.4519211,-9.032127,1.5581162
4.460079719268555,-0.39238446338589217,5.911598688719657,0.9930256673417315,-0.11788768393388369,0.0015868135414161596,0.049870664146617734,0.43220468492548714,0.9003954837659042,-0.10683136645239462,-0.8940366906929295,0.4350694827688431,1.1895218387045838,-3.6834140307775054,-2.460550632962253,2.272702,-8.97267,1.8118759
5.415193285675741,-1.0639719273335237,8.223117441407382,0.9989705258614026,-0.043212429808247674,0.013804867629273373,0.007350891771771022,0.45448999012412106,0.8907215127452223,-0.044764415000692566,-0.8897030598952909,0.4543397543277516,0.92713914550637,-2.726269060632829,-1.9564687502538674,2.9049332,-8.897142,2.0215347
6.123752773063249,-1.831317548161255,10.265536217013207,0.9996711600465652,0.002072212343588874,0.0255592978612322,-0.023558554416117324,0.4678639088213761,0.8834864782984554,-0.010127501418362267,-0.8837980927555718,0.4677588748026427,0.6703756355241913,-1.6240393291080202,-1.4628279224934968,3.313272,-8.829826,2.1883454
6.750955075583353,-2.6794921947148245,11.459659438061115,0.9991179777373322,0.01881818008092418,0.037538548993094265,-0.04197400702861981,0.4731951360725879,0.8799571273256485,-0.0012038671132482623,-0.8807566288684331,0.4735676418509675,0.31294254306976477,-0.4565485165050327,-0.9227667798595393,3.4762254,-8.794406,2.2914429
7.383924936431048,-3.6339588717494453,11.490954896654957,0.9987079352279715,0.009615743354732241,0.04989987567538719,-0.0484856196271075,0.4743645450192578,0.8789922770525626,-0.015218567674343705,-0.8802759884879335,0.47421786057626764,0.06881527533943523,0.6703756901763004,-0.3134882517754626,3.3923905,-8.799602,2.3301787
8.084641938202239,-4.553684408221388,10.667377596581968,0.9978581335268576,-0.025128989790308042,0.0603960199550934,-0.04125090074246884,0.47483372721448147,0.879108238323097,-0.05076916920959421,-0.8797166960855762,0.4727801033102441,0.029104605360571495,1.7351960540333793,0.35242504982923856,3.0736542,-8.8385515,2.3411148
7.995350076235613,-4.982893113580462,8.805206589773851,0.9945404165623601,-0.07929830781013662,0.0678316902518082,-0.022392384059466124,0.47270977929669256,0.8809336216159571,-0.10192124881545463,-0.8776430042652428,0.4683533026510828,-0.06569086513739145,2.624091241244402,0.971698756558728,2.553119,-8.8988695,2.3239243
7.403761575689611,-4.668365649726086,6.414212794393135,0.9851517117952963,-0.15537711724609557,0.07303462318032335,0.007582357995434925,0.4643566200106922,0.8856158519919771,-0.17151854883372783,-0.87191219792393,0.45863984401426916,-0.2627891199815445,3.4317675414421194,1.5134724519910479,1.8593689,-8.976773,2.2636414
4.203385147242945,-3.401254738482645,2.5187181234543936,0.9430063792654068,-0.3237255803893642,0.07707604859045565,0.07803391130739849,0.44027518527444953,0.8944654660285208,-0.32349602370171127,-0.8374720949578668,0.44044388157410375,-0.18596249707941936,4.0761246251281475,1.9411216225771866,0.1330307,-9.058133,2.2156951
1.3186613463083836,-2.660375479364824,-1.5255111600679152,0.8510329975506545,-0.5179143691867473,0.08664608052210217,0.1751369679808006,0.43550540547178845,0.8829847587876849,-0.495045330779355,-0.7362742342325628,0.4613354229612244,0.9642567991020354,4.562098762418868,2.0653407586286487,-1.697409,-8.836905,2.467444
-0.09367578041760061,-2.0170439417001336,-3.645033063166482,0.7941616124165146,-0.6000572984517766,0.09611749028537118,0.2200970481496231,0.43143270168100584,0.8748846285745634,-0.5664491351920534,-0.6736446114198376,0.47469813012607326,1.2053627965707276,4.500205435331094,1.8735548675432685,-2.5510437,-8.635884,2.6382706
-1.473926729260531,-1.0689098179598449,-5.625234189560093,0.7511469670766965,-0.6515503286549109,0.10611504644092307,0.2523095140439649,0.4319044744891284,0.8659090218026195,-0.6100148711092047,-0.6236510996911238,0.4888160828774684,1.4059615556263794,3.787624827976327,1.412389728296489,-3.315001,-8.401668,2.8304749
-3.0738832657967103,0.14532101725340318,-7.3181939966231955,0.6858037157652608,-0.7175253739177199,0.12178095592825276,0.2968758774725434,0.42858223560097247,0.8533357959807975,-0.6644832404338501,-0.5490670315284915,0.5069392646767663,1.4059615556263791,3.787624827976327,1.4123897282964888,-3.9557648,-8.159291,3.0313034
-4.274618525536333,1.352831544884296,-8.743374827071762,0.6546421380896246,-0.7445305929054078,0.1308352676665135,0.3183866008070688,0.42853768267264486,0.8455681089989624,-0.6856191679525642,-0.5118883186374565,0.5175873895088167,1.1021034766298377,2.3859534893136902,0.8033857179462964,-4.4444366,-7.9410934,3.2111084
-5.221645888200046,2.44562857453501,-9.582932336612824,0.6089551272034436,-0.779940967034882,0.14444978710033585,0.34854859843107133,0.42669693572189166,0.8345319643832015,-0.7125219488439462,-0.4578447476888228,0.5316866176888256,1.1021034766298379,2.3859534893136902,0.8033857179462961,-4.767012,-7.7764573,3.3511765
-5.163906197684834,3.157111690552758,-10.251355260390646,0.6008417748723648,-0.7855493324064626,0.1479912427273613,0.3560347380043034,0.4287438498171059,0.830311975451526,-0.7157013531511833,-0.4461960976967063,0.5372900664425099,0.5545440004756524,0.6647852863547443,0.1501742259865961,-4.9220934,-7.6824446,3.4559312
-4.7945585106664526,3.4905403684120397,-10.604387447782353,0.6062627916988719,-0.7811944470873717,0.14893174020787933,0.35694718132111575,0.4346507930996056,0.826841821514125,-0.7106575385855005,-0.44812266612808194,0.5423577591902394,0.22218694690713342,-0.22822750554145244,-0.19751608682205707,-4.908066,-7.6693754,3.5180602
-4.624821993048116,3.4290723671698213,-10.592253063791855,0.6255633873658469,-0.7671524757730391,0.14194198569368197,0.3494730590634605,0.4382024233258822,0.8281589323192458,-0.6975234973649246,-0.46846100702899696,0.5422225147641719,-0.2249762409701486,-1.2319628976551538,-0.3704622035681193,-4.7201705,-7.7486906,3.501143
-4.622230857283073,3.0822118579689253,-10.191267707231647,0.6585254873670762,-0.7419816771611334,0.12572737667313272,0.3344143602495382,0.4381817311488515,0.834364312603487,-0.6741744715923679,-0.5074051253629077,0.5366831659448653,-0.7005789316003738,-2.2337534341607954,-0.451619159195076,-4.362506,-7.9205384,3.3851256
-4.466323671218776,2.472561678529476,-9.302561290858598,0.6984298387019603,-0.7077267523258494,0.10638893012461838,0.3152778555201655,0.43771361648182305,0.8420253343961871,-0.642491738646779,-0.554553544744518,0.5288428233245955,-0.9606032069933359,-3.1074884763309525,-0.6670579869102494,-3.8414688,-8.1541395,3.2060623
-3.871990673733845,1.642873614566658,-7.829776322781024,0.7489877715115499,-0.657322484253614,0.08333348559145373,0.2898141378035353,0.43810706656708,0.8509230069478573,-0.5958398137548021,-0.6131797044249315,0.5186381845043776,-1.0611183109708546,-3.8252998095541084,-0.9379764364321195,-3.169873,-8.40356,3.0023284
-3.0317877807132287,0.9174113321382928,-5.7553055368730055,0.7983272939773273,-0.599083391733828,0.06142166913665041,0.2616300099821457,0.4368803397788881,0.8606307608907708,-0.5424235149471142,-0.6709952745462344,0.5055116932070333,-1.2421125817532623,-4.3700957877405076,-1.158487166318771,-2.3775742,-8.638769,2.7686386
-1.840913051695008,0.4276714801527528,-3.3334663242404967,0.8543953128328656,-0.5180508334004216,0.04039781457405181,0.22205514341137542,0.43429895939180224,0.87296960265278,-0.46978735901872126,-0.7368905942433562,0.4860988473776593,-1.3364513465549177,-4.580506603899855,-1.4640196334529603,-1.5108093,-8.839139,2.5300477
-0.43337255730261004,-0.09720009586908912,-0.7580415940229126,0.9040998303364441,-0.42646440527378937,0.02704824985257185,0.1786068526645578,0.43463058836785934,0.8827207054534695,-0.388204957421818,-0.7932366372586946,0.4691189064018238,-1.0631317778532687,-4.510795022618111,-1.7545926422754905,-0.6196991,-8.987605,2.3450654
1.0191073033772082,-0.766721162059433,1.631131515833506,0.9437778229050637,-0.330044179965314,0.018821802878653697,0.13534391422739522,0.4377132562880407,0.888869579944847,-0.3016047842362376,-0.8363479805324718,0.457773535260689,-0.6797961859045633,-4.279375927293458,-1.8263869858612582,0.25539702,-9.077269,2.2260804
2.597710422837737,-1.2233503765154787,3.6654661250921134,0.9670895761824655,-0.25400164891863153,0.01486317549640619,0.1017600445925245,0.4396612624804228,0.8923804500316271,-0.23320086827400227,-0.8614993538133024,0.4510390431165737,-0.47099372747518053,-3.831833913004549,-1.7207804461326546,1.0680634,-9.120534,2.1488662
