0.08763471132989796,-0.6144398079642238,0.15243400178634184,0.9999990489715261,-0.0008740500078723052,0.0010668142420115032,0.0008762207130913724,0.999997543495823,-0.002035986144727863,-0.0010650320676720496,0.00203691897318293,0.9999973583304066,0.5249344,-9.756552,0.8348236
0.12884819398463931,-0.9264696287778891,0.2570510962272901,0.9999856433344285,-0.003887062432837821,0.003688342537289942,0.00390638914627912,0.9999786028067813,-0.005247290008729119,-0.003667867073244906,0.005261622776396718,0.9999794308269007,0.49572295,-9.754967,0.8636444
0.16350810788010545,-1.296388851711343,0.34424409053276545,0.9999412670035633,-0.008265764038913154,0.007009970624869124,0.008333403038649967,0.9999184682863291,-0.009675286751154647,-0.006929425452657483,0.00973313540307846,0.9999286220216529,0.45054322,-9.752111,0.9055435
0.20813393809864136,-1.732006549208237,0.3675466853467479,0.9998232916301669,-0.01478624121447634,0.011608298090834402,0.014975449778313145,0.999753598306334,-0.016385315910124893,-0.011363160553101808,0.016556259972732145,0.99979836409046,0.3869583,-9.746862,0.9657394
0.27847174265425545,-2.2230515326834155,0.32149593423352557,0.9995821032950317,-0.023142994848332103,0.01732110163155818,0.023571542218352618,0.9994105097716497,-0.02496027554775642,-0.016733235482987552,0.02535812980922649,0.999538375492832,0.2988785,-9.737593,1.048909
0.38973159163799076,-2.7371326470369812,0.24056365965356075,0.9990922571786393,-0.03449449486556832,0.024995829045284614,0.03540773342152458,0.9986854150954739,-0.037063918971577334,-0.023684468743082734,0.03791532011668478,0.9990002374578333,0.18384857,-9.722072,1.1595017
0.5505479062700478,-3.185654823023751,0.14634372402772294,0.9982600040144718,-0.04808000897860723,0.03413615563656672,0.04980985942188682,0.9974157767470966,-0.051775922979297756,-0.03155855334768578,0.05338615019462773,0.9980751357878814,0.03691406,-9.6972,1.3018891
0.7447284035289536,-3.4567993777093773,0.017647245719677518,0.996766403508051,-0.06589711111616031,0.04598160049595578,0.06903643021811516,0.9951268736301652,-0.07040224912453333,-0.04111822151266485,0.07334900221269516,0.9964583361756966,-0.14725646,-9.660288,1.4734405
0.926597724044514,-3.52353208391753,-0.1564758388594416,0.9945481828317347,-0.08608151222662572,0.05885478127451931,0.0911631379171708,0.9917661323763209,-0.08994009648876686,-0.05062799928092273,0.09481514606902787,0.9942066655201622,-0.3713089,-9.609181,1.6667297
1.0823743321803105,-3.4504454413271017,-0.4156277697702334,0.9912552427995824,-0.10966911667210867,0.07338752258183984,0.11742893196119991,0.9868063909285595,-0.11146117153970303,-0.06019542807217595,0.11910428905337812,0.9910553358760028,-0.63488615,-9.540895,1.8778961
1.2037841490598744,-3.2904337446810388,-0.7597227663026133,0.9866725635568004,-0.13587100899581,0.08953391111032669,0.14717751334313342,0.9798633127636768,-0.13493208612455687,-0.06939763605760021,0.14631116571968653,0.9868014039792218,-0.93487245,-9.451367,2.108789
1.2750312207744645,-2.9475110887574756,-1.1734601380637062,0.9798276425323849,-0.16746287440992486,0.10905950955232954,0.1838313749328986,0.9693145786573485,-0.16320316538782875,-0.07838250136164927,0.17995953238629142,0.9805461489310936,-1.2663925,-9.33666,2.3595123
1.270610202658497,-2.396034926800909,-1.5435879633944203,0.9719058886275116,-0.19779709720106903,0.12757449584457664,0.21968739630974587,0.9568751557950926,-0.1900720498252225,-0.08447716587227377,0.212758653316259,0.9734461278803467,-1.622873,-9.194838,2.6254776
1.207072271190884,-1.660839778384875,-1.8110958995849873,0.9617188562832553,-0.23096913707451003,0.14747914831691797,0.2594846230636802,0.9405725783801471,-0.21906838017573865,-0.0881168080602507,0.24895076324120474,0.9644993238042703,-1.9971268,-9.025606,2.901767
1.0734893946668844,-0.810427968125628,-1.9285085086079699,0.9505135458168611,-0.2626538030728432,0.1659426977906226,0.29788802800092673,0.9221822163258215,-0.2466630954685256,-0.08824240472911443,0.28388895650195356,0.9547881117734212,-2.3780656,-8.830342,3.1821244
0.8720911785793394,0.11697476309206867,-1.9062322016308149,0.9370808919597895,-0.29640793368396295,0.18444982725133863,0.3387553575158527,0.899746586747831,-0.27513794247601486,-0.08440503348824643,0.3203098757216698,0.9435451095930795,-2.7584062,-8.612848,3.4582229
0.6334706691546501,0.9851731737072402,-1.7986852523558925,0.9233682412035817,-0.32744798922431684,0.20042181889593658,0.37606601645945825,0.8764797262323237,-0.3005954769586953,-0.07723627645684564,0.3529321519168562,0.9324556041669859,-3.129013,-8.378473,3.7218003
0.39987282588258777,1.6991969551637358,-1.6697971754611503,0.9082547852997552,-0.3583677110726318,0.21597645390333162,0.41308207367675487,0.8501539816524947,-0.32649871039151435,-0.06660664671793079,0.3857600175510321,0.9201916993061935,-3.4791367,-8.131386,3.9732804
0.17693986909062248,2.2736129698080285,-1.5329682695470672,0.8953156272790247,-0.38239585220217387,0.2284367303402397,0.4419300119461279,0.8267537639764169,-0.3481035453598864,-0.05574757475676713,0.4126155910401356,0.909197768331697,-3.7999954,-7.875665,4.2160783
-0.09131419021872744,2.7943963915275507,-1.2994811159794057,0.8797568674339317,-0.4087122629898121,0.2428623896048581,0.4736776539542265,0.7972737287751529,-0.37414446614828334,-0.04071037149492915,0.44419465044810097,0.8950049039899357,-4.085536,-7.617511,4.449483
-0.3520959909079471,3.23762126971877,-0.9576766973797284,0.8671973187729037,-0.4283583360776277,0.2539250799466106,0.4972513111035265,0.7721951697235321,-0.3955448817283185,-0.026644772825269933,0.46928003981466304,0.8826473249903599,-4.3320208,-7.365808,4.6682296
-0.5638684820982424,3.5763152909619054,-0.5426649103152572,0.8556192625293948,-0.4453807366241591,0.2637265193960888,0.5174701569644959,0.7476963956568978,-0.416142687756043,-0.011845431178050682,0.49253030299242007,0.8702146783377083,-4.5364685,-7.1302614,4.867128
-0.6950197822623204,3.807612646386756,-0.14616056696981516,0.8467230899148538,-0.45766630818334386,0.2712960732463164,0.5320333006710822,0.7276402510401356,-0.43298987522029,0.0007589348296841211,0.5109610703567125,0.8596035182558569,-4.6976776,-6.9208727,5.0420823
-0.7598203576464445,3.9392003290966553,0.19555694887219777,0.8394267521439902,-0.4670585302400816,0.2778831717016462,0.5433361965555759,0.709753747075782,-0.4483697090843756,0.012186274964575146,0.5273575142556158,0.8495560881193343,-4.8170943,-6.745134,5.1902037
-0.7527709638900455,3.966495576491111,0.43830881620918527,0.83494387499092,-0.4720722470493607,0.2828719130294028,0.5499731930221833,0.6970982457620032,-0.4599820895562373,0.01995526427113458,0.5396311975055793,0.8416649916127936,-4.8968887,-6.6068497,5.311368
-0.7138668735490209,3.9062134893348013,0.5789216243163866,0.8326570366162314,-0.4731806066810229,0.2877192604509731,0.5532393975716684,0.6876099440015326,-0.4702326380471127,0.024666340385494603,0.5507201452382042,0.8343254121029746,-4.9391265,-6.506297,5.4088945
-0.7199015404085087,3.8311802533427857,0.6485811158605626,0.8329962101150223,-0.47049790341179454,0.29111687827935195,0.5526947533816332,0.6834490890599876,-0.47689186640945047,0.025413058029773655,0.5581478885995894,0.8293522236862912,-4.944177,-6.443602,5.486319
-0.7854698214515289,3.791498006269853,0.7211450285480274,0.836321993224016,-0.4628329456233296,0.29385572666776577,0.5477616920337653,0.6830728414600686,-0.48308241739891,0.022861592029312268,0.5649753602638798,0.8247909977106835,-4.911438,-6.4216247,5.5428405
-0.8354205728544026,3.7547135703826164,0.7777553352376219,0.8406883828685995,-0.45459424623196804,0.2942568847156642,0.5411907663965181,0.6863901154272336,-0.4857789248320049,0.018857287104138178,0.5676378077053877,0.8230624046732384,-4.8399644,-6.442485,5.5771666
-0.7763507785160358,3.6828641760592116,0.7698619593863751,0.8488600186894792,-0.4401381772777389,0.29277133325024546,0.5284996967067087,0.6949192408291638,-0.48762210707302406,0.011168672768648517,0.5686524717505844,0.8225020529582513,-4.7288604,-6.5029936,5.59299
-0.6444768308823682,3.565525649845093,0.64649858125942,0.8589270370034078,-0.4221372403870679,0.2899042865894482,0.5120958846344523,0.7064146390082003,-0.4886063474161708,0.00146630317585234,0.568135994347573,0.8229333763323076,-4.5768766,-6.5952516,5.5985765
-0.48834787991666007,3.4053539445855696,0.4106244797263101,0.872289712355961,-0.39706165736748,0.2853991905499111,0.4888506216999546,0.7220077226019949,-0.4896222198457184,-0.011650209505508546,0.566609997045297,0.8239037467245836,-4.383354,-6.710275,5.6015487
-0.40462603882626746,3.2142574382327416,0.11373574733877145,0.884960215828779,-0.371711272373926,0.28049268509256603,0.4650375320899382,0.7367512030742088,-0.4908541112351059,-0.02419731695828953,0.5648259862637903,0.8248551964394459,-4.147339,-6.8401613,5.606546
-0.4180272672887817,3.047049189404473,-0.16388553309733034,0.8998080298732373,-0.33966629654245095,0.27381073092334896,0.4345484748765192,0.753702851142682,-0.49305135144514484,-0.03889900201976716,0.5626356006977595,0.8257893487260161,-3.8667037,-6.9777346,5.617151
-0.4922309284871416,2.9082711786292794,-0.3331779153799468,0.9148722915886108,-0.30446829325480207,0.265156083252697,0.40020445067549343,0.770634059301819,-0.495943085750298,-0.05333936391568391,0.5598412319993135,0.8268813138598317,-3.5412552,-7.1179748,5.632913
-0.5255415342101181,2.729942685820175,-0.401695171060122,0.9305192431472913,-0.2645205505997761,0.25330380266190844,0.36001573486806837,0.7876423288314894,-0.5000082324125402,-0.0672503440883118,0.5564606366521353,0.8281479041069318,-3.1698258,-7.254941,5.654602
-0.49458573234364006,2.4667541584967214,-0.4744049449884813,0.9450229024602367,-0.22335786540797029,0.23883671783464197,0.3172914713973681,0.8030066483665119,-0.5044863178101803,-0.07910648522164555,0.5525319779339258,0.8297292192976581,-2.756183,-7.383275,5.6805754
-0.4546450754143726,2.1455200425327954,-0.6244185233153878,0.95902924616947,-0.17785418663794741,0.22052390638425473,0.26876038917380696,0.8173625278782095,-0.5095943006271625,-0.08961449772643461,0.5479839288846867,0.8316747293752176,-2.303537,-7.4984894,5.7076874
-0.4867750725047933,1.8179457888404777,-0.7744091078507327,0.9713902417521717,-0.1299264269100844,0.19879668462787678,0.21629109618147457,0.829690726251669,-0.5146177809642747,-0.09807731614024258,0.5428926434962595,0.8340554044524681,-1.8140564,-7.597821,5.730446
-0.5800465700135025,1.5077667117785643,-0.862745077892983,0.9812868610752246,-0.08207774973552688,0.1741819143294875,0.16234763755870377,0.8390734384452552,-0.5192292455888482,-0.10353424969661221,0.5377908588791828,0.8366968693892374,-1.2924836,-7.675621,5.748497
-0.6439609426548495,1.1633557807748605,-0.8283343299698711,0.9889363290376734,-0.032791697626541286,0.14467080450547026,0.10443939015353441,0.8464941607607049,-0.5220536845788829,-0.10534396467690174,0.5313871849836046,0.8405535727967327,-0.7470657,-7.7368712,5.7477813
-0.600281672111857,0.7309267882629291,-0.7142073729081837,0.9935040073463582,0.013661157723423143,0.11297415702886762,0.04755467273867098,0.8520863559269297,-0.5212364100328026,-0.10338443058529366,0.5232229112078541,0.8459015573337909,-0.1912796,-7.7874784,5.7166595
-0.4254280448671585,0.14907812506880522,-0.568267165873962,0.9951402402464338,0.0587446355024954,0.07902512285310867,-0.009600967774533665,0.8566108481512752,-0.5158737018373254,-0.09799859009221695,0.5126079619253221,0.8530119305793473,0.3580185,-7.8329773,5.6477876
-0.2023404607289508,-0.6430548046566029,-0.4309122181966,0.9939466301073678,0.10024502405861759,0.04495588559570811,-0.0638792918512263,0.8602386161821445,-0.5058744501372009,-0.08938418523873856,0.4999404548348902,0.8614348547909413,0.88759154,-7.8743134,5.541826
-0.04133629883069034,-1.5994499647544158,-0.35997423908917564,0.9903553427075568,0.1380353615521031,0.011938765923568219,-0.11436894830996912,0.863102574979509,-0.49190821168812865,-0.07820510746152887,0.48579850146426085,0.8705652055659068,1.3855331,-7.9123335,5.403697
0.03800646500264632,-2.6054648551454074,-0.34327663513762974,0.9847927013357222,0.17267433806234211,-0.019154852404099008,-0.1610356357913953,0.8658747120115434,-0.47363330447107305,-0.06519861502479964,0.46951523518801724,0.8805138184748659,1.838124,-7.951033,5.237172
0.13914686543106158,-4.42297566578835,0.041719578559094916,0.9702742368891175,0.23140035872881273,-0.07086451304720273,-0.238938796024597,0.8694915664077328,-0.4323108461514047,-0.038420788429658286,0.4363923577768111,0.8989357891921088,2.5700212,-8.038748,4.858148
0.23480626478611222,-5.0687326946399045,0.47148562399837735,0.9626562548205494,0.2549939412126294,-0.09094517579137004,-0.2695166058618595,0.8709344488141308,-0.4108941287406397,-0.025568226758544324,0.4200610382000174,0.9071355962405773,2.8275497,-8.089757,4.6670046
0.3283736665726704,-5.4873661146371795,0.924659813966638,0.9560398286702115,0.27341552489773835,-0.10598017145261845,-0.29291212292140967,0.8734254793904904,-0.3890121080341399,-0.013796167652840585,0.4029539461233587,0.9151162675101501,3.0028808,-8.15488,4.4738817
0.42186383023308105,-5.72375838794275,1.2170435757256597,0.9540735999141178,0.2795330350799571,-0.1077258012079886,-0.2994454832881103,0.8794134930706887,-0.3700868962062287,-0.008715990205692463,0.3853481419498445,0.9227301019315113,3.0961976,-8.232119,4.287744
0.3729545621655985,-5.852494594253883,1.3442771867604932,0.9519335259441873,0.2860853455330438,-0.10944284926255272,-0.3062884600572717,0.8853708216059163,-0.3497225864662018,-0.003153001619414568,0.36643373660200024,0.9304388079076906,3.1142364,-8.316683,4.1201067
0.31206659195017217,-5.886892577928014,1.346366371312701,0.9539871943952558,0.2820058662370813,-0.10188780269365656,-0.2998201437254384,0.8925644786546619,-0.3368034038729261,-0.0040391021682495785,0.35185414997098663,0.9360461221552437,3.0667024,-8.400731,3.9846146
0.30872945724928225,-5.762692317894937,1.338282730273535,0.9579159607413626,0.27244356889401244,-0.09039642650705437,-0.286943101766279,0.9002966193194643,-0.32730666597350416,-0.0077889990177605305,0.33947091040358357,0.9405843037623284,2.9571762,-8.482508,3.8858047
0.4048384106707983,-5.421227529557981,1.3316313813940868,0.9622212026662704,0.26069192549179876,-0.07854983846484954,-0.27195995826659997,0.9065218947074406,-0.322886722420823,-0.012966812989501576,0.33205086116348365,0.9431723529458891,2.787973,-8.561003,3.8242462
0.6162386328492276,-4.875852138338063,1.2971137371181096,0.9695982196987444,0.23772354298794407,-0.05802421448226361,-0.24362378989607272,0.9155532911108221,-0.3200150311045044,-0.022950846470203318,0.32442208347367785,0.9456339515906246,2.5605698,-8.636396,3.7933974
0.7627081356521301,-4.263374921279225,1.1382611339735818,0.9760678399839611,0.21397559741548763,-0.03880741500961875,-0.21500965698887878,0.9228041441504721,-0.3196926006967314,-0.0325947718287507,0.32038563521075725,0.946726267513494,2.2784379,-8.70783,3.7845154
0.845748452191139,-3.7394398307907815,0.83219169422887,0.9827467626838512,0.18421753298391358,-0.016513660276574776,-0.1797064656993805,0.9299179664680962,-0.3208709426322029,-0.043753704074589964,0.3183024916351771,0.9469789528804702,1.9458587,-8.772136,3.7905731
0.8937112495370798,-3.405336147632513,0.4415780272796537,0.988335949471819,0.152172769184781,0.005958128923793216,-0.14207660689974713,0.9354366181866782,-0.32368591431714466,-0.054829633898941105,0.3190639147163258,0.9461458289145505,1.568367,-8.822548,3.8110886
0.9928613634826067,-3.191965093480671,0.07075121500086612,0.9926458111007441,0.11739935768730354,0.02952430386569097,-0.10132573249143557,0.9392268380672224,-0.32800311368845614,-0.06623737343236923,0.32259934511535676,0.9442151623925155,1.1472733,-8.852905,3.845262
1.195232773944984,-2.925313840594036,-0.18922637956016652,0.9956254826929442,0.07025656857927397,0.06159474639859423,-0.04591954836973907,0.9420594908136062,-0.3322879938329538,-0.08137132965584723,0.3280059913164331,0.9411645851659337,0.6770584,-8.861707,3.882318
1.3506886608512712,-2.573475090561248,-0.3363027492207924,0.9955056229482022,0.027782459090129514,0.09053557116082282,0.004255599771940033,0.9419109700999971,-0.3358356953569175,-0.09460678912790674,0.33471160627051577,0.9375594360245754,0.15858154,-8.8476,3.911531
1.378518484036932,-2.1975187153229125,-0.5367653284180729,0.9928918781840603,-0.015143042569664153,0.11805255820126011,0.05463132218778796,0.9391960885159014,-0.33900756031753343,-0.10574089498459292,0.34304722062445797,0.9333474527472032,-0.39858246,-8.805731,3.9351974
1.3016359248499023,-1.8034104455293067,-0.9415639018266844,0.9856650033748936,-0.06991885786888233,0.15354430772998956,0.11926695332950275,0.9324621543814314,-0.3410127922671503,-0.11933103102491396,0.35443713682492645,0.9274343217036344,-0.98208773,-8.724566,3.971756
1.1381611417439887,-1.3913327008320793,-1.4586167362491853,0.980012383917218,-0.10134690106240601,0.17118566824923742,0.15603558281771404,0.9253827088940741,-0.34542689382067865,-0.12340431217598308,0.365233689197633,0.9227002373530964,-1.5787796,-8.595079,4.0321655
1.012985432025062,-0.8074063705711357,-1.9293185471885557,0.9672107005861047,-0.15542401951672932,0.20086521557751022,0.2199410022148414,0.9080668287374583,-0.3564275383460536,-0.1270016386369388,0.3889190258960853,0.9124760682229281,-2.1740022,-8.4127865,4.119542
0.8617441632758308,-0.07490437488124568,-2.1712099336596804,0.9520266962992596,-0.20427686864217123,0.2278511147027074,0.2786030005896098,0.8866022274562029,-0.3692111297512118,-0.12659201237038328,0.41497885633782533,0.9009811380914522,-2.754718,-8.179596,4.2310867
0.6402365592324202,0.7823188209216874,-2.160744123177487,0.9323196890387131,-0.2550806950893174,0.2563471014532997,0.34052848574371736,0.8578588699445037,-0.3848616760014313,-0.12173885093859206,0.44610760837525576,0.8866609577069817,-3.3094604,-7.902547,4.3601456
0.3520568583161052,1.6276502738122594,-1.988139225785883,0.9127502449792585,-0.29731826424047875,0.28015859801072135,0.39244495448901817,0.8286350675365902,-0.39918777855132753,-0.11346342135867729,0.474305570911475,0.8730179135710358,-3.828958,-7.5952744,4.495961
0.050853018436846475,2.3505803501451705,-1.7714646252546749,0.8914571697272914,-0.33743347372566435,0.3023950484899498,0.4418600857984298,0.7951648095011957,-0.41529819444482524,-0.10031838874310203,0.503836855083428,0.8579537541963612,-4.2995086,-7.2686434,4.6400237
-0.16950636281277076,2.9135904651249165,-1.6318820629691517,0.8735623775382243,-0.3675775530396158,0.3190227500526786,0.4792100601004661,0.7642088842777683,-0.4316740662692591,-0.08512632288706767,0.5299731348779274,0.8437309911692177,-4.706459,-6.928346,4.803992
-0.3235999765008216,3.4533869320429726,-1.517740065024743,0.8553346935836454,-0.3947899482072181,0.33547497484419625,0.5139092827108298,0.7285090822188166,-0.4529589013015843,-0.0655729448462752,0.5598351667403901,0.8260053117171515,-5.0461473,-6.579936,4.993904
-0.46224814353252275,4.061519072505324,-1.2243040165169181,0.838647658947604,-0.41638287853330513,0.35113445089598233,0.5428282009789327,0.6919740556834256,-0.475930089911331,-0.04480678925877093,0.589743338008452,0.8063467907240474,-5.3220215,-6.237605,5.198807
-0.6112564945273409,4.627404428976304,-0.6338713452664932,0.8246898868011477,-0.4324088892499673,0.36456706256259686,0.565020383838244,0.658672778430334,-0.49689248012235837,-0.025269674615920824,0.6157700248083491,0.787520615661795,-5.5368757,-5.924304,5.3923783
-0.7327646066010085,4.97910967111032,0.0889182435454261,0.8139305374131331,-0.44386585427985037,0.37483354128304425,0.5809044585501998,0.6308926208876516,-0.5143194638996369,-0.008190867040092703,0.636362792999347,0.7713464237184249,-5.6926894,-5.660698,5.5564623
-0.7779759236560533,5.092733421693123,0.6604714312672058,0.8077897091032598,-0.45025203118384494,0.3804587944596546,0.5894583785621903,0.6128118294104431,-0.5263083522778832,0.0038217547940266896,0.649411094877081,0.7604279216604605,-5.793599,-5.458275,5.6859636
-0.7792499890497633,5.058176480936833,1.003362128930699,0.8045745155316545,-0.45350666378885385,0.38339477677207295,0.5937061498123406,0.5999854044638496,-0.5362187259928156,0.013147495275191691,0.6590517584601799,0.7519826613948858,-5.8451643,-5.3198977,5.783484
-0.7177427690716485,4.908364604563577,1.073964721462877,0.8048830316741561,-0.45250301437492213,0.3839327119491501,0.5931567523836322,0.5936948546713192,-0.5437752170138913,0.018121049216947013,0.6654077257730115,0.7462601329676319,-5.8502398,-5.2444687,5.855891
-0.6657070416598532,4.591545492061565,0.8277108126499475,0.8172477790849494,-0.43375225573446424,0.3794272634194626,0.5761867072780947,0.6027606946449302,-0.5519858905327104,0.010721284286219934,0.6697301886852843,0.7425271230243577,-5.728607,-5.2603407,5.9560637
-0.7244896184417526,4.4843192677363515,0.810248102509046,0.8243746652227716,-0.42253248562434303,0.37665993937630016,0.5660096998168528,0.6079471601536346,-0.5568063129799877,0.006279414947298141,0.6722101970762171,0.7403337219758905,-5.606337,-5.344925,5.98466
-0.7752969272881666,4.283093109118587,0.770524434311689,0.8500609486569574,-0.3814545675780399,0.3631649713866757,0.5263664480077644,0.6392436628345933,-0.5606299153073292,-0.018296064607568573,0.6677274536812642,0.7441809602645133,-5.2311263,-5.644583,6.0126967
-0.832757117801344,4.1889561670657365,0.5953320999005867,0.8630336871766876,-0.3589154134550323,0.3554610819521815,0.5041482190095963,0.6562034975606099,-0.5614548450754304,-0.031740007367121084,0.6637595165220812,0.7472722905064192,-4.973302,-5.846672,6.0153837
-0.8934291580791061,4.088601306114389,0.3469191598599217,0.8789233838204744,-0.3291021592769666,0.34523246390339113,0.47440091351625363,0.678117528163082,-0.5613380365278452,-0.04937062515821162,0.6571517227834307,0.7521397174822364,-4.664464,-6.0742674,6.008887
-0.9174818515741345,3.8916310322942733,0.09011029647684077,0.8937696561342111,-0.29911684642580777,0.334222850741859,0.4436507539626839,0.6991363479963127,-0.5606981143349079,-0.06595309152782562,0.6494131805673946,0.7575702677793424,-4.2989655,-6.3161116,5.9976335
-0.8196242975796265,3.585572152179402,-0.21835054357022,0.9124620208200275,-0.25836754263497635,0.31726845647463386,0.40014694275482693,0.7253550807171804,-0.560127156172363,-0.08541360995180247,0.6380487597280771,0.7652439450557356,-3.874089,-6.5586076,5.988791
-0.7300104866719248,3.324135055728628,-0.4453919787486216,0.930363412872101,-0.2162819684937693,0.2960507221633444,0.35252434344223116,0.749585864077924,-0.5602210453519005,-0.10074972590335791,0.6255742501726017,0.7736319216858796,-3.394371,-6.7988615,5.97287
-0.6399002490376133,3.11185406496147,-0.5555772881501204,0.9478455569738182,-0.16655684463099582,0.2717491814735778,0.29631850265065357,0.7745421523112278,-0.5588200061557976,-0.11740589896537627,0.6101993705336459,0.7835002125644099,-2.8713212,-7.04097,5.9292083
-0.5495746046273714,2.6991439794133507,-0.679847724486415,0.9627198282405481,-0.12254889191316219,0.24114788285064076,0.24008826560258217,0.797802032736927,-0.5530547362429613,-0.12461202603454669,0.5903335376307904,0.797482386837404,-2.30728,-7.2825212,5.847165
-0.4830470624489829,1.9896274210408305,-0.9305487154399494,0.9751896353385858,-0.07850353726141787,0.20698398432159376,0.1815632260629309,0.8185674221290246,-0.5449607053454997,-0.12664900343002267,0.5690207114565242,0.8125118213685844,-1.7070297,-7.509506,5.732074
-0.40750554033361225,1.2270942278510435,-1.1785220976471285,0.9867043731993055,-0.021293190402767347,0.16112442382158518,0.10466583434025242,0.8416849619876484,-0.5297277488349178,-0.1243364107219817,0.5395489086323156,0.8327229023885756,-1.0877686,-7.7161226,5.5884047
-0.32661080842312623,0.5992158899483447,-1.175326515983156,0.9913255121831819,0.015983457014259076,0.1304540455356833,0.05407334755863983,0.8550785023151223,-0.5156712401931389,-0.1197906589787178,0.5182521432472819,0.8467968552380463,-0.4671936,-7.9038057,5.4110656
-0.198924122498826,-0.08969908306502189,-0.9879135944963042,0.9939829451938552,0.06154709810038486,0.09060827434165022,-0.008832353195204635,0.8695509385663304,-0.4937642704524594,-0.10917826798766025,0.48999297949443754,0.8648624086208048,0.14550476,-8.06783,5.1987963
-0.1010854227429813,-1.0179069871346145,-0.8127578884431657,0.9934325561226243,0.10060933676298008,0.054493282079380735,-0.0632486942458479,0.8797503287400239,-0.4712101036247161,-0.09534861882515608,0.46466882877801696,0.8803360270091203,0.74232787,-8.20204,4.9562974
-0.03740473632881752,-1.9885040871218245,-0.677463899141788,0.988943181781377,0.14788603876836076,0.01100466926036174,-0.12822744957186696,0.8900368678602334,-0.4374838225875791,-0.07449231090804775,0.4312355428150019,0.8991589415829834,1.2958329,-8.312329,4.689189
0.07742712937175755,-2.791367900210698,-0.44761038415518783,0.9840326434650798,0.17737758972465884,-0.014729129594051846,-0.16775025186110146,0.8965889769044421,-0.40986346445369315,-0.05949461820757079,0.40578984358522047,0.9120279563957561,1.7871323,-8.414569,4.387721
0.12102909148154906,-3.616237291065078,-0.048494628133103346,0.9767355786613723,0.21008804365583886,-0.04301887132291275,-0.21086241280419357,0.9043591751481598,-0.3710411367917777,-0.03904679555902904,0.37148014245475286,0.9276194540426421,2.2105896,-8.510786,4.0578156
0.04902078316705416,-4.635111416842664,0.28802395037597583,0.9693233954532873,0.23691795052726333,-0.06543729628332726,-0.24497318432991602,0.9095668326353948,-0.3356729299912008,-0.02000734830434714,0.34140600710529123,0.9397029553674139,2.567691,-8.589043,3.737233
-0.02149068726135317,-5.533892472055768,0.4935711178804447,0.9626517410138934,0.25843411667998656,-0.08070584154047218,-0.2706850777251431,0.9125403111788211,-0.30659381789363366,-0.005586968753594938,0.31698893956965885,0.9484127782620029,2.8493423,-8.6445465,3.4634933
0.0492798694057901,-5.894859157298446,0.7534551130725762,0.9579084383534255,0.2731545363506903,-0.08830641540874475,-0.287054480947608,0.9149784488755168,-0.283573911108292,0.0033389667865127252,0.29698659458701826,0.9548758107400177,3.0469253,-8.690207,3.2341645
0.14521760187791588,-5.842414557094536,1.1539677431929585,0.9548563016904196,0.28270415445357416,-0.09125680345478333,-0.2969108163024164,0.9182000254611347,-0.2622073233260381,0.009664899623261027,0.27746544703415377,0.9606870017947631,3.1695771,-8.73804,3.0314515
0.1337262427040431,-5.847929604738846,1.4817037634881085,0.9538519829338072,0.2862625847408383,-0.09066491730950374,-0.29997058317408637,0.9220463304861314,-0.24463894552433676,0.013566277434986401,0.2605461514099865,0.9653660751766674,3.22547,-8.789856,2.8538864
0.08460262154854203,-6.089467698624593,1.5633481753501528,0.956093068359891,0.2815543763780479,-0.0813214472112865,-0.2927358540390487,0.9306324063338332,-0.21961112003113412,0.013847902158738483,0.2337743728976068,0.9721922537143229,3.1243958,-8.901199,2.628856
0.18369479758999008,-5.863778721882795,1.5466582315774495,0.9614941879020164,0.26655775804951826,-0.06690207959590924,-0.27477851799802744,0.9369009828762078,-0.21613263134567315,0.005068794477023736,0.22619352313718402,0.9740691953928836,2.9768128,-8.959017,2.5882614
0.22539078476551033,-5.501712240339292,1.4841156072618733,0.9672231702563518,0.24829696300140458,-0.05317853968972927,-0.2538942627942168,0.9422452616844714,-0.2184297831188421,-0.004128224731517206,0.22477207343761077,0.9744026235407647,2.7764022,-9.011538,2.5971634
0.2943732623319346,-5.104989749310228,1.2795410838216428,0.9738920258625005,0.22400045140993705,-0.03685267601654105,-0.22645968706620997,0.947322295571887,-0.22648725890496776,-0.015821886591355614,0.2289197808852622,0.9733167017082033,2.5230393,-9.054834,2.6593597
0.44869898915280715,-4.597535282796761,1.0099726898547141,0.9807048310231266,0.1946747511300702,-0.017882272795904156,-0.19327979631131556,0.951801450690045,-0.23815314149131786,-0.029342030361890252,0.23701421842744552,0.9710629771119229,2.2155824,-9.089233,2.7607803
0.6229546511908634,-4.00427415365518,0.7488188116826254,0.9866375769362894,0.1629164948323753,0.002123084741953201,-0.1571990995943465,0.9552765521020471,-0.25046986263970544,-0.04283380515452108,0.24678923136060682,0.9681220689667327,1.8577347,-9.114003,2.8784575
0.772515756243683,-3.528430450735457,0.40869440419367287,0.9918000880883531,0.12525876876671432,0.025354015756549893,-0.1141425528487228,0.9574413331834056,-0.26509917227551033,-0.057480978567809954,0.2600314103315814,0.963887754224452,1.4517105,-9.123332,3.0078628
0.9079916689478016,-3.2695078555207084,-0.05807457112806058,0.99522441118735,0.08317766517645343,0.05108666550664291,-0.06551881355681705,0.9571622065096926,-0.28204218744649695,-0.0723578361126204,0.27734813221886306,0.9580408953211805,0.99766845,-9.109297,3.1556213
1.0565208486542836,-3.0510367770807765,-0.5575499821930641,0.9961802407587684,0.0390165372706589,0.07811938134170689,-0.013758338527076357,0.9535823920442051,-0.3008177682654861,-0.08623013419204527,0.29859392392120254,0.950476739617842,0.49740297,-9.064211,3.3251693
1.1953090711173286,-2.6294478359754954,-0.9768372507311739,0.9941201096391236,-0.009268495425052125,0.10788559961206232,0.04374688587511607,0.9457771007956378,-0.3218569334142563,-0.09905260010382408,0.3246841089476901,0.940621502948725,-0.041944884,-8.981145,3.5136094
1.2855600124105333,-2.0586139603741653,-1.3206529800437128,0.9885294209728374,-0.05906816696785167,0.13899832920638436,0.10409461737180009,0.9332955044560617,-0.3436914488263059,-0.1094252918905273,0.35421808679564204,0.9287387428558743,-0.6102295,-8.856219,3.7145157
1.1814803372728158,-0.7670645417611516,-2.0600686098062946,0.9674113910638766,-0.1563179701250715,0.1991981241272965,0.22438294874773704,0.8937809168841709,-0.388340012006183,-0.11733495962894966,0.4203812136973648,0.8997289271881866,-1.7853531,-8.475008,4.133748
1.0465745137838536,-0.028681584907421342,-2.4012753255115635,0.9495370617088824,-0.20800661077261012,0.23476076826453668,0.2906581006607576,0.8648460961584415,-0.4093398325105755,-0.11788654274998851,0.4569184608159286,0.8816622273887319,-2.36752,-8.214162,4.353288
0.8853945328292133,0.7298543764508134,-2.573975813525692,0.9305162861986312,-0.25179388456178486,0.2659685711064279,0.3480294738217156,0.8340962514971892,-0.427970709967071,-0.11408298063466142,0.49079861749563436,0.8637718394309272,-2.932628,-7.9102325,4.571147
0.7366735794417598,1.4372611976783887,-2.5289125789746576,0.9103610110210957,-0.2910917057406906,0.29412318586202113,0.4002638691554373,0.7998093035864369,-0.44731858104185557,-0.10503173168794819,0.5249482800672423,0.8446286986558514,-3.471988,-7.5692534,4.7814665
0.5811369472873861,2.070489513444473,-2.32966260549612,0.8893444118736535,-0.3260678085564535,0.32054063906515584,0.4476766587057623,0.7635650778761629,-0.46535360866551245,-0.09301680664885967,0.5573581936880114,0.8250452821570995,-3.977623,-7.197591,4.98127
0.36649314629148466,2.670248857987915,-2.038386149751153,0.8681747412766632,-0.3566065789367681,0.34511500469874484,0.489982579612101,0.7262229611983932,-0.4822004586319981,-0.07867458475182251,0.5877345986814568,0.8052194429016709,-4.44169,-6.804782,5.169655
0.10135298130022846,3.2229881644339797,-1.6841090404783259,0.8473363843757823,-0.38326450708816057,0.3675994686060455,0.527377843208745,0.6886222198574777,-0.4976666040745082,-0.062399216385069095,0.6155548358392049,0.7856198711014767,-4.855754,-6.4040084,5.3455644
-0.15288402886440577,3.682607257149429,-1.289465500101951,0.8240306719485896,-0.4099769190886353,0.39101454896531374,0.5650025396756934,0.6455782149286793,-0.5138101775651371,-0.04178016093763035,0.6443195590885722,0.7636142507365454,-5.2154436,-6.00936,5.504903
-0.3722072879366328,4.061830299827699,-0.8809707778431657,0.8020074746059995,-0.43241855799382395,0.4120657731220224,0.5969590062335378,0.604039492500269,-0.5279926480327976,-0.020590180979674386,0.6694404246850953,0.7425803405993626,-5.523622,-5.6318374,5.64355
-0.5050894251731757,4.340915849886707,-0.4579612959801991,0.7822964639630391,-0.4497036213336135,0.43102075986007987,0.6229055815125308,0.565815271643829,-0.5402237637268071,-0.000937545445941078,0.6911003771769014,0.722758182018359,-5.782382,-5.2796235,5.764221
-0.5684935500948851,4.500963937512996,-0.03693479833355506,0.7695667298088903,-0.4591607421912898,0.44377749064322264,0.6384552045537256,0.5402913496014201,-0.5481425082258606,0.011916381561223106,0.705164286089576,0.7089438126355767,-5.9935865,-4.9633727,5.867006
-0.667630256088662,4.536014297506956,0.42439218509785004,0.7557902177155036,-0.467313525080965,0.4586929431351162,0.6543089769511448,0.5114587849652594,-0.5570365104398527,0.025708159924422106,0.7211296558582682,0.6923229809525593,-6.1561537,-4.696837,5.951169
-0.8012520469069588,4.514470563305156,0.8146290014166735,0.7477820115141881,-0.470216294375385,0.4687416130019573,0.6630940300627849,0.4931945602596006,-0.5630856356056643,0.033591227290627676,0.731885074471547,0.6805996379773422,-6.270233,-4.4895234,6.01893
-0.9844882393668168,4.478966374014542,1.1138538534664904,0.7432995478115465,-0.46932415608513794,0.4766976177181133,0.6678917714592119,0.4804171403583463,-0.5684364105746448,0.03776723236123808,0.740900943287889,0.6705515851855772,-6.3360643,-4.3484282,6.0721297
-1.1013153549586432,4.407071532427576,1.2848704925898826,0.7435402836898004,-0.46435700952661735,0.481165682726843,0.6676230114595809,0.4748548182497648,-0.5734042345105452,0.03778043276793704,0.747586429310004,0.6630891113654239,-6.3508453,-4.2748337,6.117377
-1.0615611857659308,4.286887428151891,1.3220085046625565,0.7488984057006619,-0.45421700509393226,0.4825329939211477,0.6618391792314751,0.47588073891583543,-0.5792291629080214,0.03346757794068087,0.753143037286025,0.6570049365220686,-6.3118334,-4.263481,6.164151
-0.9407903081551894,4.173416841601264,1.2706864100707862,0.7586353169546575,-0.43944469738052777,0.48099980645863405,0.6510363111747055,0.48300961667532044,-0.5855368747834702,0.024983542605873932,0.757357292262574,0.6525226083865325,-6.2187757,-4.3095655,6.216016
-0.8864341047303053,4.131033138677195,1.2007503399039856,0.7725685935181308,-0.4196181932969972,0.47650639047507193,0.6348199333338707,0.49643508004112313,-0.5920775823712168,0.011892037310665047,0.7599163001006948,0.6499121450549097,-6.071925,-4.4131317,6.268941
-0.9433682504979737,4.167180323348429,1.1188757933893207,0.793019460912257,-0.3911517608091716,0.4670336547084359,0.6091453211453675,0.5190559872412764,-0.5996022513597593,-0.007881138315075257,0.7599876197181571,0.6498897641400347,-5.8679886,-4.574684,6.319388
-1.0542034034388936,4.189660750328514,0.9927651258890069,0.8140116222244803,-0.3615485829252519,0.45460719425479057,0.580170673169885,0.5438914929740722,-0.6062870886502846,-0.028054747852605207,0.7572744984846503,0.65249388124928,-5.6020217,-4.78741,6.3682966
-1.0325436377833843,4.062921258455911,0.7771755129503597,0.8369346716802843,-0.32783288274000394,0.43825330156633646,0.545107890234729,0.570953653733947,-0.6138968262596732,-0.048966757532617144,0.7526868713364386,0.6565551997924521,-5.268758,-5.033635,6.4231005
-0.8433391869911028,3.7446787966736217,0.47047443255335963,0.8622489130914658,-0.28785498500116924,0.4167329114463643,0.5015513214834217,0.5998375352290862,-0.6234109425158727,-0.070520094943357,0.7465483500351956,0.66158331090567,-4.8667192,-5.291893,6.4901
-0.6592715204107696,3.387898980074876,0.14109274476727296,0.8869232629733406,-0.2448129524273347,0.3917061959179799,0.4528911733067905,0.6276943856202194,-0.6331582293563393,-0.0908664445079808,0.7389630414199809,0.667590377909846,-4.4032073,-5.551173,6.563426
-0.585237488619106,3.1389316776441816,-0.15595260269118416,0.9111050506780315,-0.19751024137529338,0.36176966592136456,0.39710318664851035,0.6558043279984216,-0.6420511993074522,-0.11043842529926257,0.7286359776530482,0.6759385817417194,-3.8861237,-5.810321,6.6294084
-0.6090688407950607,2.878465047224725,-0.4578387108302904,0.933058913662495,-0.14925001531003584,0.3273003155588447,0.3368857458773052,0.6815797505641678,-0.6495822025314265,-0.12613111376522865,0.7163612751613827,0.686234264365677,-3.3121688,-6.0631623,6.6812086
-0.6469310515261436,2.4515743584808583,-0.8225003433732181,0.95324655564168,-0.09893727039877917,0.2855388251767397,0.26952596410949614,0.7056646363508428,-0.65528098986212,-0.1366629387512227,0.7016044737099907,0.6993385472301723,-2.6762147,-6.3055983,6.707373
-0.5854892820755621,1.9509156977813162,-1.1636019700166251,0.9700599463390215,-0.047575970197397816,0.23816008810989284,0.1970656720398004,0.727334601952405,-0.6573807859271816,-0.14194654420674516,0.6846319477372601,0.714933755480359,-2.0010116,-6.530379,6.7015867
-0.35624733468492076,1.548819425691756,-1.2757843097686057,0.9820792676283042,0.0016196078125120046,0.18846137260772594,0.1241907835865731,0.7465997322051129,-0.6535789846249704,-0.1417637519495286,0.6652715360976966,0.7330189778521462,-1.3158112,-6.740762,6.6529207
-0.06633938573734542,1.1534106277531573,-1.205189296396388,0.9891791358349264,0.045488852843336536,0.13948262076641102,0.05545392784630228,0.7642654259778473,-0.6425132065112104,-0.1358289332774365,0.6432955175670807,0.7534728780538931,-0.6438278,-6.945386,6.545741
0.10183421013385843,0.44691585771620196,-1.3292489700603503,0.9922086695862672,0.08565355487111298,0.09047333604876151,-0.01057640960381017,0.7814720068788154,-0.62385065682797,-0.1241374059570417,0.6180331471715244,0.7762892073444786,0.012017822,-7.1438265,6.3683715
0.16637061647381088,-0.5975607176956869,-1.7776972356249856,0.9913630079752879,0.12496306261342055,0.03979471573544683,-0.07669090129138206,0.7985366856961019,-0.5970407584550663,-0.10638558209318699,0.5888322295694762,0.8012232606102588,0.6367294,-7.3310103,6.1292753
0.3058949682710261,-1.6017718948262147,-2.1560325107956717,0.9872099012074366,0.15935206093373433,-0.004850941576224288,-0.13412287078275337,0.8136931842022416,-0.5656098103072562,-0.08618391085926305,0.5590262271655863,0.8246587238670396,1.2069031,-7.508168,5.847974
0.5458553488744162,-2.380073636699996,-2.06923397880721,0.9811535033891521,0.1885027526664553,-0.042479583618055726,-0.18202827407197245,0.827901213120556,-0.5305141739406131,-0.06483448330613203,0.5282483256487256,0.846611006439053,1.710138,-7.6806626,5.5347214
0.7079298415998639,-3.151303298395746,-1.5354025767148893,0.9736543789016007,0.2147157475430834,-0.07677433296847423,-0.22441230517096608,0.842542559679387,-0.4896541150820242,-0.0404508063404482,0.4939829783362201,0.8685301085054487,2.151793,-7.848039,5.1846757
0.7721670484569835,-4.011963005905808,-0.8890233707013298,0.966242490001761,0.2357841357414721,-0.10383299980182098,-0.2570987473116856,0.8564825429586117,-0.4475912060551596,-0.016603753971914492,0.4591769756202917,0.8881896308864698,2.520015,-8.011348,4.8027253
0.8451760432268269,-4.78614769096722,-0.3928877338111718,0.9598366414182307,0.2525378484860666,-0.1222221619551893,-0.28054008940178216,0.8690323783784039,-0.4075291199023884,0.003298488958899025,0.4254495979690241,0.9049761099380387,2.7936873,-8.164943,4.429976
0.8385040374779369,-5.382102773684483,-0.006973925945080284,0.954881519389876,0.2652921783307209,-0.13349660686408554,-0.2963739761419261,0.8800813443234909,-0.3709707449915461,0.01907223619579112,0.3937980288044866,0.9189991089855278,2.9825866,-8.308304,4.0931597
0.6147606051049712,-5.921149016219825,0.23056677347839516,0.9514539298065127,0.2741529885129385,-0.13991268114495387,-0.30622669938188474,0.8889371304989643,-0.3406111956556108,0.030994000087460713,0.36692085919131545,0.9297356909621609,3.1065612,-8.433081,3.8061402
0.28742716336859564,-6.351070637524133,0.5012647463420514,0.9494697210033132,0.2793415385208466,-0.1430928151749714,-0.3114225737419565,0.8951846327706078,-0.318842365151321,0.03902857237752347,0.3472935042700332,0.9369439644023618,3.1835632,-8.528654,3.5782287
