-0.1007339388593933,0.6927835043171673,0.8081644500028377,0.9999993830432353,-0.0010289136627501607,0.00041862850282530515,0.0010083140348568066,0.9989157331983664,0.04654397137736643,-0.00046606432590630116,-0.04654352055275364,0.9989161543786342,-1.2180213,0.0115759345,0.0266565
-0.11435041535057375,0.9107670309195499,0.7446140691057284,0.9999982951455798,-0.0017209203433842647,0.0006694319275783467,0.0016639967975568964,0.9970038142780336,0.0773345034878324,-0.0008005127054928425,-0.0773332577111786,0.9970049781376142,-1.2180213,0.0115759345,0.026656499999999996
-0.11224274558795605,1.237327593604745,0.6941163517758718,0.9999929520679085,-0.0037514333380637074,0.00015020792194181311,0.0037114501749955426,0.9937883706780933,0.11122454514440025,-0.0005665263526751744,-0.11122320375214095,0.9937952897830626,-1.7481737529851624,-0.016713343718007163,0.10632741439393709
-0.08330577425363209,1.6247347556364578,0.7051329450818595,0.9999611938270432,-0.008775962515365636,-0.0007702739276408532,0.008784535207663088,0.9866818327664653,0.16242472973594335,-0.0006654180490741372,-0.16242519315222564,0.9867206361723069,-2.521901531776158,-0.010933694507420759,0.24899557014481535
0.021193545889982547,1.9313983754554107,0.7355659923606668,0.9998597441261629,-0.016604810674581215,-0.0021845682469905734,0.016664494437061927,0.973379277754633,0.22859369252677525,-0.0016693415233491554,-0.22859803564407555,0.9735194663685715,-3.4347930489618537,0.0073625965897068275,0.40488712413686645
0.21372283617934018,1.9580697695106088,0.6100749856287829,0.9995793006820621,-0.028482501100370247,-0.00547437476129526,0.028703126102953343,0.944327628134255,0.3277521339278351,-0.004165597181396297,-0.32777138049774723,0.9447478869660005,-5.066787720583758,0.0073504891589522975,0.6046805444666681
0.4110657953320171,1.574453855169988,0.3553903174996891,0.9991524705431722,-0.039432609287320876,-0.011807198324284285,0.04069045191938242,0.9028808205704149,0.4279608755116412,-0.006215121082642903,-0.42807860629899214,0.9037201331712381,-5.504861321266551,-0.08711075738918947,0.6369360662697732
0.5717291954951884,0.9037532111262181,0.08840724462247407,0.9985368179459463,-0.04960732585416113,-0.02152525093891543,0.0534681092426147,0.8461988486174907,0.530177960587247,-0.008086068290833377,-0.5305531281785375,0.847613115566037,-5.62955559465327,-0.1752079322368262,0.6558729178834071
0.840235982629795,0.1446804429436091,0.06578437954561844,0.997748144942813,-0.05831996378306158,-0.0331273465209296,0.06627049225457302,0.7810673061243519,0.6209203533143233,-0.010337365211306756,-0.621717496237632,0.7831733484692248,-5.535851001907544,-0.22031350125097704,0.686465829894583
1.2560872265875136,-0.3898700080957909,0.37564916029875656,0.9967186072768699,-0.06629773198043772,-0.046439515956853354,0.07981785770270364,0.709610216655038,0.7000588903874734,-0.013458361705933538,-0.7014684249152199,0.7125734497910741,-5.284319754410122,-0.23193023195489776,0.7364194798830465
1.6993324705376023,-0.6018628834699741,0.8609167051140822,0.9954366868191697,-0.07339148907686019,-0.060987636989435774,0.09381683945536251,0.6358831554162127,0.7660620166099654,-0.01744142107400681,-0.7682879030604356,0.6398667789797479,-4.75875792233471,-0.22225380112108514,0.7504337624211863
2.1620797972294623,-0.7761749181887502,1.3664306480235804,0.9940394425956272,-0.07926176313612847,-0.0748542548471824,0.10686639683322136,0.5725848436998754,0.8128506443333077,-0.021567563424251444,-0.8160050059097316,0.5776423379031349,-3.81994142615992,-0.18346672143988968,0.7133131467073056
2.6919714945951267,-1.2619762322040164,1.782966619657575,0.9927759325944624,-0.0838036206367915,-0.08586559747279446,0.11747230519861758,0.5332666822500278,0.8377510985450096,-0.02441731296678786,-0.8417859578124429,0.5392589322925208,-2.3724570607742037,-0.12082292359914668,0.6022235785544954
3.2805244875274067,-2.204717391604672,1.9199539164507167,0.9915953048225954,-0.09000674675090894,-0.09293835049699092,0.12651244402827294,0.5241999910118,0.8421454571089377,-0.02708049039025849,-0.8468253391122316,0.5311812233858391,-0.47571404693586267,0.07214165986241736,0.45577580567497533
3.878906983253754,-3.465480121442159,1.5796461219824316,0.9907895281574537,-0.09899077157602966,-0.09239555203748848,0.13180851975399094,0.5486969247114356,0.8255653813796184,-0.03102619882924231,-0.8301400556261546,0.5566909942070313,1.655402349975446,0.4374426468346113,0.24909209929277476
4.394491272068384,-4.677799613102373,0.5249447573055637,0.9901726200450945,-0.11409133953250036,-0.08087860506161038,0.13451254884079455,0.6187033418563569,0.7740236100921785,-0.03826952726889965,-0.7772961732952602,0.6279698259177421,3.839074802027327,0.8385989755224609,-0.013910782616956524
4.670320945635946,-5.594009021932684,-1.1571730929869393,0.9900618190011682,-0.12770615650930234,-0.05889594337235032,0.13270557614084177,0.7097595523005065,0.6918313435941681,-0.04654916344280245,-0.6927716185784502,0.719653152480394,6.0336972420910335,1.225361006580498,-0.34817155960588275
4.586140746205464,-6.280784730595292,-3.3333871972217177,0.990450118743221,-0.13523330181019505,-0.026842435862856347,0.126327994462903,0.8121724505197999,0.5695762885089616,-0.055224995215206595,-0.5675278536760775,0.8215000518595874,8.03996215543364,1.493272949831885,-0.7378606618793735
3.966375661815255,-6.500904976537944,-6.090207092449125,0.9909713461251574,-0.1332377083373902,0.014950058056518174,0.11579787665782468,0.9067541381457397,0.4054476349876963,-0.06757694074484227,-0.4000558036481624,0.9139960125990653,9.2980160214742,1.7486012075702764,-1.0983367866374223
2.7845619818633054,-5.319661186878237,-9.110816679151293,0.9911170916379093,-0.12001744625455198,0.05729505439169078,0.10438483563589909,0.9689742735386848,0.22403719179958617,-0.08240580533237564,-0.21606635511970326,0.9728949652623394,9.841283490581837,1.8630251005653933,-1.3371528799195294
1.430918971874761,-2.5819243276650634,-11.135390445837572,0.9905968275096965,-0.10122747270139229,0.09203762327555239,0.09550630326099839,0.9933314671957416,0.06458438136402445,-0.09796158106697653,-0.05518691012590202,0.9936588617758176,9.77692434194995,1.9432475064978245,-1.4361076746923462
0.12964599943630972,1.5661331133480993,-11.411837164677467,0.9889838709009657,-0.06624026700323112,0.1323749603402452,0.08524986357159689,0.9859670788618926,-0.14353180888420106,-0.12100976761718428,0.15323559125701683,0.9807525119587241,9.180957302498921,1.8709411009676828,-1.4750696435911594
-0.8407706383767584,4.92419482922168,-9.999152856250344,0.987057120721466,-0.03195425989627984,0.15715331911076255,0.07759798407118079,0.952756367079794,-0.2936560196164928,-0.14034526461956925,0.30205004595827245,0.9429045425892636,8.142617832285062,1.7201412897920256,-1.49213150505379
-1.7547219862540095,7.364511539724811,-7.745684196628366,0.9846126311541514,0.007742444408322845,0.174579555292943,0.06744796195060475,0.9047699352934337,-0.4205260237105739,-0.16121023230678466,0.4258302698772138,0.8903256944825818,6.510882154569529,1.516079423205964,-1.5003149610498132
-2.64416061608722,8.603036126682468,-5.391128197602452,0.981948121126248,0.04191372641933529,0.1844481687474161,0.05658074779787821,0.8654027423509523,-0.4978721849130405,-0.180489629605867,0.4993208718540586,0.8474090868852183,4.095686816069401,1.2174022949639487,-1.2522575092693349
-3.5204283603537023,8.748779195172425,-3.1693272142195856,0.980185683217773,0.05787841744117659,0.1894363091105063,0.048268950989164804,0.8577366248187847,-0.5118183181705064,-0.1921096946676872,0.5108208797993532,0.8379474291241084,0.8845000017805698,0.7914654585010232,-0.7002866474557717
-4.272994694929213,8.0120264666987,-1.0780253457769415,0.9788159322129043,0.06151515873545769,0.1952825032918549,0.03581011954228604,0.887657958355607,-0.45910890244725533,-0.20158622518552474,0.45637619812355235,0.8666508868060673,-2.773979027948785,0.3144641535680803,-0.012472425868326566
-4.830562126900875,6.986487324209676,0.8393114623223454,0.9793302676492335,0.04403411594671197,0.19741637089884645,0.02450729259265509,0.9429924656990392,-0.3319105334945325,-0.20077753727909256,0.3298881723669992,0.9224219068606857,-6.114376538036048,-0.2248119985693805,0.746677925734712
-5.121297641831282,6.592090607719687,3.002530695138879,0.981156178162724,0.022751756213304084,0.1918721231506178,0.018244984733499534,0.9776961461398427,-0.20923041450844201,-0.19235299473933298,0.20878841781217342,0.9588575087062203,-8.628778069509373,-0.7744245418872764,1.2945144082591429
-5.467744868784587,7.106841456114659,3.78649695816862,0.9846970200052384,-0.014942698907721829,0.17363321842940938,0.014544270048291556,0.999887864601946,0.003566851626257972,-0.17366704638924507,-0.0009868997489851095,0.984803931261102,-10.185726788297199,-1.0822269385865284,1.7157831052185135
-5.945078799140766,7.2786497213810994,3.064818114611626,0.9882399930363326,-0.048124060692198295,0.14514059027729428,0.015977130539871688,0.9764863496296732,0.21498637232770912,-0.15207382241286532,-0.21013920093454674,0.9657717477578905,-11.076547907028829,-1.3212681452734494,1.9050931663271593
-6.577499710291185,6.398048981091977,1.4617271343065763,0.9916163413557636,-0.07588849510950954,0.10458474012121523,0.023024855430838237,0.9001914936353651,0.43488519268758774,-0.12714907623965332,-0.4288312151610988,0.8943919170670418,-11.19209230763115,-1.439864701277092,1.9232361290853044
-7.010533330153779,4.254961949663055,0.37706276024799124,0.9939361270540552,-0.091862394301055,0.060434062001995234,0.0349182217250833,0.7848435295968615,0.6187094244000968,-0.10426741163154193,-0.6128473990833425,0.7832920096033412,-10.884317029938172,-1.4817742151261437,1.8736646665289807
-6.976291786049203,2.0802679737855563,0.47669922680085164,0.9951248640136233,-0.0980272640924677,0.010824071156994554,0.05342335576538196,0.6280501254168688,0.7763369017524683,-0.08290024174048886,-0.7719738955809325,0.6302252410535203,-10.118066791577583,-1.4328286926221283,1.8038143172355472
-6.614273525742314,0.7866147076576484,1.3274989922882703,0.9951742542450276,-0.09115592988343044,-0.03631528789557998,0.07501298171528185,0.4681806983275588,0.8804430057009385,-0.06325548404711247,-0.8789183296305783,0.47275925541163066,-8.602046465269547,-1.4507404919856048,1.6159935456223975
-5.630064711657568,-1.9733313316896535,2.179576342272079,0.9936299965511043,-0.06345260142472321,-0.09313000228866178,0.10992804112891585,0.3638556174396777,0.924945898650916,-0.024804348961629325,-0.9292915888083918,0.3685130760808414,-2.9740958402290567,-1.3036865955832944,1.064351532583523
-4.911215590406633,-4.247635657733216,1.5464221550888633,0.9922795071230434,-0.052354329991484816,-0.11242955071862279,0.12381412118701117,0.3657520560399024,0.9224399692648148,-0.007172387213246389,-0.9292386440703625,0.3694104752547454,0.15236373148727692,-0.9120362937669959,0.7299456965366241
-3.9986111777157407,-6.676190696173831,0.36233801241052976,0.9911657214058013,-0.04633357510021611,-0.12427273445349399,0.13199104085148095,0.43640293171668154,0.8900173292268124,0.012995300883729232,-0.8985575557567346,0.4386632434424199,3.2078570406340576,-0.42515978457378123,0.34953747419828507
-3.1450905827842237,-8.809618036967958,-1.1701092333476049,0.9910491461041708,-0.047443688076696126,-0.1247825567452178,0.1303861142101432,0.5446285365280429,0.8284800651919766,0.028653991473646515,-0.8373343738680519,0.5459396442022004,6.0572791352992725,0.03461468101242243,0.04864283904339142
-2.6098070034547876,-10.35209734091762,-3.1026988478737825,0.9913632872306741,-0.050381033814008734,-0.12108089924931108,0.12401787219482568,0.6603588821555668,0.7406387203856668,0.042642702862951534,-0.7492582319801906,0.6609037007783058,9.256911256086966,0.29199210136422815,-0.0749533057549947
-2.529226787494036,-10.966700575522003,-6.5606809610695125,0.9933014790742104,-0.05495795063670121,-0.10164543930151468,0.10144023510208457,0.8359864709429063,0.5392925913665595,0.05533579647405269,-0.5459910659179675,0.8359615455069349,11.793923819364421,0.7819304893893613,-0.41004535917444473
-2.563356520549354,-10.1644777292182,-10.234150959980173,0.9951334270333743,-0.05881872133709785,-0.07905580573922935,0.08260263962184192,0.935389558424778,0.34383597531003485,0.053723982803902656,-0.34869289067912923,0.9356959985281108,12.82399454709051,1.2808732647370147,-0.39438912541484783
-2.839776382809443,-4.927543513804082,-13.924561142372964,0.9972392325648526,-0.05740421483457686,-0.04710275100976184,0.0602473248689868,0.9962968803662541,0.06134155213719944,0.043407060250524,-0.0640100171199452,0.9970047867631885,12.60403415077801,1.3493999164361052,-0.3513271527437136
-3.1899512403285746,1.4344015529894536,-13.769303397102583,0.9984582308127723,-0.04996316557708336,-0.02418353588174422,0.04555266342748478,0.9864890579050303,-0.15736674835653247,0.03171933443325902,0.15602250068231524,0.9872440747373201,11.668937347823606,1.237977871427987,-0.3394374211587752
-3.267013182198167,6.536492680666187,-10.829926328749547,0.9993109048058182,-0.0367580765211968,-0.005153576101744946,0.03247043235053845,0.9329971568328089,-0.35841592649443477,0.017982951902947637,0.358001604957795,0.9335477836128682,9.90255509162359,1.036878902753489,-0.3728083578044203
-2.836905414125781,9.353242452369942,-7.333803240505184,0.9997353921840633,-0.02197311705149926,0.006806448531799205,0.0224958156459857,0.8721046204638018,-0.4888020757362943,0.004804570011638257,0.4888258514979844,0.8723681579552713,7.376521779743165,0.8763921484094666,-0.42573021625007657
-2.1880807486685607,11.113789184649068,-4.2129542652075935,0.9999133505069726,-0.005028945988083059,0.012165573565067622,0.010979913156633634,0.8284073614372166,-0.5600184684666224,-0.007261748067160406,0.5601035200914896,0.8283907977495469,4.066332908507648,0.6549675011291494,-0.5651188744883703
-1.5371536158265515,12.264912400395056,-1.7910937298028662,0.9998895672034835,0.011377070597477145,0.009561153813652412,-0.004050182625098964,0.8276307230434476,-0.5612583917370708,-0.01429858099014194,0.5611576859842518,0.8275854046818779,0.06696672478093976,0.3627238897709445,-0.7749747017168676
-0.8599220780724741,12.826098647638888,-0.386288190258286,0.9996210006664477,0.027528911969281103,0.00011845841265807101,-0.02392713158826041,0.870946229047998,-0.49079543445414187,-0.013614235217816741,0.49060658894154646,0.8712748289068,-4.0587436364543255,0.023341345525062063,-0.9148708368562177
-0.06402102787802166,13.240506296830231,-0.26153775369707155,0.9992802027410286,0.03728653291962417,-0.006985046362112872,-0.037285619678527,0.9314487161398128,-0.3619572789248508,-0.006989919529961981,0.36195718484971107,0.9321685133926354,-8.236282123968758,-0.12996627223525614,-0.6858158600647427
1.1174748047287044,13.845215666507581,-2.7840920286343733,0.9987110325517061,0.045917420082967994,-0.02163016394822946,-0.04813139325036633,0.9920362669168181,-0.11639335937037659,0.016113424318922827,0.11728442204601314,0.9929676338642917,-11.049090232313356,-0.5299613274188358,-0.5209918277246528
2.2171915833111786,12.838748601419192,-5.8011787164021955,0.9977622063489634,0.05700472774683581,-0.034943391308742015,-0.05277014850899821,0.9923049197883143,0.11201007807445215,0.04105960311528889,-0.10991545468411443,0.9930924940878358,-11.806226225162092,-0.6878483838070141,-0.5769547802473716
2.838742574953435,8.503820813688279,-8.062826340499146,0.9964486697372291,0.0713319922148978,-0.044741428961962884,-0.05178153338388768,0.9381195168891503,0.3424185229103124,0.06639820313320208,-0.33888570184993094,0.9384816245949416,-11.413770259405002,-0.6198734410360826,-0.5674973693899383
3.1390028513888284,3.3091081622447476,-8.292788349281402,0.9951198932406734,0.08597384568571624,-0.048424125543758106,-0.04750656966225157,0.8475736335924202,0.5285471232329876,0.08648424085112075,-0.5236672927507977,0.8475217062632996,-10.660569166128436,-0.5032335803686715,-0.5981373039818427
3.195145800960372,-0.212566582832467,-7.339660503453171,0.9937511846525693,0.10113920949378866,-0.047216981104101004,-0.04246733725217862,0.7338057273189003,0.6780307366341801,0.10322358387656984,-0.6717886683004933,0.7335154237469894,-9.229171533782603,-0.4074545656074419,-0.6319715218602417
2.999197502386536,-2.148046786551414,-6.012821135440923,0.9924759170430416,0.11405651043861421,-0.0445271435883598,-0.038202118602427074,0.6339676377294243,0.7724154532672549,0.11632777924407499,-0.764902704099246,0.6335548129702766,-7.0186077131963405,-0.3892008212214703,-0.5563543792644641
2.7175470490756948,-3.868624664832099,-4.4959570191619305,0.9914925535173357,0.12320487661873727,-0.04198898304357386,-0.03762213583670194,0.5800761303414945,0.8136929752081687,0.12460774941694672,-0.8051908105445554,0.579776394310638,-4.08813679512827,-0.34930710872755605,-0.4610563117637738
2.49578722603029,-6.050574116904577,-3.1539143926503295,0.9905313250761418,0.131270006318359,-0.04019800348374161,-0.041828271708237,0.5674478967812918,0.8223462045418521,0.13075966399774375,-0.8128782626443306,0.5675657146018697,-0.7412883681156412,-0.2845067417226312,-0.3103459011884689
2.321487559797936,-7.929103638991816,-2.8725655716139533,0.9894720457257506,0.13839276368363324,-0.04233808790323965,-0.051774937479010866,0.6116790947007987,0.7894099321360578,0.13514594546763492,-0.7789070086127203,0.6124046418485426,2.7317383292633193,-0.3452603543534254,-0.12322860479926895
2.034645572938632,-8.643380705293332,-3.5779041953795003,0.9880824354917734,0.1454051318620011,-0.05050196333646703,-0.06725974104453634,0.7029686144599928,0.7080333709076285,0.13845298085366647,-0.6961985885596087,0.7043708521654924,6.176527850364092,-0.539053899453434,0.0713093570272696
1.623437455905559,-8.123859696499048,-4.3640013599618275,0.9853840564763475,0.15699834573545873,-0.0661043166407922,-0.09282522878113454,0.8202555695340773,0.5644149869998634,0.14283465316213304,-0.5500293811103685,0.82284016781596,8.927334423943671,-0.9350254554103702,0.042209925009847216
1.358770512186035,-6.96915509292511,-5.016047334303046,0.9826435899263813,0.1665473316600778,-0.08169186920067492,-0.12262008944795078,0.9136135985495599,0.3876525586257615,0.13919730184299106,-0.37090723754360827,0.9181785949897763,10.846441523695486,-0.9900365387241066,-0.06221820100777076
1.7261396948488326,-4.307145786810105,-6.831149041530882,0.9800012983596254,0.17119238880779786,-0.10144269923324552,-0.1581449303100937,0.9794557777094535,0.1251261784311522,0.12077928725846439,-0.10658116872059784,0.9869411422387293,11.543438300891802,-0.8651429209919501,0.012647124171020152
2.5616837570395496,-0.6035974648411455,-8.333751409669418,0.9787646973535251,0.17030688897700613,-0.11408431435317702,-0.17772933557912887,0.9823492683741887,-0.05832836530622855,0.10213692030339629,0.07736587420606746,0.991757314578152,11.417211563599972,-0.7849782312156399,0.06730886180464397
3.4726001304328977,3.544629412602763,-8.500284227467727,0.9780079778733749,0.1651019599168846,-0.12744307767640564,-0.1946780676091378,0.9418892633643181,-0.27376096425712976,0.07483879480592298,0.2925507791659848,0.9533169443586802,10.69908719334061,-0.6865821668433991,0.1296971641408572
4.244853179471372,6.208712963873136,-7.164539065051517,0.9779128122848857,0.15899542365915198,-0.1356723509950034,-0.20342513950827718,0.8730976968562761,-0.44307857583086036,0.048007751302292456,0.46089138308251343,0.8861570903712185,9.40973415469706,-0.5100544769803383,0.13290576245324015
4.825304274218185,7.929646000162281,-4.408565399649895,0.9781768087204606,0.15371919552941285,-0.13978748086736603,-0.20656429021566405,0.7919788034971368,-0.5745439659581694,0.022390285597847306,0.5908806848569625,0.8064481950961343,7.389870058015151,-0.29976284374606976,0.11288782938313646
5.322597804129014,9.51162015578128,-0.2726541716213804,0.9807874971149161,0.15394345207550908,-0.11982194734743981,-0.19485152207651707,0.7434035409504265,-0.6398312743581949,-0.009421775178910342,0.6508860029724424,0.7591170142257615,2.0036458835590563,0.38954873958725245,0.30785773952889733
5.570232426588162,10.105342289507513,0.7653128317264875,0.9826302281395927,0.15581390965448713,-0.10079613238866832,-0.1848059967425446,0.7722553196443908,-0.6078391767967362,-0.01686944914113507,0.6159088786818407,0.7876367658042326,-2.1777854401793215,0.806154681213322,0.5485168252855439
5.568571439451954,10.745651228138865,0.7154243458240792,0.985734701440398,0.15217805527763176,-0.07189532577383652,-0.16776513058184728,0.8541701964357653,-0.49218709499715796,-0.013489230410363203,0.49722742785651275,0.8675153748782392,-6.807262471481705,1.054409377533881,0.9363049451025316
5.264999201088044,11.324756893102926,-0.06259079923682798,0.9887098014272443,0.1426575410458512,-0.045844896602011374,-0.149837045128999,0.943990984198299,-0.2939895944745945,0.0013373364229893703,0.29753965741574245,0.9547085229514889,-11.003348146601722,1.014667498686094,0.9810103355031783
4.659678373605692,11.03847076221946,-1.4989803884536137,0.9915128183900428,0.12747239012835188,-0.02555622670110056,-0.12805037601142444,0.9915142865842809,-0.0224169735378536,0.022481818689013687,0.025499201050801446,0.9994220122521839,-13.260746012237048,0.844521786393429,0.8877388934269361
3.9061950647113792,8.859568475431386,-3.3005790374365143,0.9940568138911157,0.10803058573075905,-0.013432918644574222,-0.10108037408868863,0.9617575655730319,0.2545685429056885,0.04042039993287373,-0.25169779023603606,0.9669614333878896,-13.663952397003811,0.7015396898351565,0.8830412185770655
3.2363708351283664,4.718113704529889,-4.951240749402351,0.9961628851115021,0.0871746931879641,-0.007751076951702216,-0.07074833985426794,0.8542489359637534,0.5150275990785926,0.05151872217157493,-0.5125030031837655,0.8571385494734376,-13.130897280203937,0.6212225257631998,0.7939634254193257
2.696333809285698,0.47380788703673327,-4.963824685674775,0.9975687180040591,0.06932410604133203,-0.007128897622120373,-0.0441953605445403,0.7084064632239034,0.7044196568587064,0.053883420140843324,-0.7023919498287047,0.7097479312049843,-12.438435750443318,0.5951202602562995,0.7122034925528682
2.2322474641388252,-2.5320700857436043,-3.409726971639376,0.9985164651186537,0.05345325137129029,-0.010373948370064038,-0.019586150847879808,0.530360480366019,0.8475459536573158,0.05080601915040395,-0.8460854039538575,0.5306206155383766,-11.239925003239629,0.5092133376466407,0.6104928549253218
1.7115945024318848,-3.2325444016086684,-1.470538070843211,0.9989765862367079,0.04224019877879513,-0.01617237638628259,-0.00031351434005354867,0.3640143042979973,0.9313933046652219,0.04522921466939594,-0.9304350336662801,0.36365500995698785,-9.541213152004865,0.378701149124621,0.5215273260851364
0.9726603668723333,-3.6712203473603657,0.4873522640363619,0.9990768564423288,0.036102343098059646,-0.023282090630841478,0.014034231293607521,0.2379303763778903,0.9711808154760225,0.04060141959722903,-0.9706110224077946,0.23720406385048382,-6.511249536860087,0.1820639532433874,0.42338153045472743
0.22707802289022988,-4.733473466852416,2.5669433352271427,0.9990097375218574,0.03432381390423101,-0.02830936480346664,0.020917430923796783,0.19924169744035491,0.9797271084769642,0.039268376845194644,-0.9793490806653941,0.19832642985691565,-2.039443613740079,0.03257368598781556,0.2708813625900085
-0.4277420339889715,-6.980595395558616,4.108772790948164,0.9988692469542072,0.03821245865641353,-0.02828489866634389,0.017775485803452493,0.25161650911310024,0.9676637662154077,0.04409375912285896,-0.9670723552791527,0.25065274796268716,2.6051633032960884,-0.18323671579877773,-0.04346159986974035
-1.0960112234493469,-10.059400968614856,3.9051263081172682,0.9985205931128951,0.04789847486898538,-0.02573637959573409,0.00643607790690804,0.36587393904451143,0.9306421641153104,0.05399261088933144,-0.9294310070324086,0.3650243843033984,7.147034078679951,-0.5000853944424452,-0.3211313251435812
-2.049610652763487,-12.88602162257905,0.7546926629449713,0.9973222014001082,0.07115431020137065,-0.016896471057814142,-0.025674654400371807,0.5569875779330512,0.8301238763881531,0.06847801629619478,-0.8274671607792294,0.5573229397002226,10.590552104747406,-0.8045899909903235,-0.9074198182545499
-2.785644752738774,-13.417934316136485,-3.83679389672335,0.995538925078904,0.09393162278173722,-0.008893755917959148,-0.061635929574909966,0.7188160757805513,0.692462606488527,0.07143711107103638,-0.6888253040075089,0.7213989462986389,11.858343648730775,-0.6827710477341891,-1.1512352089078124
-3.1161406497912134,-10.102886603620762,-8.552574491751058,0.9925399818896,0.12181257139584369,-0.0051070344157160726,-0.1028283626342888,0.8588901589266763,0.5017310262848602,0.0655035280617929,-0.4974629557553407,0.8650086100511467,11.585400666258662,-0.6710686618316177,-1.1967486561873208
-3.2540954291411146,-4.555342174372741,-10.791383928404418,0.9888488922155915,0.14871663607766272,-0.007824993146318703,-0.13957024623836034,0.9437971758619881,0.299611477083069,0.05194241743468879,-0.29517834098842466,0.9540292093444314,11.141084014350994,-0.6772429010345657,-1.197509611689146
-3.381896330416235,0.40008304787153603,-10.890177594812565,0.9841545444565952,0.17647633412703204,-0.01720279391592948,-0.17446839779969148,0.9811068498022608,0.08360698200683911,0.03163243263864676,-0.0792808473981409,0.9963503080950962,10.473582844182788,-0.6950260469704441,-1.2265649667969223
-3.3858024149193207,3.707022991340358,-10.122797941121078,0.9793053770488016,0.20036572833556648,-0.02854038177496754,-0.2021672481366841,0.9750482363513469,-0.09170245672263942,0.009454219383083808,0.0955746394012816,0.9953773686593294,9.323173370416816,-0.5957632213125572,-1.2944086978879397
-3.1578892499819338,6.255028017749876,-8.57970137305983,0.9736211404745233,0.2252762209635495,-0.03622842929895052,-0.2274987937344388,0.9462631116911542,-0.22984869436642152,-0.017497819020165485,0.23202747191002043,0.9725518385199737,6.904143176174126,-0.17004600267004122,-1.2962750558228349
-2.804884132837743,7.939857693332282,-5.911492200426755,0.9683576065957349,0.2474012474748913,-0.03280500717948722,-0.24636804390913877,0.9266736066574079,-0.28386407603804903,-0.03982879220568322,0.2829640427199507,0.9583031972392753,2.978633110490137,0.4812518045547739,-1.1087289739245594
-2.2318087198503127,9.267568995562485,-2.5090823021018385,0.9631659198751207,0.2686679485266323,-0.011355361095185184,-0.2624854688247664,0.9301501629988944,-0.25675290247428845,-0.05841908461242783,0.25027626277299964,0.9664103697940255,-1.2938876126763896,1.236104893475037,-0.7103367920632419
-1.4204176376717021,10.39631545832779,0.2042167644002244,0.9601484818377231,0.27803016096036987,0.02853283058276805,-0.270782761676523,0.9506586954256813,-0.15140918330925623,-0.06922130310496696,0.1376490988270218,0.988059277973016,-5.444626111384783,2.076887375739913,-0.07440331347535349
-0.5957068131447998,11.15730391480427,1.4554607281537597,0.9602112879130248,0.26861077666825717,0.07643646526419594,-0.27105020683150693,0.96228147924738,0.023369640007296882,-0.06727605771005388,-0.043157911848799774,0.9968005450960805,-8.94261805110047,2.4199256543394263,0.6214373454098279
-0.3214308474550007,11.572972879392063,1.4990762993191096,0.9617137491991634,0.24474804453210747,0.12330879651913194,-0.2682133967887196,0.9329679400411124,0.24006748350932358,-0.05628710673275232,-0.26394927079488534,0.9628927998809124,-10.737155808136292,2.4530956249701577,0.8347652691398125
-1.0156251266666165,10.829274591518846,0.4235321947166337,0.9642692432335569,0.20933749999483947,0.16236575269955383,-0.2613350710851227,0.8521639889936135,0.4533437067870532,-0.04346040927920711,-0.4795772585917748,0.8764227552196945,-10.87919464975236,2.35833173941242,0.9028312430054044
-2.255364424892666,8.318463551934316,-1.0733897313112761,0.9670934628941997,0.1702919967750368,0.1890261089417929,-0.2524338917825692,0.7349332749944384,0.6294046485254574,-0.03173900292715692,-0.6564097174328842,0.7537366373958942,-10.382336633477651,2.1680699863916306,0.8551550260494347
-3.350819536284936,5.121503342489589,-1.8465791258689397,0.9701165158016231,0.13027584007877302,0.2047001496352348,-0.2415591892059705,0.59806939880264,0.7641741636080103,-0.022871464296628004,-0.7907851792412511,0.611666327676544,-9.311050343000806,1.9317596384374591,0.8052388143544733
-3.928720035969463,2.558249633495781,-1.3807392132754588,0.9730351662146864,0.09565302539295142,0.20988821797025953,-0.22998362350507323,0.47180974646520113,0.8511774762409532,-0.017609606157796772,-0.8764964699721368,0.4810861044525703,-7.769209846276151,1.6112393799726261,0.7648629282807268
-4.12457468219508,0.8570928654969133,-0.3686611811327114,0.9757052580959747,0.07224637339970949,0.20683256719978924,-0.21860911998371224,0.38338755914228145,0.89734276180001,-0.014467272853328958,-0.9207575365021523,0.38986697345463106,-5.444745085919256,1.0771344102810474,0.7275168753187695
-4.357367900530346,-0.8600564642949995,0.3449140460856291,0.9781287223677744,0.059864262805919735,0.19919957961272755,-0.20766798729739877,0.3351923726055269,0.9189777366176636,-0.01175625497474456,-0.9402458951709283,0.34029317813201526,-2.3826403710196513,0.3942239026851756,0.5389074693530295
-4.8016401695374435,-3.013147357136304,0.41177064012116826,0.9800950563543722,0.06286188788475267,0.188313737048796,-0.19830892938698513,0.35462110488838494,0.9137381684558917,-0.009340719196411256,-0.9328945572889278,0.3600284654657018,0.9878816701924575,-0.32586324117470455,0.45839422132539387
-5.3711570689341555,-4.861008578719213,-0.22320195150083721,0.9819477595447982,0.0779512669296446,0.17234325489851002,-0.1890619356154874,0.4326380335171797,0.881521364718809,-0.005846539683860877,-0.8981914784378938,0.4395655651154605,4.1725992289946285,-0.9996047251276023,0.4329344722713165
-6.47148571588594,-6.987431881286998,-2.236216356726225,0.9839803225586925,0.12075410386607889,0.13115323563217995,-0.1782292893360666,0.649273036074256,0.7393773360400473,0.004128588142536891,-0.7509080975901222,0.6603938095814734,7.11137182607096,-1.6046496767889238,0.29355924558385443
-6.433957469257714,-7.4737985219155885,-3.802790606522235,0.9840413521700206,0.1477581671695159,0.09914706881245343,-0.17763423610825857,0.7830801048681566,0.5960131101929813,0.010425707728091364,-0.6041134606962344,0.7968301144058163,9.51680510001617,-2.0298651364289864,0.09958059023471683
-5.5991225556722775,-5.491560353997779,-5.74439859268442,0.9838745142264176,0.16764261803671915,0.06234495066582584,-0.1784251023113156,0.8956305772901353,0.4074436794062881,0.0124668809622253,-0.41199735635163004,0.9110997504325969,10.519940608396421,-2.002150453970906,0.08411443359148636
-4.6824403311794125,-1.9845741007126412,-6.724550557810798,0.9840397708459282,0.17625790837192098,0.024472007066182806,-0.17754962397697657,0.9632995633612712,0.20132084406145587,0.011910517164514146,-0.20245271290930653,0.9792196069404118,10.713025998545403,-1.9101169908422024,0.17638174898839362
-4.038397603248361,1.7329169466565995,-6.244800330536117,0.9845624657598512,0.1747828429067124,-0.00936529990592451,-0.17461047772382687,0.9844936403993418,0.01683606492940251,0.012162733489538304,-0.014940878109984929,0.9998144018143387,9.43592179641287,-1.7009427196357814,0.2664819181417583
-3.625464766771952,4.267059764774753,-5.064868528589125,0.9848268490327795,0.16836670172119766,-0.04205628580475143,-0.17292796441725938,0.9724335397169118,-0.15642547732431247,0.01456010119020216,0.16132471783691757,0.9867939698174938,8.431221274144029,-1.605610399908875,0.19704402776380853
-3.2543738001563263,5.381621533297935,-3.871052197166194,0.9844023619826463,0.1615387794482885,-0.06969370457468158,-0.17501105825191618,0.9396129752828998,-0.29410641980337626,0.017975517030960758,0.30171622331981507,0.9532283049579969,7.091283611784648,-1.4262629015753752,0.011453540938205907
-2.7747312056508386,5.820871524064737,-2.746673122429635,0.9831212889416185,0.15856680781370552,-0.09126389587093507,-0.18182092275754275,0.9022434577955919,-0.39102160415077863,0.020339205426106077,0.40101534923843485,0.9158455144825516,5.232356343986342,-1.069682238466884,-0.2459547780904816
-2.0565307625197278,6.404490475963179,-1.3541902989755474,0.9813482814795785,0.1614560546834772,-0.10434314947864579,-0.19105126126773367,0.8793449630407328,-0.43617869221558586,0.021329932139726365,0.44797810033631846,0.8937900511943377,2.5307916756117512,-0.5306075416200645,-0.41441771362406815
-1.107467716086599,7.4634165883776085,0.5234989481265364,0.9788704590347849,0.1734293269708092,-0.10832771102299209,-0.20310693748641043,0.8859613382442609,-0.41691735281867087,0.02366846792507428,0.4301101901639728,0.9024660813256029,-0.9741027368776096,0.0792856409946906,-0.6233864871694482
-0.16388568401895331,8.709936523033884,2.2253258066492663,0.9756419243215791,0.1936448607836073,-0.10307523173965005,-0.21735599561927865,0.9168406163546902,-0.33490245650144523,0.029651419433772926,0.34914889673955374,0.9365980147486508,-4.445319108448054,0.6443474135634056,-0.8642094611256028
0.7580732832091419,9.728833603088574,2.6664058313892465,0.9711436038326737,0.22119789818370306,-0.08917169155061529,-0.23495507400461788,0.9515223541698307,-0.1984976642547369,0.040941591742025406,0.21372107840410523,0.9760364166932577,-6.859515595625195,1.0266643838178588,-1.1326623042035397
1.3947394331774645,9.113618642735672,1.0556386336921386,0.9660015697188944,0.25008705338595855,-0.06555480935339285,-0.25252225187397526,0.9670678373392332,-0.031816824048186254,0.055438971934261096,0.047289150053105716,0.9973415947799059,-8.26507295254315,1.3384687841044336,-1.3096275064976617
2.0896011573034405,7.097580835059883,-1.4125797312198651,0.9606947269420094,0.2755990692940013,-0.033328585780035516,-0.2685383242939903,0.9530253628541102,0.14010648144238466,0.07037620344401134,-0.12564955535563832,0.9895753529811343,-8.629197676242008,1.554297663057885,-1.3991917719853242
2.6535241899548216,3.7260334700940607,-3.6380013119228747,0.9552469481841873,0.29574589260670087,0.006134736429644343,-0.2832625621655774,0.9085568500795504,0.3070615102042517,0.08523842361393227,-0.295057311686711,0.9516698975800495,-8.642686392785121,1.707745497229713,-1.4761046576466852
3.0648825930775954,0.8725123449322005,-4.378167929271987,0.9498427412883813,0.30833535513495763,0.052230983099799545,-0.2961472202163043,0.8331870165803685,0.46700772944359137,0.10047681712677853,-0.45905196239173435,0.8827092981522108,-8.712601812059594,1.8550146047052738,-1.5213856967841413
3.540638151022404,-0.24497853314229356,-3.9045342240846237,0.9449161761501828,0.3115968308665724,0.10020396720501781,-0.30600832230745995,0.7323538610691951,0.6082900039090025,0.11615647518881451,-0.6054463123770341,0.7873642334401278,-8.637785158183814,1.913626192956695,-1.5105015609904398
4.020081655943454,-0.43556847937900334,-3.0415974077888963,0.9405805635340999,0.30673585070312787,0.14567539735762616,-0.312795092706483,0.6156659877521783,0.7232666323727895,0.13216441836068032,-0.725857086084142,0.6750289305658095,-7.9847790451132825,1.7838294496855915,-1.406331070575096
4.165143901130107,-1.1708227723289528,-1.9085541614083676,0.9370936922202012,0.2995465510028631,0.17924083179733002,-0.31630797769389235,0.511435856213661,0.7989885031877482,0.14766406214211403,-0.805422391519684,0.574012278605956,-6.395188658404794,1.312308421814577,-1.1412656687831666
3.8633077639675157,-2.976258202955142,-0.4653387612851738,0.9344387986218597,0.2959120458966477,0.1981418500049761,-0.31795791122546807,0.44264374077998925,0.8384326361953199,0.160396067031807,-0.8464647540456465,0.5077110613716924,-3.8698346327523616,0.6366654860516217,-0.7244376309317513
3.4794185777269377,-5.1671734235180296,0.7466006310650204,0.9324306348848835,0.2997205171568094,0.20184331230790512,-0.31974942466217726,0.42416527416796246,0.8472568238841294,0.16832532951513512,-0.8545475011871903,0.49134015880889437,-0.962894324174532,-0.08353141221325411,-0.26273529424649067
3.425247405330865,-6.728221651131905,1.1047165447730245,0.9304943040077648,0.3133685805902284,0.18968522058391898,-0.32317075929541356,0.4584895700723952,0.8278574602377241,0.17245582201111884,-0.8316173680447606,0.5278934955280031,1.9352752581510329,-0.8855578707709317,0.17371861243572737
3.6949754252537996,-7.238408864101542,0.7097867808295479,0.9284642435142927,0.3351846592030004,0.1600168514575877,-0.32747960028326617,0.535479191800427,0.7784723158514197,0.17524628359467084,-0.775185964387726,0.60693942094951,4.587350119606303,-1.7572127203789327,0.6239283363923622
3.9136111414691848,-6.992429121891327,0.04177453463750114,0.9247042086902174,0.3643194234602799,0.1104241102303624,-0.33700010893433774,0.6484767118427932,0.6825751832405003,0.1770679333161227,-0.6683930818665966,0.7224248300716339,7.264701204716013,-2.70142487956713,0.8764531190019974
3.9554527235403345,-6.747834385264625,-1.2374384008999437,0.9215837504393803,0.3850460211118627,0.04922349593444098,-0.34910120348380996,0.7666678277930188,0.5388402282247389,0.16974021518850765,-0.5137703800853605,0.8409686414455073,9.319161299071107,-3.0656261683922983,1.0941166418874513
4.363876892567023,-5.75392392476468,-4.008000604716977,0.9197186727357605,0.39217700235117103,-0.017741528908742192,-0.3611082363491565,0.8628566936651555,0.35366533310184234,0.15400780714617124,-0.3188659985387037,0.935203758714614,10.131258084332623,-3.0790975115253487,1.1489176612469827
5.136137062689962,-2.9608775836711954,-6.527741501425923,0.9203387794602808,0.3829784451079473,-0.07939799496371794,-0.36812008737831803,0.9167671214066437,0.155002085070992,0.13215192881732543,-0.1134264329443283,0.9847183922418556,10.334389904627393,-2.902202631317584,1.22430390480342
5.672495772779198,0.28696980229277225,-6.867721564893157,0.923376876327967,0.3586297391107431,-0.13696661815261907,-0.36857379081264036,0.9279691480093926,-0.05501473501455573,0.10737087588729713,0.10128163983704956,0.9890467756598327,10.004844093913889,-2.7161671639034033,1.2762984673480837
5.77649329027782,2.6196102897154576,-5.726332317559688,0.9273636386505787,0.32989775084369266,-0.17653372396522576,-0.364336325692339,0.9035966733412409,-0.2253266378119736,0.08518053468817766,0.2732773790764889,0.9581564332588492,9.278155069130435,-2.375575438057308,1.2132927904061934
5.716996343347908,4.750550231540782,-4.033761666798403,0.9329090823771541,0.29515121116066406,-0.20631627800202287,-0.3552714613493518,0.8479645067079679,-0.39336800087730667,0.05884583901102321,0.4402748663209216,0.8959325919494067,8.137110412117687,-1.8418833319587404,1.0794681547118024
5.567766016569833,6.575800856753947,-2.42839310732268,0.9367527287639279,0.27593134856697465,-0.21530493731297545,-0.3476305912955644,0.8048856430272281,-0.4809491383131293,0.04058690858922527,0.5253770003784479,0.8499010003079845,6.104844418079963,-1.067259046919401,0.8384979374175991
5.234040055171427,8.338868651848344,-0.3425578172426693,0.9405302907078019,0.2646536929557615,-0.2129816777705864,-0.33895293645981733,0.7729236208545526,-0.5363767176065293,0.022664490428061828,0.5766693152318445,0.8166632241895495,2.9084005813064673,-0.19040942278660766,0.5208201271240854
4.8248760956479195,10.079264052419884,1.7820372149027093,0.9428841582924221,0.2693223314479802,-0.19604832522777035,-0.3327805344919025,0.7881198774325575,-0.5178070824727813,0.015052571357522753,0.553473161570743,0.8327309766763882,-1.3300809349443001,0.9219193404322669,0.3362650508677597
4.679590937821728,12.382737108047163,2.6229510274457692,0.9450669618032257,0.28600028531046184,-0.15827910320175975,-0.32630912647598737,0.8539733620440126,-0.4052799660700282,0.019255951975875905,0.4346646221186849,0.9003865139993613,-6.373722835792071,2.008056472757849,0.2183080505805886
4.761370861099392,14.607908808342156,1.212905691856116,0.9459022526395706,0.3059359109213201,-0.10803771036136708,-0.3225090729708053,0.9229652633471288,-0.21005480357772424,0.03545174611915019,0.23353445369646475,0.9717020287278377,-10.402466028583998,2.7136944171694433,-0.10021734152301909
