-0.2724260178019344,-0.2934663644937451,-0.30776531057379847,0.9999600129056707,0.004107736173620175,-0.007943493766523537,-0.004275222439120359,0.9997664538748546,-0.02118396043222768,0.00785462047376624,0.021217073549999264,0.9997440376052197,0.9631384,-0.35885376,-0.19041869,1.2368057,-9.425171,2.3200836
-0.14399567693091717,0.3000531501118781,-0.15484424750033252,0.9997992895662061,0.010496236160441595,-0.017064864762823647,-0.011190855502926157,0.9990910441809386,-0.041132106565966865,0.016617621250403114,0.041314821358752904,0.9990079780462577,0.950259146575555,-0.42283991628319595,-0.31627029975162707,1.3108857,-9.368784,2.493245
0.7549657989831329,1.5190689057253777,0.0024697428160416063,0.9992864013457075,0.02487392536843485,-0.02842491727887621,-0.026428954368167938,0.9980972485621382,-0.0557081033934409,0.02698515252042723,0.05641959100750851,0.998042399547231,0.4130471728500364,-0.294586464239705,-0.4125466830611865,1.4838089,-9.287537,2.7071426
0.8567006122567921,1.1432140571705098,-0.03612966355971045,0.9987371313918885,0.034667205305753075,-0.03636381794298024,-0.037002064559733795,0.9971575302775253,-0.06563312448103528,0.03398513789024168,0.06689577480764043,0.9971810095040251,0.41304717285003634,-0.29458646423970497,-0.4125466830611866,1.5881363,-9.248648,2.7854812
0.636395455872559,0.39826606809813936,-0.0018987999922645271,0.9980629363089334,0.04474235374520916,-0.043226114187240205,-0.04810644189226883,0.9956167270037068,-0.08020662789876948,0.039448009010031496,0.0821307171024609,0.9958405494321768,0.7398366653409849,-0.3005719547886745,-0.5196663251498275,1.7052886,-9.192418,2.9042861
0.4210144864546252,-0.3642162169176786,0.17189052650399392,0.9972197718733187,0.05484089375973639,-0.05045000452487062,-0.05959316983235763,0.9933908800255864,-0.09809797954760555,0.04473679351784105,0.10083172047339048,0.9938971694557329,0.9494952642856362,-0.32349700033764467,-0.551230890458514,1.8293641,-9.116568,3.0584
0.39204744054109225,-0.7177185161479305,0.37417205843249385,0.9962850200533061,0.06506110893113226,-0.05641995145367268,-0.07127608112761773,0.9906614014568256,-0.11623126912620044,0.048330932915397994,0.11982086532924603,0.9916184150948779,0.8939047764041878,-0.22968780759718363,-0.5141267381991139,1.9466232,-9.0367,3.2088273
0.3535156304825027,-0.7999267868329041,0.395096494628033,0.9954148809449271,0.07376141242086255,-0.06089719887708987,-0.08127286455140696,0.9879332797001579,-0.13184292301256842,0.05043744919209412,0.1361876973098848,0.9893982892750653,0.8044695772487548,-0.16596416024073787,-0.4553049677246213,2.0486283,-8.961716,3.341577
0.23055657603005109,-0.7845664602606182,0.11125720117838486,0.9942678895095369,0.08283159789516825,-0.06760392207841438,-0.09221699119665636,0.984347191230858,-0.15018866019296054,0.05410536410455968,0.15556199248548447,0.9863432851036493,0.931626958301492,-0.2599377125824619,-0.4842596261412427,2.1567886,-8.875893,3.4808974
0.23274198316598305,-0.6412758241102336,-0.40067891956853885,0.9930140532735728,0.0905557295857209,-0.075648858817483,-0.10230061279587262,0.9802057798777157,-0.16950284279594802,0.05880199505780936,0.17605762958053456,0.9826220211473505,1.0499300876490352,-0.3475598980477183,-0.46591314660097155,2.2735963,-8.773791,3.6382935
0.2956611203014399,-0.5992423634498762,-0.9606109212580456,0.991929499206465,0.09609429129674874,-0.08271490666250554,-0.11030382482174943,0.975715988130828,-0.18923894085408122,0.06252147498023555,0.19683545840639904,0.97844103934792,0.995766797666841,-0.2871364376150708,-0.32747881039597165,2.36763,-8.675833,3.7925415
0.060785995347624605,-0.8243846260356538,-1.3569556367396192,0.9911061088686707,0.1000349092995502,-0.08775931793623634,-0.11627072532336347,0.9717397085250632,-0.20543382707919322,0.0647286597727901,0.21381056053678846,0.9747282928113671,1.0283094379158506,-0.2520389477147735,-0.29775090437365037,2.4492843,-8.58266,3.9541793
-0.3874477461503313,-0.969585595780054,-1.4262105416810782,0.9901535072571976,0.10280990271378927,-0.09500608385914944,-0.12184551180773646,0.9670946057451495,-0.22334210259363202,0.06891809137361031,0.23271903111394845,0.9700990409431416,1.0469454156865325,-0.3610136428882168,-0.24233647512981396,2.5212448,-8.495326,4.125421
-0.6401014485904712,-0.7875906674104252,-1.2433748550416388,0.9890926901145876,0.10440081624378195,-0.10390437877933884,-0.12694065801175886,0.9619876335772347,-0.2417971509096284,0.0747109075398627,0.25234948466779966,0.9647476446628234,0.9003832878350939,-0.38400219583794903,-0.17287020251719903,2.5809479,-8.417027,4.279222
-0.5473396687651667,-0.22241404714450563,-1.0313882766999978,0.9877899076089778,0.10721414618454299,-0.11303196576087003,-0.13323683175275436,0.9573824094833245,-0.256255475407633,0.08074060372783488,0.26818659338196477,0.9599775549666986,0.6745219713914309,-0.3524801601664889,-0.22231980897444514,2.639711,-8.3496,4.3922257
-0.28409627989264646,0.598631417407927,-0.9710839701741834,0.9866805147399069,0.10989341146540384,-0.11993748350323025,-0.13834875789251666,0.954721911661401,-0.26337367481052026,0.08556391191495376,0.2764588748984113,0.9572091242083487,0.41578626798296264,-0.3119662356421492,-0.23500012646331525,2.6994507,-8.298651,4.457263
-0.017343542043019453,1.232834826269654,-1.0230404227708962,0.9852209381074756,0.11397447908230476,-0.1278652463828346,-0.1449612046763454,0.9524628109948708,-0.2679567928053545,0.09124665612179107,0.28253214293185547,0.9549081819509793,0.2936697145200981,-0.3445628570892666,-0.32550648698825047,2.7717407,-8.256406,4.4927473
0.27580501113026157,1.476962271894838,-0.9928231975519023,0.9836629460998266,0.11897987530898314,-0.1350962536181837,-0.1520075174100423,0.9509990252095214,-0.26924815449947986,0.09644129365082908,0.28538507901079735,0.9535483383431355,0.14041038864011873,-0.3420272208175781,-0.42183357082692474,2.86147,-8.2217655,4.501828
0.5307771658944179,1.3247578142386436,-0.7615981790137492,0.9819167124419096,0.12580487973112423,-0.14146625768397864,-0.1600189646045098,0.9508474635264565,-0.2651094718643688,0.10116076706991246,0.2829527051313371,0.9537841820163956,-0.15434612117219648,-0.21363941215709897,-0.4197682845087995,2.9481094,-8.210701,4.466815
0.5123249058489455,0.7803834934485461,-0.4293882534155986,0.9803195402600227,0.13339071040582773,-0.14553527875332017,-0.1676802291765872,0.9516975675255019,-0.25720629990210164,0.10419663971388507,0.2765477505666452,0.9553347067540584,-0.3348031011669032,-0.09218074020824082,-0.4087652495048858,3.0235991,-8.222059,4.397049
0.1971215263340964,0.04285659393325214,-0.1711752194761834,0.9788126570393072,0.14000821599280022,-0.14941044767406625,-0.17443489873325804,0.9523051914036147,-0.25037429686300194,0.10722988633571087,0.27113192707654,0.956550693688626,-0.3053608047044905,-0.10470383592497923,-0.38486250259458055,3.0940673,-8.235559,4.3248873
-0.11922717337820037,-0.571425607978929,-0.09692359464845755,0.9772588626471905,0.14524603999123947,-0.15449499423729754,-0.18058040927634986,0.9519666103292703,-0.24728584392112937,0.11115678640148464,0.2695610518696324,0.9565463962358706,-0.11541876839933363,-0.19049327276616837,-0.34378655648076006,3.1622193,-8.23522,4.277092
-0.16674830255278478,-0.8179974231413001,-0.15096586774547593,0.9754583540424744,0.15013431622214202,-0.16106112697127142,-0.18713562132848113,0.9507376263750752,-0.2471400919007098,0.11602266484937086,0.27121514133100694,0.9555004386990366,0.04549879669249058,-0.25041597825579,-0.32051948696684707,3.2308152,-8.217901,4.2598176
0.035762807566105614,-0.7076847729532308,-0.1181021526276633,0.9735252334643608,0.15483118197646434,-0.16815446736834586,-0.19359715675658937,0.9496245371573292,-0.24644143183420428,0.12152679006674062,0.27247117924011605,0.9544583258474797,0.01806392858073884,-0.2567931395672675,-0.29511650858195254,3.2962036,-8.19962,4.2458253
0.2745213193500501,-0.539306335728062,0.05861448571735721,0.971855133479293,0.15899333950217384,-0.17383531725138954,-0.1988309592445197,0.9493532584130159,-0.2432994870247236,0.12634812691864045,0.27101569831752603,0.9542466358806897,-0.1033779781913645,-0.20426710232846118,-0.25755205793460384,3.351883,-8.193011,4.215219
0.347023270053345,-1.0045507615411113,0.4330402710757246,0.969427019528844,0.1649189911223595,-0.18169474448812323,-0.205685050935262,0.9499342125095097,-0.23519917458549122,0.13380924343699102,0.2653803275887666,0.9548132634707679,-0.17570336336084638,-0.15642651213345174,-0.20088004805402462,3.4244246,-8.206693,4.1313887
0.3919016570762788,-1.4749646752220231,0.4819298414513979,0.9687754690385006,0.1644795013795759,-0.1855278529363132,-0.205944977933077,0.9504840261369012,-0.23273758210209852,0.1380606991630006,0.26367898984278776,0.9546793355164389,-0.14890171560532942,-0.23388424388071632,-0.03711900707287872,3.4411209,-8.217977,4.0961137
0.6122581412028031,-1.7653135629197068,0.5433337709473038,0.9685462587726176,0.1615276218031207,-0.18928014162133522,-0.2032006878463187,0.9524696463742691,-0.22696046614874993,0.14362320521540947,0.25828356535076546,0.9553334364468503,-0.2839551929933496,-0.19393995026864855,0.08398049966372201,3.4361908,-8.242851,4.0487976
0.9015290980291788,-1.917165675211621,0.7096453475458862,0.9694206520168217,0.15579050871238226,-0.1896125439901497,-0.19635084940931063,0.9558795956765744,-0.21849609265483716,0.14720714445814603,0.2490452086757068,0.9572390196059452,-0.4774886080621864,-0.07894769772698192,0.26738505386767086,3.3931122,-8.291257,3.9770935
1.0981105581683315,-2.2447944658981824,0.885074555271993,0.9712878596132106,0.1458381532229153,-0.18796575973436377,-0.18451143543403342,0.9605277069292607,-0.20818754625406666,0.1501846329091614,0.23689186834027526,0.9598577075547151,-0.6143636402683206,-0.027032688179307585,0.4927628323035913,3.304268,-8.360255,3.8881989
1.2738011560276055,-2.7479282597982113,1.0211488905653043,0.9736939454287146,0.13206960964896022,-0.18568176766347733,-0.16857130798016556,0.9657970012089483,-0.1970275782261434,0.15330953904215627,0.2231451784443803,0.9626538394333168,-0.7564931191989627,-0.03194902711054538,0.7454492482843462,3.1642013,-8.448069,3.784987
1.4611693355933801,-3.586547423243024,1.0628551306941554,0.9772100013196299,0.11049598008976448,-0.18124914263215217,-0.14383765013653754,0.9726157141375448,-0.1825634219002062,0.1561132400665839,0.20447325252148799,0.9663432854214882,-0.9682019891663743,0.010398899393428529,1.122462580937792,2.950026,-8.5583515,3.6582687
1.7236381785660622,-4.419606669641811,1.1526009298274509,0.9807215847117314,0.08755728212035882,-0.1746965816156832,-0.11754344246011114,0.9785041922851029,-0.16944935767097136,0.15610481227411177,0.18671708017258165,0.9699319664577969,-1.1401036735758263,0.1527488151603122,1.5235238400785638,2.6497588,-8.68339,3.5114732
1.9825483207491863,-4.996445119144526,1.4406512981796564,0.9865274002674257,0.040171194555544576,-0.15858740066466182,-0.06364451001517149,0.9872595460014101,-0.1458354043914516,0.1507085427788422,0.15396383977113,0.9765152693001817,-1.282558753789321,0.3328356682391991,1.944526240405046,2.2594178,-8.812584,3.346634
1.9525920022349996,-5.298847902317143,1.6958922887522623,0.9896255352270177,-0.009270081777124795,-0.14337142536253009,-0.008608215672914447,0.9922974938402127,-0.1235782438027075,0.1434126865014623,0.12353035781652355,0.9819231395828055,-1.4454413173966465,0.40146799803440664,2.4146773129253454,1.7712097,-8.935132,3.1625473
1.7611112535074995,-5.455054675146299,1.7636693601119877,0.9895814854071544,-0.06155610406802331,-0.1301511805222531,0.04836151882275668,0.9935858932524889,-0.10221661424059064,0.13560843350074364,0.09485736018686326,0.9862111508099334,-1.5907206203603823,0.3985921859084886,2.918634487879624,1.1829803,-9.038513,2.9634979
1.75838291913887,-5.499573768947852,1.695543170587013,0.9851062372967286,-0.12641685314622145,-0.11655247950896427,0.11740982592319185,0.9897602929926017,-0.08117570567531197,0.12562099353120357,0.06628228764764985,0.9898616187773049,-1.5300717738874956,0.3955231224213744,3.4200608906140633,0.49788666,-9.103183,2.7766876
1.978174013136044,-5.232034209891363,1.440981575796186,0.9758636556128872,-0.1924034667221647,-0.10330068560829825,0.18578112285929121,0.9800667407736493,-0.0703886213706254,0.1147845810333106,0.04949837999984606,0.9921564444856452,-1.0244377582968127,0.4579464803100769,3.763131428885743,-0.24773255,-9.102008,2.6662202
2.336738851513007,-4.179688110404154,0.9978859241412497,0.9594244137295532,-0.2679439632680787,-0.08781131412236683,0.26261465979520665,0.9625238810948682,-0.06768543996104236,0.10265639191180659,0.04187852516823496,0.9938349230779637,-0.5139587832683339,0.5092464146972571,3.922786451687212,-1.0117966,-9.028567,2.641632
2.631333635577106,-2.1000512958642483,0.42647600640794214,0.9302898791316702,-0.36062211238179426,-0.06717464437177667,0.356379477074784,0.9319051742448202,-0.06742710534818362,0.08691610383056633,0.03878708905066216,0.9954602717426192,-0.3140776928402301,0.5569756634666172,3.899244308987224,-1.7697861,-8.906336,2.6546738
2.618730372487568,0.38483362366233265,-0.2656056978158888,0.9061000752034144,-0.41975443777220733,-0.052809712050952834,0.41612482859441985,0.9067832879619591,-0.06770668874021188,0.07630714739545301,0.039373603383957095,0.9963066488852368,-0.20988229053060128,0.5816757153751395,3.754321340188089,-2.4999633,-8.754324,2.6834245
2.320782779929438,3.150096461837725,-1.1328361222646128,0.8814416009450824,-0.4707079454156525,-0.03866179310307236,0.46738567846179657,0.8811253795636285,-0.0718936232058045,0.06790678679024668,0.04530006193623812,0.9966627176213606,0.09171689492425933,0.5966562701895259,3.3717015408262325,-3.159169,-8.574618,2.7530365
1.751910348301407,5.763720518832322,-2.056863557856901,0.8562767480549477,-0.5159617055836195,-0.02395097308431074,0.512727108963897,0.854686250898228,-0.08137766437454165,0.062458325897894094,0.057401488628549074,0.9963955171663801,0.42120340660919997,0.5736473970976003,2.828408265845762,-3.7136612,-8.384707,2.8679352
0.9875161343354368,8.213032707202546,-2.753496627368764,0.8288468487436976,-0.5594045788272664,-0.008911706611524364,0.5559449290511159,0.825298499463883,-0.09903344205374842,0.06275457903604535,0.07712913826662302,0.9950441994405355,0.6998896374303728,0.42926411944450743,2.180712088596684,-4.1411986,-8.207468,3.0166917
0.4244958562857777,10.424812308738137,-3.204650654744962,0.8161316447757168,-0.5778657100739141,-0.0005995969094535862,0.5740479024343372,0.8108578838135022,-0.11392321084057828,0.06631850500743189,0.09263214009327428,0.9934893771527297,0.8417139494790904,0.3328420091334977,1.3123545650810042,-4.4099455,-8.068439,3.1827836
-0.10760606641969872,12.351410487603534,-3.410440939664236,0.8138697742692743,-0.5810172021029827,0.005916197368379382,0.5767564754711872,0.8065826132098192,-0.12952395944254239,0.07048374658695396,0.10882784077634333,0.9915586430156434,0.8334000300852851,0.3176303186544206,0.24601647029612,-4.490851,-7.9903274,3.34693
-0.7011571961259921,13.691486340632856,-3.351540774813136,0.8240101388179978,-0.5665389269646144,0.006398074626546219,0.5615881388700663,0.815210254600329,-0.14160156452145048,0.07500702237523482,0.12027420766004027,0.9899030566505742,0.6187480702117419,0.14717761574439875,-0.8935761534763502,-4.3638215,-7.99189,3.4710937
-0.9299196932330922,13.951866991707613,-3.1500857974691594,0.8481215018841335,-0.5297529140413659,-0.007195005662445639,0.5235208110788278,0.8400744383717926,-0.14212986442575767,0.0813380501928106,0.11677665887924192,0.9898218695966625,0.0234070285558676,-0.3059002133977493,-1.928467132104137,-4.0466537,-8.085544,3.472075
-0.6405165525482959,12.720221646265177,-2.99502139713216,0.8730929753716712,-0.4868806748985835,-0.02560985683173579,0.47970021923152906,0.867233257671003,-0.13339481421165975,0.08715707674001856,0.10418102130253795,0.9907320317696879,-0.44370538103487944,-0.635303461573063,-2.880103122750005,-3.5584686,-8.249664,3.3472152
0.35145356225512003,10.028191865083535,-2.82919621649252,0.9054452950511589,-0.4217366037540207,-0.048031809498953915,0.4137206206834428,0.9021585783474692,-0.12225034779247367,0.09488975545877866,0.09081925218860742,0.9913363696247983,-0.40724076671082954,-0.6233243971654976,-3.614725379866904,-2.921753,-8.43501,3.1971679
1.5992871047647805,2.8538715762027724,-1.7477128878620958,0.9599329459975738,-0.26290412428840293,-0.0970059823957625,0.253136382174005,0.9620084333467135,-0.10228267785729217,0.12021111100175069,0.0736287688471732,0.9900141883780119,-0.18827368532113453,-0.7498220424620077,-4.3501229889231485,-1.3716018,-8.777023,2.9325027
1.6416705684372919,-0.30685276271318856,-0.8629099612467774,0.97501920059752,-0.183281806252907,-0.12548042860480194,0.17302008324308638,0.9809440131514114,-0.08839057561165647,0.13928965956139217,0.06447187417065142,0.9881506809086327,-0.23747508003576642,-1.056923590645509,-4.250543303292932,-0.5642166,-8.934135,2.7525787
2.1113367497931828,-3.31206491699371,0.11066970489587888,0.9823275958031912,-0.09779200837312786,-0.15959078175719313,0.08741939786812122,0.9936534189776927,-0.07078652294270453,0.1655002821746753,0.05558422485105832,0.9846420926142702,-0.22424651232519824,-1.2089864352219988,-3.885874320164228,0.19568482,-9.076767,2.5515594
3.2180109838885578,-6.226036150036514,1.19965305528285,0.9823765539527883,-0.03316492702704564,-0.18394671472775678,0.023764121910779375,0.9983075761828579,-0.05307777167249851,0.18539571935094307,0.04777102627324477,0.9815020918445088,-0.32015665374013513,-1.0173437381517934,-3.254194494173114,0.8533493,-9.198763,2.3526444
4.328333847366071,-8.946285925984087,2.3879546335740054,0.979838198766764,0.014372743531256931,-0.19927500716569593,-0.021332164852550198,0.9992335770176178,-0.03282068407698367,0.19865055494563078,0.03640992727213695,0.9793938299866045,-0.5578200358573324,-0.6707028094498576,-2.3887245815027596,1.3510101,-9.299364,2.149527
4.976993984735225,-11.466406874740263,3.3202484084635677,0.9778486545526182,0.043207671283370136,-0.20480504371695257,-0.046964403454612676,0.9988051246548286,-0.013515464157971047,0.2039763554870686,0.022834625145189205,0.9787094698104698,-0.6453810637937634,-0.23320581546336544,-1.363476008956079,1.65056,-9.372271,1.9540924
5.407788476130191,-13.478168925050577,3.610662754365707,0.9779430493694121,0.04589609945036612,-0.2037668772035777,-0.04815605706813319,0.998820929031507,-0.006143768899348318,0.20324464656592187,0.015820865459260966,0.9790001602953968,-0.4399721045576327,0.06860603417020313,-0.1684901074312191,1.7286835,-9.406004,1.8216766
5.953091832119273,-14.175223794874725,3.4647516198020814,0.9796118873165668,0.01928883734888236,-0.19997122538456005,-0.021144748640146694,0.9997508639158026,-0.0071491051574190615,0.19978350740994402,0.011231689691903085,0.9797756882642297,-0.20020900774551206,0.16540241235461178,1.1942944213081437,1.5606445,-9.401178,1.7828262
6.61678530723468,-13.055274903601156,3.0620803410221864,0.9801418233581303,-0.029056080799347996,-0.19615746295459086,0.027190361425204902,0.9995558456296513,-0.01219818483053565,0.19642477020418447,0.006622358807474683,0.9804965344222578,-0.23182105371405787,0.1709970472311118,2.424217873683932,1.1553818,-9.36545,1.802385
7.347261047819168,-10.39130412502571,2.4102645458215237,0.9768574595924818,-0.09739276781511651,-0.1904314900845798,0.09553572608966288,0.9952459791985209,-0.018930555451399267,0.19136987401115038,0.00029944363136227663,0.9815179476985978,-0.32762790850005474,0.23433311590240857,3.381203260742441,0.556781,-9.302111,1.8448578
7.864975231372624,-7.086934878757759,1.6338081121840282,0.9689995930192665,-0.16669049458648555,-0.18235697887113717,0.16489537230841514,0.9859923552503619,-0.025071728682195836,0.18398180594766647,-0.005775327034656167,0.9829126821228208,-0.40746370598342135,0.3862724106325326,4.059723451767817,-0.17790528,-9.207395,1.9156418
7.927916934085952,-3.480709685130254,0.7170787398252773,0.9529921607267623,-0.2542877049945172,-0.16475346637311797,0.2526843359411918,0.9670527900683543,-0.030976242363638162,0.16720217690956013,-0.012110504103180863,0.9858482478186338,-0.47817486860546127,0.7487240823765855,4.373401992694025,-0.9922684,-9.083234,2.0089157
6.672749926922746,0.0690907155799323,-0.5040234290576618,0.9294097514492278,-0.3404134529473979,-0.14253489033746802,0.339082913283584,0.9401316246851457,-0.034282738892719745,0.14567186355024786,-0.016468434026902866,0.9891958849745075,-0.5229638930749536,0.9580125545385219,4.417198615040641,-1.8313401,-8.929545,2.117227
4.188222282195476,3.0942197399329996,-1.7588895776983018,0.8964596636120326,-0.4260004366423314,-0.1219987684247024,0.4246093120087986,0.9045577537288019,-0.038499380832937746,0.1267556849692202,-0.017288671135966233,0.9917832919435252,-0.36797029002902637,0.7883350210012785,4.205294868220607,-2.634842,-8.753511,2.2347732
1.7000673365922114,5.4825570647034745,-2.670924358150196,0.8593769787884367,-0.5001839422755007,-0.10624138656002849,0.4981091346289112,0.8658305902121389,-0.04716650349704879,0.1155789700927308,-0.012385997845882958,0.9932210674012432,-0.039976221399176115,0.5574483589892286,3.7985026542521827,-3.3542786,-8.562497,2.3671417
-1.082106544360526,10.248187168332848,-3.4800701411328414,0.8000095596284641,-0.5934333415220185,-0.08843966119949952,0.5895481683269591,0.8048803392315033,-0.06782769892093155,0.11143456252617054,0.002123367276725116,0.9937695052606558,0.2829035305896257,0.32866016862499936,3.198796339125441,-4.409251,-8.206751,2.6697204
-2.000309798757228,12.428669177605144,-3.409153228713655,0.7674912025337964,-0.6361285324630467,-0.07935832797909509,0.6307537358342077,0.7714522762054128,-0.08373237288336444,0.1144857142372722,0.014208297712891432,0.9933232834841248,0.49532534747715334,0.21689460782994274,2.3498999070809186,-4.673425,-8.089476,2.802684
-1.6971896626968963,13.818806020427854,-2.878715930251258,0.789697178739831,-0.6075658090549899,-0.08510084346060788,0.6014727558442522,0.7940635072347652,-0.08771357053013663,0.12086724067121178,0.018081320343924328,0.9925039929325963,0.17598815308962898,-0.06574424410976973,-0.9140516296011322,-4.6014757,-8.084061,2.9121385
-1.5990018973198534,12.942273747276811,-2.4279808418300353,0.8094113531496411,-0.5804898390433229,-0.08879644227064595,0.5741988496260638,0.8140256403752285,-0.08750964461020636,0.123081040296922,0.01984448485489962,0.9921981928729111,0.16244105327775743,-0.04432678100307347,-1.9926626025368863,-4.2741685,-8.195662,2.9036317
-1.5717879170487912,11.286908411429248,-1.8941832660316733,0.8393090594589211,-0.5348040154776077,-0.09769835074968188,0.5282734812724401,0.844730248070522,-0.08577841790923765,0.12840339440403659,0.020383155392166598,0.9915125290594061,0.17808685698649737,-0.21489658091214228,-2.854675370761136,-3.782144,-8.357351,2.8627884
-1.2788722580400935,8.973124850046172,-1.34656023811345,0.8773234394845059,-0.4666621738440967,-0.11193747377075529,0.45996829412508516,0.8842151737588069,-0.08119541178134772,0.13686764018838082,0.01974694907536742,0.990392501522239,0.17408576176924176,-0.3598148663554006,-3.685500738582588,-3.1339402,-8.545102,2.7872634
-0.8377505929658977,6.022360744443308,-0.8142424112350637,0.9089926911139796,-0.39862300427537223,-0.12178664936618301,0.39145271640736184,0.916795811417719,-0.07905827587434468,0.14316793746737766,0.024189680225309186,0.9894027496686745,0.3722413973641123,-0.21032286602028408,-4.158375072236182,-2.3778808,-8.721512,2.720691
-0.44749663828783026,2.806964156775483,-0.3379454809788016,0.9397055601586034,-0.3142362523115765,-0.13494086830971755,0.30565436647953803,0.9487131594247123,-0.08073877250970081,0.15339122679931166,0.03462540783234142,0.9875587135322363,0.6559943896767224,-0.29114242882499536,-4.414137984958648,-1.5522522,-8.865068,2.6826158
-0.3050495316939601,-0.06410022114287353,0.17869716416499962,0.9595927067408184,-0.23455909458365895,-0.15544731685662433,0.22397036860742467,0.9710808253148525,-0.08270008882510398,0.17034996670291483,0.044542809227974794,0.9843763645021123,0.7367750432626949,-0.7148313406016579,-4.307079146404593,-0.7075699,-8.984999,2.6205475
0.5258683547365057,-2.506943168830196,0.7932610711361798,0.9704079359549934,-0.15648959042677432,-0.18390064144431276,0.14379234658640833,0.9863246136749018,-0.08054512724076522,0.19399020309990825,0.0517181259049203,0.9796392379616788,0.5651917419874152,-1.0679487615219994,-3.8806167593928103,0.084913634,-9.092694,2.505542
2.332086014869162,-5.178152812179784,1.4016965062850995,0.9741885952484695,-0.09528825190284829,-0.20463804616227424,0.08105060232561964,0.9937403037768462,-0.07688308339392315,0.21068312877510653,0.05831258610970706,0.9758136407894336,0.4528306055620126,-0.8396351025547106,-3.258396411299601,0.7717835,-9.179072,2.3975081
4.121507647415886,-7.8205052403743025,2.144629921534217,0.9747126923374609,-0.04405809722996076,-0.21907544696915132,0.029228808702293465,0.9970850224375278,-0.07047790272561016,0.22154196924759634,0.06229239198514683,0.9731591924051612,0.21940169269771462,-0.5012999931207127,-2.4029501714703914,1.2962723,-9.248428,2.300415
4.7660434417466755,-10.071974470695984,2.8687639781440097,0.9746853086376157,-0.015202696819230768,-0.22306372886558282,0.0015250901430055993,0.9981144361491642,-0.061361604042699164,0.22357598982460405,0.059468061680702865,0.9728706627367731,-0.141876542033171,-0.109206134699654,-1.4893168533060956,1.6327835,-9.302208,2.1921966
4.863798273173923,-11.740533147328312,3.3617394762106607,0.9753108133217213,-0.007395949638664748,-0.22071274849148273,-0.0031518712510944,0.998871043550657,-0.04739940995032917,0.22081413705951605,0.04692481523634603,0.9741864188078664,-0.5930525077232615,0.13388189626250055,-0.3610321282490183,1.7393357,-9.34185,2.0477493
5.1102290449814385,-12.91357332303809,3.364236235857745,0.9757980387831954,-0.0244829775434001,-0.21729880652566572,0.016386124610089377,0.9991054083309837,-0.038985612269685874,0.21805889669337505,0.03448139867216876,0.9753262791079089,-0.6479180577723611,0.1420006194309635,0.8923814307627542,1.6068207,-9.353989,1.9289291
6.005175682349133,-13.042970151914943,2.9904834803309712,0.9743363388058379,-0.07135311056384924,-0.21348871748946918,0.06442803431347689,0.997150943735981,-0.03923039384132099,0.21567968675083155,0.02446893988931256,0.9761575404122821,-0.49690476466037636,0.09912018719995529,2.3067526191609358,1.2207168,-9.325376,1.8936065
7.340123388247012,-11.431858677800928,2.378035846123507,0.967485136557396,-0.1374440344749443,-0.2123243931529465,0.13065712219482883,0.9903718980770138,-0.045740790538641475,0.21656691104663803,0.016511840799393857,0.9761281330609894,-0.4007450480088735,-0.0870395091349337,3.402704299179348,0.6281662,-9.252606,1.9364974
8.594068514583258,-7.989062438046818,1.5426823726279373,0.9534933056343301,-0.22087432249881164,-0.2050976591070914,0.2145656834582933,0.9752817297219818,-0.052793135468314344,0.21168864776504553,0.00633098185047537,0.9773166503627242,-0.5329991880594106,0.15196316909568777,4.142590147106037,-0.10895081,-9.151331,2.0105195
7.336268201146981,-0.009444371414715214,-0.6162952653114072,0.9048075407850917,-0.39091489003639035,-0.16884567772457498,0.3870437900696537,0.9203190220885612,-0.05665688087490508,0.17753990736437983,-0.014087097990421644,0.9840127717480376,-0.7526555576377997,0.6709601124616211,4.461937380793742,-1.8209015,-8.867083,2.2047622
4.328836375295333,2.7571946990154936,-1.6158807014295213,0.8654274775687543,-0.4800341363488866,-0.14353574122413423,0.4774752480558399,0.8769802529500937,-0.054064992644083355,0.15183105269673214,-0.02174543343712965,0.9881672265166628,-0.8446733693612605,0.9301453899497983,4.56565241634831,-2.6738663,-8.679692,2.3006835
1.583697981002346,4.727006628088787,-2.5844656449436343,0.8190484255001838,-0.5598288921910045,-0.12550413600301114,0.558276874655389,0.8281126373842348,-0.05056076571353357,0.13223693852581994,-0.028654341254332222,0.9908038760605444,-0.7732029239753306,0.6341022431022207,4.4450548049271745,-3.447525,-8.469282,2.391365
-0.03579188426154456,6.716081178349276,-3.4369137568659247,0.7732888384850783,-0.6238802896492144,-0.11312716942278142,0.6224651122836055,0.780930414215675,-0.05181575187810715,0.12067127356648517,-0.030349173632025273,0.9922284874945365,-0.42527784823050224,0.430970089663372,4.074452216396997,-4.1141877,-8.248795,2.5073287
-1.1620278779360156,9.053706242055306,-3.9649704085772512,0.726243276138783,-0.6796370253158356,-0.1032676991273151,0.6773429626915843,0.7331079944799067,-0.06131214660927371,0.11737638073903588,-0.025420115056618127,0.9927621079569431,0.07598697128298437,0.27965471769977557,3.5728020865331667,-4.6399474,-8.039787,2.6591187
-2.162320125805258,11.395735610725371,-4.11292470994747,0.6885761041826262,-0.7189563235032504,-0.09468238296202046,0.7151368588164496,0.6948795833200319,-0.0756415087575689,0.12017579586097746,-0.015625926521932378,0.9926296431748912,0.4618390305677605,0.25052775928030513,2.8319308585884744,-4.993825,-7.8755083,2.8020797
-2.672546878072068,13.003667335145408,-4.021898946380353,0.678617035475989,-0.7287368574842056,-0.09176879483694292,0.7242977647390135,0.6846986324349587,-0.08112047051002072,0.12194944508217215,-0.011418199759262983,0.9924706330962181,0.20282337519902682,0.08799544936685788,0.6843596135869829,-5.1532836,-7.789923,2.8825898
-2.7378896739371914,13.250280351554764,-3.7033270761290717,0.6849273592723358,-0.722459866109524,-0.09447885679469915,0.718363221643625,0.6912641407581436,-0.07815477907139665,0.12177353698574044,-0.014339789500361994,0.9924543194157945,-0.10963788618800711,-0.10275352793749586,-0.46646700242657463,-5.118149,-7.8090134,2.869316
-2.4244131282050665,12.147652590382151,-3.1010095470136543,0.7047374995341472,-0.7022930103240599,-0.10064583647785649,0.6983654007995884,0.7116919244214222,-0.07602875560841511,0.12502329269535595,-0.016707254810500553,0.9920131268891096,0.03290418544482149,-0.19429770807407526,-1.3962179593713682,-4.9154634,-7.909894,2.8235824
-1.876424016944675,10.175522214977342,-2.406256558178884,0.7336437264074213,-0.6708774283099442,-0.1081219630198618,0.666359039616179,0.741434357514837,-0.07899825199563369,0.1331634823246862,-0.014091475465581618,0.9909939037624632,0.3881386724239356,-0.21455985945330786,-2.221926724573102,-4.544037,-8.0581875,2.8151612
-1.4326381232996472,8.05836034350053,-1.7501979652328827,0.7730551621031557,-0.6231542132238206,-0.11859402551167944,0.6174216422096317,0.7820605383182218,-0.08468665855124866,0.14552055551304696,-0.007755059433361639,0.989324833902576,0.6222186432943815,-0.26049400126092603,-3.0161210460189256,-4.0165815,-8.240854,2.820645
-1.5872161664895106,6.251594368700446,-1.1836361265116448,0.8145795839304911,-0.5652624027968329,-0.1301480596397003,0.5579965829333857,0.8249105842652793,-0.09034567727225012,0.1584295265355972,0.0009715716479850075,0.9873698097320172,0.759583206585942,-0.272835038825219,-3.699325976845049,-3.353183,-8.44057,2.8189025
-1.986609123667933,4.634085718136168,-0.7295617141233234,0.8581629345107388,-0.49279780107522914,-0.14389824560200876,0.4834544544588111,0.8700442273176736,-0.09640971411183767,0.1727083330237739,0.013166995352457219,0.9848849993463896,0.8766985104664731,-0.2839643828075514,-4.158384532310234,-2.5884461,-8.629443,2.8188095
-2.0986564689184126,2.6970135815608067,-0.32710197800462454,0.8944676493521144,-0.4167873741685137,-0.16191327615800363,0.40449063846859723,0.9085799202300125,-0.10425858212200656,0.1905648122129826,0.027763524425762805,0.9812819365797432,1.1004382046685794,-0.4946212002620018,-4.424627712227991,-1.7478638,-8.786835,2.8203995
-1.7276395308363723,0.4528395440567501,0.19166939682003953,0.9191189083331882,-0.3474741571191805,-0.18569367915662333,0.33177300952978966,0.9368243358028169,-0.1108459922376891,0.2124784753615154,0.040272496594162197,0.9763355076643067,1.1746467838598786,-0.9302618069405932,-4.408343521504468,-0.8715164,-8.91351,2.785504
-0.8311381621274304,-1.5761630529761943,0.7374465234683143,0.9399821396812955,-0.257054352018001,-0.22440284576800468,0.23560739325604727,0.9646469206033605,-0.11809095991457078,0.24682530932476043,0.05813242364687839,0.967314782269803,1.2199996330108687,-1.2473329053462834,-4.23339374700017,-0.0069137574,-9.007217,2.709851
0.5485198710198954,-3.2435153049911585,1.133700396576393,0.9493572129800741,-0.1850801898699469,-0.2539019603713414,0.15765775176968777,0.9796036301539441,-0.12458234664727863,0.27178100645489084,0.07824353715751635,0.9591730987801145,1.3106854312861567,-1.085618550360229,-3.883335667848909,0.8157288,-9.048999,2.6581237
1.8740017929588757,-4.499054585254855,1.4067786105658222,0.9528713400157278,-0.12142647157260121,-0.2780140668708313,0.0873984248724681,0.9874265135625807,-0.13172090055666494,0.2905128649585805,0.10121507948460856,0.9515029074987014,1.2909882322046886,-0.8151640009769043,-3.299703051718449,1.5414321,-9.04126,2.6557236
2.537210637366817,-5.319290624201453,1.607441257205207,0.9527655019564247,-0.06727143520910445,-0.2961628813450947,0.0276623683345059,0.9903286315807925,-0.1359558562528355,0.30244452658272325,0.12134148291587227,0.9454118429890382,1.0503110265443167,-0.550494255727429,-2.7467417477653817,2.1472244,-9.004428,2.664943
3.020079376040977,-5.896309796854572,1.740510169292497,0.9513632382326955,-0.02763293018093201,-0.3068296108738769,-0.016073754736897785,0.9901602340568573,-0.13901203293646328,0.30765178911889507,0.1371828417189488,0.9415578816991854,0.8666119444414307,-0.2863253047115425,-2.171494176553135,2.632222,-8.9470415,2.6777496
3.061811751125727,-6.106886204083043,1.7135489367525507,0.949373178564981,0.001727195795205622,-0.3141458015255165,-0.048747847837440225,0.9886822483698519,-0.14188396346857873,0.31034531598308684,0.1500147611170993,0.9387126058034685,0.6711956581430182,-0.1690853994416603,-1.555207312231741,2.9878647,-8.885241,2.69066
3.2512514742489724,-6.217772623969474,1.6422255549416271,0.9473631204239727,0.018216774724865596,-0.31964240516423403,-0.06740996844633106,0.9873487780875433,-0.14352103177966818,0.31298404785965933,0.1575136169594855,0.9366058115652087,0.41567813618077065,-0.17850267373582646,-0.945795678126981,3.218001,-8.8341875,2.6961837
3.453867233941434,-5.921280658332568,1.4547387320623257,0.9451471176374467,0.027145776603561635,-0.3255150270482383,-0.07737844448993146,0.9867828223913301,-0.14238060879810802,0.31734760492233816,0.15975846846408787,0.9347554382853651,0.10524092446528119,-0.23226396394154172,-0.4771574081795254,3.3400466,-8.806709,2.6808257
3.6534337699942885,-4.936416759758404,1.0281914340022125,0.9447493722193013,0.028035316811092448,-0.3265924749631219,-0.07799564142715801,0.9869467017944973,-0.14090027585257084,0.31837918212345784,0.15858823672727493,0.934603909451556,-0.058804534037621314,-0.04806490171984166,-0.05143070635105645,3.369922,-8.802483,2.6645417
3.614792723145681,-3.4678407285331447,0.3108719043667971,0.9470237234409576,0.02414497951189396,-0.3202547223764144,-0.07414745337068522,0.9866680901041218,-0.14487316911328843,0.312487155573899,0.16094440013450542,0.936188377233278,0.12404291581013958,0.29339861150474095,0.239505062955718,3.3363633,-8.803085,2.7015107
2.8274678107082174,-1.8965910814344347,-0.27285162458394985,0.9509906818353815,0.01760542958859903,-0.3087179487999952,-0.06745734014947058,0.9861432703522561,-0.15156172867487508,0.30177181830355576,0.16495908337511722,0.9390006765119007,0.21594499261239689,0.5506392548795886,0.4237368965449116,3.271881,-8.801122,2.7953842
1.2295642487699734,-0.4428591956702458,-0.39032642234395953,0.9542537813311821,0.00961496909857935,-0.29884322509364886,-0.05831691664666571,0.9862728751883594,-0.1544828563320647,0.29325561895378205,0.1648434652539221,0.9417153359243512,0.0002912411033727056,0.4245311917649578,0.4557602602013863,3.1854248,-8.814585,2.866469
-0.354925158835985,0.5817966894600669,-0.34140017928971106,0.9558082734158792,0.004113904764976086,-0.29396193674919924,-0.05113343620596665,0.9869881060484946,-0.1524462207487495,0.28950978596849863,0.16074064298238633,0.9435817556110777,-0.2145318109917353,0.21605684117760088,0.3253087084671383,3.1084366,-8.8406315,2.876979
-1.0923548776216194,0.9638711383050407,-0.3218376475269363,0.955940119751662,-0.000704169806142633,-0.29356088226134924,-0.04484525027830603,0.987909784201285,-0.148402027637251,0.29011616807178087,0.15502826330787423,0.94435101874202,-0.27723735138245686,-0.016479768268893986,0.2311753184711807,3.0524094,-8.869577,2.8509629
-1.3691622914813415,1.0686404038848394,-0.204608118794291,0.9547795595244978,-0.005284045070750778,-0.29726767665169385,-0.03928921144484089,0.9888311960541741,-0.14376795044137922,0.2947072285816016,0.14894611299984536,0.9439082078486177,-0.29619580631995834,-0.21878157132942283,0.18989203741055038,3.0096207,-8.899872,2.8071213
-0.9168053958668899,0.8466356095142863,0.15062848899348344,0.9536277307514366,-0.00810854074927297,-0.30087938232584627,-0.035781287147628675,0.98949430031855,-0.14007401303297806,0.29885422973738285,0.14434431476168877,0.9433190701793611,-0.23954069709181572,-0.21571699149581428,0.11594137317514093,2.9830277,-8.921988,2.7676911
-0.39894530615072593,0.6092266887068294,0.6281271162222483,0.9528709234590799,-0.01004866419290778,-0.30320954400245786,-0.03302943448848009,0.9900740054416561,-0.13661083487808598,0.30157264412345414,0.14018733215470927,0.9430808301623643,-0.20553092168012427,-0.13296597618411268,0.07738168098434285,2.9639726,-8.938499,2.733806
0.034116848671642164,0.2884690766865235,1.2582623195964155,0.9530085763814717,-0.011440762684553546,-0.302727207717701,-0.03105746104206563,0.9903317010148922,-0.1351982103379022,0.3013471212024117,0.13824699242351327,0.9434392834882764,-0.0993526812656418,0.015319916157393153,0.07331530144944544,2.9470382,-8.948619,2.7179198
0.27917019712911284,-0.041569081385987416,2.0272095499874845,0.954017989721598,-0.012880217159200874,-0.29947249505337276,-0.02930989570797193,0.9902802533882374,-0.13596304557826347,0.2983129318369359,0.13848869901642197,0.9443676587768086,0.010164157924869348,0.15739193263467832,0.09403253639515437,2.9275804,-8.952332,2.7259736
0.4032464557262497,-0.25685228805833504,2.8242791820696658,0.9557384323822232,-0.014328244479449718,-0.2938685935545122,-0.027274369161605822,0.9901978617193162,-0.13698285817331698,0.2929507768455419,0.1389348626394106,0.9459793582784785,0.01881220479286798,0.2822328066452204,0.11317421648978787,2.9023545,-8.953012,2.7478638
0.5572217864235454,-0.35315632459242885,3.4526207439692085,0.9583623663089174,-0.015834803899997987,-0.285115474550612,-0.02477814590045163,0.9900839253877343,-0.13827459699652694,0.2844777993596478,0.13958180280489554,0.9484668164976715,0.025562920352675142,0.4355753861752514,0.13624122415732337,2.8677108,-8.953756,2.777333
0.7820798264522606,-0.3642881009118242,3.834140842127407,0.9619702461873099,-0.017101088142386704,-0.27261841140075693,-0.0223587939352639,0.9897595582108734,-0.14098262752544333,0.2722376347680211,0.14171651179225356,0.9517368861725125,0.09857716857191785,0.6436217427877837,0.15627258088663487,2.824463,-8.949941,2.8272858
0.9740071297969145,-0.24841696880719283,4.086621558823678,0.9666542563547763,-0.017779150994011356,-0.25546712207469335,-0.020170135541126406,0.9892019399058841,-0.1451643472712524,0.2552894715875426,0.14547654063926754,0.9558576577190692,0.17280005115450575,0.8660034748247836,0.1595915110251825,2.7744446,-8.939586,2.9016647
1.077052369008501,0.2210092276360771,4.425933936075781,0.9765354900862164,-0.01621849434030495,-0.21474495813267977,-0.016983444173057145,0.9882548238688849,-0.15186825120445885,0.21468581514877397,0.1519518461263752,0.9647904628636693,0.15095999461383475,1.078755083719309,0.12140114799412118,2.6616561,-8.916095,3.0653749
