0.028342833357837313,0.21513984345214396,-0.07626044021109867,0.9999986807850179,-0.0016090438822824557,0.00022227462476872526,0.0016076779492451728,0.9999806203788627,0.006014502333211283,-0.0002319479153549569,-0.006014137052776777,0.9999818880138154,-0.30936401999999996,0.011682128499999998,0.08273071999999998,1.3478546,0.94430846,9.665935
0.036997901392545766,0.29632035321824945,-0.06999493581650615,0.9999948834419208,-0.003138155112430247,0.0006205420771765803,0.0031277227659911987,0.9998646409606712,0.016152928740229062,-0.0006711484771040536,-0.016150905209248972,0.9998693403743527,-0.4843991550447639,0.01983727980258505,0.0728436776184513,1.3443344,0.85585785,9.671954
0.04261899952069216,0.39467734400195886,-0.1186968682116255,0.9999895524291448,-0.004396808397297083,0.00125024336677381,0.004356342356738222,0.9995188205727372,0.030710740827190317,-0.0013846710185428774,-0.0307049734864146,0.9995275320316939,-0.7228697348245378,0.032717437561533474,0.06173724021397663,1.3382828,0.72360384,9.677811
0.04310052229092496,0.4734098047202304,-0.243710795989323,0.9999839990158975,-0.005271839771328281,0.0020516865254924877,0.005163200804674947,0.9987472428534315,0.04977234422969094,-0.0023115080843575117,-0.04976095455368282,0.9987584814820258,-0.970283775265709,0.04252358853004018,0.04283266701068575,1.3294952,0.5429794,9.681447
0.00284239100912493,0.5291636613030946,-0.39163513621594337,0.9999803980733087,-0.005619928739843046,0.002760411220443105,0.0053981404411154905,0.997193618863084,0.07467092190755309,-0.003172309714522783,-0.07465455712617272,0.997204409111477,-1.214047786901131,0.03547859963070317,0.0147618745526995,1.3207779,0.31565246,9.68055
-0.08848964408118772,0.6095436745234232,-0.5257585222085879,0.999981626601935,-0.005286064892884972,0.002967149557487786,0.00494469224610416,0.9944411175801261,0.10517800951045177,-0.003506633305552278,-0.10516140539160541,0.9944489842817089,-1.4971418855147667,0.008595811387406928,-0.01716013160904286,1.3160614,0.03730011,9.671686
-0.19773085343871266,0.6894343573354349,-0.6776472560232689,0.9999874381878439,-0.004278842590201835,0.0026105502487429183,0.003869304072081373,0.9900585929924685,0.1406023148023211,-0.003186212879063716,-0.14059044756974606,0.9900627122054578,-1.8156989884349382,-0.024297132543185974,-0.048613499813817906,1.3171158,-0.30022734,9.6492815
-0.30413954186505504,0.6756262575729042,-0.8577626470294064,0.9999962190387761,-0.0023118493646491337,0.0014890468988667178,0.002002335301816977,0.9833062327342245,0.18194736414514465,-0.0018848239946877767,-0.18194369463804444,0.9833071439890827,-2.0681923413652954,-0.07029903742807736,-0.08689610013328565,1.3262634,-0.68788755,9.609968
-0.406261007900512,0.5542904436135898,-1.005694989604288,0.9999996005145628,0.0007099112275179568,-0.0005431360453603401,-0.0005697850839710082,0.9744507460027465,0.22460057649001822,0.0006887057955396055,-0.22460017729454157,0.9744507612206926,-2.191873327221395,-0.1310225181427471,-0.12807076280232754,1.3471329,-1.102713,9.555143
-0.5051293320991017,0.4104476038637962,-1.098783152306344,0.9999797663779764,0.004857142985593102,-0.004107918775385152,-0.00357263047575005,0.9631085523622815,0.2690894882341444,0.005263377825256308,-0.2690693675033402,0.9631064179649208,-2.2567947810297695,-0.22017962079914855,-0.15431203177608305,1.3842392,-1.5273178,9.486128
-0.5853758603105774,0.28438003825052705,-1.1665914700903965,0.9999106949299731,0.009819992008139785,-0.009064762634417828,-0.00647297611164873,0.9492833187660417,0.31435534239581103,0.011691994907469434,-0.3142685928779548,0.9492621075264691,-2.3399997179634626,-0.3061798035861073,-0.16327841782373947,1.4391587,-1.9638107,9.397479
-0.6253567130637666,0.12540453809384688,-1.164278640071985,0.9997548458614516,0.016047082965955594,-0.015255795778287546,-0.009523029735692846,0.9336648112033823,0.35802141308196256,0.019988999004407076,-0.35778836125401836,0.9335887362591547,-2.3062910824916716,-0.39460614651893283,-0.1883816382328569,1.5114899,-2.395288,9.290888
-0.6138941349311444,0.0017167743828995219,-1.0308959741335695,0.9994609158491369,0.02379399872593952,-0.022621302231179006,-0.012806542173438585,0.916989947333795,0.39870468891941,0.03023028560176521,-0.39820005287969706,0.9168003314348452,-2.1581553478488464,-0.47975829004834325,-0.21575794402878526,1.6008987,-2.7973022,9.17264
-0.5028012218619812,0.09075627386560803,-0.8307838131991662,0.998991317372507,0.03282236989785623,-0.030643757090657572,-0.016159456606236536,0.8994913331070942,0.4366396839814421,0.04189534313660745,-0.43570406665477734,0.8991144234878868,-2.083792270903173,-0.5540309928861417,-0.24313332187375603,1.7058837,-3.1721847,9.042234
-0.209915400080904,0.38640838069237066,-0.6770513983032447,0.9983236919274766,0.043274979148919965,-0.038432828622849996,-0.019788218294746463,0.8792290389138738,0.4759881548392827,0.054389636448612846,-0.4744297348504265,0.878611514912445,-2.17792668044759,-0.5794523004574317,-0.2846686474119205,1.8202255,-3.5468261,8.887724
0.2116512668769096,0.6502627623140814,-0.5908533747961829,0.9975235739417102,0.054623784651929116,-0.04430532226332371,-0.023964143038134187,0.8562107542141202,0.5160706000311731,0.06612442271207467,-0.5137308502692697,0.8553994237796797,-2.3167660748455425,-0.5427620051418636,-0.3511115924768732,1.9326065,-3.933455,8.699498
0.6071766474503627,0.7961025075042368,-0.45938498987234444,0.995328625929661,0.08125279177266655,-0.052143170541504684,-0.03419479163164407,0.8017727581283168,0.5966499480839496,0.09028644765545486,-0.5920797481357211,0.800805799939848,-2.3652449992669053,-0.5267479609128918,-0.43790051203869007,2.1553407,-4.686798,8.23366
0.5119365949329213,0.7308857519353735,-0.48879175594459034,0.993926133188523,0.09585847316689534,-0.05405547971317997,-0.03970038526696288,0.7704412871345709,0.6362736066253889,0.10263878981440261,-0.6302629421126845,0.7695673476862814,-2.4273456068077843,-0.5156061186229078,-0.5054144613603291,2.2675643,-5.065927,7.9495864
0.3863643822408634,0.4516151939153481,-0.5230030000689675,0.9923999502133047,0.11039103009539533,-0.0543705737610667,-0.044904652713243676,0.7362498574404696,0.6752182755106612,0.1145683681534002,-0.6676450912673332,0.7356113927375658,-2.603940389383829,-0.5027555231968077,-0.5524557118693088,2.3796113,-5.448453,7.6361055
0.30688357714470216,0.06801085798377643,-0.39968567920635023,0.9905616940937134,0.1264312078194868,-0.05294034268398827,-0.050693020844679575,0.6967697971900892,0.7155012699928089,0.1273489215966639,-0.7060644442350764,0.6966026505513593,-2.6819179448309702,-0.4957478922016153,-0.610272740487989,2.492096,-5.8126845,7.3101377
0.3177674745670961,-0.16274593101683993,-0.17800974286227927,0.98879869727487,0.14057487713818065,-0.05015815173135143,-0.05560920864350111,0.65883922928122,0.750225623312195,0.13850903285188085,-0.7390328638685247,0.6592766292996612,-2.7194882934250737,-0.4632685811014211,-0.6336822630574226,2.599234,-6.1697845,6.9647017
0.4213029423736994,-0.28842712621686606,-0.019560129526089487,0.9868894340465645,0.15481837041782098,-0.04561268626623514,-0.05962940657087228,0.6123640429377616,0.788323926307533,0.14997859460355412,-0.7752686960648478,0.6135673313195978,-2.9127494168528973,-0.404185854236635,-0.6265376693483736,2.6966782,-6.538457,6.583392
0.49761303739811796,-0.5346714816832985,0.08590679487110064,0.9847875556767357,0.1690774738619272,-0.04007839838004132,-0.06301466005277837,0.5624506308530146,0.8244261279650703,0.1619340075545367,-0.8093590647453792,0.5645487414845702,-2.9127494168528965,-0.40418585423663494,-0.6265376693483736,2.783484,-6.9107256,6.1700974
0.3847752597176698,-0.925780028918411,0.27839975078066564,0.9828097459227916,0.1815534277944343,-0.033516506012243576,-0.06472304626850298,0.5088409308293151,0.8584240411326335,0.17290439728619642,-0.8414982233901905,0.5118445168508206,-2.996262422522542,-0.3415554642985402,-0.5933741508716203,2.8622055,-7.2499266,5.7597747
0.15001955321114535,-1.2674824083189116,0.5191089081598098,0.9811082289216996,0.1914058318288706,-0.02811495481098549,-0.06471439708976721,0.4616625284592883,0.8846918992654361,0.1823148100167224,-0.8661590600798877,0.46532761866247685,-2.7577538323003337,-0.3154173733011504,-0.49834550976016545,2.9441285,-7.5253067,5.3916016
0.023972976749112418,-1.3327126207468372,0.5520294395233634,0.9793557683698171,0.20059739452918626,-0.024959252169622068,-0.0624807759926837,0.4178192598333004,0.9063791804447545,0.19224575832022106,-0.8861082052551227,0.4217271831260443,-2.3480224865637074,-0.3383493039112057,-0.3382428884513261,3.0244613,-7.7564254,5.043292
0.11030091074317913,-1.239778148317388,0.5540967955359419,0.9779188217952733,0.20766583039299624,-0.02344527384636792,-0.05831974749535795,0.37890647936208344,0.9235955212913868,0.20068279704703523,-0.9018341215459847,0.3826507966602971,-2.166110042727759,-0.30520992487320087,-0.21839383112728727,3.1011093,-7.9535217,4.7072477
0.2128092086841907,-1.098359733118417,0.6985926898350953,0.9763853980446136,0.21483908417192615,-0.022709522175273313,-0.051465087969228995,0.3334031113168959,0.9413786220668775,0.20981634637363383,-0.9179795930609685,0.3365866419185967,-2.0064857703310257,-0.2681982886121229,-0.13558639006346773,3.1731248,-8.104466,4.418721
0.27687325465992996,-0.9721731843299575,0.9425548195132097,0.9753292830418554,0.21941826640069,-0.02425724656212511,-0.044751066407516284,0.30412133099218147,0.9515816087393315,0.2161715330390427,-0.9270198705557825,0.3064376411250585,-1.6547518950247095,-0.25804144537330925,-0.0023779748608126483,3.237657,-8.213742,4.193872
0.38506785246801284,-0.8261692005536192,1.0229337133715057,0.9743963320915371,0.22304291746215046,-0.02834863271007555,-0.036049670147975006,0.2794385927008666,0.9594865784322267,0.22192838774879745,-0.9338982438570765,0.2803245633758979,-1.2748486318596612,-0.22397887675339467,0.13193970598316918,3.2910218,-8.292035,4.026091
0.4402559219221007,-0.6823987497515903,0.8365632940354231,0.9740505538109899,0.22379594069702155,-0.03377714535064441,-0.029164152528263997,0.27210107758466046,0.9618266245974765,0.22444369188687718,-0.9358826745403518,0.2715670242635999,-0.5562800415100015,-0.1402130417768069,0.3073544076469562,3.3339417,-8.337895,3.9173539
0.3136386275348718,-0.49551177711409194,0.5882575617154435,0.9734752943451065,0.22496606279603465,-0.04166679601023205,-0.019100588530686594,0.26139158501073473,0.9650438367262688,0.2279934622253214,-0.9386504726870523,0.2587552343564945,-0.5562800415100015,-0.14021304177680693,0.3073544076469562,3.3687835,-8.34976,3.8703017
0.08541308330792322,-0.2426652141947437,0.38254575810262964,0.9732220821377761,0.22484896498702323,-0.04776737153827739,-0.01369643948372115,0.26415810759442737,0.964382134704703,0.22945846331063963,-0.9379037462002141,0.2601641337285453,0.0994107010532615,-0.09937946323422918,0.38377680413051557,3.3973374,-8.334546,3.8771713
-0.06990179539804832,-0.00954167078411352,0.16928884513792966,0.9729154311403847,0.22414190794037073,-0.056532901515571346,-0.00599066098422576,0.26892618145687935,0.9631421602795684,0.23108369875413318,-0.9367172006704436,0.2629851899598854,0.12221860799380209,-0.06884841547628036,0.3494934226400868,3.419876,-8.312428,3.903296
-0.12463069196056728,0.11479986345061331,-0.027329566128073766,0.9728548292120759,0.22332030615795384,-0.06067554809196307,-0.0019606357137552507,0.2701368395600019,0.9628199436136189,0.23140794538291096,-0.936565069159667,0.2632417786818956,0.018775535019290933,-0.02189484017394385,0.275637693313882,3.4326491,-8.302057,3.9140382
-0.1527555862605369,0.059672730861570364,0.043439065132427346,0.9729223843091693,0.22177205642214987,-0.06510905544124934,0.00203286271702723,0.27347487405030607,0.9618769987541772,0.23112313077520957,-0.9359640208114093,0.26561899436449443,0.13328026503319892,0.01592360977909202,0.2548839488817636,3.4375641,-8.289287,3.9374359
-0.17821324316341686,-0.06759324706757734,0.1611376904833678,0.9730959638500906,0.21971572584516502,-0.06934871992326455,0.005367826532499502,0.2792910689557845,0.9601914836322246,0.23033764689468395,-0.934730709144547,0.2705976160374521,0.2808810618783678,0.04533194833816652,0.25453814918922124,3.435292,-8.268614,3.9869506
-0.046759274676064694,-0.09773880896290552,0.0865271762247802,0.973465997037712,0.21700730821056463,-0.07260702992533369,0.007830699651148456,0.2855176100328205,0.9583414707212248,0.22869768856362938,-0.9334813991421315,0.27624236586972306,0.2545404565835541,0.07622724290093977,0.17191073616874383,3.4256775,-8.251665,4.035283
0.1957820317039474,0.048113620058799454,-0.276813962507256,0.9739440792443117,0.21467372648752264,-0.07313085300275342,0.008677818873979514,0.2869506990447419,0.957906045380926,0.2266222097777277,-0.9335815376675433,0.27761103465418174,0.059867477902368585,0.10133952601717533,0.05515268921967267,3.409677,-8.250445,4.052774
0.34305283785829,0.18295450369058922,-0.6624988201990029,0.9744171781820781,0.2129911132715645,-0.07173526699619938,0.008712820878341526,0.28314296136571976,0.9590381380223588,0.22457793661893502,-0.9351282527527388,0.27404361201748806,-0.1823643677315015,0.097053930720108,-0.04054218791520914,3.3916564,-8.267336,4.0316954
0.3976306533799573,0.12992653194315945,-0.8207930893392132,0.9747287335991218,0.21243614528516075,-0.06909978344853394,0.008036111127811484,0.27577637500461405,0.9611882291763962,0.22324721009274381,-0.937453078914191,0.26709999629372844,-0.38316808523987245,0.06810800149468076,-0.12434368597802892,3.3762314,-8.300176,3.9739013
0.4603481605725168,-0.0918672302950242,-0.7602918663473219,0.9749256780024438,0.21263366079579155,-0.06562658507080275,0.007071818151211212,0.2651569794047968,0.9641793223570815,0.22241832604241776,-0.94046727884042,0.2570046413413274,-0.5023139944571194,0.03662870826361791,-0.16196322753036466,3.3657699,-8.342148,3.892366
0.5448975087665757,-0.3559456827247545,-0.5993209918151856,0.9749640488117656,0.21346156004374103,-0.06228375316453908,0.006171665037091758,0.25401520589354865,0.9671805341948982,0.22227688605709503,-0.9433506440123686,0.24633828035084335,-0.5341637271407347,0.0033849627330306198,-0.16645419760439462,3.361026,-8.386673,3.8009124
0.5930434062471812,-0.5129701190912412,-0.4420449857013904,0.97487016124835,0.21468575961063582,-0.05948271453136591,0.005401141839478792,0.24415340796631418,0.9697215791376744,0.22270832129591722,-0.9456739067981303,0.23685832395488152,-0.4950908772814814,-0.02539294382093282,-0.15309071319079254,3.3618271,-8.426676,3.7128158
0.5518134656846105,-0.4882072634571225,-0.3340205778200658,0.9746605995255699,0.21630088437518985,-0.05701441178304835,0.004746085768616369,0.23482855117006823,0.9720252189245113,0.22363852620318614,-0.9476652779193072,0.22785155392006737,-0.44662798881407123,-0.048567272398101186,-0.1348202062011216,3.3674011,-8.459982,3.6321397
0.45278748705275546,-0.3466945764340419,-0.2568804216608802,0.974372311887238,0.2181188567754943,-0.05497965211303253,0.004328209784711441,0.22619274980101567,0.9740729472362506,0.2248996763616573,-0.9493476730136368,0.21945188838562138,-0.4190444177172305,-0.06533647796631187,-0.11743872810077147,3.3768737,-8.488653,3.5561402
0.3722219436163137,-0.20623443414879045,-0.17992337976304476,0.9740483429711446,0.2200214020986399,-0.053107515228224426,0.003958536000106001,0.21804017793642413,0.9759317654417183,0.22630544745521114,-0.9508149469923165,0.21151071137910607,-0.40665917330875173,-0.07450778648642813,-0.11331041571403261,3.388916,-8.514804,3.482451
0.3189934182993768,-0.1155556496283264,-0.0851991910035876,0.9737075208045122,0.22195898003217437,-0.05126280436932117,0.0035374375315601406,0.21027286564753211,0.9776363375550675,0.2277743411019792,-0.9521131934572971,0.20395910467568604,-0.3767687116967442,-0.07574499573111487,-0.10913467472263078,3.4014359,-8.538811,3.4126725
0.2571700892693093,-0.03863746306998716,0.02035868682072702,0.9733630189835634,0.2238846245631653,-0.04939745094044713,0.002896792734307905,0.20342928853421796,0.9790853553997818,0.22925104550919237,-0.9531485715515043,0.19736199908358684,-0.3367561634816114,-0.07776632556188863,-0.1122998635324545,3.4143677,-8.559293,3.3498352
0.19634562314311185,0.04997643343708782,0.11848986247641385,0.9730170343790023,0.2258417527293803,-0.04725836997202751,0.0018110642905427464,0.19733639817967186,0.9803341603757415,0.23072618155386504,-0.9539674253755189,0.19160266299813636,-0.2813539570843183,-0.0741697441836358,-0.12058029437545575,3.4263444,-8.5759735,3.2959685
0.1833873531016884,0.13220966478988397,0.1730026769791733,0.9726755247537608,0.22775067376756214,-0.04507720203625768,0.0003139209342156383,0.19286674116028338,0.9812249087787467,0.23216852714923086,-0.9544276037252037,0.1875252629613489,-0.217555255141767,-0.07915224777105766,-0.13367079024681983,3.4386888,-8.587229,3.25428
0.19527164408109932,0.14949935628911767,0.09494817339829123,0.9719215594473644,0.23207671556781487,-0.03884430939866637,-0.004462498113956367,0.18323027640750958,0.983059892335259,0.23526276456759296,-0.9552837609312135,0.1791210978894727,-0.20281763841801112,-0.0762074065846775,-0.16705763049977562,3.5229065,-8.560308,3.2316833
0.14365623027031332,0.04128819403455891,0.13621668554448096,0.9715749527543935,0.23413412680852033,-0.03497601812542368,-0.007472922261239141,0.17800459620255699,0.9840012800619939,0.23661417246897049,-0.9557696241220355,0.17469447327390722,-0.21508115436002656,-0.06590178615792631,-0.2019678113127345,3.561435,-8.546556,3.2247634
0.09138424425068038,-0.17998373664520342,0.25797984065814794,0.9712980067053908,0.23568736644055477,-0.032119269456983304,-0.010094487254304414,0.17575151576777925,0.984382804620439,0.23765160108277691,-0.9558048284067434,0.17308624005722967,-0.08875238947758404,-0.058504370651329005,-0.17153241319735163,3.5997162,-8.527532,3.2314332
0.09455991449553978,-0.4711593998660157,0.3268092861853972,0.9709685040268418,0.2373744524332404,-0.02955560048275403,-0.012730907270135854,0.17466144713993936,0.9845462421253062,0.23886834907110668,-0.9555871222525982,0.1726127561828569,-0.021359407883497706,-0.0603129839653357,-0.13646896632925243,3.6389327,-8.503041,3.2510192
0.11725913839733554,-0.718980218847449,0.31733657621568356,0.9707313609367336,0.23857450530107221,-0.02761938294505621,-0.014771440375032786,0.17409095549129053,0.9846187809326902,0.239713223338146,-0.9553923511502899,0.1725196392308943,-0.003653025697864822,-0.04579769861702862,-0.11163555766575656,3.6770203,-8.477203,3.27547
0.0677899040914596,-0.868586377963835,0.3304685047991215,0.9706399745918655,0.2391286607523652,-0.025990831673552817,-0.016287871295091808,0.17314705741515038,0.9847612917642273,0.23998488488439695,-0.955425339895931,0.17195835225939984,-0.028304569974946774,-0.013626274272144327,-0.08558426890157728,3.7111022,-8.454471,3.2967606
-0.07249749272418632,-0.9939522136908701,0.4477417444319115,0.9708222360949247,0.23851390162079736,-0.024805334855124442,-0.016979184141745384,0.17155282526346446,0.9850285962600297,0.2391984389780397,-0.955866490090404,0.17059706888666393,-0.072336595978516,0.04299001670045972,-0.05455394603150476,3.7377563,-8.438002,3.310695
-0.26123936260159275,-1.1717843335884102,0.6875476583944942,0.9715240008725421,0.2357537923839683,-0.023691034278512813,-0.016834335286712698,0.1684138147975756,0.9855726214443982,0.23634238063467047,-0.9571086335217676,0.1675868215404536,-0.14324633392146804,0.1371313141950828,-0.028242391478409772,3.7508805,-8.431765,3.3130264
-0.5090721691278421,-1.4193986921145112,1.0283408264846874,0.9723547442834382,0.23233467749519252,-0.023384800676819553,-0.015920281806556837,0.16587283139104722,0.9860186349321789,0.23296522465099706,-0.9583876050114185,0.16498606808997035,-0.2087390309727606,0.2699463338271147,0.021715553461872043,3.7431076,-8.43853,3.3026612
-0.7984536359490164,-1.6974610810700965,1.4163276072094853,0.9745837392454224,0.2227199135179851,-0.024132453686931434,-0.01226873207193811,0.16062405785779893,0.9869394055617811,0.22368731169147177,-0.9615590216725317,0.15927408586586395,-0.270504225147246,0.43203855449358486,0.10505139660281215,3.6773772,-8.482096,3.2555816
-1.0880812127984694,-1.9656438321649152,1.7926413961943903,0.9772064867948571,0.210673348421833,-0.02615764574241469,-0.006929967214404091,0.154806871462298,0.9879204462417321,0.21217789168633938,-0.9652209968772898,0.1527382383908871,-0.35390001002517113,0.6065334832732203,0.20070075297871112,3.5824616,-8.540129,3.1927948
-1.7289197306626072,-2.802712361055313,2.5293944734116405,0.9835054095443496,0.1775287545800417,-0.03465040684119442,0.009888666391497308,0.13850801185421932,0.9903119432427286,0.18060820489113613,-0.974319799629183,0.1344678562949174,-0.5066487785349392,0.8376182975124626,0.34514925032453136,3.2732224,-8.713626,2.9805877
-1.9809407110774067,-3.3037161358729406,2.9379811181282167,0.9871295244340869,0.1542871408556115,-0.04208063874436657,0.02252765763812581,0.1263545798905303,0.9917293102364311,0.15832816120915616,-0.9799132606038602,0.12125260847024735,-0.6866179689551442,1.0819719580991531,0.5020928981260881,3.0490143,-8.828047,2.8236709
-2.1227880315267007,-3.870756197642755,3.3191783672429507,0.990864107382601,0.1225051600955449,-0.056398638732206206,0.04303168943640985,0.10914318239424221,0.9930941745076878,0.12781468775195332,-0.9864483014769819,0.1028744579963779,-1.0647992184546635,1.6059588380666743,0.948828396027399,2.775055,-8.955564,2.6313477
-2.160482044340689,-4.48659623349505,3.590762974119763,0.993627739511383,0.0848649155738631,-0.07417453321821343,0.06669859628541153,0.08777319214643287,0.9939050075303882,0.09085820010904022,-0.9925189231672447,0.08155350775950157,-1.0647992184546635,1.605958838066674,0.948828396027399,2.448584,-9.090614,2.397058
-2.1531297938833682,-5.0868874824235375,3.809105343763077,0.9940352401316784,0.042751854418206205,-0.10033055526687962,0.097810426828004,0.05744720693590784,0.9935456400281705,0.04823962873073862,-0.9974327533017291,0.05292297101309575,-1.6796276295541406,2.0880765848713465,1.5082494201175989,2.069487,-9.225232,2.1041367
-2.125016672304325,-5.573390758035978,4.132594002638301,0.9905135072915615,-0.005322043247788864,-0.13731229999034283,0.13737860759365184,0.015230459386858568,0.9904015101374265,-0.003179630261307944,-0.9998698460112367,0.015817110635873197,-2.0673447399103275,2.246210805835337,1.8700991214265266,1.642897,-9.346377,1.7450593
-1.9738778763424745,-5.8350407226122565,4.641354466523119,0.982247349889469,-0.05061443236684158,-0.18063311676239405,0.17911351194834849,-0.03314014312876648,0.9832700955235717,-0.05575386509151686,-0.9981682774710823,-0.0234860890266916,-2.452260649603908,2.3761200717728257,2.2717956207451735,1.167839,-9.441324,1.3218597
-1.2794461149688525,-5.706068415338852,5.513136979206704,0.9618285968356797,-0.10968482765949975,-0.250708972496823,0.23937391504055133,-0.10674244491804108,0.9650420608714825,-0.13261176081805812,-0.9882182395777894,-0.07641224940092682,-2.6777633786701984,2.5114365594798116,2.6804893190583736,0.6421753,-9.500635,0.8635117
0.7238075897035099,-3.663177355088724,6.784032382394091,0.9078021810131317,-0.19150277430777948,-0.3731244934069919,0.330679214603567,-0.22039239236283434,0.9176483261128714,-0.25796600004064274,-0.9564276662774925,-0.13674670746318235,-2.557325040051179,2.69932835039139,3.068313381693353,-0.5285934,-9.516937,0.07569885
1.7503793491619632,-1.0350128865237902,6.18014356551503,0.8623572070793438,-0.23367945428949338,-0.4491480380022578,0.3802169119782007,-0.2868972302023377,0.8792753147609617,-0.3343279037772265,-0.9290230847213603,-0.15855901365338534,-2.375185611978931,2.8508870440070737,3.2629703512774704,-1.1399536,-9.466309,-0.26650697
2.172276025785283,2.063013717155345,4.848396993720004,0.8138377717965197,-0.2631080458609194,-0.5181141161949976,0.4182272149460096,-0.35380259856739604,0.8366060709350982,-0.4034279091433557,-0.897551044481709,-0.17789897322360895,-2.608108167050797,2.7098037187223065,3.32191574425365,-1.7545822,-9.368446,-0.61917573
2.3333822980380203,4.850677522768493,3.7818634054712374,0.7733015942105648,-0.2820195199621051,-0.5678640988403318,0.4407839465228113,-0.40466942529086203,0.8012191764570661,-0.4557566860498857,-0.8698894450417866,-0.1886218347003313,-2.52896383266931,2.6196390636910176,3.0882629362039706,-2.3597655,-9.231936,-0.9475616
2.6057661155651273,7.342207515946441,2.8747739837828017,0.7153888963188707,-0.3053535863011232,-0.6284726838588212,0.46122711740663913,-0.46928317056419067,0.7530224777481634,-0.5248697678400136,-0.8285725636045785,-0.1948826150514904,-2.2962147922845677,2.540011527106508,2.6754107683555457,-2.9435394,-9.064906,-1.22137
3.115341442790008,9.27949953549965,1.8764896623429,0.679087514233371,-0.31997468447710187,-0.6606484309419947,0.4673208633698353,-0.5056010225533266,0.7252439704349858,-0.5660842328413788,-0.8012389202271751,-0.1938164957932594,-2.044232863277779,2.4508387406357497,2.162912145549456,-3.4970734,-8.871938,-1.4256302
3.5510036178360047,10.702176143717997,0.28552846522765574,0.6329606284178173,-0.3410041703883055,-0.6950374080944887,0.46666326545682096,-0.5482799144092025,0.693984533061519,-0.6177266705801993,-0.7636133126348837,-0.18790547948551523,-1.8158649939672165,2.298823813476025,1.592653234284286,-4.0130615,-8.661936,-1.5623367
3.91082154094783,11.500470405581229,-1.3907930132248403,0.5989922761336727,-0.360446025720194,-0.7150432963637368,0.45895243510475636,-0.5772018205175652,0.6754263251477715,-0.6561790269763398,-0.7327460139323347,-0.18031185103220146,-1.5741548429533527,2.0941229301380417,0.97065623807427,-4.4781203,-8.450709,-1.6304947
4.056325415528919,11.839830231174528,-3.067097338983701,0.5711097409652461,-0.3820591073871871,-0.7265428426714523,0.44382857151690436,-0.6008409081676668,0.6648356204187,-0.6905431651098091,-0.7021545709704943,-0.17357734755828072,-1.4030193596268923,1.755903275427094,0.36560483423041834,-4.8776503,-8.25057,-1.6583694
4.013950860267133,11.749242692611816,-4.675934356208977,0.5560025786426711,-0.39858603363182976,-0.7293766560127528,0.4242222152910812,-0.618536541203336,0.6613985630841223,-0.7147703439540756,-0.6771570873806604,-0.17481886172239353,-1.4302020990544455,1.2110655168651816,-0.0882598294135453,-5.203496,-8.064676,-1.7070938
4.055154579191521,10.998042556668203,-5.975538644671898,0.5502386829043384,-0.4146630026581711,-0.7247702988272959,0.3963956589058022,-0.6342249472565161,0.6637990643847764,-0.7349203177463074,-0.6525437230592128,-0.18460448548095484,-1.4027001173957134,0.6527350871526485,-0.5001670266376514,-5.452388,-7.9010406,-1.806871
4.549917328981208,9.617511770582011,-6.3416739705535985,0.5543591395624978,-0.43097252977917455,-0.7120032464527566,0.368530185099783,-0.6399395915189343,0.6742868987878228,-0.7462381972626746,-0.6361917932371635,-0.1959299751539718,-1.1412710903990981,0.2570868380401078,-1.0484653593739244,-5.624295,-7.7764025,-1.9076462
5.2488863019726395,7.909743643267132,-6.057936280909174,0.5648878736744972,-0.4454955982753773,-0.6945756705304096,0.345179082399713,-0.6369784723959478,0.6892821097183773,-0.7495018954273546,-0.629120097931538,-0.20604565302237052,-0.8092980346893062,-0.1408475846016738,-1.603070243485555,-5.7103167,-7.7057753,-1.9801757
5.710471150424836,5.99672719290949,-5.856255945251595,0.5867312896984939,-0.46321331665005716,-0.66421368321256,0.31440757737603614,-0.625579555680774,0.7140014669472168,-0.7462534884188304,-0.6277608165474323,-0.2214093228173282,-0.530151741648115,-0.5865601157013234,-1.991441491583469,-5.7089906,-7.690553,-2.0431304
5.720508919460522,4.065139656410626,-5.7544838186316705,0.6189917469726484,-0.4811016823454375,-0.6207981865502975,0.27944210647012624,-0.6037955771152345,0.7465540905973391,-0.7340036282684761,-0.6355879736908734,-0.23930441155198684,-0.2066031827423921,-1.0097213899626414,-2.338007975823287,-5.618852,-7.733017,-2.0885696
5.478260024397107,2.3622042797858755,-5.5411083381602975,0.656305601730996,-0.4962117948682382,-0.568363274473427,0.2455681572209205,-0.5718005224097572,0.7827773902783922,-0.7134137910747425,-0.6533131080925667,-0.25342206987315496,0.23196018901561577,-1.3924064922953108,-2.7111256457099255,-5.440483,-7.8343277,-2.0839539
5.216008114373406,0.981794817463913,-5.240603203013415,0.6956718052473538,-0.5071623157718479,-0.508750552672745,0.21339905892429434,-0.5303393784707354,0.8204882603020595,-0.6859311780595142,-0.679357438396173,-0.2607141919069181,0.7335796423751619,-1.7615308445782183,-3.1126990851114558,-5.174721,-7.9899187,-1.9983017
4.621098375525584,-1.3503544352050159,-4.328770904306856,0.7675026361930353,-0.5136585979483511,-0.3835290708544463,0.15131809465666174,-0.4362129212053435,0.8870293803493653,-0.622930604213839,-0.7388322760459471,-0.2570687266210092,1.2231920614474472,-2.11148868180916,-3.47530414759652,-4.416681,-8.398814,-1.5330384
4.206874686788123,-2.6871024069016864,-3.5857960864083616,0.8067956258743785,-0.5079695382279313,-0.30174122406869025,0.11228220781537863,-0.36957827378023284,0.922390701036024,-0.5800633791906482,-0.7780609537704133,-0.2411381934489049,1.7777451155242792,-2.395098540766141,-3.810550274785768,-3.959079,-8.603529,-1.1037384
2.802175843216061,-5.536930248550833,-1.8093279844544314,0.8798769105170093,-0.4646153143006559,-0.0997458372883041,0.021289486550589376,-0.17115021039804987,0.9850149050867789,-0.47472453075594756,-0.868815409162387,-0.14069969687437062,3.0127779314443783,-2.6685075201711506,-4.3952677424213435,-3.0046477,-8.847406,0.1932663
1.7115867118851176,-6.861983172569253,-0.9716072296325358,0.9047852005078177,-0.42586729853207467,-0.0008859926749987118,-0.028492645835498917,-0.06261015663510215,0.9976312632528219,-0.42491400315277966,-0.9026167582795707,-0.06878282923491194,3.624586793893167,-2.6981864500124155,-4.509161914633654,-2.5626557,-8.841893,1.0240891
0.4824977012880598,-8.050577643986912,-0.4270781433706885,0.9194773654090089,-0.38441771968149163,0.08236741646664109,-0.06970720449597684,0.04677846755385133,0.9964701102464989,-0.3869137890304033,-0.9219733140217213,0.016215057506571165,4.403105853701677,-2.4374670256116167,-4.346035642277801,-2.178601,-8.742297,1.9294326
-0.8745374174788365,-8.914917120354321,-0.27985623314271835,0.9282926132490553,-0.33273521637139974,0.1660123488585012,-0.11535486155101428,0.16674250859142717,0.9792293866838272,-0.35350541736129826,-0.9281617378533312,0.11640321422236942,4.544667844722788,-2.1729363326109485,-4.168171597664294,-1.8761139,-8.539892,2.8677077
-2.0995493291888776,-9.272406334000625,-0.22546867360642087,0.9298375994243787,-0.2842300591657401,0.23369919161894304,-0.15576352480930392,0.2713650066869129,0.9497887962514577,-0.3333763084499099,-0.919551144098278,0.20805271051312696,4.5325278518842556,-1.7788444784435784,-3.918872948424182,-1.6732575,-8.240929,3.7934937
-3.239467345942463,-9.262465648182385,-0.28934415388857415,0.9256340741745647,-0.23444324540221223,0.2970486919888278,-0.19511290618555246,0.3769114470025521,0.9054660208744832,-0.32424144486296597,-0.8960882355012373,0.3031391753460047,4.554964753786637,-1.3356026459637498,-3.6572224873010715,-1.5807235,-7.8460236,4.683202
-4.124507906934865,-9.13295541114548,-0.3844433247375507,0.9173364249143795,-0.19198521279850364,0.34876290168539625,-0.22670415219123985,0.4682208488808016,0.8540342288530318,-0.32726000504882335,-0.8625027041928944,0.3859921946819511,4.5577181276965355,-0.8734845482051852,-3.3870059155350525,-1.6023712,-7.361914,5.5184603
-4.81818534926713,-8.910770126637651,-0.5052229221766544,0.9056317761977394,-0.15037491230348035,0.39650784568611935,-0.2522396720983666,0.5606072867044165,0.788729749606049,-0.3408903544552648,-0.8143137330560216,0.46977325423626565,4.698861666578244,-0.5116026334474197,-3.0765525295068654,-1.716713,-6.766318,6.2850266
-5.284541630609896,-8.739657735946942,-0.4841341263377732,0.894769577313121,-0.11901204027647203,0.4303760422980458,-0.26570973887983246,0.6327024330540776,0.7273829568197635,-0.3588672988436115,-0.7651952466375381,0.5345002304433629,4.8070970403110564,-0.2293890704371333,-2.7327090160905025,-1.893274,-6.060159,6.958356
-5.986721858384187,-8.210460570020995,-1.0447849839993113,0.8767743458775148,-0.06389043366641922,0.4766390236824634,-0.28260283123339375,0.7334895091441576,0.6181656572103734,-0.38910459543665876,-0.6766913273135546,0.625049167145029,4.8070970403110564,-0.22938907043713308,-2.7327090160905025,-2.103505,-5.2812147,7.5144453
-6.172806416890055,-7.621294561077906,-1.5398957175855803,0.8673223547735301,-0.04037255916160499,0.4961068326246278,-0.27945230915320834,0.7852981173374854,0.5524611061560271,-0.41189603035115346,-0.6178000674756717,0.669824407444233,4.62969982660571,0.06991512179888637,-1.9103497697084644,-2.3280227,-4.481,7.9468946
-6.165036491906072,-6.575049157753535,-2.6002743010566975,0.854134319020237,-0.0043003763509446916,0.5200346833001385,-0.27148530919287395,0.8492081328836251,0.4529252410020415,-0.44356543143518934,-0.5280407690771125,0.7241703212837203,4.6296998266057106,0.06991512179888648,-1.9103497697084642,-2.5492432,-3.699475,8.281888
-5.742407379324045,-5.628582856552692,-3.3147329350732813,0.8485057018550406,0.010696219450451853,0.5290781273204852,-0.2609106180605737,0.8782841223047432,0.4006777382019579,-0.46039518166759114,-0.47801944667226187,0.7480198428520537,3.954213060322031,0.11323993386964915,-1.2513123421828096,-2.7531266,-2.9686294,8.544614
-5.257839234890642,-4.5637589528942835,-3.9676656159133876,0.8430675087730184,0.03253100909337132,0.5368229774316877,-0.23866059134616444,0.9171320716172754,0.31923327732130974,-0.481952588736232,-0.3972536930707786,0.7809681207015257,3.5150418987473397,-0.04200394529821139,-0.9300777861614097,-2.9113908,-2.3075912,8.755005
-4.734137051495904,-3.912244586282403,-4.228407934976272,0.8429453190103827,0.04479229803921799,0.5361313637485209,-0.22524773369119847,0.9343656574794612,0.27608744373830796,-0.4885761431194354,-0.3534889929818756,0.7977085208365252,3.043971395091533,-0.3293598647887999,-0.7231161471328841,-2.997046,-1.7201782,8.936136
-4.284187854995128,-3.252265990845625,-4.483746323235534,0.8475494883356356,0.05779232422107489,0.527560339755679,-0.20929321362765047,0.9498883048922573,0.23218216761483892,-0.4877050497497571,-0.30720067625257724,0.817172888046677,2.258731199014735,-0.6287025688478785,-0.42352882555384164,-2.993431,-1.2539017,9.09436
-4.025086589860156,-2.5595113268499707,-4.696928469018313,0.8538871040860492,0.062244549986968385,0.5167227781629714,-0.20187899156003572,0.9547030383123628,0.21860233622687203,-0.47971000223285293,-0.29097718919884985,0.8277744796281735,1.118223266270467,-0.9190519482882734,-0.0341228926950746,-2.886467,-0.9857422,9.221132
-3.9082141345672285,-1.9006561163836764,-5.10358064205863,0.8679758542865044,0.055611482771765516,0.49348280553585394,-0.1963945269196423,0.9511398238534428,0.23824824296529895,-0.4561218106730074,-0.3037110443562564,0.8364881920053682,-0.6569199563220818,-1.0604922417350393,0.6389389084485575,-2.671402,-1.026886,9.253336
-3.9309153842574083,-1.601710790015068,-5.433263264243597,0.8813442233859834,0.036132535529812625,0.4710910737642387,-0.19454546667464018,0.936377164439022,0.29214699607129935,-0.43056291212841835,-0.34913070015872893,0.8323000257756648,-2.7331115670488217,-1.0186385198693526,1.5032247239627832,-2.3689392,-1.4396133,9.094133
-3.8719274534842563,-2.4535488163959793,-5.278263426582156,0.8990999903806525,-0.0009414740336046029,0.43774229967431005,-0.19410989714237759,0.8954478915757631,0.4006175499199911,-0.3923525903175433,-0.4451653480440333,0.8049144412743191,-4.697878723753517,-0.8906269294779945,2.1931867090274877,-2.014258,-2.154405,8.684023
-3.8402422845860618,-4.306617522768441,-4.082949301536533,0.918113227299803,-0.040533837842756285,0.39423991407121134,-0.19126031379866912,0.8259360249567583,0.5303293081136136,-0.34711322968560926,-0.5623048022810823,0.7505502748709503,-6.310447373656024,-0.978975900267867,2.713824923374041,-1.6026535,-3.0517075,8.027666
-3.8131087804300736,-6.577933264682976,-0.30050856742599885,0.9542512117542783,-0.09815012473214388,0.28243791863090023,-0.16841565212869786,0.6040688815210435,0.7789332156841056,-0.2470643498839049,-0.7908649311943101,0.5599034449112302,-8.718901398472337,-1.2815546840167584,3.4419196601555564,-0.64925843,-4.994516,6.0422335
-3.4426175028144965,-6.836632095825379,1.4686476209341788,0.9752885851312946,-0.11162786451576254,0.19066041953233825,-0.13392325832825688,0.38765496774292807,0.9120242249320863,-0.17571777539947459,-0.9150206805574839,0.36312589767294157,-9.727197188255692,-1.4387027210044954,3.5637167139865555,-0.12186889,-5.8845167,4.730954
-2.9925293909741684,-7.245943680807816,3.4075795354498517,0.9885231363677082,-0.09995689188254192,0.11327236481565313,-0.09374456927177044,0.18210237030354248,0.9788006346860847,-0.11846503533869895,-0.9781857423286306,0.17064199045717743,-10.24451073349063,-1.6693836977097147,3.5396585470929907,0.41758728,-6.6787324,3.2841964
-1.742691563579457,-5.9092861968684165,9.44277315315235,0.9995059887085731,-0.025191316443011202,-0.018792980380050728,0.012915480152349043,-0.21590840380554246,0.9763281986804323,-0.028652555001800077,-0.9760886018912481,-0.2154763846686178,-9.954584899217405,-1.8519474952129076,3.4166582003071855,1.4187149,-7.9455657,0.31178743
-0.5000749433228802,-2.007414837439504,11.759931059357363,0.9912187959796016,0.07886576967478486,-0.1061390072986911,0.12996773241538728,-0.4331551632746087,0.8918996541424097,0.02436569366034554,-0.897862347413094,-0.439601544663232,-6.0282860515680055,-1.7976448730420347,3.0265204316061776,2.1597657,-8.435481,-2.3534546
0.8823521192980441,1.718254770044021,11.090419478942126,0.9628373062289636,0.19951898119950143,-0.18203433158298682,0.26592957112083954,-0.5826109736124416,0.7680142685066793,0.04717822524467834,-0.7878811011615119,-0.614017577513288,-4.464787660589339,-1.4281891341995185,2.9572296799998745,2.5984833,-8.234922,-4.1499147
1.6938122918654592,2.99454565640199,10.207384469621967,0.9455920018082451,0.2477375474343305,-0.2109072632876765,0.3220410490205466,-0.6203928552668028,0.7151239528079384,0.04631769491263292,-0.7441362863918999,-0.6664201815767987,-3.1683205673506167,-0.9325450584331225,2.686914294046516,2.6860993,-8.086943,-4.6813917
2.244978306035227,4.1081826460239625,9.766382399361175,0.9345043234543939,0.264955247806051,-0.23769809865684302,0.35396143249052875,-0.6211957106002605,0.6991617791620841,0.037589543150940374,-0.7375056649218855,-0.6742940163265813,-0.7471963232414776,0.2802672723568419,1.9741764095605865,2.6843796,-7.9924774,-4.954338
2.1355462146431465,5.616790070480892,9.32964259572005,0.9174856842564059,0.28867636721044265,-0.2736530178871324,0.39697980321406656,-0.6212241167926136,0.6756386849162491,0.02504106676389585,-0.7285235423302528,-0.6845629213198061,-0.7471963232414776,0.2802672723568419,1.9741764095605865,2.5902724,-8.001322,-4.978624
2.1987817651560393,6.547100413888268,8.393339142419318,0.9103536330550962,0.27615181009226786,-0.30821492593018596,0.41382404861796884,-0.6030946582563341,0.6819285079596751,0.00243301640321621,-0.7483428431978489,-0.6633076733053387,0.9568781732496443,1.7846606664127171,1.0278090207694042,2.3998199,-8.116567,-4.8282456
2.39294691972346,7.04530517576148,6.886120805035564,0.9004467712275571,0.2598839360673136,-0.34879213288150085,0.4343084290738146,-0.5812696810758033,0.688114631654835,-0.023912352901811814,-0.7710939616131066,-0.6362721915520941,0.9568781732496443,1.7846606664127171,1.0278090207694042,2.124939,-8.289263,-4.5885468
2.8596745193375277,7.407543174498445,5.576258289496264,0.8980541053266247,0.22760043292556437,-0.3764264427987097,0.43651336024144055,-0.5668480878277367,0.6986696870888023,-0.054359086054866224,-0.7917583521871651,-0.6084108821389912,1.0756471587724354,2.5515404380596696,0.10025071470761837,1.7797501,-8.474843,-4.301149
