0.02780998306720479,-0.0381809089021541,-0.005301351550326196,0.9999998275173654,0.00036133573694462886,-0.0004630353385155894,-0.0003620520074994854,0.9999987366878548,-0.001547753545749852,0.00046247549488935856,0.0015479209216630958,0.999998695027767,0.061809085,-0.018479003,-0.014443358,2.4452834,-1.0184402,9.4420595
0.012365417395573071,-0.04621166935010918,-0.011850514473705377,0.999999398835998,0.0006301240074907721,-0.0008973691425883381,-0.0006326578569078267,0.9999958062639697,-0.0028261632134856784,0.0008955845459691408,0.002826729242136691,0.9999956037553929,0.06042695432869124,-0.020498954565562843,-0.012747905150022214,2.4482727,-1.0089462,9.442312
-0.00017153133615345782,-0.04002250024718396,-0.014452474487147378,0.9999987948592527,0.0008507511482580061,-0.0012986541210290334,-0.0008558127954206904,0.9999920207909492,-0.0039020429127485223,0.0012953240913077444,0.0039031496150512134,0.9999915437435363,0.05564661974166204,-0.02071193486690865,-0.011478377210709365,2.451236,-1.0002625,9.442485
-0.006701859435303404,-0.02143407078167975,-0.011687927167658046,0.9999981030319675,0.0010915151459157798,-0.001613234996161835,-0.0010991551209192875,0.9999881500369728,-0.004742535572111837,0.00160803932997975,0.00474429977118075,0.9999874528358815,0.04354488025013527,-0.016237015181380213,-0.012538651821881654,2.4534698,-0.9934662,9.442637
-0.009424331040701565,-0.0010514955973196787,-0.008917371086223353,0.9999973776882682,0.0013786285189104346,-0.0018286607104044345,-0.0013884278217364402,0.9999846265262806,-0.00536833114466985,0.0018212316631220208,0.005370856030638968,0.9999839183810545,0.03346562763924614,-0.01143333041340232,-0.015399598275804042,2.4547744,-0.988472,9.44283
-0.011342800457798601,0.019093762607774647,-0.004281692965294174,0.9999964195399451,0.0018216759182727508,-0.001960205126739623,-0.0018331734414741116,0.9999810338466112,-0.005879746779917174,0.0019494569560739557,0.005883319123696893,0.9999807929023763,0.024137368450994044,-0.006080730819382724,-0.020910470593521215,2.455284,-0.98469085,9.443095
-0.00975574785227759,0.04628412429316567,0.006952419736000212,0.9999953003554648,0.0024273848958185746,-0.0018727171573421756,-0.0024385954824878192,0.999978982029779,-0.0060073913439706705,0.00185809554561705,0.006011929910966652,0.9999802018938619,0.0065467453631186095,0.004629576046685866,-0.03075887709007794,2.4542327,-0.9832138,9.443522
-0.006056658969499012,0.07207589701035771,0.023593757448357594,0.9999933767306061,0.0032984077034863015,-0.001538506269698545,-0.003307352192523101,0.9999774315162376,-0.005847895319051541,0.001519182804975182,0.0058529449689497665,0.9999817173922708,-0.007843890055590821,0.016846121161833132,-0.04313821920008266,2.4511154,-0.9837265,9.444273
-0.00033586579583870366,0.09551666117353876,0.0446391319975887,0.999990420971424,0.004251191951624904,-0.0010417928704069888,-0.004256846518206696,0.9999758858239873,-0.005486987174384205,0.0010184415127158816,0.005491369366730355,0.9999844036980593,-0.021901003398101873,0.03057260634025594,-0.05784180892863526,2.446031,-0.98574525,9.445366
0.013133566801604084,0.12685141512522757,0.06664616147422957,0.9999821291955405,0.005978240065904611,4.399168243606594e-05,-0.005977983227504477,0.9999721107091613,-0.004476775669634765,-7.075369521357595e-05,0.004476432684512424,0.9999899782219498,-0.04463995008987784,0.04839958417820511,-0.07614076519847164,2.4382293,-0.9903992,9.446864
0.031979111339110855,0.15429912540678484,0.07954075168157158,0.9999712280579122,0.007505651127811665,0.0010992076686954487,-0.007501878215683071,0.9999660898234275,-0.0033972086308326644,-0.0011246686571607994,0.003388864764478399,0.9999936253376918,-0.06810786794829794,0.0668960011556369,-0.09602295375066261,2.427527,-0.99834746,9.448733
0.05036813944555395,0.16821276761415055,0.06833343998483028,0.9999468987753961,0.009946326219544723,0.0026963353282461267,-0.00994118946932656,0.9999487574947469,-0.0019118411665904951,-0.0027152129571918547,0.001884934865112408,0.9999945373046553,-0.07272130519753463,0.07826592464669142,-0.11891884657642851,2.4150162,-1.0066315,9.451017
0.07596247641142727,0.20256349562093373,0.03087490514581469,0.9999027410919963,0.013180215806880665,0.004559634634107169,-0.013179770294421305,0.9999131348955744,-0.00012774306502591243,-0.004560922242133465,6.763570377089283e-05,0.9999895966527417,-0.08239258289091234,0.08563955125434615,-0.14829656284733292,2.4018707,-1.0145309,9.453493
0.1964523367917737,0.3513652337866515,-0.10161396424417242,0.9997533698208345,0.020529954865864914,0.00846879478387771,-0.020570115406265854,0.999777446842369,0.0046826421523040555,-0.008370775594817451,-0.004855691357487429,0.9999531750924051,-0.12307472559364678,0.09860500734926475,-0.18644843780057851,2.3702195,-1.0490036,9.457533
0.24368776848454934,0.3782744779806954,-0.18706861422646617,0.9995603132043464,0.027210938786186446,0.011779010026474426,-0.02733482427325376,0.9995713187104969,0.010487430252848729,-0.011488587762632577,-0.010804796237432796,0.9998756266303764,-0.24726350072893893,0.13723030006506173,-0.28243753165376245,2.3511932,-1.0804352,9.458519
0.2660970443742837,0.37995744385656605,-0.27941249966540055,0.9993133397581393,0.03392581587294432,0.014895905437032075,-0.034172116932551753,0.9992780280795025,0.016603885746678104,-0.014321850640958941,-0.017101509140885988,0.9997511805340978,-0.30096841469463015,0.14670179987479007,-0.3277888331215144,2.3315659,-1.1206787,9.458319
0.25758407186442656,0.36542412926146456,-0.34449400140193714,0.9989651150029359,0.041608524835036846,0.018369258782628028,-0.0420486378188327,0.9988209644623892,0.024260935843509,-0.017338139022157823,-0.025008230874541005,0.9995368814224785,-0.3735553533779923,0.15903449359200403,-0.3721651072651839,2.3113647,-1.1728073,9.456301
0.23364664450431338,0.2977575387463776,-0.35139942577495886,0.9985336246625949,0.04942809611165448,0.022078580863747508,-0.050136372801967394,0.9982046481950176,0.03276926065877452,-0.020419219878392538,-0.033828148584242775,0.9992190509707669,-0.4391411137703404,0.17644540900341074,-0.40166377194147795,2.2892075,-1.2365112,9.452673
0.1907819887239164,0.1591924544648154,-0.285022914812952,0.9979729629432001,0.05788314864104555,0.02644818212597036,-0.05897459328748004,0.9973526132574672,0.04254129964019426,-0.02391573918878932,-0.04401483763345152,0.9987445777010029,-0.4875111768022918,0.1975431482382477,-0.4211619940273495,2.264688,-1.3093796,9.447729
0.14399259406983445,0.017457543329171862,-0.18702454404835708,0.9972925169381078,0.06648168841892786,0.0314296160368265,-0.0680857483917642,0.9962671259373113,0.05306735948341895,-0.027784285579930477,-0.05506358943601143,0.998096205079067,-0.5283070397568601,0.22334309933882973,-0.4330901158945904,2.2364304,-1.3902938,9.441811
0.06674416303547381,-0.11988277996070287,-0.156975294660233,0.9957059863236557,0.08248190202741679,0.042027665140659344,-0.08546925992274945,0.9935070958194905,0.07509098590762216,-0.03556113619519593,-0.07836061762301799,0.9962906298858009,-0.5872619888156418,0.24713145298600211,-0.43260485576093766,2.1691194,-1.5902694,9.424143
0.01370042690064367,-0.16751672470213472,-0.16608362008537458,0.9948394859387578,0.08960083026545848,0.0476034497998639,-0.09349555370842597,0.9918014209438049,0.08711212803395163,-0.039407850155299136,-0.0911132955697973,0.9950604950034687,-0.6802433072886571,0.27292446398423653,-0.41623600253423754,2.1312928,-1.7227875,9.407717
-0.04761519139129787,-0.2356083874826377,-0.08711658578035907,0.9936723546879499,0.09773648305311558,0.055342853281272544,-0.1031477851379661,0.989079793551857,0.1052696366885862,-0.04444981383579011,-0.11031202050467123,0.9929025491870491,-0.807777401143056,0.2985926725447594,-0.38463254654141077,2.0900223,-1.879599,9.383627
-0.1120516450842447,-0.3516029957262251,0.04621689960332853,0.9930598843209588,0.10098396640341853,0.06028519454954442,-0.1075154294653913,0.987258338146263,0.11730902006048224,-0.047670730845201646,-0.12297647047346658,0.9912639855914129,-0.8957913956345902,0.33001279502598513,-0.277167286438193,2.0464797,-2.04187,9.356631
-0.19633586236658473,-0.4420691790252939,0.14596929314162863,0.9918099439424461,0.10697525873221994,0.06978057835856373,-0.1159159794119471,0.9833326593402859,0.14007271965564594,-0.05363320626114123,-0.14701420031389734,0.9876792516258581,-0.8957913956345902,0.33001279502598513,-0.27716728643819305,2.0057633,-2.1969771,9.329468
-0.22653481045268764,-0.4249788775997455,0.12830062732908626,0.9911464520520991,0.10900422771870592,0.0758075782754198,-0.11978358157294158,0.9804071536396898,0.1563768099101624,-0.05727655864395016,-0.164072823561884,0.9847839886992158,-0.8871175991190502,0.3000582857872102,-0.15697376527007204,1.9679062,-2.3563538,9.297838
-0.20909060982162891,-0.3317367530596828,0.03481086712201523,0.9906102564175349,0.10980780751419698,0.08144670213894596,-0.12262327380990962,0.9770551898962985,0.1741455960305834,-0.060455376936423694,-0.1824976747951389,0.9813458850445356,-0.9777978276346923,0.2917921661765164,-0.09573023508640884,1.9329818,-2.5333068,9.256699
-0.18840396244395277,-0.24524012726537064,-0.06931709993613223,0.9899131295611228,0.11065808938251241,0.08846910860133705,-0.12622975193136682,0.9724222549325315,0.1961147823068809,-0.06432764296823641,-0.20530403153893878,0.9765819008071006,-0.9777978276346923,0.29179216617651643,-0.09573023508640884,1.9025879,-2.724968,9.206304
-0.1812426867666674,-0.20123262955659227,-0.1593558613205534,0.9896948809134438,0.10946567457106043,0.09231093534585387,-0.12704871314020708,0.9686547037252514,0.21346355529776484,-0.06605048965103223,-0.22299177348424137,0.9725800747368887,-1.044337549845869,0.23591374175118557,0.020153305105047745,1.8789794,-2.921077,9.150134
-0.1837506687682485,-0.17386005703244714,-0.21013041430982868,0.9895931003293338,0.10698226437836762,0.09623040522129014,-0.12704844402739116,0.9635938828222732,0.23525628973039886,-0.06755877922813235,-0.24503392437777177,0.9671577881882736,-1.0529054850973327,0.2070547875824407,0.07108784547128165,1.8611389,-3.1187942,9.089537
-0.1997920170063922,-0.1504277997631499,-0.20455204370795804,0.9894817568668737,0.10434085559315394,0.100194005218542,-0.1270833463020822,0.9578843462661286,0.2575022374096503,-0.06910626542007382,-0.2675267557318323,0.9610690709034868,-1.0529054850973325,0.20705478758244067,0.07108784547128166,1.847461,-3.3200135,9.022252
-0.22743651780680438,-0.161908019925178,-0.17175715378297193,0.9896349606594897,0.1010459796118735,0.10204094592253818,-0.12566387013704058,0.9532620826497453,0.2747726214972125,-0.0695070959159604,-0.28474745264276957,0.9560793125210815,-1.0414357345961434,0.1567854760835282,0.15717701788077426,1.8379929,-3.5177703,8.94854
-0.26192411853437825,-0.21039407178781677,-0.16716794480214417,0.9899796764065495,0.09646517143435274,0.10312473516147329,-0.12305750570149708,0.947548265122538,0.2949731098825682,-0.0692610322801291,-0.304707656555277,0.9499242882693772,-0.9797643586981089,0.11136446010195045,0.19297379922634952,1.8339889,-3.703778,8.871605
-0.2785023591857985,-0.2299926975839815,-0.21410330246399817,0.9903378991365992,0.09229200092861836,0.103503778183691,-0.12039775003777357,0.9425893745584019,0.3114958310402275,-0.06881298801497142,-0.32094774891591327,0.9445937302069393,-0.9978309032203142,0.09614267787267113,0.2270527405283336,1.8340546,-3.8885224,8.790935
-0.2574303249380736,-0.20466855043687876,-0.25029400395449647,0.9908697623720149,0.08596797421707417,0.1038586608128531,-0.11622824203006862,0.9350588966242417,0.33489678349971513,-0.0683235667352532,-0.34391040585139004,0.9365134932160382,-1.0565096524166362,0.10464261832573615,0.25665088979782713,1.8335327,-4.083789,8.703468
-0.24323154966560698,-0.17443264365367592,-0.2171429852213454,0.991354442346299,0.08029716472754476,0.1037725155182045,-0.1122889724363875,0.928331971190453,0.35438811765468065,-0.06787898282560426,-0.36297674388638895,0.929322509728564,-1.0298579635692064,0.09596333047206775,0.2724482349298892,1.83237,-4.278084,8.611882
-0.24290822315495247,-0.14199412412514764,-0.1611648675156359,0.9918577043815701,0.07472705424962288,0.10312207145948823,-0.10813003408926923,0.9219334017408904,0.3719498601724742,-0.06727696475596502,-0.38007192755798697,0.9225069863668143,-0.9463077722099031,0.07388068579498845,0.28068187101473974,1.8331192,-4.457164,8.521317
-0.21732649241325633,-0.08382451330191251,-0.16770952339489217,0.9923787939749986,0.06902714579571148,0.10207635579322334,-0.1037009947789396,0.9152847352679507,0.3892299539698036,-0.06656149750858584,-0.39684897193866436,0.9154673454147015,-0.8895396243606261,0.0596559844408744,0.2785747939430165,1.8347886,-4.622754,8.432729
-0.1699344979827195,0.0014890566441341235,-0.20599636562253615,0.992837655584974,0.063974289168863,0.10089935568610484,-0.0997095386072922,0.9089420723768631,0.4048238097913386,-0.06581335398878646,-0.4119849504394449,0.9088107630569499,-0.8866868589883599,0.05041218857317181,0.2748784330952038,1.8373764,-4.783609,8.343387
-0.12525083032174006,0.11974007326154923,-0.20149107053447635,0.9933382860768329,0.05855015948181211,0.09925184249470867,-0.09537196248275127,0.9011376032905031,0.4229127672558919,-0.0646779574981213,-0.4295612863847277,0.9007185259854322,-0.9129296222361076,0.03578023971236281,0.2658462438341925,1.8422196,-4.946617,8.248911
-0.01412342132628272,0.4403264026791598,-0.183593934331279,0.9937867983186491,0.05316679105869286,0.09778083562789805,-0.09146907307309156,0.8906729071222581,0.44534838181982284,-0.06341299676500209,-0.4515252649043094,0.890002093814602,-1.308545152847041,0.05490420641951613,0.2945652497226575,1.853064,-5.145723,8.118845
0.2875694399208901,0.8242398478513071,-0.13523702650242908,0.9940252796538984,0.04535381764975652,0.09928129045082862,-0.08785968073815262,0.8721735115485355,0.4812421866936505,-0.06476434134289534,-0.4870897216916914,0.8709472906627199,-1.8582989446057614,0.23069808182522628,0.2882390479787229,1.8467728,-5.418428,7.9112105
0.5822880076517954,0.944928587704551,0.08612528134598435,0.9940279450683861,0.03796666713450319,0.10230824311764633,-0.08568511682113751,0.8521116279629771,0.5162982028301402,-0.0675759215880155,-0.5219811353650462,0.8502759488216449,-2.1529421235330233,0.3395537369821226,0.26058044136326175,1.8254592,-5.7319336,7.6434555
0.7345475811067654,1.0033122436571364,0.4352663943158583,0.9937912290874985,0.028797012633407514,0.10746964712024744,-0.08432878086408117,0.8250536576799434,0.5587263361135971,-0.07257857608645217,-0.5643201166114303,0.8223595054967905,-2.361764196223715,0.43918785477125677,0.2308281749267182,1.792279,-6.0647874,7.33992
1.0122821679825948,1.1295116892777837,0.7801400815721582,0.9933689144221212,0.017620059856669937,0.11361220599241931,-0.08266765224067961,0.7962311491196037,0.5993179593877438,-0.0799015590137678,-0.604735885045962,0.7924078812107105,-2.6537641746304415,0.6179385653852695,0.2932137066515923,1.7305008,-6.4235563,6.9871035
1.5057478855168038,1.1702994478521114,1.0433345716538185,0.9923249232549468,0.0008816948633955735,0.1236546372006805,-0.08160572861949009,0.7559754990519413,0.6494933024209335,-0.09290722115931681,-0.6545993182453953,0.7502452804310857,-3.002482663046528,0.8626515793194507,0.31145169107263865,1.6267211,-6.8099413,6.565712
1.9572186264524671,1.195451227476368,1.2465415338316612,0.9908239105367226,-0.017507964113043756,0.13402033241763434,-0.0814133939687544,0.7141946772398092,0.695196247317844,-0.10788807900414779,-0.6997281144808613,0.7062157802073347,-3.2336038199624797,1.0586229018260886,0.33758349341059507,1.4920517,-7.209671,6.0888166
2.1617702659693068,1.2962435636692753,1.3713761912884166,0.9884401591725661,-0.039692883653829794,0.14632336355536557,-0.08299982885223736,0.6659800189624075,0.7413377386544748,-0.126874269043851,-0.7449128065284386,0.6549868933990315,-3.398474468436343,1.2627439151001405,0.3211732918301994,1.3256226,-7.615416,5.5681124
2.1241704010657325,1.2319688471511754,1.4850054660567713,0.985685546065029,-0.060258869507932133,0.1574575273656732,-0.08580224676137414,0.6246507222305802,0.7761761717983326,-0.14512745684117115,-0.7785758433591687,0.6105388418506834,-3.355921273827984,1.4371643405498404,0.28579827810601277,1.1286408,-8.0162,5.037265
2.040196374111313,1.090869407765135,1.4870335641792374,0.9807724133868683,-0.09015008927767462,0.17308505002606542,-0.09176529784361735,0.5697072503529927,0.8167085030822837,-0.17223415239426382,-0.8168883707695073,0.5504805050595071,-3.1755990126287705,1.5665918307040902,0.23095667112600027,0.90497285,-8.398648,4.529376
1.9024477068222427,0.9013561467301252,1.3915695640631633,0.9737691691559861,-0.12312155921599534,0.19134964556403775,-0.1012255443897656,0.5187475613105831,0.8489136332968852,-0.20378173216521725,-0.8460153954217059,0.4926773349213447,-2.692994525863568,1.690440093666902,0.09090137310972679,0.6477417,-8.72366,4.0642166
0.9421416237525395,0.500497375778185,0.8098778091208947,0.9595096266482606,-0.1767174110115072,0.21934500909458998,-0.11853269074538897,0.45308996721603995,0.8835493663813165,-0.25552157950743365,-0.873773676791398,0.4137973950527825,-2.03936095081073,1.6621578578309646,0.006052295689625398,0.108688354,-9.11648,3.3502884
0.48922158062646415,0.2170100106191796,0.2620386397180904,0.9480568303831823,-0.21223330895571305,0.23694992916965119,-0.12952002798694318,0.42280135620774817,0.8969189347645362,-0.2905388247963692,-0.881019883861084,0.3733512495323233,-1.484913981886477,1.7568773515010991,-0.0655958693588351,-0.18105468,-9.250849,3.0457826
-0.0889795677927847,-0.3391076387744203,0.023974344903708977,0.9375101663541696,-0.2408655757400528,0.25111444085514095,-0.13860495973871473,0.40344396513945546,0.9044454832262602,-0.3191603877651587,-0.8827325424022653,0.34484765544458457,-1.1328403067740391,1.6860451470811844,-0.11774056438648983,-0.4707718,-9.34288,2.7909424
-0.7985225517125097,-0.9199027319779597,0.15564287385566133,0.9267119461669429,-0.266635251989327,0.2647840841668272,-0.14561635326774328,0.3947685656670283,0.9071679322056094,-0.34641138331827537,-0.8792402526942142,0.327010292727513,-0.5367360759967805,1.5222864301095895,-0.1789863010637479,-0.7412079,-9.381961,2.6315475
-1.333064665899947,-1.3337484148189054,0.36799710608028474,0.9157957842584106,-0.2888023854294731,0.2791258922149088,-0.15130347550364115,0.39569644077435345,0.905831985005513,-0.37205556014531194,-0.8717898307096471,0.3186803276579894,-0.040552971918810105,1.41847547598798,-0.2973135251973004,-1.0085099,-9.377841,2.5693984
-1.5776194770003205,-1.623242528565882,0.42558373315524434,0.9041612670158885,-0.3091694591752163,0.2947993363994018,-0.1544869019924906,0.406741738437307,0.9003860035150258,-0.39827904833293204,-0.8596367859313038,0.3199974936350477,0.48761336940873734,1.3124838911906562,-0.3756686398465302,-1.2737014,-9.3337345,2.6033401
-1.6809816259937331,-1.7632264823508326,0.1896910128186199,0.8931974713942258,-0.3261399180136667,0.30956587501370414,-0.1548191890592524,0.42329793366769825,0.8926644823513998,-0.4221721163151316,-0.8452523961697455,0.327595926371662,0.8393637629816812,1.2096158038719997,-0.40198071022497855,-1.5324875,-9.25646,2.7095916
-1.764366082998287,-1.8097761538584094,-0.4237453875904273,0.8725912714457776,-0.35227962577453614,0.3383541609922865,-0.1465300287454656,0.4720123511774207,0.8693292190026841,-0.4659543150057679,-0.8081481334508647,0.36025431396083196,1.2623584259449425,0.9874998572798188,-0.4071715454666812,-2.0178864,-9.034207,3.0295258
-1.2801386355112936,-1.6929088755181563,-0.9411497552288469,0.8530127713107842,-0.3728978326501506,0.36512520918928093,-0.13103984217477768,0.5241732650662945,0.8414695169479106,-0.5051710321698042,-0.7656301944114802,0.39826201634342995,1.4162024270004387,0.8594108101428184,-0.36756482083734365,-2.4238434,-8.754247,3.4718368
-0.9517535580157405,-1.6735627731651674,-1.321549028147734,0.8443455085149905,-0.3808748874755734,0.37684875260644246,-0.12108101198219624,0.5495093959075386,0.8266672924137617,-0.521938742371104,-0.7436220437156241,0.4178590735071685,1.4778285291231412,0.7446630745381505,-0.32161547726430606,-2.589386,-8.609274,3.723056
-0.5595775602486965,-1.4820788828351845,-1.6884782556159919,0.8401096832249357,-0.38363798094510926,0.3834548470525027,-0.11106944596750579,0.5702875539179959,0.8139015198528018,-0.5309230625280555,-0.7263566654355069,0.43649363827350535,1.5590528479345063,0.4247786685728264,-0.2616976864904311,-2.7242813,-8.468816,3.9806228
-0.21822428533821653,-0.9530655597698291,-2.079540906766169,0.8357878660449335,-0.38735136537138504,0.3891240968084348,-0.09829324166776754,0.5917103652344362,0.8001357899235432,-0.5401824521534351,-0.7069920532927184,0.4564703221091685,1.3356598649359999,0.35378614967449284,-0.13526092700839282,-2.836586,-8.344663,4.2080154
-0.052627268311457254,-0.4166266833587825,-2.3614546401035645,0.8331580278230266,-0.39103449989336925,0.39107508303034016,-0.08693308739808453,0.6057498019707851,0.7908917850931264,-0.5461596277550015,-0.6929352042619117,0.4706914740092718,1.0909389434963956,0.2641405701578874,0.022031257450020658,-2.9260514,-8.242686,4.387625
-0.02477853339752356,-0.1048367358956166,-2.450723580658857,0.8314946430782657,-0.39595191598123425,0.3896649057368872,-0.07415632458087704,0.6160383666330076,0.784217807984996,-0.5505610756826195,-0.6809690235737054,0.482870262986106,0.7917183423270129,0.16598778897593386,0.18263408104411405,-2.9885345,-8.165892,4.51539
0.03095434167599298,0.06312936728332375,-2.34111838524643,0.8309082099424365,-0.4011190599912065,0.38560996662693603,-0.06360864606937627,0.6200107693418159,0.7820106048164503,-0.5527616907813678,-0.6743071596920355,0.4896573981801799,0.49658402794671663,0.0960224200209304,0.3279084506763805,-3.0296464,-8.116931,4.587584
0.16680119583549702,0.18351636750213374,-2.042076406418068,0.8308220917049447,-0.4077178053607004,0.3788150513467945,-0.05312125763348443,0.6194595661046702,0.7832291988612596,-0.553997097395336,-0.6708472532203342,0.4930022098573953,0.24326783795621096,0.05773541881153346,0.47315916843332706,-3.0558808,-8.095241,4.6112185
0.3040627793984791,0.23195367403702155,-1.630939064809246,0.8306376694557931,-0.41623298442521284,0.36985289610536937,-0.043182693659389114,0.6140762011116006,0.7880645114434885,-0.5551363049282293,-0.6705673134777933,0.4921007631022399,-0.02476459266819528,0.07207990881657436,0.6328416079453945,-3.0791945,-8.101858,4.5825653
0.39058243378307134,0.12082653937994847,-1.12774332657493,0.8300186362652415,-0.4270818317627581,0.35870624810637997,-0.032808202083541536,0.6046463886844353,0.7958180486310399,-0.5567698674752739,-0.6723123185165042,0.48785598391587687,-0.19873946420259286,0.09870657232999883,0.7021811499090599,-3.1044235,-8.128426,4.5155625
0.40506368228368017,-0.07581620149817844,-0.5339339496936575,0.8293349099044908,-0.4363730772315163,0.34897298560376744,-0.024484953129132903,0.5955757529366131,0.8029259054136006,-0.558215096789736,-0.6744390706220116,0.48324718906015646,-0.2755812218509618,0.10709847197592054,0.7471682036851711,-3.1321168,-8.163374,4.429944
0.3473434607647278,-0.2032381417269161,0.0467895361628104,0.8280720359500287,-0.44664529768382355,0.3388283951124863,-0.016168626405642338,0.5851015859437467,0.8107988095984521,-0.5603885070178807,-0.6768782107462465,0.47728462055594273,-0.3416739259010594,0.1527470071815433,0.7830022596098168,-3.1670227,-8.202127,4.3303175
0.2426679804988729,-0.29049924498237445,0.5061837336408602,0.8257652323075427,-0.4593439077185928,0.32728421219772097,-0.0063425091740631845,0.5726773881568684,0.8197562940723323,-0.5639783273224663,-0.6790020497285996,0.4699836835198785,-0.33689582089417525,0.20936537953432716,0.7895663375391461,-3.2136474,-8.238747,4.224458
0.09811792725974772,-0.43515135015288187,0.798089966106615,0.8236105660514097,-0.4691229745174842,0.3187307174847514,0.001639350810674161,0.5639477299607013,0.8258088582723555,-0.5671533725698863,-0.6796223897518673,0.4652423662249223,-0.26429701587480153,0.24038079410685242,0.7836605495007947,-3.2695968,-8.265386,4.1277723
-0.05257257582530106,-0.5628556603407839,0.8651074954300144,0.8196753279676414,-0.48495435135297527,0.3048797038586769,0.01493851767409133,0.5501514392234292,0.8349312753814472,-0.5726335629447864,-0.6798181161341639,0.4581900605261488,-0.23917576749838512,0.2629664364144979,0.8099076496789934,-3.3313155,-8.284882,4.036493
-0.17337399665988712,-0.576237242491414,0.721102817296468,0.816628692314321,-0.496088416551436,0.2949811211797988,0.02411784204244509,0.5399721573090329,0.8413372682974672,-0.5766592655842946,-0.6799458451189456,0.45292133877889307,-0.2745139166310906,0.2893760782555487,0.8675804164505658,-3.3997893,-8.303319,3.9379013
-0.21594917121335985,-0.5181299759476861,0.4727867865537402,0.8121518426961877,-0.5116462769109906,0.2804059053021329,0.03703931106139403,0.5248470029454402,0.8503903297517477,-0.5822692451446189,-0.6802600317689627,0.44520648617962155,-0.30859513134612193,0.2980478685092912,0.9327574617274901,-3.4725082,-8.323581,3.8296113
-0.16342690223894113,-0.4716273223121834,0.1693167856101719,0.8078994605626185,-0.5258918239891544,0.2659628753867547,0.049261533542027926,0.5099890642536986,0.8587691515504758,-0.5872578334392126,-0.6806973951786477,0.4379261276303183,-0.32151900452968957,0.28000548726730784,0.9600934670906623,-3.544983,-8.345281,3.7164674
-0.06411353471396089,-0.41044555283354134,-0.20096569722046742,0.8041149264671921,-0.5383850056669099,0.252072947191292,0.06071192472746069,0.49618359539136186,0.8660923171697046,-0.5913655783257509,-0.6811339261390096,0.43167502526079543,-0.30038667982301126,0.24177215096516336,0.950694224145896,-3.61221,-8.365468,3.6070771
0.005436189970826483,-0.23639250816873367,-0.6248431006426858,0.800560484053145,-0.5502630281852503,0.23730468007393565,0.07237165047011021,0.48188275634548583,0.8732418641734425,-0.5948657458459233,-0.6819087981169291,0.42559973621925373,-0.2866139605404443,0.1882986653621873,0.918317079142131,-3.6702087,-8.385126,3.502913
0.025923435561037655,0.10235522572548478,-1.0613953154783404,0.7979215895252054,-0.5596279347889511,0.22391451845162502,0.08228000912901041,0.4691300706159602,0.8792877668554214,-0.5971190309036377,-0.6831790039570279,0.42037520322324357,-0.2723327653610237,0.11698311061302821,0.8333468749764571,-3.714624,-8.406018,3.406163
0.0211067672958688,0.5903903113182367,-1.4933675378852893,0.7964485144607424,-0.5666785484511196,0.21105730629051578,0.0906477019981736,0.456963213118978,0.8848545733500107,-0.5978735300510691,-0.6856092506532498,0.415315780440573,-0.27210081286301674,0.016038599695838457,0.7091207466254139,-3.7395797,-8.430605,3.3181672
0.018413252383568057,1.1583831350796685,-1.9191336749069894,0.796609035310868,-0.5703047475567821,0.2004159169708918,0.09553750767989186,0.4461552579437319,0.8898415985081144,-0.5968975033348713,-0.6897086201602503,0.40989680382901317,-0.33297481513460314,-0.10102685298634247,0.5608976384039632,-3.740335,-8.463643,3.2322114
0.0486593788092089,1.7120730261502326,-2.272134040586626,0.7987331332811919,-0.570402428892887,0.1914848581791914,0.09650051334121343,0.4355709847091848,0.8949667972636488,-0.5938964831716822,-0.6963612470496655,0.4029491045823805,-0.42989954504161376,-0.23460157518186325,0.3795613938530126,-3.7131577,-8.509152,3.1408463
0.45638871168327233,2.6605061850464637,-2.3227110856879363,0.8090943458383778,-0.556385737638912,0.18921218376302185,0.08097994340306726,0.4244474561915416,0.9018240436465225,-0.5820726658234379,-0.7143383427232032,0.3884741224543324,-0.5581600127365997,-0.47856719871531883,-0.1390770084183035,-3.5667648,-8.629028,2.963536
0.7709683981689777,3.1011838633844615,-2.0888280901386453,0.8181277184758142,-0.54149340466295,0.1935250086373487,0.06286496329790989,0.4187499319452297,0.9059230049432554,-0.5715899165058035,-0.7289947785837643,0.37663188944445036,-0.6367054993530863,-0.5648233651966912,-0.4273846346748069,-3.4529252,-8.698557,2.8834946
1.0902456442177906,3.4547265532123874,-1.6638674430428488,0.8260450277679963,-0.5259724414655422,0.20249099466037354,0.04160284707257324,0.4152024373951784,0.908777276947745,-0.5620665576381737,-0.7422667490867949,0.3648578599741194,-0.7595870724704095,-0.6079355434042423,-0.7258059357373726,-3.319893,-8.773741,2.801094
1.3891614479991694,3.716873902763743,-1.1603633743324695,0.8333991562245018,-0.508586112153864,0.2163007464816201,0.015586342459950112,0.4128459287606469,0.9106675052040011,-0.5524517285093872,-0.755578192929081,0.35199244599424917,-0.8714344689839166,-0.6260131381467301,-1.0273747497236427,-3.1726532,-8.852209,2.716104
1.7801910481714343,3.859654293224653,-0.5246891889856383,0.8403946690094201,-0.48716118629582866,0.2375095342662872,-0.019081512331406127,0.4113624338949466,0.9112721019910417,-0.5416388983332843,-0.7703602576372084,0.33641102429236724,-0.9811718453760232,-0.6220650783492613,-1.3596682255260215,-3.0129821,-8.931513,2.6326644
2.474959775812383,4.173132153059124,1.0002485901364402,0.8480852960107377,-0.44478752793587867,0.28795031808120963,-0.0944895703230267,0.40777905383439983,0.908178376947002,-0.5213665234655457,-0.7974210294735216,0.3038036371784236,-1.1216904043032463,-0.5664222483783793,-1.6814161865787274,-2.691606,-9.089236,2.4372177
2.6514502522960206,4.314202074635075,1.6500529803215107,0.8477585176445543,-0.41812646648234275,0.3263062270139794,-0.14933008389655092,0.40217045381164074,0.9033047393456914,-0.5089263422191438,-0.814511623064968,0.2785045674446181,-1.3389381903614304,-0.4335583344297106,-1.9464425219268744,-2.5499635,-9.169329,2.2776399
2.699414800718086,4.300708088140411,2.2270299928905333,0.8422445299493251,-0.396778293020062,0.36495361069391635,-0.20386791324192083,0.3922753853173504,0.8969715134966709,-0.49906114427074477,-0.829871681805211,0.24950143489961124,-1.6395816174907174,-0.22071321916766973,-2.1365869043532135,-2.426834,-9.246122,2.0550218
2.727017625071805,4.136141488612885,2.874067370447295,0.8312475753459545,-0.38768433682465236,0.3984072331952588,-0.250918894121655,0.37785961329736095,0.8912136787614596,-0.496051587089727,-0.8407871119490341,0.2168175623102629,-2.184152509002662,0.36339762731694136,-2.299611124640365,-2.328801,-9.312533,1.7756103
2.889109873497862,3.8795112580045794,3.586599561550884,0.8108335838721774,-0.3747089010773852,0.4496022005266202,-0.32302994962710996,0.35407162145062004,0.8776587825158678,-0.4880579380656637,-0.8568701922325845,0.1660509643283823,-2.1841525090026614,0.3633976273169415,-2.299611124640365,-2.259935,-9.36627,1.4669158
2.9720500903569564,3.467633926067644,4.339985727721551,0.7893578426096892,-0.37301573137854066,0.48762020103222725,-0.373712268930341,0.33821048841897206,0.863685594168582,-0.48708657994396987,-0.8639866490100018,0.12756854616618457,-2.1756721332543374,0.8746212940248508,-2.466995497422055,-2.2182221,-9.410095,1.1517456
2.9444645365163318,2.8639101065201116,4.660232008050085,0.7554719217179461,-0.3719182171393067,0.5393876298690147,-0.4437440552269618,0.31524054204818264,0.8388769958104101,-0.4820304854949779,-0.8730980703272037,0.07311888021837043,-2.1756721332543374,0.8746212940248507,-2.466995497422055,-2.198073,-9.444539,0.83604276
2.682954938827196,1.9574849010062978,4.8730515403918755,0.727098613353178,-0.377202363625825,0.5736252987229353,-0.48923549801099575,0.301490996127961,0.8183836549807814,-0.48163911172766916,-0.8756834794198529,0.0346728990037042,-1.9977293833703968,1.2250730861621775,-2.4320731173806,-2.1991286,-9.468579,0.5158142
2.323856563378323,0.827239289054559,5.054132662491146,0.6889633638456208,-0.3877895149430456,0.6123306095392946,-0.5406163363606582,0.287771247325355,0.7905198834139398,-0.4827664654245421,-0.8756751688343378,-0.011381500272258753,-1.7700804736364768,1.3645210410741697,-2.313182218496769,-2.2286391,-9.482511,0.20273438
1.9149486462058098,-0.5133386385057819,5.294222732149201,0.6513831709136365,-0.3998776350482116,0.6448238842030787,-0.5826466072445184,0.2807681476775792,0.7626874709316738,-0.4860276697030194,-0.8725062316327314,-0.05009970104803193,-1.3958309365253194,1.4180282146395777,-2.190759448696775,-2.2912917,-9.487126,-0.074475095
1.5211505946750163,-1.9578149262673747,5.461218305390849,0.6107701945179166,-0.4127591806822588,0.675714161647554,-0.6199508678241928,0.2815861561961596,0.7323729638119516,-0.49256541796250375,-0.8662211584815865,-0.08390598087288773,-0.9214696200267556,1.3653273457791015,-2.066292952834594,-2.3877168,-9.478518,-0.29282683
1.0889598912009824,-3.383202713996102,5.4111658073672375,0.578198978492276,-0.42144369588768466,0.6986208932368236,-0.6435777593337116,0.2907172940572227,0.7080191541385341,-0.5014913847330653,-0.8589928207689368,-0.1031393470307889,-0.3479149317325885,1.2195620033577055,-1.9586054028471434,-2.5197098,-9.448496,-0.42288208
0.6397040824408657,-4.728395790314942,5.064787210697665,0.5404166594956703,-0.4273040965065746,0.7248179380011512,-0.6636086106412861,0.31314113992702736,0.6793866633721504,-0.517275019716091,-0.8481472959303127,-0.11433598901402697,0.26804609023173764,0.9849737230131838,-1.8916596276195627,-2.6928833,-9.39464,-0.45038453
0.05376646555614917,-5.931713563676595,4.3412355069916,0.5094771591341549,-0.4281156811054465,0.7464248039234833,-0.6736486836864479,0.34126926735428254,0.6555400354875263,-0.5353788147546621,-0.8368107616128574,-0.11453066821075622,0.810230847462879,0.748825675252329,-1.7999763036527745,-2.905847,-9.318884,-0.3802902
-0.7819895241263972,-6.887722902011368,3.1782238776215466,0.4812443055606928,-0.4264050181526408,0.7658868577405233,-0.6764832926167333,0.3749879534498762,0.6338409813020113,-0.5574713204962471,-0.8231420261787873,-0.10799505341658466,1.2064161077619733,0.5947041939813743,-1.6180293696138714,-3.1521149,-9.222755,-0.24540558
-1.6436473026174256,-7.475399593704781,1.7672136546043307,0.45638878926345045,-0.42328750215729316,0.7826474069158356,-0.6721492580341235,0.41234720322787816,0.6149676080203934,-0.5830305720618936,-0.8067201959214771,-0.09632173967280004,1.5406543597953257,0.49324450084694965,-1.4145962267750316,-3.4285522,-9.104161,-0.0703064
-2.2527603459754117,-7.668412050681061,0.4029524823131001,0.4401950266523441,-0.41908118698405356,0.7941028253485684,-0.6634769958087748,0.4440884854503637,0.602149228283957,-0.6050013343316729,-0.7919320525186734,-0.08256518425133258,1.8688326935002524,0.3328744042989644,-1.2460495698816334,-3.729889,-8.963379,0.14855194
-2.67349526622307,-7.467113879863634,-1.057266670291482,0.42437598823676487,-0.41064524086443294,0.8070164228585818,-0.6469742721110384,0.48603495823581594,0.5875323911063122,-0.6335055736411961,-0.7714535018574357,-0.05941534008518866,2.1419577189962142,0.11661005263037276,-1.1212131506253715,-4.0455217,-8.804152,0.41866606
-3.000881449244983,-6.743332882580272,-2.785995398109451,0.40942145220702003,-0.396175773932989,0.821838688929459,-0.6194567710911436,0.5406214828375033,0.5692114906112783,-0.6698114534867472,-0.7421409357010138,-0.0240717331074203,2.2765144419757943,-0.07100454236096389,-0.9915221711947452,-4.3593903,-8.631102,0.7273773
-3.1906139626679173,-5.654841180661049,-4.430032038994819,0.4039422208368045,-0.38703324277205853,0.8288763184062959,-0.600485429940203,0.5713631001445147,0.5594295811116701,-0.690107187801257,-0.7237053798215087,-0.0016101436105529672,2.2639237303183037,-0.1965715253375194,-0.794934893246998,-4.654634,-8.449353,1.0449646
-3.158021147019825,-3.26727211438268,-7.083583204138735,0.4086912192448252,-0.3631326821479132,0.8373208121551985,-0.549445454285153,0.6346645426355598,0.5434248900138616,-0.7287531681423826,-0.6821550948847765,0.059860224232640855,2.056366191125364,-0.5047328534846423,-0.41390780218288126,-5.139609,-8.085361,1.676596
-2.8949408053864385,-2.175736143025534,-7.989718102467677,0.41829797263572016,-0.34701502865151246,0.8394089444238945,-0.5167288088696816,0.6691146177528097,0.5341132524040492,-0.7470061205726268,-0.6571652746452002,0.10057662565195145,1.8598468038851215,-0.6869838630588435,-0.2524916383632254,-5.3062162,-7.919284,1.9917557
-2.5547002249809885,-1.23440855679199,-8.650571872716785,0.4303136215351675,-0.3343621479616129,0.8384701194030623,-0.4934775377692242,0.690642420277478,0.5286709440006055,-0.7558505849958126,-0.6412604785294069,0.1321926315560898,1.6154682315289373,-0.8737997360057507,-0.1024432263800954,-5.412567,-7.775363,2.3003707
-2.1575960032967796,-0.4080522103393296,-9.148746275724614,0.44697881933607647,-0.32108284694398775,0.8349345725643843,-0.4723723808011942,0.7078990456224251,0.5251126308355869,-0.7596540455504323,-0.6291142556048174,0.16474521077609078,1.364048680131187,-1.071498315607707,0.031024621099697502,-5.456239,-7.6590667,2.6033905
-1.3501353155579978,0.4352951100428202,-9.722560000543913,0.4853915711097142,-0.2952442248203305,0.8229373429404487,-0.4385602766227066,0.7320508848209548,0.5213121769165501,-0.7563464196148864,-0.613948165355268,0.22584894020703966,1.0845705782274857,-1.2453966475091742,0.13548714256359462,-5.3601685,-7.5223055,3.1731827
-0.9786795541463578,0.5100316000929581,-9.791519173912068,0.5080693734641973,-0.281657699873701,0.8139621931327982,-0.4245665263378031,0.7403385905846308,0.5211928971164268,-0.7494056154454333,-0.610383249600625,0.2565609326180282,0.785760923449061,-1.384604298203626,0.22425007745669345,-5.228795,-7.5064087,3.4238877
-0.8012051494722949,0.33427554646939406,-9.682488819899332,0.5297240538777127,-0.273598543129928,0.802830158838433,-0.41845964439246747,0.7390190488615567,0.5279605775384087,-0.7377560252266944,-0.6156254401963431,0.27698621739134893,0.11936346859954228,-1.4876490009534453,0.557969760077194,-5.050653,-7.532977,3.6268508
-0.6625887936926738,-0.12726726083274897,-9.328509737638203,0.5647328370034834,-0.2599950928336491,0.7832492416290102,-0.40800223990909457,0.7370221282780929,0.5388251614926611,-0.7173639209210049,-0.6238597070903463,0.31014201719533135,0.11936346859954233,-1.4876490009534453,0.5579697600771938,-4.8326936,-7.6045656,3.7649674
-0.7768718774151628,-1.1401220866998067,-8.662631811299656,0.5929984459194751,-0.25324452366767836,0.7643428905729537,-0.4018889747716016,0.7294760032162242,0.5534889454078685,-0.6977378412370344,-0.635399065126802,0.3308019542594456,-0.24721257883319242,-1.4619449783788423,0.8114137717822327,-4.5794816,-7.7134123,3.842244
-1.073227457424003,-2.5175678073085126,-7.735089431554469,0.6193858253170036,-0.25136096185706686,0.7437599520347036,-0.3995415670048926,0.7145821980988343,0.5742288902480556,-0.6758163475617086,-0.6528322518185881,0.342172931942056,-0.8337321975201997,-1.4635747034128523,1.1603048047077347,-4.2935743,-7.8504515,3.869081
-1.4283955572158997,-3.7831342929817664,-6.663819465480843,0.6508625293999906,-0.24800521568063322,0.7175453858943343,-0.39546819362080143,0.6960322774130846,0.5992862226294338,-0.648060857988928,-0.6738193242957322,0.3549431539673594,-0.8337321975201997,-1.4635747034128523,1.1603048047077342,-3.984378,-8.013208,3.8347564
-1.9098666864793816,-4.914410568031152,-5.489653183151263,0.6704280676822945,-0.2514724139275141,0.698060048346311,-0.3919565305529927,0.6787945495235972,0.6209734597339228,-0.6299970509618634,-0.689927231358877,0.3565166632975647,-1.3603161919072397,-1.348121101108443,1.7354849707774602,-3.665271,-8.198568,3.7221634
-2.17902274656571,-6.383502326543708,-3.6731810147153348,0.7079101038703242,-0.2585979874661009,0.6572597399177813,-0.38057776937862675,0.6442622262510763,0.6633903415642979,-0.5949990304976092,-0.7197591713236372,0.3576630942694753,-1.3964729073055853,-1.3959401767470299,1.949445055094522,-3.3440032,-8.390676,3.5659165
-2.4252107639341633,-7.759443871687193,-1.7278976322454218,0.7412338212353654,-0.2641536891743372,0.6170860967096944,-0.36462874844449056,0.6133996075000149,0.7005617726700711,-0.5635763462607545,-0.7442874108934097,0.3583545059308761,-1.3260641825864998,-1.4732325982481131,2.154049127965374,-3.0264525,-8.578105,3.3995361
