-0.2885955655088347,0.23394848902527568,0.00969511574907404,0.999999812422798,6.928440002374226e-05,0.0006085672030858607,-7.297623812161153e-05,0.9999815837188375,0.006068516922134854,-0.0006081355419871585,-0.006068560194764556,0.9999814012012049,-0.34430417,0.03451538,-0.0040356447
-0.35414564512770735,0.28359324505723094,0.010448053065967387,0.9999990282582916,0.00015233159199762496,0.0013857407977910202,-0.00017145712016825417,0.9999045946504602,0.013812030964154082,-0.001383504582040346,-0.013812255137554007,0.9999036491197973,-0.34430417,0.03451538,-0.004035644700000001
-0.4143143366088571,0.2139454753644462,-0.028661659683316406,0.9999968107652398,-2.9479173607985098e-05,0.0025253891437465193,-3.0364187307473418e-05,0.9997192721588231,0.02369337359366363,-0.002525378657777592,-0.023693374711321963,0.999716082924259,-0.6330390082853365,0.07320554440290895,0.010274814721775787
-0.48295197653696076,0.11899193979812205,-0.10338621383945099,0.9999906763211999,-0.00033658274821974873,0.0043051112323537885,0.00016777059672530632,0.9992332349410722,0.03915244618445516,-0.004314988261422313,-0.03915135886854228,0.9992239748800318,-0.6330390082853367,0.07320554440290897,0.010274814721775787
-0.5673868720938183,0.14034020475213743,-0.1969042262705564,0.9999838369424572,-0.0006171114685451603,0.005651993212717367,0.0003165334941681664,0.9985929672119428,0.05302815894781428,-0.00567676495799173,-0.053025512805469174,0.9985770222328014,-0.8304582370710504,0.08121872324195735,0.013043365372692546
-0.6593569761633713,0.20926592633063462,-0.2742518324713662,0.9999709604390865,-0.0010454854844980201,0.0075488567765436086,0.0004945135387265633,0.9973592942352667,0.07262364393839414,-0.007604849432505587,-0.07261780196778432,0.9973308483660157,-0.8304582370710504,0.08121872324195735,0.013043365372692545
-0.7545932359150328,0.1902586906997631,-0.31822474186086713,0.9999619122185404,-0.001014321977522134,0.008668636753627699,0.0002397155138176528,0.996040959521781,0.08889516011236097,-0.008724485584426424,-0.08888969628621629,0.9960032656801038,-1.0602267519857254,0.0723194045585569,-0.007889773787694246
-0.8428216902366509,0.11916224438619243,-0.3611153819912567,0.9999500965515984,-0.0001723059159084932,0.009988729504828247,-0.0009532364955885513,0.9936436988097087,0.11256682973213875,-0.009944634062285117,-0.11257073388066802,0.9935939483143681,-1.0477815720744064,0.054082284158771796,-0.04273031718928871
-0.9225658989548752,0.07411400362439444,-0.3932808506511411,0.9999438884011558,0.0009419547522694587,0.010551434519624344,-0.0022776860493367904,0.9918607606586903,0.1273068875270499,-0.010345636540972229,-0.1273237769892527,0.9918072512427771,-0.9916583160875545,0.028362693015056957,-0.07832518191841467
-0.9062158605106615,0.158319972043339,-0.4131646076232661,0.999934201730641,0.003659820996995992,0.010871886661299601,-0.0052230695029987124,0.9890571743039183,0.14744024383768356,-0.01021331260037809,-0.14748732714446583,0.9890112115529877,-0.9242309922338059,-0.002541327325656881,-0.12422472065820964
-0.8348107484320616,0.2514743323122939,-0.41566062290552447,0.9999113462501927,0.007488400865012864,0.011010154068514336,-0.009204439469242421,0.9862247447986277,0.16515456712104198,-0.009621742783124115,-0.16524126784603957,0.986206238809332,-0.8476809311888345,-0.021778727082546433,-0.17932511389952338
-0.6958347311517407,0.3944758199651045,-0.326368897263719,0.9998668339176637,0.011883120800394853,0.01118507360327171,-0.013683444817518159,0.9839662206031379,0.17782924407954587,-0.008892568211339037,-0.1779586135932172,0.983997791704121,-0.7362933904848544,-0.03314680824992711,-0.24855346672630743
-0.5111549277428352,0.5772166433763618,-0.18490968465448548,0.9997788842537366,0.017557110728405594,0.011572832981793135,-0.019438847533342372,0.9815490187494705,0.19022001734446042,-0.008019588950154593,-0.19040291923923294,0.9816732728042711,-0.7057051895379161,-0.036933373666451885,-0.3145927807991225
-0.2831339429062101,0.6750092777794516,-0.0646164657702416,0.999583549972734,0.025987135375063416,0.012545733095571061,-0.02801588531552643,0.9781372153643508,0.20606479099851233,-0.006916414815093683,-0.20633045513028717,0.9784579226986893,-0.7266176469753923,-0.03203378960865448,-0.377717665935572
-0.0022570397736231436,0.6420482822177327,0.06521636363194208,0.9991845948744128,0.037930541448856284,0.013835439676884335,-0.04005655669824638,0.9742410233450002,0.2219231864793914,-0.005061386286016911,-0.22229642924951173,0.9749659891051485,-0.6331448677939685,-0.050106156765444894,-0.46139890973650044
0.42756477621492944,0.6431031989270556,0.2798623385509471,0.9988638039156736,0.0453736457057527,0.014571667800225738,-0.04750371268996139,0.9724146284887245,0.22837072400333033,-0.00380769060992423,-0.2288034584015384,0.973465191424796,-0.46753538085832524,-0.06673725044654467,-0.5160613137153158
0.9666547986100745,0.74179465026584,0.5022473236525764,0.998260142659554,0.05674279217083532,0.016029445217630483,-0.05892335535232334,0.9700338653983901,0.2357166480634778,-0.0021738839323778908,-0.2362510434197382,0.9716896205639606,-0.3629736308494121,-0.05745958150349064,-0.5357310741012041
1.3447916356917002,0.7628759871927026,0.6015605004980497,0.9975336650132962,0.06800916048202395,0.017359183611911213,-0.07018870598623217,0.9678152105182136,0.24167594799972078,-0.000364303609627769,-0.24229831278842162,0.9702017289732916,-0.30410510371693267,-0.067423801226596,-0.541826361353091
1.4557194614122129,0.5825598967234206,0.6084590199414208,0.9967194759367284,0.07875010042799487,0.018673724079438327,-0.0809221131017317,0.9657582869241118,0.24650059401258032,0.001377642756599301,-0.24720306009429804,0.9689627181581603,-0.26333064739790785,-0.06892281193633715,-0.5477651638387109
1.0062964946300768,-0.22086153350046867,0.8652244473971856,0.994693722260549,0.10052376204383245,0.02189456918985816,-0.10277478720745693,0.9612635395755268,0.25575330026646975,0.0046628328209872465,-0.25664641191196114,0.9664941165070793,-0.25181181487499393,-0.05967169818116059,-0.5522039357910051
0.6981891477412865,-0.528714057555403,1.0575097369421531,0.9934599196157302,0.11154740398573024,0.024383699086719363,-0.11405435847181677,0.9593923791747058,0.25798811231349256,0.005384369107861466,-0.2590819164772818,0.9658403434956365,-0.1122125247871861,-0.019268308810036397,-0.4930956054504521
0.5163489325473503,-0.519521047994468,1.1315722074378998,0.9923495460110764,0.12052213801254755,0.026772986021281187,-0.12333705453499606,0.9580938590920365,0.25854231403923017,0.005509038958173217,-0.25986644919845453,0.9656288516147103,-0.04072369111200255,-0.0013552982439650196,-0.46361917676165604
0.446761970569783,-0.26547496651430863,1.0365417936585914,0.991157769482376,0.12930784685890773,0.02976166553530165,-0.13259555223202696,0.9568258637527048,0.2586555353789548,0.004969459025456721,-0.26031470798747275,0.9655110342623697,-0.01886411446637095,0.028708661776715882,-0.4509383231949573
0.34320959882692403,-0.07267302593900166,0.8375332695935368,0.990045237475199,0.13668673096354664,0.03357328299669698,-0.14070632720028037,0.9552630837994576,0.26014259592722916,0.003486723172967315,-0.2622769115047092,0.9649863545424183,-0.09144364175727734,0.08825704807119095,-0.41416620292072737
0.040454496607796625,-0.1389441869274457,0.5664077280798776,0.9888894525377092,0.14352786827231628,0.038696274870778695,-0.14865027902743094,0.9532689571136568,0.26302355398045185,0.0008632524179723001,-0.265853430357115,0.9640130747882092,-0.16137371069490952,0.15372313103710394,-0.39438436337799776
-0.4000836305274913,-0.3536457680759726,0.28328110557847525,0.987754397588175,0.1496216920407679,0.04421085065998741,-0.15600114645319582,0.9511885137416313,0.2662781508709915,-0.0022118658437218753,-0.26991435789309837,0.9628817928762834,-0.1919552539748784,0.19109485926490502,-0.38594717799059697
-0.6922639872054824,-0.46689992508357003,0.13473811423912063,0.9864575571224656,0.15577147866087598,0.05134914246394237,-0.16387925269012152,0.9488979523604482,0.26969661945207113,-0.006714054937611059,-0.27445932748214663,0.9615752695573773,-0.19135672722206443,0.2520696643593361,-0.3859616758523825
-0.7090430660038812,-0.34659822117807276,0.10292121835890397,0.9851779767015111,0.1610529587657383,0.05904488712089279,-0.17112439397161983,0.9465698141532359,0.2733533038427626,-0.011865749456455426,-0.2794056753301715,0.9600998242803337,-0.2181546336777665,0.30685696918879046,-0.3773662607282603
-0.5241110358581988,-0.10935184815173218,0.022400536632485146,0.9838440659342466,0.1657273441518914,0.06771485307029074,-0.17813150280645448,0.9439897750474119,0.27776333867854186,-0.01788914849523511,-0.2853379610326969,0.9582599993528994,-0.2532122687917757,0.35089987492921737,-0.3521319156108541
-0.02916627517113428,0.0985759273614569,-0.5445702742479179,0.9813317493124565,0.17300737454220716,0.08400265558520892,-0.19021652416688817,0.9375709420785456,0.291167310156576,-0.028384357051418056,-0.3017104189847619,0.9529769941351245,-0.3904945372159368,0.3517238977057115,-0.3115273872529687
-0.00416052252842096,-0.0988700095039784,-0.8049107538697868,0.9803641080133314,0.17558066200023054,0.08976439634279504,-0.19460093870235018,0.9350210276351536,0.2964222537804223,-0.03188558256312238,-0.3080699742131028,0.9508292173744708,-0.387909383760961,0.3103141492388965,-0.28138396774041263
-0.1260205569306974,-0.4013289122285013,-0.8561610939381602,0.9790844815806723,0.1789092291197073,0.0968765485744545,-0.20021469374733544,0.9318899419515926,0.30248175564340685,-0.03616150350258124,-0.3155513014158699,0.948219237222692,-0.30263105278122054,0.2518146453705561,-0.24003508388013833
-0.2526429804378564,-0.6006844055552012,-0.7537847197267098,0.9781764163506894,0.1813226375178106,0.1014544213866901,-0.20408833631778797,0.930074683250393,0.30546527553179953,-0.03897241940604688,-0.319504592612165,0.9467829560281352,-0.18351165056257351,0.1864345243281364,-0.19763670630698527
-0.3302613955837996,-0.6065529832037727,-0.630237347909338,0.9774090937573917,0.18358546175464763,0.10472746379383031,-0.20737750113345366,0.928693458205014,0.307445983403355,-0.04081709769201587,-0.32221861975923205,0.9457849256656907,-0.1187967929112087,0.1165201125200737,-0.1583465222245556
-0.3483067479404258,-0.49037982850218503,-0.5436350410439266,0.9768434091470708,0.18537531971761226,0.10683138511468629,-0.20985159702325806,0.9274498583666004,0.3095142443290138,-0.04170445099407728,-0.32476568638845693,0.9448745883512357,-0.12668378321170765,0.07382098971715062,-0.1250653380593627
-0.33236556785830945,-0.40694809832047873,-0.47490461455236416,0.9764425291358902,0.18671763127178356,0.10815042055841137,-0.21168103438302377,0.9260998099660575,0.3122983856240134,-0.04184646911317603,-0.3278348183965307,0.9438078220006835,-0.15138756509111928,0.03966762439808541,-0.08365964382639567
-0.3182859386759218,-0.42521235029073656,-0.39961166401077897,0.9762495686990195,0.1874678948956815,0.10859359096355897,-0.21264710386732572,0.9250477244820255,0.3147505625848269,-0.04144862882916303,-0.3303672135881649,0.9429419469692577,-0.13914603357386815,0.009235842742666103,-0.04506133318349681
-0.3187495400844206,-0.48244757575027514,-0.3063697288607008,0.976221686279431,0.1877660611020233,0.10832878442951452,-0.2129148477103707,0.924411144028217,0.3164353084295624,-0.040724524088250724,-0.3319758170329189,0.9424083881434373,-0.08818540520825152,-0.016917360423955488,-0.00965100926543664
-0.3355921045896767,-0.49923341555350914,-0.19935749509044356,0.9763272684188165,0.1876824744866376,0.10751908534035116,-0.2125901987028553,0.9242877993497075,0.31701336153032256,-0.03988072663998849,-0.33236629303202103,0.9423068369160967,-0.030694751189873228,-0.039641063477041494,0.01909255526475669
-0.3536081960460866,-0.48492890540513167,-0.0948731936420732,0.976534858878722,0.18734828763098507,0.1062087026399096,-0.2118120833316811,0.9246693326906362,0.31642102732932603,-0.03892699255539698,-0.33149244984341786,0.9426544674202745,0.03905465216482053,-0.061797435129934145,0.04191751308386446
-0.35352474193502575,-0.48787507217523757,0.010576241984124768,0.9768610204277328,0.18678703684108097,0.10417845092444877,-0.21051492902866384,0.925738727199277,0.3141516729535576,-0.03776256645072805,-0.32881364301316807,0.9436395375054308,0.13000400595736097,-0.08905194717033829,0.06278784734407335
-0.32972519024549074,-0.5179600254368154,0.1187262781093813,0.9773246323302062,0.1858966425823235,0.10138540978487884,-0.2085849598557226,0.9276331348988522,0.3098210476383328,-0.03645377295444768,-0.32394321310122765,0.9453739562326848,0.2328441263511229,-0.11518173143421975,0.08736892632919853
-0.29484613685395167,-0.5854821359209718,0.20423901117528512,0.9779972865277123,0.18446894372904543,0.09742954553892963,-0.20565912875747583,0.9308980582716755,0.3018826392238214,-0.03500900317272646,-0.31527767746149465,0.9483534972737423,0.37206913657182294,-0.1422806963442177,0.11490787090574292
-0.272073942217107,-0.6964669455438027,0.2512027007090929,0.9786164161930196,0.18318585179414795,0.09355668688011172,-0.20288178942573865,0.934567820029977,0.2922703701777286,-0.03389527219157493,-0.3050015302697165,0.9517484841365341,0.5866268182784422,-0.1869110781927691,0.13999558778540963
-0.2636825306135356,-0.8279449285118435,0.25656034002149497,0.9795148734719973,0.18133104312860998,0.08757662613407406,-0.1987250217166731,0.9407193916579979,0.2748734106862897,-0.03254194817224226,-0.2866462610195642,0.9574836513761783,0.8320758232433397,-0.2326017117055334,0.16203562569198487
-0.24633458369506162,-0.9590488690389022,0.25226694839954616,0.9804911593182383,0.17913115150948894,0.08092661526136782,-0.1940133518477856,0.9480452988344589,0.2521287977654843,-0.03155797527669036,-0.26291090109914744,0.964303869265114,1.182538982762622,-0.2863773806625023,0.19799285628664703
-0.23582152077191676,-1.1360064070327398,0.18827933773503014,0.9816161992491089,0.17633082250144483,0.07305531060571688,-0.18837502661883238,0.9566621067789504,0.22206409615157094,-0.03073250263300916,-0.23174351013399266,0.9722913446044289,1.5777030360590185,-0.34971438898960483,0.23843860756944318
-0.22991756870980284,-1.434386620004806,0.02432592991048438,0.9830633584369063,0.17209564504331695,0.06300414475155841,-0.1808070468585491,0.9668852750015522,0.1801157316601269,-0.029920646801849516,-0.18845676942550274,0.9816255910237172,2.0739726786762636,-0.42923060634416144,0.30429038585169216
-0.2368377348733287,-1.895019585727715,-0.2799727795931866,0.9847112025542017,0.16639129110136217,0.05155371771152488,-0.1717961158965068,0.9765913120063758,0.12944305263914074,-0.028808716165976113,-0.13632075248943998,0.9902457827800032,2.704491988361461,-0.5435766770045932,0.39710273422210485
-0.23570166684933513,-2.471247170895748,-0.7827403453835595,0.9869126274401983,0.15716236307737977,0.03610342685976532,-0.1590883893056278,0.9855160047003475,0.05872894403618631,-0.026350525369060802,-0.06370397249307452,0.9976208967846334,3.4571661581527096,-0.7005504643467056,0.525472697265873
-0.18585212042286647,-2.955208863513691,-1.4815537782666712,0.9893930553202344,0.1440933366507583,0.018398163412224174,-0.14364796826018492,0.9893475529112332,-0.0235940832260034,-0.021601928127195393,0.020700963296570563,0.9995523131981545,4.234851495530607,-0.8944555009872845,0.6963163342592331
-0.06608479055159672,-3.0119455320821604,-2.2821046466056236,0.9921321284307331,0.12517351531574755,-0.002330407475443913,-0.12448527792721015,0.9843557466747872,-0.12468832971736929,-0.013313726559024913,0.12399739937523097,0.9921932219246868,4.939095192217862,-1.0747944614957978,0.8527073754074722
0.10883034171879657,-2.56930391131242,-2.9267056651434378,0.9945764397646152,0.10164611217342212,-0.022040266449635835,-0.10398798583806937,0.9676225307115536,-0.22998507964802853,-0.002050430804563243,0.2310296646307497,0.9729445461043084,5.436479426894299,-1.2017324331102626,1.0071485879598905
0.2971806448970051,-1.797310768372679,-3.3066231355467783,0.9965934322898332,0.07156919741430437,-0.04098024765959743,-0.081338471089742,0.9350496344482421,-0.3450597545918561,0.01362291589758913,0.34721755586329606,0.9376856536509267,5.782382488896769,-1.2987867794711234,1.1327426360107946
0.40664444568272934,-0.9464899161114864,-3.390763824384698,0.9976601539510329,0.03843940695594728,-0.05653874080023678,-0.05992833674194494,0.8897081836007641,-0.4525792112870111,0.03290610389799008,0.4549085183052787,0.8899300131468487,6.010295201810634,-1.4245588653448793,1.249206542554182
0.4973191741848633,0.7723809466721192,-2.6258110371284173,0.9957608574023453,-0.043285952639396004,-0.0811581244820632,-0.020447427090829355,0.7560944809117192,-0.6541429802881044,0.08967841206617853,0.6530294497485836,0.7520042022291834,5.91921439814488,-1.637914627630763,1.337072691886846
0.33646623790481994,2.234777945016557,-0.545744335245475,0.9873580528387198,-0.13121905054598984,-0.08891364500649405,0.003608146102792833,0.5794101733273915,-0.8150281175066435,0.1584646862118901,0.8044037616884514,0.572558758037318,5.503975502743973,-1.6644922565210263,1.2544529682871177
0.07884706776246192,2.5620645213105084,0.6685676722522769,0.981406974693702,-0.1706503990643859,-0.08785665211992358,0.007852339057102507,0.4930473722722758,-0.8699670278043509,0.19177771193203802,0.853101828619872,0.4852201347960969,4.910435375586034,-1.6302428521635617,1.084904450792054
-0.25595371567346215,2.5194556185639305,1.8458395643997183,0.9750334924819478,-0.20470115597643687,-0.0860646575567805,0.007638207787479725,0.4182654069587939,-0.9082927430753754,0.22192644349029422,0.8849584657392147,0.4093863304951012,4.108966206670083,-1.5054707315534728,0.8579483557310679
-0.5164727577809995,2.257916286691481,2.698905970266903,0.9707464627672409,-0.22364927553088168,-0.08736307331705787,0.0055608609696434445,0.3846946274627506,-0.9230271504276415,0.24004245843218275,0.8955395274111618,0.37468463138221525,1.9085473353970572,-0.9699310612762997,0.3404234294844408
-0.6345467665810125,1.9907516826946576,3.1700075936344736,0.9681234494997045,-0.23361975867252804,-0.09032604766390902,0.0036876356552624466,0.37387632820818245,-0.9274712354293482,0.2504463772388554,0.8975735622016487,0.3628199451030438,0.6876913105168306,-0.6222647185610294,0.06134048335624109
-0.6509804000429126,1.832091676204897,3.3665326176001336,0.9641664340167532,-0.24795371448135756,-0.09435063852627251,0.0007784835451836603,0.35828279595971835,-0.9336127848753233,0.26529696846889866,0.9000846591261202,0.3456372736367245,0.6876913105168305,-0.6222647185610294,0.06134048335624115
-0.49264457156791497,1.9771934825122757,3.3313387946139317,0.9644957700966037,-0.24407775524402214,-0.1008660441417165,0.0007204063226329201,0.38435622879513237,-0.9231845808943703,0.2640973125203848,0.8903349587550873,0.37088579204127936,-1.7539111705224202,0.07924803995883704,-0.48532976148741325
-0.2573819980298505,2.26303053926818,3.1629369020208116,0.9664603239458004,-0.2322686997791513,-0.10957049484912132,0.002047224356615563,0.43360410056306053,-0.9011011557241135,0.2568078096768331,0.8706541994832402,0.4195366656338701,-2.9425396866463696,0.41916050537561,-0.716733097205793
0.009076110446818886,2.624720810000225,2.771073822167133,0.9707377962396799,-0.20774834014687427,-0.12045230640360734,0.004823445959164452,0.518354761673779,-0.8551520773635524,0.24009345122432832,0.8295474478390844,0.5041886219093532,-4.080577190140281,0.7331611434954566,-0.9225085194238931
0.2518908737156724,2.9040943049845573,2.2153421894545393,0.9756972250376172,-0.17823936003421917,-0.12745844651683774,0.007955599361385957,0.6101064104378171,-0.7922795443411897,0.21897861423594478,0.7720109445320539,0.5966971325807017,-5.21380248665446,1.002131308126169,-1.0759568366712897
0.45499679317341085,3.152404176817299,1.651766275463282,0.9810236074973476,-0.144599301278707,-0.12916548920899923,0.01075707510385193,0.7057505330711052,-0.7083787619664083,0.19358968688465944,0.6935468456705436,0.6939133994904113,-6.413216010333167,1.2665495916120948,-1.2056843870097291
0.5520342959845979,3.5415946029843672,1.2174708042179911,0.9856996770783747,-0.11256250676966822,-0.12540266614915616,0.011872462665365438,0.7887186089798099,-0.6146397322653437,0.1680928054315468,0.6043613471414947,0.7787760723362462,-7.586871471041822,1.5046185363258533,-1.3255937265431192
0.6314917033580392,4.307162782955151,0.33960984844642916,0.9918930867278106,-0.06387737206227512,-0.10985347441020717,0.008737560535477373,0.8967133426239143,-0.44252552038965565,0.12677444355020953,0.4379781529924345,0.8900018977304884,-8.66399207545341,1.70560675962953,-1.428095396321026
0.7896693151857603,4.92192211333126,-1.2923165885717134,0.996336119700125,-0.01722111249962464,-0.08377213059946398,-0.0034697728017628656,0.9705713698270239,-0.24078865577264824,0.08545348007894432,0.24019710522062918,0.9669555591577246,-9.572368783987923,1.8372139303604782,-1.5720309386134232
1.0602269060539098,4.793833237824011,-3.1449850231947147,0.997936490178955,0.007583229982703159,-0.06375936160547699,-0.014495218654070913,0.9939738289413597,-0.10865503216981401,0.06255118068813104,0.10935502733154098,0.9920326747601811,-10.101992209979668,1.8313243386694604,-1.5875304406692377
1.316751774474252,3.2230142352592814,-5.281880724580237,0.9988409990770413,0.04119717286290835,-0.024888782832472367,-0.03787638660316228,0.9918451506656727,0.12169049444749916,0.029699122893885255,-0.1206067578914744,0.9922560012669319,-10.20856013666982,1.724146588846323,-1.5081641081129749
1.3915022593711772,1.0902029078157527,-6.21439276026981,0.998263068421132,0.058014841618549334,0.010253018014280576,-0.05834035309842262,0.9492344688929645,0.30911215806862563,0.008200574783383766,-0.3091734160911419,0.9509703199131696,-10.27076296082114,1.6422515493429142,-1.2871191005866414
1.2801570651302863,-1.14384471988456,-5.8405131475979095,0.9968741639648657,0.06311857707453455,0.04751785398601473,-0.07832942487969717,0.8681235738615453,0.49012851549759295,-0.010315154742708084,-0.49231850029624574,0.8703540037528925,-10.103328887098332,1.6325305999956385,-1.0045627858094752
1.0648745963035928,-2.789122438335066,-4.65179022855792,0.9950486969369998,0.05694099030343729,0.08146050789948958,-0.09613560330178922,0.7593944767331995,0.6434889078180847,-0.025219764110314468,-0.648134054289986,0.7611085409899473,-9.631385627839892,1.6055856669970805,-0.7385344822349946
0.8519074514344839,-3.832416936034581,-3.4273127431390984,0.9930219307410094,0.04253439299378393,0.10999213826473432,-0.11221842965069499,0.6275536072031099,0.7704436995219685,-0.03625560803696498,-0.777410635056542,0.6279476374562252,-8.885919817230869,1.4667241734888168,-0.5055696977233367
0.6993461073883663,-4.599514366237898,-2.430312549484126,0.9914734548006815,0.02502133273785351,0.12788401516070289,-0.12327771541640395,0.4981181201534296,0.8583011961173804,-0.0422255054121713,-0.866748101401345,0.496955466223938,-7.926771618525572,1.2439472354169776,-0.2483715757555015
0.6088401448825325,-5.285813468483309,-1.262137820541958,0.9906621737918203,0.006554821623275562,0.13618183333893114,-0.12866777742014107,0.37528051112984706,0.9179374385108617,-0.045089471851268464,-0.9268881120607865,0.37261960126725197,-6.815345939741501,1.0100636019521199,0.029628590032584334
0.5490578546163664,-5.548073129595495,0.35411190221118627,0.9907171889535394,-0.011137157921957037,0.1354821583287567,-0.12745023035633074,0.2705731910261078,0.9542256478842245,-0.047285201639784356,-0.9626349837874022,0.26664207787690614,-5.557974451173723,0.8296014465426366,0.32076166466025063
0.43641723350709344,-4.9722928784592915,2.048049400673279,0.9913023547867885,-0.029212038412311417,0.12832107467585235,-0.12053643334541772,0.18985542880866801,0.9743848748765771,-0.0528262210510428,-0.9813773855982599,0.1846830187261185,-4.210558190109093,0.811109143715317,0.5673990557037245
0.20585219624180548,-3.6685813218495893,3.2117852625747574,0.9921357426542227,-0.050958123092635955,0.11432382883209304,-0.10768613430565918,0.11805091061345666,0.9871512948791779,-0.06379940929395359,-0.9916991742429812,0.1116350445851709,-3.018140030354599,0.8105505441763274,0.719985424572843
-0.0899161491499263,-2.3279450847359864,3.756997144782477,0.9924452826557638,-0.07115176402942225,0.09994892400532546,-0.09438211944690666,0.07772087982991153,0.992497597159396,-0.07838607314460075,-0.9944329496320842,0.07041826625956787,-1.931280372052732,0.9133232222147635,0.7920287536710974
-0.3773835238767023,-1.5691249663085496,3.847508566191857,0.9922475923375643,-0.09042594408634287,0.08525176911008983,-0.07983013485807484,0.06197368951432275,0.9948800989951122,-0.09524633887372272,-0.9939730431174062,0.05427452889778075,-0.7465003733444295,0.9375879850751928,0.8179789113293404
-0.5505792857611115,-1.8501445619908754,3.641336846702821,0.9915380381713751,-0.11017313516598067,0.06866002582987524,-0.061100190451882176,0.07058878079444919,0.9956324576633173,-0.11453857684642448,-0.9914025944658673,0.06325986168451475,0.5112099239198709,0.9129362872407599,0.8675258307917748
-0.594606589984428,-2.827193384777861,3.2173704683532036,0.9901949511867253,-0.1290619403348688,0.0534506707284169,-0.04043158081407407,0.10146847661917766,0.9940168185324927,-0.13371329745838248,-0.9864315302186887,0.09525539498224726,1.7381647832983709,0.9227062964680214,0.8728445171703187
-0.548334718533964,-3.844412674318933,2.6936787904760173,0.9874722319226447,-0.1527853642635111,0.039436323973932125,-0.014489237994577547,0.1610721975743782,0.9868362625840708,-0.15712623321408561,-0.9750448090397837,0.156840578934554,2.9577705918373884,1.0258160709971968,0.7926768948618874
-0.5330905701983075,-4.5875873164190875,2.0941712394617165,0.9834629930771425,-0.17829806870286813,0.03178584503479116,0.011705608320185435,0.23771697375676087,0.9712639286629468,-0.18073051757133568,-0.9548300576986233,0.2358729338725457,4.165282055279995,1.2169106923021225,0.6429840327051686
-0.5463994216495593,-5.2763759681702735,1.229221222911313,0.9774894835461982,-0.20864409984143067,0.031336068003914856,0.042843145584780265,0.34171972090010677,0.9388248490662965,-0.2065884179546091,-0.9163488811306061,0.3429664030451081,5.472006144156994,1.4280730715516905,0.4555512029939288
-0.4900160085604809,-6.059542212864633,-0.06574419555689648,0.9696006843935545,-0.24152152377189307,0.03926660640358054,0.07959995704637442,0.46307384364314896,0.882738048444597,-0.23138357690589514,-0.852777795729031,0.46822181863916873,6.755997800162813,1.6640820653216126,0.3173861892122134
-0.35097433506548836,-6.822243691435598,-1.9048992938840834,0.9600907914609812,-0.27389432324316143,0.05663542925587716,0.12214698503128035,0.5927724807204554,0.7960533274525554,-0.2516064112847588,-0.7573656222695146,0.6025707659725266,8.166453118630514,1.9089369504468428,0.1759149577343685
-0.3309499400141651,-7.055356634168302,-4.297625812782277,0.9486934570490365,-0.3048940823761571,0.08378736828633089,0.17393581222736754,0.7244986950075085,0.6669692452858849,-0.26405881499611844,-0.6181757350983771,0.7403591714556039,9.499073430698799,2.1173650827684796,0.11176459754213297
-0.6688529244371629,-6.112325215305384,-6.865900021581694,0.9369165264161531,-0.32931847050404334,0.11720395690064273,0.22966498970465252,0.8327126834191124,0.5038289187580468,-0.2635173903791784,-0.4451279949158654,0.8558151979895721,10.40787656375986,2.1985226121554944,0.09416543832801116
-1.2988933870289792,-3.759241686832428,-8.900089411570224,0.9245234425340862,-0.3472434886549348,0.15709348742603088,0.2897814916077025,0.9081808387264261,0.30205008076770934,-0.2475542189633165,-0.23372959538089094,0.9402592115563393,10.84126444802498,2.1993275077044014,0.13411015480128402
-2.599065423201364,2.111429601716501,-8.67893295202207,0.9035333024822062,-0.3619111002767634,0.22945136042756606,0.39200809435918443,0.9143504273267563,-0.10145417686945213,-0.1730815566791541,0.18161401802680235,0.9680181419754912,10.421605844699442,1.8922258715081888,0.33992532274990706
-2.9322999934506786,4.0973153805382445,-6.965011172051777,0.8944641282239147,-0.3564580141686288,0.26994741609356054,0.4317542666593774,0.8455336755783995,-0.3141035763634411,-0.11628489386870364,0.3975053302760083,0.9102018105124308,10.421605844699442,1.892225871508189,0.3399253227499075
-2.807789530620424,4.871922722190778,-5.243559956124497,0.8902890385965467,-0.3514452683108903,0.28960602745233566,0.45058622871860204,0.771993518975966,-0.4483280686598279,-0.06601119786812262,0.5296340529469289,0.84565376586108,9.124046889767135,1.185476029626316,0.3136605257123182
-2.52392862794196,5.446530222767393,-2.954050862505335,0.8860968917006489,-0.339626936227657,0.31541376429550994,0.46344183142433626,0.6384150638728405,-0.6145306136445057,0.007346251051094224,0.6907095991868445,0.7230949330389779,9.124046889767135,1.1854760296263158,0.31366052571231795
-2.0677484117170546,5.27568448376799,-1.0915446666160031,0.8853334674515412,-0.3365193632272357,0.320841658117157,0.461142128103316,0.5473076658973893,-0.6984284190511546,0.059435587812149984,0.7662956590135998,0.6397330489183265,6.8357332068491665,0.328301376481021,0.11467913833747212
-1.626415386272821,4.671816276636885,0.8462930243698161,0.884829556021989,-0.33177002273812484,0.3271166593163268,0.449221912574242,0.4212464179732413,-0.7878776101704199,0.12359745164472381,0.8440853673397362,0.5217696451403374,6.8357332068491665,0.32830137648102053,0.11467913833747212
-1.1268950106061038,3.7650858347720564,2.0208664097277476,0.8859895211939748,-0.33497315516377296,0.32064864517739344,0.43693042776435703,0.3714982167218796,-0.8191952613791891,0.15528802152171023,0.8658995670931416,0.4755034911331182,3.890331629034289,-0.3770531507809972,-0.2886408262144
-0.5791387417327907,2.7624038609026353,2.7647680325201027,0.8881363877185966,-0.34256118245960404,0.3063749224105007,0.4182604528785514,0.3262206750653377,-0.847725347455025,0.19045196341332812,0.8810402416642462,0.43300824726581805,2.4807437783589754,-0.5670738023038997,-0.45253969166432073
-0.08007658532629391,1.9122498064919444,2.9712153853840086,0.8905442323450874,-0.3493312262016572,0.29137375420127576,0.40277268746200356,0.3078015120131047,-0.8619932664685266,0.21143588264893487,0.8850005218093905,0.4148119380220069,1.306320919297261,-0.6090203826076518,-0.5994010215395422
0.2912428551106653,1.3043357337740296,2.8053795641196704,0.8936905990639953,-0.3549164741689747,0.2745021120284885,0.38876076061127546,0.30706291914579825,-0.868664166807059,0.22401380348893687,0.8830326494808245,0.4123968426131511,0.33045406273011657,-0.5742407962665945,-0.7223729432448776
0.5250065540657395,1.0564382378417605,2.597768458575583,0.8975238306807255,-0.3590129778162672,0.2560481500024808,0.37710457186139573,0.3239241259756922,-0.8676781099532914,0.22856752884307507,0.8753187090256785,0.4261150576876982,-0.6534802673817083,-0.5430792260257048,-0.8400358926743503
0.6263285329500748,1.2009282430987172,2.564529568590993,0.902749981049289,-0.3617806672986915,0.23271703952315562,0.3664467703298813,0.36342947065689857,-0.8565254137343763,0.22529810525236943,0.8585067085509349,0.46065930484766404,-1.6850871509043353,-0.529622605695838,-0.9671142722647642
0.6296949831051081,1.5451733015246167,2.6190321206708345,0.9062105188921283,-0.36258382089049845,0.21752119041074297,0.36176264331890223,0.3985571098857623,-0.8427811222722231,0.21888418249882863,0.8424281589476666,0.4923459268277387,-2.7455209589142995,-0.5552031900685666,-1.0758372344974174
0.5680327639760123,2.0584522118016966,2.5887371050620107,0.9126393918294541,-0.3628134180674457,0.1882970104685182,0.3558081036175023,0.47833733441527704,-0.802866108329778,0.2012211069477583,0.7997248390382181,0.5656414482196435,-3.881074742464973,-0.6499935754824482,-1.1934797973181455
0.449006478165322,2.659359733422092,2.5516332249445233,0.9186265151584613,-0.36137806840354403,0.1597849095651557,0.35195026544171976,0.5645464655932703,-0.7466045130064833,0.17960049082150256,0.7420870433197639,0.6457944594324163,-5.083778668774503,-0.7652806017751247,-1.2712348707416221
0.2509712553822001,3.5843459807805047,2.3478130143930054,0.9256561626313634,-0.3570862250001027,0.1251003457139718,0.34848079142303645,0.6758059110496862,-0.6494978896035588,0.1473831964362067,0.6448067916092995,0.7500015966001462,-6.3949216623722736,-0.8895752437299236,-1.2995407437635678
-0.049023156119862854,4.81821703205164,1.6806828571030492,0.9321772722583689,-0.3497874421025391,0.09324311466435517,0.3441990542665887,0.7766444295370353,-0.527589273119799,0.11212735672855771,0.5239009213739318,0.8443667926065146,-7.763356647035401,-1.0123763731742494,-1.3130014947704145
-0.08955441523400354,6.446959380068725,-2.0763063963464443,0.9460369703581728,-0.3220604221907648,0.035932369443670495,0.32173367360350813,0.9201988730111919,-0.22298313249778023,0.03874911592696674,0.22251094033156515,0.9741598367042453,-8.940628056135457,-1.1070063497788818,-1.3497882417793925
0.3831298144946982,5.569319781794227,-4.874292063170159,0.9556414508701507,-0.2944641913362348,0.0063448719050045455,0.2943488320720823,0.9555844997403832,0.014731901225622818,-0.010401078626509137,-0.012210809826445512,0.9998713485677987,-10.030861789489048,-1.1029615306646978,-1.345605860644624
0.8328103629343531,3.7517787602626886,-6.78923944021996,0.9630517646939835,-0.2690169421799645,-0.012695800090827472,0.26556045424133323,0.9407197947788921,0.2110069023854313,-0.04482124120259818,-0.20658207214397878,0.9774021198083004,-10.114761869801933,-1.1229991082830264,-1.2383508352553174
1.296572658127856,1.2225068946523359,-7.5246223698304,0.9694483957294017,-0.2437034207238794,-0.027900730190616427,0.23351525312548935,0.8820768935527781,0.40915886941140434,-0.07510282668068138,-0.4031736556221903,0.9120364953425997,-10.11518933038573,-1.0977986287315713,-0.9749805266584941
1.6674832234473014,-1.1523052591970395,-6.8673324456914795,0.9739906110740996,-0.22345306584166796,-0.037563504967743064,0.20384597147324235,0.7917206127461476,0.5758691615870689,-0.09893992851034716,-0.5685483257550091,0.8166784506937503,-9.8952654806899,-0.9650321156076396,-0.6844211675312947
1.8049099603008114,-2.955383541539688,-5.379417720522667,0.9774313201042691,-0.20696561945996847,-0.04234674533866036,0.17351985790347432,0.6722146015894193,0.7197349431027616,-0.12049428779981226,-0.7108394767959434,0.6929562503045098,-9.241543219564978,-0.7131021358899099,-0.47191589932301947
1.7977826886623318,-4.088420552050616,-3.5952873071121525,0.979725595707099,-0.19567162627214912,-0.04301594807024703,0.1449461217136174,0.5440634525331354,0.8264294170816435,-0.13830538281842494,-0.8159090478048017,0.5613947334930316,-8.25242020337642,-0.457502785239717,-0.32905121438176765
1.4852048096715424,-4.77727062428301,-1.3746695552212929,0.9825886903892073,-0.18139579270298992,-0.04018745959719689,0.09900547206121976,0.32817154425093065,0.939415432088431,-0.15721762630556896,-0.9270377575555456,0.3404168239750043,-6.901615592948108,-0.3252853645600013,-0.25465820250757076
0.9058410522649908,-3.8465804118427576,0.5916213612803821,0.9836398411161972,-0.1760324374767717,-0.03827850473684484,0.06585855207683747,0.15361387378170446,0.985933785251383,-0.167676218013303,-0.9723247187733974,0.1626939678506555,-4.039350421797399,-0.10567802556030446,-0.07104829176331817
0.504846896933408,-3.021488233387911,1.3119611962865163,0.98340543913945,-0.17714089586600493,-0.039177101510123616,0.056745520481061094,0.09522474299403044,0.9938371064852899,-0.17231856596512996,-0.9795679411523793,0.10369648253538317,-2.902506792762006,0.048806004881935275,0.05074644719384641
0.16657992761741153,-2.2724429712762015,1.5067112537650817,0.982191783870943,-0.18337456195137214,-0.04090317500582681,0.05444152588795897,0.06941151522997936,0.9961014816837028,-0.1798205215079904,-0.9805895224723861,0.07815861092658678,-1.4426647261545986,0.343327037246147,0.1279498395614394
-0.2033947818668842,-1.8548062874802118,1.2338433024698707,0.9806268035969206,-0.19104552657248294,-0.04327445948742959,0.0513041346857816,0.037283608815646206,0.9979868828185189,-0.18904750152125704,-0.9808728456279773,0.04636273156583528,-1.4426647261545984,0.343327037246147,0.12794983956143932
-0.5819515072834668,-2.030706513010589,0.7094671003453479,0.9795963738084502,-0.19613027970394084,-0.04386180348080428,0.05240431304028116,0.03857759867615931,0.9978805323560314,-0.19402250487021094,-0.9798186986701346,0.048068548347686,0.09775104445478029,0.3394543727428185,0.05482102142281617
-0.7247469329465402,-2.645702998242593,0.516828572634233,0.9778668093144937,-0.20437655781630792,-0.04479649379414336,0.05420445325028771,0.040666160465650684,0.9977014286051806,-0.20208508230180872,-0.9780472820923026,0.050844208155225286,0.09775104445478029,0.3394543727428185,0.05482102142281617
-0.5789199025059432,-3.5018098295966826,0.6573269150082446,0.9761276130148651,-0.21203898827548334,-0.04705688643557962,0.0627664360936759,0.06797335487040214,0.995710800146187,-0.20793089623718777,-0.9748943996550461,0.07965960024521829,1.8084162479743737,0.48717882028416315,0.17551462732336132
-0.04648361244820032,-4.19101361987762,1.3729365013041053,0.9732767142203356,-0.2240970180849584,-0.05012947278694307,0.0764492516409968,0.11035667368179536,0.9909474842278071,-0.21653625442405403,-0.9682984720938685,0.1245396300808771,1.808416247974374,0.48717882028416315,0.17551462732336132
0.5645847455364176,-4.9756285680186165,1.7610090902010143,0.9693305919074341,-0.24066940603019388,-0.04976384825811793,0.09185212247282827,0.16696404108534246,0.9816751991273323,-0.22795041388341447,-0.9561387169158703,0.18394934853065992,3.7910766313022166,1.078723162511008,0.1450287650750436
1.0332469827768838,-5.740810479420843,1.3871231068633012,0.9618192742083268,-0.27004751548943473,-0.04447497205564664,0.1185108594428898,0.2644709882138466,0.9570842557409968,-0.24669588556657113,-0.9258128513750367,0.2863768570840707,4.826060813162774,1.4251454035268791,0.09295580731659614
1.2255319075656381,-6.429599026870415,0.533102191663712,0.954722744289917,-0.29550859811908803,-0.03433875322751779,0.14171160745327868,0.3502501689325532,0.9258739868231122,-0.26157656976215776,-0.8888191534842226,0.3762688009270151,6.122102725507336,1.8394553805075762,-0.05167399465797462
1.253845293206356,-7.235728785104934,-1.20010162399551,0.9411232825624753,-0.33794494830644417,-0.008954268981066788,0.18842177557824014,0.5023653416007952,0.8438757598404272,-0.2806852356408758,-0.7958783044363451,0.5364639065405566,7.647594752765655,2.1892372744208743,-0.09124294729181925
1.1174540079247557,-7.824196661663758,-3.4466823804819335,0.9271334985314595,-0.3740544073878659,0.022511690619050916,0.23921268879881147,0.6370157451621588,0.7327948075233212,-0.28844542883959623,-0.6740135315623954,0.6800771969801148,9.103547314387628,2.497914584531661,-0.06253683853512015
0.7720594686376123,-7.302572989112751,-6.219667873978865,0.9109536656844013,-0.4075162182140669,0.06398398915866725,0.298127384529002,0.75759732041372,0.580660281658602,-0.28510258078461553,-0.509879232754636,0.8116278004328685,10.076956091716221,2.7661909769243067,0.022186301261869046
0.25871919193422366,-5.377246487960826,-8.521580377082012,0.8936802093923621,-0.4346905868384797,0.1112644464977075,0.35980240337540775,0.8423945124910577,0.4011405188337782,-0.26810056670157134,-0.318458127607023,0.9092340221831374,10.599727316578386,2.909132653988885,0.2160400074397142
-0.5617034854397135,-2.338307219759743,-9.692785586663469,0.874872136215074,-0.45474908157399263,0.16673937172150577,0.42434220589974864,0.8856001398004614,0.18880170729508194,-0.23352181389884732,-0.09442280017566029,0.9677561145455916,10.668044041021231,2.8963933346954036,0.3965643065912111
-1.5795514998815916,0.6859808499299112,-9.395383531402636,0.8594311708398036,-0.46374858676347946,0.21520992278191825,0.4744170006131069,0.8802970764176018,0.0023594024424701265,-0.1905428353892827,0.10007150206476109,0.9765649606433339,10.33497396737063,2.7129356839359215,0.5521833827570972
