-0.04065340563783406,-0.5845014831106292,0.20409213637380816,0.9999983337538166,-0.0015399147613905238,0.0009803836585483424,0.001542351766898968,0.9999957108077492,-0.0024898829553844865,-0.0009765452459772147,0.002491390903094518,0.9999964196589658,0.12786622,0.050233154999999995,0.079119876
-0.0009189560265602525,-0.8966960737615645,0.29314999114367235,0.9999875844393582,-0.0043042093363881845,0.0025109259499376396,0.004319672064057129,0.9999715389502958,-0.006185606084765741,-0.0024842303428880916,0.006196375663679157,0.9999777165158421,0.1784358098963149,0.0732210279373579,0.13360892460283003
0.05724898139140509,-1.2409215501905195,0.3908021153312353,0.9999551365534439,-0.008251463893905124,0.004651690444464606,0.008302834144448027,0.9999035395938269,-0.011134381568177941,-0.004559366793024142,0.011172504255697234,0.9999271910109769,0.2426032830902403,0.10296732330941401,0.1938492160584784
0.11449424320818893,-1.6185573498001213,0.52885742880511,0.9998708762159249,-0.014142152169612811,0.007630886397425604,0.014276516030132089,0.9997387359575041,-0.017850515850610694,-0.007376448009732117,0.017957153396433348,0.9998115465709807,0.3272611262291775,0.14021784504055318,0.28754643750103576
0.18944690476202447,-1.986720106768118,0.649484396103918,0.9996935944684334,-0.02195134383703891,0.011439216867061366,0.022243179777721497,0.9994133601790788,-0.026041821152489635,-0.010860853196665935,0.026288286351726864,0.9995954020845282,0.41317259116839267,0.1816870347872046,0.3943833970921137
0.2837806677659217,-2.3397687498172557,0.7420924708054331,0.9993369437254089,-0.03245297140792391,0.01650689408566828,0.03303156647444782,0.9988029160889607,-0.03607839281941714,-0.01531628289772462,0.036599719383958514,0.9992126260307223,0.5010827574710376,0.23301831884910812,0.5241200849474925
0.3983783886536867,-2.687988937776173,0.7677451391071518,0.9986826183440658,-0.04589619489956655,0.022947050162974117,0.046959887901630866,0.9977336174913678,-0.048191259122944446,-0.020683247948697796,0.0492053637455259,0.9985745016937708,0.6027140767599888,0.28531372755954776,0.6669635730665359
0.5318698240996265,-3.013983881145623,0.7114266740022905,0.9976259853766003,-0.06175806365898421,0.030468588324045955,0.06355580775927018,0.9960465049950518,-0.06206463717132946,-0.026515139098900214,0.06385375055730817,0.9976069596481023,0.7251434565760413,0.33568311591714983,0.8238767636801251
0.8745073600667521,-3.5256811865940194,0.36273647629109956,0.9936316352216937,-0.1012365232510616,0.049470595778709395,0.10561165916953529,0.989787656777792,-0.09574221606890748,-0.03927277599204192,0.10035716641259218,0.9941760851154656,0.8660132896591768,0.38646820510354485,1.0028572844711618
1.0132200441756622,-3.6373984346935844,0.08104951447292591,0.9905684833034427,-0.1228981035310332,0.06058164766984097,0.12920184833254494,0.985001110731985,-0.11436649091499418,-0.045617565403815105,0.12111510230037723,0.9915897184427626,1.0306205022123769,0.45106026456320897,1.1794953797420291
1.07971086983722,-3.5493945063071344,-0.3086229893753596,0.9859948292141959,-0.14916696181310507,0.07458829845435895,0.1583100478521211,0.9778048550248285,-0.13724282946271843,-0.05246070445512515,0.14712879729448394,0.9877251598976053,1.1959285290247355,0.5046431277863889,1.3472602812013945
1.0909178068715353,-3.3039998242105355,-0.7915170520654444,0.9809273915600227,-0.1738521567605024,0.08693031736380494,0.1859794723675322,0.9694827603800976,-0.15973356936999844,-0.05650741849655185,0.17285428810274708,0.9833251276863352,1.5600124203034778,0.5296939200128663,1.6682820153173827
1.1355859556133638,-2.8652323154391763,-1.4005459316955038,0.9714670517690285,-0.2116829176746506,0.10696779745296746,0.22935324478624236,0.9533274933469243,-0.19637662675301115,-0.06040576490049561,0.21530683406157028,0.9746764133665946,1.7543344167955452,0.5416782758914496,1.7694760439388133
1.0986617777501486,-2.3127298973918355,-1.8711533208449898,0.9646004388649568,-0.234855227885106,0.11995422158710355,0.25653133369585573,0.9410831098495724,-0.22035030108461973,-0.06113647171499588,0.24332201357643737,0.968016905604106,1.9410270789177506,0.5399148384258171,1.8414661919191095
1.0323700168124925,-1.532083772993073,-2.2261382265017007,0.9522789742663775,-0.27062593848540784,0.14116074733816186,0.29940609413771185,0.9181182005218398,-0.25964391127799985,-0.05933587416880039,0.2895178255124034,0.9553317134624982,2.084722780837625,0.5204540012607687,1.8729878445116015
0.8988495304392506,-0.6416836635978311,-2.3749489393764467,0.9426827583035843,-0.2950131502495271,0.15593735401434883,0.32902252138044086,0.8996506052029962,-0.28700691452008503,-0.05561832091679564,0.32186337122719016,0.9451510845577352,2.1488559080252867,0.45993624635647457,1.8827482796783002
0.726119924725154,0.34436935198238194,-2.4285919676553833,0.9278919118423335,-0.3287492129599876,0.17589927491541346,0.36998580581001983,0.8702156468793626,-0.3253232721854404,-0.04612053161759591,0.36694506796592946,0.9290986027644152,2.167801886395363,0.3531455890897472,1.8528123855760597
0.5389114957980456,1.258503989277419,-2.4478773655435795,0.9156458074919039,-0.3538154444905957,0.1908071970928289,0.40041020846725967,0.8447507410117969,-0.3550603477089842,-0.03555868638891134,0.401510668351342,0.9151637902705464,2.1616581942911086,0.2595250146561764,1.7587834198966015
0.3164648322505529,2.164204178083589,-2.3748663935771295,0.9003778985465279,-0.3824377415289362,0.20751147838899234,0.43469871236554797,0.8113394668998288,-0.390852016648802,-0.01888568973252227,0.44211948984968685,0.8967573180177447,2.1166903007593194,0.15503973031965848,1.619466190545411
0.08653297163714535,3.0271632155118153,-2.1396443119470097,0.8864604961139949,-0.4065152651571626,0.22120833624330777,0.46280417525109974,0.7789434399926246,-0.42315412400519636,-0.0002901714660880051,0.47748555631208095,0.8786395502786463,2.0388697415807595,0.056795284855413866,1.4401057581091525
-0.10047947768236709,3.8038081995603306,-1.7223822741378274,0.8744419873733527,-0.42593856052213047,0.23222306814543017,0.484775981480311,0.7489031355857465,-0.4518144987598754,0.01853263333535421,0.5076617340022503,0.861357129959162,1.9064521192226076,-0.00454432139368563,1.2225892288823388
-0.2514438041704229,4.456381137368185,-1.1514177937382526,0.8649674369695587,-0.44051323418078153,0.24037350830301735,0.5005385874948002,0.723017317469847,-0.47613767028813836,0.035950735889866955,0.5321597966309495,0.8458803079861137,1.7139804634490148,-0.04454735135308882,0.9726304336200103
-0.39925175871192353,4.96438408957899,-0.5111294262950785,0.8576105772386888,-0.45165785093946725,0.2459863481843354,0.5115972041615057,0.7002286698954944,-0.49794388293312414,0.052653570652461484,0.552887868867755,0.8315904075663797,1.4821025382745847,-0.08178524342702378,0.7069489882848251
-0.508285981027838,5.309029196565202,0.03458815586292552,0.8531173944293666,-0.45848474154299856,0.2489627544318596,0.5174789124172791,0.682908184816855,-0.5156083652478667,0.0663798653620106,0.5687074405020537,0.8198570366790318,1.2170180084488997,-0.08324954826410491,0.434052603093805
-0.5784989098670079,5.493692580246371,0.41687984583636695,0.8513459060247648,-0.46137638961701516,0.24968375077053126,0.5188572647697338,0.6702745741539143,-0.5305837672210283,0.07744215318896301,0.5812605460090646,0.8100240061644468,0.9417447864393136,-0.05846546403107081,0.15809351614365622
-0.6339896125693008,5.544852697494231,0.644801609203282,0.8525679200519234,-0.45973603645942257,0.24853715713936583,0.5157995728370053,0.6636453913574286,-0.5417800247251713,0.08413526228342116,0.5900996282922272,0.8029344221851955,0.6723238236784213,0.006884259940674514,-0.11960647674297753
-0.6743263830184874,5.500110927152273,0.7792411158180408,0.8567698646488696,-0.4532408575077301,0.24600431726946445,0.5084276551662261,0.662562391014312,-0.5500112703168635,0.08629437114743141,0.5963084798148139,0.7981036764789482,0.3797738876663491,0.10549954586953239,-0.37888542005551396
-0.6981094415919362,5.390191599673903,0.8456907513086582,0.8632887849505742,-0.4427702109664556,0.2422540279526471,0.49770128719969237,0.6671105878630221,-0.5543075791298738,0.08382065675196418,0.5990976580172656,0.7962763927556157,0.08208319219521437,0.19384888457617813,-0.6242437205627531
-0.6814883792687862,5.231158264868233,0.8188469518663266,0.8722863596429304,-0.4275815578214289,0.23725622898437085,0.4829432984420648,0.6771948899307922,-0.5551331836068889,0.07669600557253708,0.5988164096470814,0.797205513193803,-0.2085181157142746,0.28996740090496287,-0.8639711346510421
-0.624989747157219,5.029226837932413,0.7186032100483317,0.883043741465731,-0.4082744038313251,0.23139957181114157,0.4647125652651542,0.6920313393570778,-0.5523901311865809,0.06539099588539019,0.595318936809358,0.8008241886539711,-0.49322083034450337,0.3848901729827956,-1.0900118781011596
-0.549621950512696,4.76540347531698,0.6060054122711285,0.8952328085723824,-0.38508076651904555,0.22421200171424527,0.44268897293395465,0.7111885560664245,-0.5461110793262063,0.05083986327956207,0.58815273609604,0.8071503374988181,-0.7655944006017324,0.4386529166460208,-1.305231355592739
-0.4748482662045179,4.429503019902692,0.43855021128689353,0.9088867415572421,-0.35748755918832475,0.21477322004159027,0.4156526117005298,0.7344785179703225,-0.5364459087612158,0.03402642220374867,0.5768396238693144,0.816148424568913,-0.992704325770976,0.44047688236511295,-1.514455626878348
-0.41243979837224587,4.040525387810693,0.12164086647754724,0.9231642571084797,-0.3261370273232098,0.20347578186636553,0.38406439875815923,0.7602333897624621,-0.5239653907433288,0.016195431574439017,0.5618539245204713,0.8270779138007862,-1.1732108843805857,0.4340731058310905,-1.7083812660470865
-0.35457105341634415,3.612794499018272,-0.32250969992385636,0.9376054863396488,-0.2908516268075433,0.19052895624864083,0.3476960659063406,0.7872003633302173,-0.5093358751610049,-0.0018432957018350111,0.5438022794694582,0.8392113459104181,-1.2999122801498573,0.4274238315330144,-1.9024082390327186
-0.28254378837175154,3.1411829672697666,-0.7618537144448634,0.9516212382654813,-0.25213556616950344,0.17562652178545335,0.30669405566423463,0.8144727711490346,-0.49251686395192074,-0.018862001545318592,0.5225531181891421,0.8523980663800848,-1.4118912174297578,0.3817566422900387,-2.0825030488728804
-0.16439006269734413,2.5805600124280375,-1.094660051913617,0.9638015674257466,-0.21374266965752214,0.15937568759177032,0.2646522145652652,0.8394515133869838,-0.4746370845161624,-0.03233796458305513,0.4996350946840876,0.8656321552522448,-1.504285298061183,0.2756413460150052,-2.219593484119997
0.0088971700977796,1.867955951039984,-1.3149443646091539,0.9751511130227658,-0.1716107137397402,0.14010735062871751,0.21731891167057538,0.863856302026076,-0.4544499753329829,-0.04304413317489413,0.47360537621480714,0.879684687953389,-1.5189632206637533,0.1583154587010952,-2.310176201744313
0.13880603896551985,1.0381030926490205,-1.4005311582755804,0.9843347826292075,-0.1290437419175583,0.12013637408472795,0.16904086403363686,0.8843816872709336,-0.43507955307802865,-0.050102115654655964,0.4485718937826245,0.8923413215329635,-1.4529489293798719,0.07572410516015415,-2.408509078534592
0.1558451676484584,0.2511515464024183,-1.323912748120351,0.9916585577968088,-0.08373009575551017,0.09799273347104138,0.11717696397123936,0.9023403062134757,-0.41479094842709946,-0.053692307296635,0.42281348470376723,0.9046247251152377,-1.3922111287993475,-0.0258121785808344,-2.4671443549924534
0.08055576635034563,-0.46643028899013417,-1.1841084813861025,0.9962840813842146,-0.041337017039108366,0.07555977900126516,0.06795764259797311,0.9162573708734659,-0.39478372450313715,-0.05291302290493039,0.39845160476819663,0.9156617992821965,-1.3670767632759948,-0.16765623074827607,-2.4746807553579213
0.11763712561592325,-1.2854505795238655,-1.1193815595748,0.9987060414387274,0.001597957371777135,0.05083000419067909,0.017467683841318617,0.9279177105779552,-0.37237562006257113,-0.047761101484431745,0.3727816638838377,0.9266891108980344,-1.3458935143979354,-0.3085634377715619,-2.3912738397717
0.17060289283665317,-2.23117765512855,-1.062307153985914,0.9987583965154835,0.04193509782230782,0.026890759759686675,-0.029880737736930535,0.9362089172251641,-0.35017139349236015,-0.039859840718654144,0.34893310373009606,0.9362995686313029,-1.2694176560694161,-0.3818500269186851,-2.27983053962904
0.2911013058212777,-4.219180325476863,-0.31566257713249357,0.9931603115037255,0.11565456652551835,-0.01601926638822593,-0.11495903598348184,0.9446089088841829,-0.3074059682283036,-0.02042096225869449,0.3071449665848795,0.9514436156714703,-1.1398362962639244,-0.4029409737641634,-2.0918096129564727
0.245946132111877,-4.835489053562297,0.4096647474645385,0.9882807528385307,0.14852712382874828,-0.03522565905794023,-0.15238028491269823,0.9462858119139904,-0.28517259850869897,-0.009022324469418967,0.28719828630658367,0.957828660045067,-1.083936162224448,-0.4133735058624831,-1.8211020773073041
0.21335918244290664,-5.27435179829815,1.0668729615877963,0.9834921612912421,0.17374415092179238,-0.05055827033380847,-0.1809393139449463,0.9474030017065816,-0.2639858273212593,0.002033063652023992,0.2687759706108845,0.9632005732319526,-1.0778316286188292,-0.39978634448850514,-1.4996131355164162
0.1908495667345501,-5.603659211938561,1.5414507768185437,0.9791315386097814,0.1934587384795348,-0.062250675542909195,-0.20288159659600605,0.9483446220927808,-0.24388836690247265,0.011852757581974332,0.25142830837757046,0.9678033467001933,-1.01479269721297,-0.32226451349903507,-1.1707439333710146
0.17007688690027956,-5.751312586772048,1.9067458754327395,0.9752072361006044,0.20979642429392176,-0.07040104410095223,-0.22040504763946636,0.9493088639503858,-0.2241300867805822,0.019810644413143536,0.23409002793521894,0.9720130643099518,-0.9000370678694527,-0.18834109645245417,-0.8585701018249802
0.23528198649026533,-5.773217418642963,2.197219537041494,0.974672668038714,0.2125402806084031,-0.06956880980148697,-0.2226020223750236,0.9519124016528012,-0.21050206463154852,0.02148324493282293,0.22065676671812376,0.9751148965576611,-0.7331290820155366,0.07552271765363906,-0.13511049840290315
0.3572607946949131,-5.757848447188934,2.4343711865180824,0.975789824246619,0.20904406636255926,-0.06430238887753466,-0.21780762742469456,0.9554985403092044,-0.19895320279554266,0.019850852182644117,0.2081420615483206,0.977897144837859,-0.5708692464746862,0.20757254113434714,0.2189636166915592
0.3727215981773089,-5.616794019043414,2.5842314992535522,0.9768264767041354,0.20564686238683344,-0.05932455141200246,-0.2132543999351818,0.958757947554874,-0.18789826744451482,0.018237196003498612,0.1961952241794274,0.9803952461589727,-0.5708692464746862,0.20757254113434714,0.21896361669155917
0.4529967503625154,-5.358419145126824,2.5838999749003606,0.9798088041656307,0.19384873569848834,-0.048962995696893025,-0.19963098772663068,0.9620597103940828,-0.18598005908092108,0.011053326142213028,0.1919994304797563,0.9813327889542066,-0.1616231092528176,0.4701028785018052,0.8244013841391816
0.5455842348436817,-4.841047031981637,2.481088070178058,0.9835493236069746,0.17729971583445764,-0.03457656427817508,-0.18063724582779356,0.9663625667511666,-0.18306713250020024,0.0009557468343796022,0.18630136968663766,0.9824921812415963,-0.16162310925281761,0.4701028785018052,0.8244013841391816
0.6795859773820232,-4.381689114352227,2.20765095524218,0.9874037475744927,0.15712993125423702,-0.018547883434115665,-0.1578490051185733,0.9702586973835932,-0.18352588845873785,-0.01084116501688631,0.18414191498822663,0.9828398772361364,-0.009524220195628569,0.7221603583899654,1.3918942433473633
0.8295109080002552,-4.174604697377841,1.7910026488653807,0.9917040468454714,0.12847704577903502,0.0040904985278042635,-0.12555090975339828,0.9749611228883369,-0.1835423055222056,-0.027569050226807015,0.18150608134220858,0.9830033010653554,-0.009524220195628555,0.7221603583899653,1.3918942433473633
0.8161679917016531,-4.1016047486181035,1.2879579765909148,0.9942496311091031,0.10477313520113854,0.022141842279621345,-0.09867393522025371,0.9766742669037599,-0.19071138108710778,-0.04160679689138308,0.18742989758340817,0.9813964071384768,0.5137831848379308,0.8905972062663896,1.7983254311076269
0.8178829441130273,-3.869384844943536,0.7585524965557877,0.9964856068613288,0.06491545169797101,0.05293788292949729,-0.05299909484299815,0.9780194985638759,-0.20166545657272955,-0.06486548592303623,0.19815106499767543,0.9780228137299527,0.5137831848379308,0.8905972062663896,1.7983254311076269
0.841166349122191,-3.464834789924919,0.19520364801172352,0.9967119335352899,0.033557100203722615,0.07375122083234179,-0.017123840928201007,0.9768874546809965,-0.2130673014771382,-0.07919656318432738,0.2111038178546313,0.9742500102473635,0.8366483375956031,0.8329311511494807,2.098305090977206
0.9838849469479415,-2.9565444015693965,-0.4212243013932865,0.9945784264930577,-0.010021817691669925,0.10350515313136797,0.033505704791990866,0.9731474203790395,-0.22773112645401108,-0.09844349293368729,0.22996447851739135,0.968207218171419,0.8366483375956031,0.8329311511494806,2.098305090977206
1.0419366391272507,-2.3785598264544663,-0.9569630152923723,0.9912294241004073,-0.04479219183879325,0.1243297564859332,0.07392696709149633,0.9677725782174129,-0.24073022325224142,-0.10954009464222456,0.24781020237411108,0.9625960062586344,1.0815687171748083,0.7283394157937384,2.3266782953351712
1.002799184788644,-1.7000433207996928,-1.399602668963885,0.9836454394845919,-0.09289804105490078,0.1543100882940765,0.13080617248730528,0.9573982705850027,-0.25744571606470157,-0.1238200089661807,0.2734200165478151,0.9538920798133329,1.0815687171748085,0.7283394157937384,2.326678295335171
0.8791011582650968,-1.014827623326299,-1.7189560106072712,0.9770543226479372,-0.1264871673120181,0.17136466117715657,0.16988625818651618,0.9480885477578535,-0.26882478473866256,-0.12846598722761027,0.2917689190365988,0.9478224454030661,1.239079802170788,0.5093583080702764,2.5266684268412396
0.7497326778385236,-0.3709970904133063,-2.000533886441739,0.9665001097680419,-0.17115717497072988,0.1912662000312689,0.22143487947905366,0.9328519588195547,-0.2841721609810085,-0.1297849450763048,0.317005432733507,0.9395016890080511,1.3247863269436546,0.33643716682935887,2.5480686816559976
0.5798722862257208,0.18238057728762447,-2.3158094737199493,0.9546946510218098,-0.21320701086946173,0.20760754761437172,0.26958156993018245,0.9150796731868367,-0.2999249387334268,-0.12603134714951925,0.342303903332084,0.9310983499605694,1.4481170150309013,0.1587288775842141,2.5184944499523207
0.36383108786731244,0.7874017690746649,-2.5966304566819938,0.937211354194019,-0.26589488475260975,0.22568736746262308,0.32937467028700984,0.8875552009014215,-0.3221150290287003,-0.11466125824853123,0.37622556480817865,0.9194058517551587,1.5677223982241768,-0.004019909342634853,2.4317592514229407
0.1830456628983239,1.4630180481248105,-2.6794421414683116,0.925545190977734,-0.2969575255884359,0.2349091898040241,0.3640640454242185,0.8684139706340127,-0.33662226075680163,-0.10403590864380614,0.3970811045668891,0.911867932383081,1.6392019783860998,-0.15341926629420505,2.3006505400249377
0.06877210952444346,2.249090530827324,-2.4729263179292253,0.9081605794268385,-0.33922709868873024,0.2452943894391699,0.4100533482666936,0.8388058671257586,-0.35813540574854835,-0.0842651384048149,0.42582824329843344,0.90087162995567,1.670282239299067,-0.29417586158335046,2.152983934532272
0.013947205534864837,2.956018938122873,-2.0602546179123973,0.8862423101808696,-0.38686941040549744,0.2547677902282347,0.45996352241125477,0.8000771261417786,-0.3851105688964446,-0.054846382709404,0.4584851704441644,0.8870080173180382,1.702238437458932,-0.42155068544484053,1.983421362837432
0.0506197257922163,3.4334783796250297,-1.7185440272110224,0.8743974217424839,-0.41066867521529443,0.25841901641909293,0.48382373062168105,0.7781875027476551,-0.40042328635418656,-0.03665714851725065,0.47515834178122396,0.8791363965268983,1.7058738727848213,-0.5044848037060855,1.7726418730935745
0.058649373429509155,3.8363057700157768,-1.417741916466376,0.8582269175554156,-0.4409767404641091,0.26265199857031263,0.5131796860363521,0.7468392200866105,-0.42293946278404215,-0.009652348054293288,0.4977657016208251,0.867257826985127,1.636529508082843,-0.4907707518027648,1.5134550476506397
0.05911575734511931,4.1932418722113525,-1.085248226196121,0.8448589236717419,-0.4645012042846887,0.26542801342416655,0.5347868475208597,0.7196233420105884,-0.44288291156039455,0.014711451693382761,0.5161209905163564,0.8563893368891783,1.4959197633134067,-0.4627027631466829,1.2311355322126862
0.04859604231645376,4.445195026438219,-0.6864307805247085,0.8358091965091347,-0.4800142260811205,0.2664757583542968,0.5479765897769471,0.6994582993531202,-0.4587807150725368,0.03383258912915756,0.5294756181598763,0.8476502378263293,1.3138182239634075,-0.41111212606887926,0.9053938086831788
0.017555108239761363,4.589843796618149,-0.24984500904940088,0.8283333441638319,-0.49247937393459806,0.26707290614240314,0.5577342542815188,0.6799045509951286,-0.4760906459248599,0.05288073890747883,0.5433174650101891,0.8378602268084452,1.1233827711643312,-0.2965095660988411,0.5927864241030365
0.00852387892955897,4.675106471768567,0.1790619907951514,0.8251873739281254,-0.49801718413849516,0.26654208337965707,0.5609964735293089,0.6674753743550516,-0.4896525107841915,0.0659450877418754,0.5535842383344625,0.8301781353844292,0.8978048184597054,-0.18356985228951966,0.26203467047572193
0.01710822495384523,4.7566490852414205,0.5669590842404115,0.8257376111202478,-0.4983254547913584,0.26425203629946153,0.5590773891519984,0.6609798820873177,-0.5005377792083429,0.07476543666970249,0.5610502086113329,0.8243984430460594,0.6174258472135326,-0.09810927435316083,-0.05986278371927026
-0.04289690263368939,4.832394398099126,0.8666855670417215,0.8324207858996476,-0.4904828582295486,0.2578802066564732,0.5482359572568936,0.6611613176214147,-0.5121552960301512,0.08070297623279274,0.567707915978002,0.819264762920438,0.29186596541747034,-0.008251640729195597,-0.3435852238717362
-0.13672096647665488,4.747377716230782,0.816952786094558,0.8451342816293491,-0.47196096413937155,0.25099978952875335,0.5298050254260059,0.6770943447182495,-0.510734650659139,0.07109628012908271,0.5646203119612312,0.8222829332246944,-0.34546295794814585,0.22816842931197162,-0.8949381259112811
-0.22939543040077437,4.406120736813807,0.6679250722130685,0.8689736153486751,-0.4337329481861315,0.23824480159201575,0.4925401726850553,0.7115224299420364,-0.5011387133127463,0.047843851425532734,0.5528214552160083,0.8319251195472008,-0.6415649348860241,0.3143202075593482,-1.1614948777134164
-0.12686525266342863,4.163694194576862,0.46355291225349204,0.8870164762928817,-0.40102515366739494,0.22886807752721064,0.4609153968949081,0.7394432191618883,-0.49069412319765154,0.027545738148912674,0.5407425928864348,0.8407369865470918,-1.0315432094167247,0.4848969354496619,-1.6724090110124887
-0.09641080302523464,3.941755562276993,0.18265155684959633,0.9046726752198961,-0.3652207314871091,0.21950209111189922,0.4260510077881939,0.7669356389573444,-0.4798856785316199,0.006920222044128377,0.5276585477267562,0.8494283769322452,-1.1323588194901906,0.5616020978739835,-1.9186461291954895
-0.17388220303732804,3.7537170539809486,-0.09468202997987629,0.9218171049252641,-0.3267259353721608,0.20857465862944724,0.38742101169971205,0.7940417802877778,-0.4684043241164484,-0.012577152331730297,0.5125893232526421,0.8585417875249991,-1.2303223374869572,0.5452414450837639,-2.162129572331018
-0.24445330932826181,3.4862631086133593,-0.3685295338650276,0.9387629144701912,-0.28440734254312205,0.19451646183033205,0.34323429074433565,0.8214208084812556,-0.4554756602182297,-0.030239247223843815,0.49434837807113147,0.8687377446765939,-1.3158708590800572,0.4472641688620473,-2.3814634811704702
-0.1973175430973037,3.000719773054912,-0.6646402502090487,0.9553677262805709,-0.23667167053790084,0.17680222834085163,0.2918779226854051,0.8485957531357549,-0.44123976023111594,-0.045604668953343544,0.473150893610864,0.8798002307597417,-1.3373723563155604,0.3387413425705157,-2.577432761693623
-0.16384688429012106,1.7213859321547615,-1.0516680611305795,0.9797234794173824,-0.14625428968366017,0.13693643279794038,0.19106231799187234,0.8877379221601721,-0.4188276163319604,-0.06030832879353812,0.4364986418167496,0.897681369512736,-1.221060780146267,0.12488178256192739,-2.8788674255614377
-0.394754860729762,0.811824660365541,-1.0017010137333606,0.9965534834546672,-0.02449997439939275,0.07925216633503615,0.05313747098750331,0.9221801591930784,-0.38309289104299465,-0.06369900934409714,0.3859838147449405,0.9203037166954842,-1.213553680298584,-0.07491908136894798,-2.9760723114135286
-0.37544158216088447,0.14525279965284296,-0.884199378829669,0.9982888332142038,0.027029238910631723,0.05185388822194797,-0.00627792696240617,0.9311745753475978,-0.364519543864625,-0.058137708183905526,0.36357025520541625,0.9297508679302158,-1.2564072179149195,-0.31904470183887135,-3.016535425227721
-0.2805307592011908,-0.540370602769001,-0.6495086897534719,0.9965226833086813,0.08083281589281953,0.020213795440293628,-0.06912842162594107,0.93750870634052,-0.3410259328251001,-0.046516695656189794,0.3384427298828578,0.9398365366459566,-1.326951430055821,-0.5119257036404392,-2.9703417637043814
-0.19382155232548348,-1.1172073012471988,-0.3083603210538533,0.9929464068078868,0.11843938040550282,-0.005435657868737145,-0.11411189328470783,0.9422104613104824,-0.31498876552675087,-0.03218554051565365,0.31338723612528896,0.9490798339525847,-1.653698874592172,-0.7012099813997524,-2.613672337115812
-0.21121129607981357,-1.7982307905018173,0.006508345352903011,0.9844235692586011,0.17137582599975096,-0.039250000650425866,-0.17550987415488864,0.944817923875346,-0.27661412617220926,-0.010320870229320253,0.27919422806853095,0.9601791825752758,-1.6536988745921721,-0.7012099813997522,-2.6136723371158115
-0.267033194620621,-2.8836051931995965,0.20003230567378483,0.9776340533091014,0.20191981039372892,-0.05882217252853432,-0.2102347217462553,0.9459088415563283,-0.24709881674714348,0.005746266848194511,0.25393868085843957,0.9672032499848122,-1.7365626339952804,-0.6451116304085515,-2.1280594409081726
-0.32381430283632173,-4.1013064706234355,0.410604031791854,0.9693620747970623,0.23314340532666447,-0.07733899726412455,-0.24457557754453224,0.9453160972866299,-0.2157782729552073,0.022802517709500134,0.22808250429057494,0.9733747564132974,-1.522074053222079,-0.5401226229842087,-1.8256554282931958
-0.2978493759417692,-4.948909604354973,0.7818730178855259,0.9607708469071501,0.26142276612351795,-0.09261488587502985,-0.2745036785462762,0.9440103335019563,-0.18300879953184374,0.03958674270357368,0.20125264617850974,0.9787391185644247,-1.3992059140681592,-0.41413166980320026,-1.4546439483017086
-0.17439544087080994,-5.414152649580802,1.2487144909917756,0.9548471164449439,0.2795520972972061,-0.10058632667270373,-0.29266696864370656,0.9433108469035831,-0.15655890769594305,0.051117802003588175,0.17892811688154728,0.9825333069710888,-1.3043582134802143,-0.242248204406027,-1.0516545427022959
-0.06987418804831136,-5.765298754613777,1.6941552296696014,0.9511996722328091,0.2910138744368792,-0.10261631658479788,-0.3031321508393792,0.9434272740107645,-0.13437216147739806,0.05770686849662601,0.15892106071207968,0.9856033754966848,-1.14999894529188,-0.014045115546772013,-0.6589008768859054
-0.047417395070251445,-6.058978741480262,1.9936318993988338,0.9498717149282384,0.2965280761288537,-0.09906979987164048,-0.3070201391484903,0.9445380429918575,-0.11656122639347949,0.05901151867667615,0.14113463575051724,0.9882300619061533,-0.8905847016301275,0.21606187724626486,-0.2626086381848845
-0.0982230600731886,-6.218094705048723,2.0469809648938533,0.950769039100361,0.2956681766308013,-0.09283621931117243,-0.3047526637323895,0.9464116266509964,-0.10691513872144852,0.0562498732104156,0.1299436888333976,0.9899245372735135,-0.5821416866556138,0.35781586076661565,0.10463648005266193
-0.14620249731442092,-6.322602453370896,1.9016031241019218,0.9542085504222673,0.2874752841369452,-0.08272849153355079,-0.2950564343644951,0.950020168590771,-0.10199695981190868,0.049272130470931194,0.12173594490184252,0.9913388002482854,-0.2714392695698746,0.4260756356175828,0.4582726491232387
-0.04827576238693654,-6.4929010847925115,1.6429652916842952,0.9607193942069521,0.26909217495746146,-0.06787965064206503,-0.2751368879746593,0.9555297089345083,-0.10612571893349956,0.03630342229384899,0.12063323223803393,0.9920331067104352,0.09869944345170431,0.48981607697833657,0.8018941118734051
0.17533372233168842,-6.451890144652402,1.417633803931809,0.9655628343356063,0.25379911962041507,-0.057222546515264046,-0.25887226916971523,0.9591608952333023,-0.11399791800805506,0.025953057714105436,0.1248854832842918,0.9918316665947583,0.4573554309448491,0.5899528613686855,1.141074013321037
0.5727178559554131,-5.765722137724161,1.234835006120707,0.9735631506941256,0.22512786592227851,-0.03862946538339345,-0.22826027289229725,0.9651612977606773,-0.12790980073496222,0.008487604471231366,0.13334584091828464,0.9910332220869964,0.5892655249866465,0.7014899408129223,1.4994353545653514
0.8676933644228332,-4.594245781827672,1.056238457100895,0.9814249917508564,0.1910806417194002,-0.017122322474838424,-0.1915953053573441,0.9716661900280743,-0.13840539773199134,-0.009809410372499279,0.1391150729303873,0.9902276364309953,0.4687721561659405,0.8191392481205513,1.8428758139253087
0.9690336452575609,-3.6779261896963993,0.7614798931395623,0.9883101598157235,0.15230633163362103,0.006768260435838329,-0.1496819670300156,0.977797753458277,-0.14665218061103125,-0.02895404550392056,0.14392475352160497,0.989164965297852,0.4113990308058832,0.9146950895229831,2.150496780937515
0.9675933868557733,-3.434656668941136,0.3142223164395266,0.9937275428037643,0.10694935273098445,0.03267118950413498,-0.10061891719181372,0.982599813158261,-0.15611995607383464,-0.0487996329529074,0.15185336062060878,0.9871976259553542,0.5200175888965826,0.9203991523983465,2.4174000415985852
0.9549358886671715,-3.521053766028306,-0.2694327392151068,0.9966165182074158,0.05908691571322837,0.05713363306866062,-0.04867635663399442,0.9844166444580636,-0.1689807161150792,-0.06622784868140173,0.16562791583976016,0.9839620244468834,0.7821014722818411,0.8315228142654225,2.607891522564859
0.9955649858920023,-3.3068944900253974,-0.9330461963741766,0.9966321893853245,0.006562726097038817,0.08173866714835118,0.008797173774547072,0.9824827434889308,-0.18614582584641187,-0.08152845401817765,0.18623799121725274,0.9791161942347635,1.051982683206127,0.7317135282477607,2.7496066069199805
1.0450478707645112,-2.5674501518833774,-1.520224745898759,0.9934416429888259,-0.04521436048939153,0.10502077690246102,0.06610330487296145,0.9765547279238938,-0.20486877862270883,-0.0932955254046702,0.21046739646563664,0.9731389520332858,1.253702109590807,0.6527102740067356,2.838795201142332
1.0567426579979216,-1.5004469210608709,-1.91875921983728,0.9866078400469113,-0.10013623153976206,0.12875443717007323,0.12752647515719148,0.9657122407795099,-0.22613461951368372,-0.10169546741103781,0.2395257880513732,0.965549288626126,1.415588655090693,0.551531961248646,2.8813279471363225
0.9867641437153156,-0.4521534327870579,-2.1411207717150615,0.9771661483766545,-0.15095194482196908,0.14953203275953247,0.18481649302961037,0.9510569382139892,-0.24765614100859032,-0.10482930110884435,0.26963718332139563,0.957239054259454,1.580309039131159,0.4174402203511297,2.870084331431521
0.8631946552583398,0.42827013879541537,-2.2671457645558797,0.9639005237355582,-0.20430376837514735,0.1707505507166201,0.24556335884507607,0.9300079767669055,-0.2734662683817692,-0.10292918504991387,0.305524358075816,0.9466046954707756,1.7604842750258578,0.2971303030582105,2.7915078684431003
0.7105838485314531,1.1968152864038135,-2.2910829072941117,0.9492722132216942,-0.2506490182240324,0.18988769014476314,0.29924806418043304,0.9055796091418202,-0.30062629224804993,-0.09660673521783285,0.3421997094824527,0.9346477933107611,1.9700181367137337,0.22590019203836176,2.639902604259797
0.4875090900334185,1.9651875700338959,-2.1309157950917603,0.9325234593508089,-0.2944218830438732,0.20908312353056818,0.35087059066717213,0.8756518727836657,-0.3318488003523998,-0.08538048000139661,0.38281791033774376,0.919869893604184,2.1421868998054,0.1663343936825481,2.4311187444575637
0.1835510248801664,2.7325813139560866,-1.7538615972726572,0.9155669918145044,-0.3323126179065345,0.22650697004693585,0.3960275392962187,0.8430191340268464,-0.3639792958172293,-0.06999479708321216,0.4229504269352729,0.9034454409296384,2.2169172493386853,0.0934253364750113,2.1690478366604355
-0.10371235776475551,3.4934362065158977,-1.252644306167419,0.9002529875274273,-0.3625080275701564,0.241106798732709,0.4321356315112081,0.8113808003612558,-0.3935987713186305,-0.052946713083531646,0.45852930849872714,0.8871006249695284,2.187823557369676,0.03608025661063627,1.888866227119332
-0.30478960716083936,4.1968135996709135,-0.6458239631015712,0.8850451801780788,-0.38944706024490405,0.2550019927572189,0.4642321192759703,0.7788990520889398,-0.4216690717701389,-0.034403030042310274,0.4915762951176056,0.8701546860198796,2.0273702678931556,0.0036856933083751,1.6562814723194534
-0.3302964063319489,4.777223817088261,0.37001710450754,0.85863347772334,-0.43015239659219534,0.2787785261434456,0.512589075951015,0.721597571405644,-0.4653486694481456,-0.0009950620110458944,0.5424627735130454,0.8400792517400528,1.8021110142176526,-0.00654275422553925,1.4341850284251056
-0.35557020512466075,4.4826692810855,0.8978280207234697,0.8440148244241412,-0.44935683404125404,0.2927753607336269,0.5360545791971232,0.689642779871451,-0.48686581754418834,0.016866068720358167,0.5678655403100249,0.8229485183499159,0.9751264604051947,0.023684812125679685,0.7669872539275067
-0.4536008199929942,4.260605415789209,1.0115112581326586,0.8360341467562373,-0.4589035085666041,0.30075650497176204,0.5480701928312828,0.6726879563002157,-0.4971015763186814,0.025806378813182276,0.5804295678839061,0.8139014360096994,0.6557816557141978,0.03233808093883776,0.5419297628654908
-0.5234863443503861,4.03684379937613,0.9923396523824186,0.8325203424202878,-0.4627607017135604,0.30456922432507616,0.5532203850785368,0.6653935007729724,-0.5011972612281934,0.0292760139015024,0.5857508191019962,0.8099622787089396,0.3653713780374477,0.03683743830369336,0.31534256928131255
-0.48120002591769295,3.562415157114276,0.6763718282566082,0.830765526446707,-0.4630388656048079,0.3089071851011841,0.5558243887944774,0.6603910333214182,-0.504918737946923,0.029797464472173085,0.5911672284963707,0.8059983989208339,0.1468872503474609,0.08226156025144787,0.08351833730904283
-0.6154404191550269,3.543970291878845,0.6166726766933406,0.8418368193322924,-0.44446974830456937,0.3061983221027848,0.5395487076595561,0.6782286284015906,-0.4988918917755614,0.014069885550034213,0.5851944723410911,0.8107709096051974,-0.46271155125113045,0.27673202664878876,-0.612097855535153
-0.745848488603044,3.6321729075673113,0.7937251284767661,0.8510993302626121,-0.4280549484259224,0.30397185914918623,0.5250044642999799,0.6933880952852829,-0.49354155020802165,0.0004924343845641209,0.5796394659137062,0.8148729023986799,-0.4627115512511304,0.2767320266487887,-0.6120978555351528
-0.7595245800452572,3.6035085275875693,0.8979998582739364,0.8610810681241476,-0.41192116781227794,0.2980945246500589,0.5083369449467006,0.710696064589875,-0.4863174417792538,-0.011530156999396447,0.5702912021806329,0.8213616744132489,-0.9100691838268818,0.2517338087436689,-1.1045746905819511
-0.6459200941508928,3.462974923411992,0.8177089386649739,0.8737747668668611,-0.3900741291852897,0.2904476381847491,0.4856375901561197,0.731710691422972,-0.4782840109021748,-0.025957423102418296,0.5589647911967732,0.8287849988918886,-1.0126554145231685,0.3098210923323927,-1.3784372948127406
-0.5424157770696956,3.37608983831353,0.6460842235159687,0.8917051469934771,-0.3564007989945538,0.2789989270613479,0.45037927291025154,0.7598939348473001,-0.46874269947927616,-0.044949319885544264,0.5436356116539176,0.8381168655882638,-1.0594588927036277,0.3591451979674066,-1.6669928424470832
-0.588299822195232,3.4472190821925146,0.5158524701074276,0.9075199034440563,-0.3241960662006167,0.26702909113603046,0.41571872726733694,0.7839798301636249,-0.4610353193583306,-0.05987958460205627,0.5294077224187964,0.8462516757981787,-1.1099937115687877,0.3329825241980185,-1.9487689428717898
-0.6357536991055026,3.541257628246993,0.3642229751680437,0.9225319510909524,-0.2914071861820948,0.25301512021567557,0.37912163746713484,0.8068507332839729,-0.4530548291358916,-0.07212200233325028,0.5138810621540234,0.8548243508106759,-1.2048750957588126,0.239104346728523,-2.1922275635594377
-0.48114073578476435,3.3566605569659442,0.10950993040506307,0.939062059749983,-0.25129590808261787,0.2345481070464018,0.3333491453871862,0.8322893829721421,-0.44291390840826167,-0.08390944647505798,0.4941100581578781,0.8653406584805003,-1.2882783183611466,0.15610494632807626,-2.412795569834519
-0.22815775805900512,2.8155893433015224,-0.19139676014474727,0.9532232929244726,-0.211178397915445,0.21626150392543192,0.2875475024877045,0.8540848704545935,-0.4334229664815214,-0.0931761108831406,0.4753343226766023,0.8748574135516407,-1.285515315211242,0.12815790518984604,-2.5979493457577427
-0.09662996882333402,2.167343564281656,-0.4639608739825236,0.967558219716015,-0.16150546619000755,0.1942860670524849,0.23117229191920524,0.8761974248158818,-0.4228917641605676,-0.1019336201103256,0.4540859578722553,0.8851076092512358,-1.2158783224187497,0.11395476451010467,-2.7238053612082163
-0.22270114146904454,1.5915510100289814,-0.6622837328013117,0.9786887723926139,-0.11282348317339827,0.17157840317842693,0.17544095451988964,0.8936230644069614,-0.4131080854171946,-0.10671812531049713,0.43440612381103927,0.894372719466375,-1.143180252088493,0.013437145359755154,-2.815985673077304
-0.42170558650592294,0.9923313598535395,-0.825772288192894,0.9884111330339722,-0.05628398905993177,0.14098065353089748,0.10892379622225254,0.9098314830353497,-0.40042762029389006,-0.10573097328139316,0.4111432658492609,0.9054182327718894,-1.12184149379907,-0.20657210968649387,-2.870522524590878
-0.5166868750299833,0.2894606762858595,-0.973132651871586,0.9938338814359384,-0.006603281281502355,0.11068248635756638,0.04930370155804356,0.9204270954046535,-0.38779260830710377,-0.09931445575872047,0.39085848938109147,0.9150771990144211,-1.089594809798847,-0.4093177029280979,-2.882398687034001
-0.44388448528335256,-0.36336137015413955,-1.0771448914598574,0.9959149832243591,0.03802410717862105,0.08189941063580129,-0.00462323080791165,0.9272948404487761,-0.37430322549234585,-0.0901774468817984,0.3723955506586323,0.9236826196933298,-1.0669191182641475,-0.5102828341004951,-2.7686982619466853
-0.2925704567674417,-0.8983300139196426,-1.0550529396009356,0.9950662268267987,0.08464406710237035,0.05175505900920023,-0.060712380291675305,0.9320846059478107,-0.35711663953732475,-0.07846789858276611,0.35221253421688736,0.9326248547151854,-1.064713883208547,-0.5232403456549556,-2.5835145738133813
-0.22380268812359808,-1.5160594932678522,-0.8856519527673017,0.9916067243305939,0.12697456259546722,0.02436318361867784,-0.11132069955113916,0.9343251206951184,-0.3385915986693935,-0.06575565461458444,0.3330375793986926,0.9406179695256013,-1.0523745666721975,-0.5270974529232341,-2.3848038705530215
-0.3206452398945431,-2.2931662063245963,-0.6467573995833678,0.9865041128681483,0.16373640174977763,-0.00016135755739897506,-0.15508453975878406,0.9340600411888139,-0.321684045271374,-0.05252067042633683,0.3173676577668002,0.9468470568056814,-0.9423327563501886,-0.5558493473041065,-2.2013218546042475
