-0.1569734975933602,-0.17605433868086415,-0.3771604214454496,0.9999965540870571,-4.097175480303228e-05,-0.002624906727269545,3.79734521932103e-05,0.9999993468647039,-0.001142290760960086,0.0026249518145072845,0.001142187147955449,0.9999959025098506,0.049171142,-0.112998046,0.0016992180000000002
-0.18543413375759563,-0.16600889137379413,-0.4298575594708913,0.9999861533760015,-0.00017384113097811856,-0.005259547084037634,0.00016364937707274134,0.9999981084318332,-0.001938130964803557,0.005259874062124704,0.0019372434066288382,0.9999842902830195,0.04427278223539798,-0.1466703017780533,0.007170380173858468
-0.2108984264617172,-0.20682165043976575,-0.5213855987949051,0.99995645587251,-0.000326309188782962,-0.009326300509960223,0.0002992165436594469,0.9999957321681083,-0.002906220058543917,0.009327209033187204,0.0029033029263234498,0.9999522858635653,0.04449501121120513,-0.18713180132303264,0.006562114756792104
-0.2093972261374414,-0.2805963621429452,-0.6309879546281078,0.9999052693984214,-0.00036570555851474554,-0.013759305531701259,0.0003160329255307354,0.9999934263596754,-0.0036121130417403075,0.013760536052792927,0.003607422470518435,0.9998988119558196,0.03595328193184867,-0.225882814923225,0.0012719236327432526
-0.19217382611241593,-0.3694049713609241,-0.7163798541420886,0.9998277501303066,-0.0003220748812846789,-0.01855711015056087,0.00024274469875949466,0.9999908240664152,-0.004277015078653792,0.018558317390874313,0.004271773723250469,0.9998186539592455,0.03773345114422612,-0.27185016675903967,-0.0035429599548791194
-0.17974324396514832,-0.48395224567677986,-0.7673599934053825,0.9996986598355846,-0.0005681214307555042,-0.024541123873526097,0.00041871546609271494,0.9999813517077452,-0.0060926935019864625,0.024544127613225348,0.006080581780603693,0.9996802550440393,0.10129764359316201,-0.334767919129628,0.012026092976530636
-0.16080658671781348,-0.5778290246276033,-0.7781141316698744,0.9994426112427083,-0.0014871130065948607,-0.03335049215921679,0.0011675627744106804,0.9999532468714448,-0.009599003511975974,0.03336320772234251,0.009554714342183808,0.9993976204716096,0.15465652227764903,-0.39160643469108386,0.03774237282442269
-0.13527120368824141,-0.6341979051883868,-0.7190946684407599,0.9990740065844883,-0.0030829743737888536,-0.042914154264389465,0.002509903096341113,0.9999070473889229,-0.01340137934741406,0.042951481390799934,0.013281259389714516,0.9989888780138442,0.17376131778178,-0.4444478137641491,0.06890181438349792
-0.05390714727093858,-0.9107280875400634,-0.4829485998682684,0.9981012280382415,-0.0074191124245366405,-0.061146507335951616,0.006263544088816857,0.9997985615232421,-0.01906841345009317,0.06127566077979859,0.018649213036702993,0.9979466419849866,0.14656074844784384,-0.4914713106134232,0.10845658993872448
-0.028763670342163903,-1.2073491192507813,-0.423824759030483,0.9971143642871931,-0.013931755738824438,-0.0746247325903385,0.012226755692414512,0.9996547729853984,-0.023255994770163213,0.0749229669552922,0.022276468067123696,0.9969404736457793,0.1560431080453008,-0.564187433435901,0.2578063605634986
-0.037123961996702266,-1.573389162733008,-0.4044904973585385,0.9960385546496056,-0.02148415022696622,-0.08628805792546772,0.019134061669662358,0.9994255958829277,-0.02797080581743697,0.0868394227038923,0.02620895997708332,0.9958775050584155,0.2125192295047267,-0.609728705448308,0.3726118789505157
-0.050119068380647655,-2.0025763621071584,-0.39405251079160036,0.9945140255200253,-0.03244712009622759,-0.0994436395221649,0.029125865071202607,0.9989742952496099,-0.03467046890942691,0.10046659657720768,0.03158388557486907,0.9944389982015922,0.2780220163501431,-0.6558621218334888,0.5119989006766964
-0.04158215974267988,-2.4953014861343696,-0.3941232034754093,0.9924707679954785,-0.046929755704826895,-0.11313431267281078,0.0422676946215229,0.9981692558170343,-0.043261746763740304,0.11495745589497768,0.0381540924561649,0.992637420493002,0.3497475410719495,-0.7009963637771219,0.6850524738009777
0.013766426339220955,-2.992871388985712,-0.43057393471042404,0.9896153942355987,-0.0661335232205853,-0.12762338578157098,0.0597164767822109,0.996782128073091,-0.053472717854997576,0.13074904929917872,0.04529620580702995,0.9903801996439792,0.38541614717729133,-0.7440352907636467,0.8918046774137748
0.12115385762452258,-3.4543504386423804,-0.4922190932107828,0.9860820312118951,-0.08769394763285249,-0.14125154607857862,0.07944895260832337,0.9948461706020755,-0.06299968863277866,0.14604825110374547,0.050900573542477866,0.9879671249401895,0.353476248926917,-0.7816824738382583,1.0898274720089054
0.2497461697673293,-3.944704330458993,-0.5250640937240763,0.9808873340922711,-0.11552040450221347,-0.15657290302284518,0.10517715530138634,0.9917825602070772,-0.07283624970990514,0.16370034764796434,0.05497626226600502,0.9849770590055359,0.2844487004488777,-0.84118612204143,1.309749911998295
0.459202839479853,-4.459690525834845,-0.5370863004169443,0.9740957389538296,-0.14688624774145165,-0.17193580655706478,0.13434299038568265,0.9874938712477748,-0.08250948540813993,0.18190506393782419,0.05727376775209188,0.9816467099935983,0.23704855085527488,-0.9074622165298732,1.542283367181202
0.8455259801468384,-4.953105777938686,-0.4345387576244678,0.9647090880185965,-0.1846707848414902,-0.1877047594504594,0.169563254707425,0.9810525118197185,-0.09372444561183772,0.20145639266936088,0.058588994514750255,0.9777436533030521,0.22369326268972362,-0.9432792734628526,1.8066432414406206
1.376121904876452,-5.220321216386201,-0.11951879284384054,0.9527621366622538,-0.2267745811350076,-0.20203366128894815,0.2091717162345409,0.972238925202188,-0.10487452240268476,0.22020786559583266,0.05766074637685803,0.9737472640562291,0.1495922028549294,-0.9320003348047023,2.0639589394884514
2.273220286968732,-4.862228761434823,1.1737636747427662,0.9213370552524563,-0.31555439861485407,-0.22707587307670737,0.2949556835801257,0.9478860356038069,-0.12047077749844444,0.25325713285613893,0.04401687201649651,0.9663970921082966,-0.09859433952440252,-0.9069403680323178,2.2603408172773243
2.630529994319274,-4.450042134034465,2.088914874945666,0.90062576224288,-0.36289905463317434,-0.23911819782437818,0.3421308051977849,0.9313258398762925,-0.12481463100708233,0.26799206801535314,0.030601570630719527,0.9629349902022397,-0.3608347998218684,-0.9051779861157059,2.3908165141428612
2.9769187505401815,-3.9012531295392177,3.2188341437155716,0.8825696040788287,-0.4003832409617525,-0.24650386267379598,0.38144895546152874,0.9162397816336774,-0.12248002665406296,0.2748955953329324,0.014068507697489036,0.9613711503668697,-0.7867892529595819,-0.8032113925813902,2.516741693714962
3.343377187706274,-3.0666249165698973,4.54045468042908,0.852427826873464,-0.4549303735239277,-0.2576919774016301,0.4390762121918192,0.8904564154059591,-0.11958031673170497,0.2838641926327931,-0.011212827821279896,0.9587989323279322,-0.7867892529595817,-0.8032113925813902,2.516741693714962
3.585029698813495,-2.1003737848295794,5.768348076908083,0.8354122363872436,-0.48341862202216324,-0.26152023091274584,0.4710255933196481,0.8749047217902839,-0.11259048906075453,0.28323362394379814,-0.029123249668589157,0.9586086535163367,-1.198636921887611,-0.5906194778383438,2.4193846477823993
3.7919392784760997,-0.7199211355492778,6.810954520232064,0.8038837725488888,-0.53254195815698,-0.2648960985648804,0.5275445235123011,0.844086959001385,-0.09598948565324185,0.27471377094121974,-0.06258009624572196,0.9594874025275847,-1.3313674799218709,-0.39339297930419326,2.3171551322224015
3.8937670136143856,0.6398773177075003,7.625140232658722,0.7810894994377874,-0.5661978460846767,-0.26328538310566824,0.5664911961052742,0.8199151680141062,-0.08262470572181235,0.2626536095378127,-0.08461156155912056,0.9611732232263265,-1.356073664681924,-0.1135941482519296,2.196206044440147
3.80002132859796,2.126455994454834,8.16800644434299,0.7575485880512727,-0.6003838119982623,-0.256240931609213,0.6057577191217821,0.7928399042250662,-0.06680173645021745,0.243264716853675,-0.10461436115000204,0.9643018785501138,-1.3429502685724983,0.19671180199200589,2.0289174018525786
3.5267525129883337,3.5392502500259733,8.31205257787698,0.7376243277347736,-0.6294395789625415,-0.24436891694583623,0.6383148082223075,0.768046065861715,-0.05156981984127312,0.22014667096720275,-0.11794514466395198,0.9683100671335901,-1.2672540972177928,0.5109629970708671,1.8117694094263528
3.2929564718116175,4.766331110566533,8.013972940914034,0.7200455155674452,-0.6566120877295772,-0.2244883555078464,0.6668524613821374,0.7442263194711496,-0.03788113191302016,0.19194335169470314,-0.12242447326344669,0.9737402107781988,-1.0647217216258118,0.9155751794496199,1.590057880582312
3.2047950917585615,5.815988440826587,7.405445684542518,0.7074438253638892,-0.6782984835989218,-0.19858096862969898,0.6877535627097673,0.7254154704994151,-0.027702565587585232,0.16284431502060143,-0.11697675968975667,0.9796928941040431,-0.8551697568617912,1.3802665412298705,1.3617521304432876
3.134908936445595,6.765929962712502,6.504001884131739,0.696944333704496,-0.6985300328926689,-0.16224792406734284,0.7056807772562609,0.7082971244195657,-0.01816106136694543,0.12760578485396112,-0.10183799235030505,0.986582883991945,-0.6907877072445066,1.815039721618994,1.1292050514685403
2.9136760207296124,7.5531666768813555,5.253945013680971,0.6893530276299525,-0.7145037479493944,-0.11948555336811792,0.7188144194080022,0.6951343132810696,-0.009701389096041804,0.08999018695699249,-0.07920025672637492,0.9927885402168589,-0.5611217267919564,2.1919136396749233,0.8785572473069377
2.4981198051459366,8.158852598110816,3.701354432394411,0.6836027891285823,-0.7268698449208019,-0.06593523519660491,0.7283673205677762,0.6851842128244308,-0.0019080946212853347,0.0465647186670473,-0.04672069178612533,0.9978220803001326,-0.42496539383800114,2.5249762227539394,0.6117262910966897
1.8806375648487825,8.588788095609766,2.1856641329270867,0.6804993045788832,-0.7325717589506081,-0.01610324363808656,0.7327001075389707,0.6805429726428918,0.0034372661749135602,0.008440905166918276,-0.014137905587033442,0.9998644261826574,-0.31115329032862893,2.770726631799296,0.34022377326132147
1.1550132167828684,8.881290043791909,0.8272861676124341,0.6784655478128646,-0.7331406631489993,0.0467896192379674,0.7335813100266546,0.6795249842986585,0.010210646085598357,-0.039280555120395355,0.027396418586247747,0.9988525788313709,-0.30999345016425295,2.888323068572536,0.0665455065883222
0.3560198434651687,9.000337321315781,-0.39515730793442955,0.678049728481064,-0.7294747363954789,0.0900842642613068,0.7313589238322301,0.6818005408931638,0.01619095329965866,-0.07323039148958173,0.054905659075684454,0.9958025298038495,-0.41101860621728514,2.8819347587291317,-0.18361981103670366
-1.0322345586519872,8.708103883888981,-2.6931123541732114,0.681283134434168,-0.7031601103762682,0.20351695239264073,0.7130254499239342,0.700365554504311,0.03290589346364031,-0.16567437489342235,0.12269453630664487,0.9785182942920232,-0.49951473043864203,2.7979956489584876,-0.5723694737127802
-1.5657005533885742,8.495752428504291,-3.525912154791806,0.6779640985341312,-0.6835787907781107,0.2703418537650758,0.7011667244400814,0.7117926087509917,0.041430745412375694,-0.22074851219604996,0.16146615411841928,0.9618725359617232,-0.4995147304386418,2.797995648958488,-0.5723694737127802
-1.9938027986686722,8.209901825629814,-4.203246030029587,0.6772276208157256,-0.6619077393281082,0.32131121085611586,0.6852424644578032,0.7264419648400526,0.05219996765440214,-0.26796550992257895,0.18482482608371698,0.9455338540502161,-0.7846628442034038,2.4689696074623884,-0.8204381701844798
-2.4613344070450003,7.788830112089032,-4.671185684131679,0.6766573743891156,-0.638405128831001,0.3668428671340087,0.6668427116548589,0.742590779427056,0.062287496519869506,-0.3121787878726273,0.2024791984184793,0.9281953342967129,-0.8575971410195102,2.267777292421236,-0.932694923324466
-2.8411853738057298,7.302855703278603,-4.890929543454973,0.6768099420906737,-0.6143951223044258,0.4055205740474176,0.6474212908808737,0.7589697739726983,0.06935815964956826,-0.35039117340675385,0.21560036151259201,0.9114507719642774,-0.857439581384271,2.124787286235499,-1.0833452282213505
-3.034837592871778,6.797969962404466,-5.033233656448037,0.6782251206134453,-0.5864388942045874,0.4428319197313771,0.6234345249224597,0.778199084560338,0.07573359838380601,-0.3890245222393883,0.22471227859988477,0.8934004213916977,-0.912620530844575,1.9023184514299813,-1.21454623700339
-3.170235626974355,6.255647956153538,-5.301162846052032,0.6811162145366199,-0.5565095511601829,0.47579178404297356,0.5958170732656979,0.7989667089082153,0.08157336122456922,-0.42553815046409543,0.22792392924804258,0.8757670723290125,-1.0351840873829756,1.7038301211818658,-1.370673440597977
-3.3496064524640206,4.835203160946303,-5.988884621902804,0.6888793731422657,-0.48840330680172056,0.5356373952257834,0.5332323061451322,0.84198977447995,0.08195442242092833,-0.49102802052659167,0.22916245237025049,0.8404618096507357,-0.9725017539717439,1.5864493255836325,-1.6313553050056135
-3.2652830443348027,3.160372518001951,-6.791861258722896,0.7069103726778982,-0.4033557686400332,0.5810179419821744,0.4587293918724096,0.8867166414605524,0.05745383180683884,-0.5383726126325185,0.22591529753809605,0.8118603379310444,-0.7096704091050341,1.1934599919359647,-2.148340702916768
-3.346854341654594,2.145605005385221,-7.103239023376101,0.7195999282569663,-0.3657974824490383,0.5902271978539391,0.42350876997517095,0.9048023208265585,0.04441938744503828,-0.5502874385325238,0.2180022065503457,0.8060141270055345,-0.8096944038938605,0.5686745906669741,-2.5433636324225595
-3.36407867080689,1.0644535904673418,-7.256355507829488,0.7437488147738888,-0.30325946776510737,0.5957108323114981,0.36475966755512507,0.9309179174346869,0.018499079007919018,-0.5601679082627902,0.20353261706638068,0.80298592038877,-0.7032438205180903,0.17038677090156376,-2.7319171868368173
-3.20370405470544,-0.1428378577961007,-7.4579208454878945,0.7648381558716447,-0.2523044459846479,0.5927605434399627,0.3155804910219263,0.9488930613783216,-0.0033032944824243175,-0.5616329308447118,0.18959014901744572,0.8053719801348453,-0.7033458393761568,-0.21671663271297825,-2.849891073312418
-3.0588578587846578,-1.3949722165412266,-7.724956861014163,0.7854008192779645,-0.20677909551598161,0.5834277665102108,0.26934060464487997,0.9628084682895175,-0.021342260412727184,-0.5573160609268601,0.17390301621187165,0.8118845664165453,-0.7915898425449994,-0.6176329032526177,-2.845135483518182
-2.955138885256539,-2.5847863939145688,-7.970653335538433,0.8124306290886096,-0.15042073209856366,0.5633205803746357,0.21000796093701407,0.976795063995435,-0.042048297197778264,-0.5439238267090001,0.15246313098282838,0.8251677795631326,-0.813024746035526,-1.000027375602409,-2.7895542379493246
-2.879339255786992,-3.8533931474538567,-7.959929265691012,0.8349217706645163,-0.10691192455268954,0.5398846888538951,0.1635606040881456,0.9848315658697456,-0.05791990725879107,-0.5255031547581313,0.13666245737211802,0.8397438937463407,-0.7241197468071583,-1.429839466627691,-2.7211810911891474
-2.7364094934938965,-5.167259200203748,-7.7244671891285535,0.8630603074077439,-0.058493856067375435,0.5017024761545611,0.1094348205974143,0.9913335266623302,-0.07267639889290181,-0.493103362205188,0.1176278356410486,0.8619818829095781,-0.7394748343983736,-1.8986147946292564,-2.5295308102380587
-2.5230263270077953,-6.4559104946529,-7.432232522770104,0.8834559944692553,-0.027083128742864778,0.46773070240666775,0.07183334101550301,0.9943539727078157,-0.07810344473028233,-0.46297459644659555,0.10259961548506506,0.8804134494357914,-0.8554384539941488,-2.260709529214183,-2.242334410133091
-2.238674725596032,-7.716789071397382,-7.08969203331775,0.9122948465558874,0.012048356551106672,0.4093567515651662,0.02216658304884627,0.9966491571099779,-0.07873436497432597,-0.40893368110673706,0.08090299584310319,0.9089708189596101,-0.904431738206022,-2.5991998991518135,-1.906167919801599
-1.9657257369875578,-8.943679744434881,-6.628214827299666,0.9348530676279185,0.038536014670475224,0.3529372713670025,-0.013018026659751086,0.9971440379790218,-0.07439286595351836,-0.35479610049795396,0.06495185213840383,0.9326848256379195,-0.8734656747424273,-2.9317039318860747,-1.541388179828691
-1.575006460756132,-10.062196423324313,-6.008187277852516,0.9552299033647186,0.05807401242812788,0.29010901536892303,-0.04044531387124748,0.9969729336509194,-0.0664014017422587,-0.29308703196095964,0.05169505438606506,0.9546871807290266,-0.81782531427936,-3.2257855623778053,-1.1636839886590962
-0.9277763279713266,-10.83594051118532,-5.145338301712651,0.9722190561778794,0.07051554294234545,0.2231987119320755,-0.05984964964645183,0.9967346292799949,-0.05420422706089684,-0.22629212589435865,0.03934001776332261,0.9732647310781343,-0.8384540007704903,-3.4138234286569022,-0.7784778211855632
-0.04426466832248854,-11.190031134896085,-3.9769265769939506,0.985241627063719,0.07589098744570041,0.15342585937628023,-0.07067694606964284,0.9967300804290231,-0.03916524048468283,-0.15589645792994233,0.02774355407064485,0.9873837094121145,-0.8373970721986607,-3.521949155488959,-0.38678693659598323
0.9301857878096867,-11.42940762749509,-2.568990020017925,0.993770066854531,0.07390442116741909,0.08342176428155769,-0.07215152869589515,0.9971087430759603,-0.02383928246246394,-0.08494239889939763,0.017671757507063884,0.9962291392324495,-0.7877856011488799,-3.609707181454981,0.01967146898860621
1.73637238213481,-11.782741984592622,-0.9869475699580402,0.9979074474795543,0.06427656904927602,0.007017758623110298,-0.06419957779109486,0.9978797733621751,-0.010694490455381556,-0.007690284538541481,0.010221574531780818,0.9999181861221484,-0.6167693601422326,-3.7011583222138755,0.41401117800478227
2.5444818259755464,-12.208776243385838,0.6394911237109369,0.9969997383464353,0.048129671181104616,-0.060622244177663945,-0.048455045482298564,0.998817719964051,-0.003907793894792086,0.060362490873438826,0.006833523089487249,0.9981531308660707,-0.3989075061289763,-3.751395063689766,0.8625933099916633
3.625599996610147,-12.40787004754839,2.3387069739674495,0.9904942908254963,0.019134803071978915,-0.13621644230228502,-0.019794990188308013,0.9997979560989786,-0.003493614711276524,0.13612207097138979,0.0061568085647233615,0.9906729407341038,-0.1550697121159716,-3.644308695033658,1.3653361159082649
4.729514749259798,-12.082966922938837,4.055164425633213,0.9817019274655654,-0.01083367167418442,-0.1901156415670418,0.00933950499805198,0.9999180717349626,-0.008753482976894317,0.19019489808294943,0.00681772512583094,0.9817226794606126,0.027268164963289328,-3.4504242812149784,1.8635260371827567
5.81054835161796,-11.016766947198466,6.056894811932949,0.9596954323261068,-0.07393901166212767,-0.27114147548250994,0.06908019529025813,0.9972338212102003,-0.02743414757493631,0.27241990344147937,0.007597920039806177,0.9621484645417273,0.16249635681771893,-3.1436898684993357,2.327542300067479
6.5850955260971205,-9.584315693771996,8.001402106101457,0.941026793069328,-0.12197976968953829,-0.3155780577165358,0.11394880643362872,0.9925184101013499,-0.04385060002145138,0.3185659181990533,0.005304846498910085,0.9478858656851133,0.14017254673307367,-2.7612807637504004,2.7415512307980063
7.251384592357922,-7.853151201110165,9.846520766725984,0.9154968256353228,-0.18584452211268998,-0.3568296173979273,0.17362560010324612,0.9825783441406528,-0.06628686607919912,0.36293210555203514,-0.0012693409785063704,0.9318147216764964,0.03755530964640719,-2.315573669956684,3.136280267988776
7.695601782779049,-6.143508639361523,11.201351710929956,0.8881428498229617,-0.2509748923758158,-0.3849855603854429,0.23464445623844546,0.9679347130637624,-0.08969041421878618,0.39515092998107804,-0.010676827390220908,0.9185541616540466,-0.0812057141696731,-1.871215337287572,3.4749287817523196
7.66683811123025,-2.7696122386278192,12.500687344199992,0.8268897150833584,-0.37570181149535753,-0.4184513686540726,0.3524618995697925,0.9260449948491174,-0.13494916400835133,0.4382054409075889,-0.0359000884957911,0.8981576560966229,-0.25003386346917,-1.4800556534448475,3.6944099869102245
7.3640558216331335,-0.4222689628144307,12.896316630027847,0.7800085009241374,-0.46329619198927374,-0.42064637996102533,0.44036064918388773,0.883979712779462,-0.15704256125231175,0.4446000867481063,-0.06274158017278696,0.8935291024812777,-0.8266032778377552,-0.7191053521203828,3.8244957749185353
6.096897325541351,4.2422410051204285,12.68601957815163,0.7105759906043903,-0.5801587250852355,-0.3981175897697326,0.5686524168471638,0.8067349041406313,-0.16066494096437725,0.41438652293537254,-0.11222588003076828,0.9031551148395559,-1.4857766159078791,0.016259600992958256,3.483441206144371
4.952566725367439,6.284537251928982,11.995398255856518,0.6636875607275626,-0.6411882237127681,-0.3852226414783542,0.6357864932662968,0.7548706365531631,-0.16107717730941376,0.39407404978714616,-0.13801443345493725,0.9086570637168184,-1.485776615907879,0.0162596009929582,3.4834412061443705
3.8046996708883567,7.850642729063436,10.959803963712867,0.6222300616111213,-0.6897863440815095,-0.37016827247359163,0.6915095014494322,0.7059532103421778,-0.1531165380118395,0.3669391772931546,-0.16070116466982295,0.9162591204682139,-1.7290193759253898,0.25230584159208247,3.1597738203638515
2.977339303498895,8.8643249458844,9.81201636811222,0.5958622342624671,-0.7231562547354394,-0.34927529116264505,0.7296176934240559,0.6691997082928565,-0.14081822276721395,0.33556850153478407,-0.17092917146516315,0.9263784319164237,-1.722515898105004,0.867700060712685,2.5018741356132392
2.1653140211663553,9.714072752252918,8.533928648191743,0.5603520552675767,-0.7622205060700817,-0.3240763402096313,0.7736088213834087,0.6214230894855206,-0.1239465018951505,0.2958630859623679,-0.18125463850764773,0.9378762127190805,-1.722515898105004,0.867700060712685,2.5018741356132392
1.6651096367093188,10.341551180127118,7.204237976263192,0.5455081591224666,-0.7856249646831631,-0.2919148218186151,0.7966059851395847,0.5942728406611589,-0.11071899246429841,0.2604606549377645,-0.172142980452571,0.9500142322672308,-1.4132091315615545,1.8121506156580405,1.7697048543311324
1.0344840875674275,10.997530623416734,5.509039854646073,0.5216488219442446,-0.8167080500972937,-0.24671941040472617,0.8267823886489447,0.5552741473426126,-0.0900083502397447,0.21050745446213276,-0.15703051359277148,0.9648979373056318,-1.413209131561555,1.8121506156580405,1.7697048543311322
0.5732213039528347,11.29377251326523,3.902014605664318,0.5175993723235106,-0.8305743022936624,-0.2055169534118812,0.837200066313271,0.5412035756541912,-0.0787066621333504,0.17659824103133653,-0.13132028810702803,0.9754834920162024,-1.0294912188048093,2.8251128953622926,0.9908807941926153
0.07010795414483795,11.390985316493753,2.282657002134921,0.5174018735497327,-0.846579654926641,-0.12489271040182262,0.8479209166189551,0.5268708101255551,-0.05862822355924578,0.11543578477793293,-0.07556478877049322,0.9904365412739843,-0.8949874657453583,3.1769216325902536,0.5597561360367288
-0.5336682724523794,11.279787120886256,0.9305519757530156,0.5209471983981823,-0.8505056924294976,-0.07248505795060883,0.8500852807355321,0.5246210074177269,-0.04612823487628402,0.0772595104687852,-0.03758810611122153,0.996302214351195,-0.823603991360595,3.398532407601934,0.11619043441129276
-1.1126434187913121,11.036451669069471,-0.3562395195188076,0.5297829554623154,-0.8481298168319756,0.002415347215408953,0.8478022666244466,0.5294945025541618,-0.029442969812377064,0.023692547521642224,0.017646120408697265,0.9995635435661185,-0.7761187575952952,3.538509266381796,-0.2788297592515035
-1.5970698337469855,10.688312985090217,-1.5312991041536628,0.54004219999631,-0.8382948906618392,0.07494063325991943,0.8411754832635289,0.5405528994011751,-0.015045574277924283,-0.02789674854735248,0.07116346843174541,0.997074486776815,-0.7471199169565732,3.6566439698626163,-0.6182808406205617
-1.9427180615858655,10.21169319593432,-2.613283087482472,0.5513776739378807,-0.8211364173759191,0.1473690766134111,0.8303986940447726,0.5571644247505698,-0.0024109585445440933,-0.08012908093562508,0.1237044374766117,0.9890786331414738,-0.7495266126182543,3.709402893029875,-0.9280016854533294
-2.291386385029875,9.598279674048548,-3.5846597716261415,0.5617590243253764,-0.8009639754758968,0.20708333727957245,0.8178399053985652,0.5754033113376708,0.006994171810185983,-0.12475851765176979,0.16543197783829028,0.9782983047015075,-0.7894850947751784,3.6308992875160087,-1.205384206040961
-2.700811289009011,8.869938889479762,-4.360726611200973,0.5740763795704191,-0.7717105029546172,0.2736772004549317,0.7995648962743532,0.6003738123848115,0.0157245683028475,-0.17644343871366436,0.2097955791527961,0.9616930528515006,-0.803825805975455,3.4481373351257574,-1.410774124642127
-3.047032676521499,8.099429238816615,-4.881892709903543,0.5871650275457078,-0.7343521285488527,0.3405351402175912,0.7761533090619874,0.6302032214902543,0.02073500555662687,-0.22983313786174278,0.25213260582295377,0.9400031264956256,-0.7609543889865612,3.2248328322058217,-1.6006518220333295
-3.345493508476838,7.30112770625653,-5.270981565044128,0.6012319632711779,-0.6914087012376174,0.4005922293230272,0.747884406121634,0.6634437055953982,0.022613371839205403,-0.2814054751087392,0.28600079957712676,0.9159773475474532,-0.8184586015409382,2.9100873793267072,-1.8183814661498623
-3.5943794511725664,6.540003645893572,-5.609693023858464,0.6147624659821614,-0.6494682192381995,0.44750211465320533,0.718751198133588,0.6949443553406313,0.021190992466773088,-0.3247519447225265,0.3086152542888226,0.8940317663367344,-0.8616883262493028,2.590096179972693,-2.009780444191409
-3.848498842502668,5.768140617569941,-6.080156162455554,0.6303965298310564,-0.6015135153001716,0.490695125396808,0.6843517619232276,0.7290086198783116,0.014460224607326617,-0.3664189966821253,0.3266923982194081,0.8712113382045227,-0.8161588702294946,2.3340716578468874,-2.2331944454037176
-4.069184882556311,4.950370048421394,-6.640398005118659,0.6467821215589872,-0.5517410343613722,0.5265498250246559,0.6480501858090084,0.7615949941398743,0.002005386245987553,-0.40212416478566004,0.33993366397420377,0.8501419059148345,-0.7174292123094606,2.095163496252807,-2.4593985678184067
-4.185051525475698,4.06353498569427,-7.089551877197195,0.6655631522061068,-0.4956425928767846,0.5580000990607847,0.6062451140524457,0.7950990549540653,-0.016862814079818274,-0.4353074225337848,0.3495081013904105,0.8296695335791608,-0.6388861935578913,1.832976729625884,-2.6708247141997608
-4.161545988062864,3.14329671803444,-7.2572641476019015,0.6848710288024551,-0.4404165828134579,0.5805040116054154,0.5627319715107079,0.8257933310885365,-0.03739120978748763,-0.46290863261202836,0.352276323235915,0.8133984201734388,-0.6862151281341322,1.4897631378904364,-2.8286307942185176
-3.905262035697661,1.3012205618198416,-7.37985470259751,0.7224584168755963,-0.3322273362205947,0.6063652636434347,0.47006009304604773,0.8791481080529929,-0.07837163410562034,-0.5070476750870149,0.34164835895202383,0.7913147629194345,-0.8099298937714275,1.0611459181057086,-2.9176331783401754
-3.665473072758961,-1.1958117074861117,-8.425094859922636,0.7780284396411602,-0.2182771445446951,0.5890898363398854,0.3556314285419606,0.9260158701830244,-0.1265736749975358,-0.5178783970612644,0.30797677889508296,0.7980928952939396,-0.8947348555833972,-0.13069678468819368,-3.209848600095137
-3.4626338318352254,-2.396761704691544,-8.691546926695658,0.811123734166992,-0.14785083765106935,0.5658784477932246,0.28022946360388606,0.9474795060754664,-0.1541234352565174,-0.5133709532095398,0.28358899021800565,0.8099552759429739,-0.8948158693601699,-0.5776096137618503,-3.0923746496741504
-2.9612928502309503,-4.357354944521012,-8.824834140327384,0.8575369632640879,-0.04919265965572905,0.5120648776002892,0.16519478516514483,0.9690297541278204,-0.18355385740762525,-0.4871766000025514,0.24199466492253996,0.8391052035108472,-0.9775927682479151,-1.0458154221226263,-2.8606090435478517
-2.656364347676274,-5.586191945835587,-8.711780038889835,0.8783442732903864,-0.007110537522383985,0.4779757084142695,0.11163267103236357,0.9752937583166048,-0.19063114054858188,-0.46481123516558925,0.2207974756305324,0.8574374556893478,-1.0771552602607173,-1.4959620744540296,-2.580516273453954
-2.249790617773767,-7.093671780293866,-8.5190706039326,0.9001529327459384,0.03015242498354488,0.43452908871155554,0.05931174040270802,0.9798239795639371,-0.1908588130579565,-0.4315168769808261,0.19757479682161305,0.8802030359761385,-1.1675093032569497,-1.9167028150419732,-2.2472835127904145
-1.7945891302818866,-8.668729364833096,-8.420109466290544,0.9202196624884346,0.047206216083019004,0.38854516588524446,0.027245777051435965,0.9825663713023818,-0.18390484936111468,-0.39045286578860267,0.17981907337319358,0.9028907245335239,-1.171621653373721,-2.7103583997148997,-1.5439221886674734
-1.3465969044233246,-10.042318155266708,-8.276691282008793,0.9431443587802015,0.0617924474024906,0.3265890566829973,-0.0037915602535813584,0.9845034930460674,-0.17532397511731257,-0.33236176460586325,0.16411753600423962,0.9287632054533448,-0.9577827274527105,-3.0851160858964186,-1.2703651495708832
-0.7868878450089899,-10.9603875739148,-7.611577478951266,0.9581197442002868,0.06711376082140888,0.27839234702480764,-0.01986874962944014,0.9853861664329917,-0.1691725030572511,-0.28567777050680193,0.15655620751314728,0.94545140823173,-0.7540850172513689,-3.3937777740894908,-0.9268635864564163
0.34843236489342055,-11.50944502599333,-6.069665160292246,0.9801619667054843,0.06565243768404957,0.18700876035677183,-0.036857917269224,0.9874636500524095,-0.1534830080489301,-0.1947408867151674,0.14354545360726267,0.9702941254022276,-0.7487016856984846,-3.587059912801292,-0.4886698465296977
1.4780375332974884,-11.853142461811784,-4.148849107711137,0.9912506048390323,0.056338400934781055,0.11936592054000163,-0.03977631912801276,0.9897930630152467,-0.13684859094460158,-0.12585739089491982,0.13090331159679724,0.9833739065940856,-0.9069433972525343,-3.6802263897311027,-0.009924182689485583
2.4822536304606664,-12.438561258127532,-2.217092290689627,0.9986417934195623,0.037070269763393865,0.0366109756142456,-0.0325298747867378,0.9925219195425821,-0.1176522268121937,-0.040698595579169994,0.11630148033098227,0.9923797609739448,-0.8406534241012169,-3.8103755327904874,0.3972003370962055
3.300153748274221,-13.288675442047486,-0.4726078937945172,0.9996235962128864,0.018905757346315725,-0.019880599426975065,-0.0209997838924764,0.9935959964949552,-0.11102254197083858,0.017654318760090236,0.11139824095720491,0.9936190200176102,-0.4400958549849288,-3.8953168966215603,0.7770896403925565
4.479868668618372,-13.76715938696536,1.5940698729832201,0.9943428807953925,-0.01964932698574067,-0.1043845743418294,0.007949559283677382,0.9937508250509846,-0.1113377843217789,0.10591996940479505,0.10987812184186167,0.988285261663752,-0.06420961407469815,-3.7977636995125,1.241747963557399
5.634279712791933,-13.349261148453724,3.67978076868662,0.986730207655971,-0.0514281010929716,-0.15400859624440746,0.03342857702281127,0.9925382274627496,-0.11726208791989552,0.1588899856423675,0.11055775614163976,0.9810866195293321,0.17109452319249924,-3.5209072912695354,1.7181747803308358
6.591704988828477,-11.984255607103632,5.813153687146364,0.9702396985120755,-0.1068882643596496,-0.2172782234218971,0.07899482226164813,0.9879282229706775,-0.13325781145527654,0.2288989853342403,0.11212816417020685,0.9669708006515878,0.32406122136630894,-3.1697835832508225,2.1394259495462604
7.1380182224447815,-10.268349266699714,7.840169513864404,0.9492150476347196,-0.16689435660241553,-0.26671532966456934,0.1290144382422098,0.9796358952418646,-0.1538466362281534,0.28696004611942266,0.1116234137084876,0.951416914629544,0.36107834488661866,-2.765884612855484,2.5135612465322934
7.514535230599491,-8.552853093660758,9.756923839471401,0.9249104082603925,-0.2302822534507059,-0.30250755434741866,0.18348725090236756,0.9672626481684596,-0.17531513971825322,0.3329762235473928,0.10664451792663075,0.936885148429791,0.22735433002750433,-2.316495661851303,2.8622933624544307
7.840857123108361,-6.732386655811767,11.291181593517024,0.8994575800575402,-0.29160833238187617,-0.32548524108243754,0.23885123444630982,0.9517551668997672,-0.19264524412263756,0.3659592183297277,0.09553367346154654,0.9257144093911661,-0.08465364382541152,-1.8828430361796569,3.095140901896476
8.01916802187637,-4.586535085635791,12.228325245257368,0.8698593401743333,-0.35673705611185474,-0.3407101423616834,0.3005494430099595,0.9309416689230852,-0.20740694628942494,0.3911710119856461,0.0780146259322445,0.9170054293856584,-0.38850928897870385,-1.5092950410970403,3.237437613982732
7.975976538068904,-2.2717375784388367,12.69234539462635,0.8396171889942793,-0.41818831670610845,-0.34664319943690497,0.36108318999919664,0.9064633409178565,-0.21895922330891293,0.40578554169086245,0.05867489533479468,0.91208297364445,-0.6076204481578303,-1.1083776722820955,3.3335663282940535
7.64908214742221,0.18464328548164755,13.035072081040282,0.80695881219386,-0.4800742270581954,-0.3440148426116936,0.42522534033496767,0.8764952176290847,-0.22569790298173983,0.4098791106651855,0.035845083174952,0.9114352662984331,-0.903814374356809,-0.6729171342195374,3.3333361858162314
6.947067984528573,2.6471644349552763,13.242316149308369,0.7763176980939015,-0.5335574659123392,-0.33562965035197134,0.48489561907293743,0.8457015527004605,-0.22285673057797306,0.4027493888636665,0.010262277000372133,0.9152527604114117,-1.3477067315405646,-0.3107180567562866,3.1915134015468736
5.90265409394089,4.975860691517694,13.035361466865057,0.745091280843677,-0.5835587052806777,-0.3229523505129908,0.5445190206065004,0.8118518929554707,-0.21070249192251397,0.38514675048410446,-0.018861108020400533,0.9226625814433876,-1.7030624745953928,-0.02136988583753363,2.9487848941534343
3.738019035127798,8.293081491287722,11.376510787277697,0.6866685119527709,-0.6644209087216074,-0.2950105265005277,0.6446796890567535,0.7440887497570761,-0.17527130684353148,0.3359679347947568,-0.0698340070345641,0.939280979393941,-1.8736198048119634,0.22176361922501953,2.6774546588766435
2.970219695213054,9.56553276415603,10.153694819249536,0.6598750833379261,-0.7012492119037987,-0.26984146678015264,0.6913125365125239,0.7073202965509919,-0.14759734058457014,0.294366865068718,-0.08914898143734776,0.9515254110418161,-1.9194122747865003,0.8012947104503385,2.134423233615017
2.3633652900713304,10.495029884754251,8.831628346266802,0.6406484325278182,-0.728548563834967,-0.2424594317275668,0.7245622921618265,0.6781210179362287,-0.12313151428587832,0.25412412454713795,-0.096792949986755,0.962315984568484,-1.7990528501618517,1.1978833516885197,1.8492550138103847
1.886273823974535,11.093838303565907,7.392150355606375,0.6250248532043735,-0.7530111371649174,-0.20571378218886427,0.7522304599121373,0.6514210507016774,-0.09899469623721031,0.20855039692416277,-0.09287002750252062,0.973592260617582,-1.5826749551799724,1.6795878399074966,1.5622633812278488
1.5014303422165671,11.240501246913617,5.743971701068768,0.6141305056128551,-0.7734064597983961,-0.1571183312596248,0.7729456222298636,0.629640862478005,-0.07815017193610965,0.15936996941515705,-0.0734495217143339,0.9844827985335987,-1.2552795951962554,2.2795400700677995,1.2382262188484052
1.1561636494939886,11.18988369002831,4.179169455506363,0.6080341262143214,-0.7875066619537987,-0.10063676632906209,0.7861671727819136,0.6149079350936988,-0.061882209066069296,0.11061499807385741,-0.041490827145133365,0.99299689499209,-0.9554867144646447,2.8503310027516244,0.8924383251094961
0.6205680204997366,11.15581012133559,2.537643612931757,0.6052165542668531,-0.7953127582149433,-0.03450418904850193,0.7939284002474248,0.6061984955958563,-0.046915660689005365,0.058229010999005563,0.0010002788902408674,0.9983027505322313,-0.7772595370961,3.2490033914219554,0.5231597332604979
-0.11328439460949102,11.073255001651017,0.8651273931847892,0.6049542540026666,-0.7955051393314752,0.03466877357631176,0.796240618879194,0.6040601359999925,-0.033350096589799275,0.0055881491529260335,0.04777996853158408,0.9988422534094982,-0.6850710975517043,3.4870589533547367,0.156580586313342
-0.8551868173617665,10.719333612165997,-0.6929536697497357,0.6065628417379815,-0.7876238267810118,0.10830617022855693,0.7934870231667865,0.608236115472899,-0.02066813732173447,-0.04959700685178462,0.09847606471255504,0.9939027123366106,-0.6365889431604577,3.6187763499968604,-0.1991234057031528
-1.4317106393304435,10.095386185891886,-2.004247785248287,0.6090842738601177,-0.772296791273228,0.18048272362020495,0.7863665315902905,0.6176665335545249,-0.01075784929220927,-0.10316988577559774,0.1484780102096315,0.9835193211895928,-0.5803296744651032,3.684785979597931,-0.5170666570101057
-1.8539544362741442,9.416292763355576,-3.112598966262243,0.6119678290976961,-0.7487781686537732,0.2546107426974609,0.7747580881404831,0.6322516199020889,-0.002791772212806687,-0.1588876364301403,0.19897020701271995,0.9670395936625128,-0.5746381074697984,3.693723337259181,-0.7993032504208404
-2.55217217112639,8.090943206171753,-5.058304722891923,0.6200471540975058,-0.692996124455449,0.3678286261091025,0.7434947975480863,0.6687095862953794,0.006555548458584602,-0.2505134980684953,0.2694139207360844,0.9298704891537831,-0.6761730515584117,3.374487280304451,-1.2110183336896367
-2.996542074339516,7.352304194552537,-5.9166215080564255,0.6227256740248777,-0.6569596180327943,0.42499034716622053,0.7228493829558439,0.6909481305493838,0.00891349822839756,-0.29950209426749835,0.3016533460190941,0.9051539948345068,-0.7317940131773953,3.1971739394305096,-1.387406695100732
-3.4785242404650054,6.60229325288592,-6.409485893841949,0.6206160374656927,-0.6041896219280336,0.4997905909426863,0.6937655363390312,0.7201436097411555,0.009086359952960529,-0.36541088466081334,0.3410983466735609,0.8660986105911751,-0.7317940131773952,3.1971739394305096,-1.3874066951007316
-3.892553393703561,5.766434758650643,-6.755256762859556,0.6231269780851267,-0.5650604652174422,0.5407582082879036,0.6688671643718573,0.743357607508056,0.006015295923705113,-0.4053757338663091,0.35794711621711023,0.841156570671718,-0.8458370997525093,2.672958774682674,-1.7184143046064349
-4.245770350094505,4.856007658395695,-7.0051913081495245,0.6225049955854965,-0.5141000669503965,0.5900751237195963,0.6368400749094698,0.7709959183212741,-0.00011367161576643272,-0.4548870733054544,0.37585424714047333,0.8073483358786747,-0.8458370997525094,2.672958774682674,-1.7184143046064353
-4.376568801710402,3.88776615717796,-7.485272630071501,0.6274261548251815,-0.4726905559186361,0.6187891875159233,0.6083148011128535,0.7936256219636723,-0.010558167918912417,-0.4860962075436477,0.383043092233895,0.7854861338709794,-0.8143461111493732,2.1573344050898635,-2.1002210751818446
-4.543297419226409,2.8594019629124805,-7.966616595934884,0.6354871162250914,-0.41731205077900024,0.649620487197364,0.5690073562380458,0.8218318625454184,-0.028688294688221892,-0.5219068438513783,0.3878698776390771,0.7597171870909198,-0.7846202385902479,1.9339678045421511,-2.299432090956217
-4.670126002089165,1.763399943191493,-8.146108832206341,0.6445751465264338,-0.36915765675731255,0.6695113926871407,0.5332434781640615,0.8446173988096515,-0.047674339256169096,-0.5478816235975802,0.38774227791855187,0.7412702964766708,-0.778088414430249,1.6302980227032882,-2.5169441833378143
-4.728733436809052,0.7708325372806196,-7.995872614678438,0.6582217812564336,-0.3119235052247971,0.6851626183380713,0.48819271193730157,0.8696711637844102,-0.07307491288515179,-0.5730723887005119,0.38259089608894875,0.724715284466213,-0.7920281200073576,1.2583975081006145,-2.6795649172065517
-4.788518644123177,-0.02612558270228038,-7.844934797197588,0.673275527228504,-0.25752548953899834,0.6930950055171925,0.442931435072801,0.8910519627693045,-0.09918741588185015,-0.5920403772206155,0.3737740251578066,0.7139896146708312,-0.811213003791576,0.9064683452707296,-2.806818929487193
