0.12197192694080028,0.0983013059619393,-0.0658677971588414,0.999979239432344,-0.0011142849099331428,-0.006346579665481503,0.0010070035417526777,0.9998569819069887,-0.0168819926464408,0.0063644833394161365,0.016875251138489134,0.9998373463973204
0.7285019461653847,0.26400738437506943,0.7167544428449729,0.9998929118713307,-0.004595652451880408,-0.013894055132065685,0.004121289432111756,0.9994140364402503,-0.03397938698126799,0.014042071175155005,0.03391848676971787,0.9993259510752056
1.0446228215160287,0.1442997854044205,1.2126617466369507,0.9998410345696558,-0.009880040335201203,-0.01484218291408254,0.009467227077011246,0.9995733612178237,-0.02763090941635063,0.015108845162771084,0.02748600274097829,0.9995080001936805
1.340587508208537,-0.5145764819053386,1.6295441477191437,0.9997806041228129,-0.016457497585545437,-0.012957406879648007,0.016209438198702825,0.9996876606919323,-0.01902196555497722,0.013266413724342249,0.018807759928127353,0.9997351001307199
1.7213159990668407,-1.4224790879965168,2.021759683447193,0.9996062181926315,-0.026851592760949273,-0.00814865122735539,0.02678459279581684,0.9996074077099999,-0.008222897303058906,0.008366250019406496,0.008001400970737248,0.999932989476354
2.588897890851624,-3.2968761761496532,2.37569661854345,0.9984387316049027,-0.05553351824279329,0.006010622494378438,0.05546324248048385,0.9983969264530281,0.011287425866775665,-0.00662781749474365,-0.010936434552643478,0.9999182298740894
3.5826194604739374,-4.05917489844873,2.489752565187194,0.9927873431884439,-0.11422446596913616,0.036415142164987875,0.1129638132614269,0.9929830599859565,0.03498313128300356,-0.04015554878554257,-0.03061721664345162,0.9987242451982129
3.840754435141653,-4.322811532095809,2.3251236895195007,0.9872174334452807,-0.14936093140184453,0.05561520720527819,0.1467626552444492,0.9879960792206495,0.04821276252428623,-0.062148709779942204,-0.03943424419711584,0.9972875604645287
3.977629098005746,-4.326169822249533,1.971276170904441,0.9788320490957624,-0.18880893948533015,0.07898736628990499,0.1845010572035721,0.9810750560536066,0.058746015015293855,-0.08858430760442221,-0.04292922966741725,0.9951431563782205
4.065683535603388,-3.6644387759802894,1.4291106974675905,0.9639954842621252,-0.24104923207622217,0.11228523517227826,0.23412439782704966,0.9695785407666668,0.07143682262602755,-0.1260891457039488,-0.04257606135194665,0.9911048412430462
3.7874119579736503,-2.278914070824919,0.624065628863204,0.9453254943711026,-0.2919598316976261,0.14532434884465903,0.282193096077786,0.9556491122659878,0.08427236054165643,-0.16348322916453484,-0.038655282954898625,0.9857885183352528
3.002495563695145,-0.4238848643135955,-0.5022964726157917,0.916536914552605,-0.354949481104396,0.18431209978216517,0.3414399788938553,0.9343986081378838,0.10157746759468445,-0.20827583891405776,-0.030167979277794684,0.9776047606016146
1.8645180085650175,1.4558702562264152,-1.711101866940409,0.8930562471288638,-0.3978519402350495,0.21015321343085952,0.38151589061572977,0.9171714495740382,0.11507457275151611,-0.23852916943593372,-0.02259127569359445,0.9708725300423017
0.5746040304472284,3.1330834776666876,-2.796771656982727,0.85925432044569,-0.450749807809066,0.24188142457722062,0.43022564059746743,0.8925705863494858,0.1349949871522409,-0.2767452094759987,-0.011931435111710654,0.9608692574373795
-0.6878937741535451,4.378748554408748,-3.606421770183893,0.8326029177800385,-0.4869228084952142,0.26396696738664,0.4630901223758084,0.8734396189097042,0.1505017298134114,-0.3038419323630714,-0.0030676841433391736,0.952717518182526
-2.0215988428574176,5.4065767433100005,-4.2515169393143015,0.8067852463374111,-0.5185088608548133,0.28327747440862094,0.4913436904338747,0.8550546521029689,0.16571940075890584,-0.3281447000381137,0.005486632128557409,0.944611535343912
-3.354457292620805,6.535075085553023,-4.85071538283442,0.7886081156900733,-0.5391767858177623,0.2956106112827805,0.5089735911877106,0.8421341117738844,0.1782021920748884,-0.3450262647121773,0.009926299513772916,0.9385405400070505
-4.51558191599711,7.72450315358436,-5.425064065140655,0.7797991208930453,-0.5494043607496976,0.3001136108936915,0.5157525072590087,0.8355269047101068,0.189457495923475,-0.3548417708084548,0.007045558513252469,0.9348998223311185
-5.320222056803938,8.652093901116656,-5.9433615738761505,0.7820199328656778,-0.5485702023129978,0.29583028535807054,0.5114830703690942,0.8360959832612798,0.19831433508487725,-0.35613184823399985,-0.0037735803462659503,0.9344280960912968
-5.643935570571491,9.08082905765954,-6.367907763831409,0.7939089247300299,-0.5375799261855576,0.28410639238908075,0.4984401360495514,0.8429994646297025,0.2022605582137525,-0.3482327526366702,-0.018966433411815163,0.9372162100575957
-5.347504218077166,8.963373229070527,-6.694790949879219,0.8148335824638377,-0.5156442301352374,0.2648721593852152,0.4759690146285617,0.8559337840041057,0.20206646063592082,-0.3309074341906876,-0.038579597310635115,0.9428742676882669
-4.329357884120912,8.283704542923541,-6.796858462497038,0.8478137922596474,-0.47617212110136825,0.2333921265598733,0.43713032808435587,0.8767042873182347,0.20076520830733802,-0.3002146730644242,-0.06818873575341936,0.9514312620432291
-2.734662993577569,6.749704589785219,-6.286109439938416,0.8911936805754137,-0.41241909002384736,0.18890293244507783,0.376735814672446,0.9048685311301501,0.19819956436241792,-0.25267360298522695,-0.10546769910387636,0.9617861585613502
-1.4392331105989373,4.277873174892896,-4.84592138982687,0.9172922194290981,-0.36507864851268074,0.15903636243008823,0.33351415520007405,0.9225442373135174,0.1941144983786646,-0.21758513840798177,-0.1250188409791676,0.9680015480071329
-0.10611255868238151,1.59341282890281,-2.9152165699298465,0.9552072246709299,-0.2783924526572086,0.10038326673287758,0.256749807777415,0.9482717821304332,0.18670876632186242,-0.1471689306298054,-0.15257217806230403,0.9772732659489897
1.171418188806144,-0.673590260480827,-0.8817784569112392,0.9708497640049828,-0.23120277949575554,0.0632140054490043,0.21611470782264475,0.9584296011793214,0.18629850414315982,-0.10365890600523675,-0.16720638246395728,0.980457473258843
3.135588111914684,-2.392762644637652,1.042631299292875,0.9854099717073165,-0.16990761602402185,0.009929233445728977,0.16487742784028753,0.9674542853655739,0.19195738984617552,-0.04222110193442316,-0.18751961962637245,0.9813530306707287
5.458218953933438,-4.02335405148477,2.9563786954058537,0.9921557877287398,-0.12031152707763743,-0.03394155754545527,0.12468189932817532,0.9719828696708236,0.19925793596840413,0.0090175859454322,-0.20192681228285855,0.9793590994242104
7.641702334216979,-5.785097284554394,4.959894970876305,0.9941716442135401,-0.08629257796672002,-0.0646245528387186,0.097898158096937,0.9736572942344213,0.2059306291578115,0.045151882385719974,-0.21105701687449877,0.9764303575499198
8.469475324891519,-7.895943591476478,6.889400608570868,0.9942622158860653,-0.06758957085437418,-0.08291137420796368,0.08382372836847952,0.9738091294328333,0.21135127630481482,0.06645471107257028,-0.21708852881943871,0.9738872327078086
9.058885605888344,-9.86012745680981,8.523968258965727,0.9940314712136487,-0.06701517549739473,-0.08608368306411389,0.08422244376716206,0.972951953452864,0.2151071273531927,0.06933984570733218,-0.22107343242757313,0.9727890435608201
9.357674408232542,-11.274223259322262,9.35926095435679,0.9934464820878363,-0.08594166282819399,-0.0753532867075326,0.10032398276498045,0.9715347504688469,0.21460504913353468,0.054764821824547893,-0.22075837293692824,0.9737897899797298
9.66950062519809,-11.403397063169333,8.947159066305254,0.9906362462741393,-0.1252427404137271,-0.05435148150274138,0.13399361553451694,0.9682311211372313,0.21112604542625207,0.026182791368971888,-0.21643186464797537,0.9759465709766749
10.074448027358615,-9.843892389239192,7.177467448192312,0.9827815703370761,-0.18299942392091026,-0.02552637558303149,0.18425997599587984,0.960395498284242,0.20901853535358977,-0.01373485536104316,-0.2101230537565477,0.9775784654073733
10.332169294904888,-7.151080995298601,4.317466778442284,0.9677173087184496,-0.2517096352321894,0.012863511884381226,0.2436338727331962,0.9472994430448923,0.20800553181072123,-0.06454259418202998,-0.1981565662250796,0.9780430608097683
9.753195876723925,-4.22173203566965,1.0119676699107165,0.945016356546742,-0.321305627393294,0.06088332829702719,0.30321984134481955,0.930640493457157,0.20485604641464975,-0.12248189120822836,-0.1751312814525733,0.9768967297431371
7.770179096434634,-1.5185108673251029,-1.894890077906501,0.9125047462548723,-0.3917536529562533,0.11774618234899735,0.3647173868510418,0.9094935665658604,0.1995060903928944,-0.1852466350325407,-0.139106174452257,0.9727965647751741
4.738983664783003,0.998210350847254,-3.8637511719564213,0.8743674731954438,-0.4541730283931853,0.1709045994055699,0.4215610849131975,0.8853546359021842,0.19604443469101113,-0.2403492739839736,-0.09936814865274095,0.9655869704634089
1.4049775761610448,3.2193413067606396,-5.111641540717827,0.8314953902186687,-0.5103902488467132,0.21935635374270435,0.4748107949402408,0.8579100943075932,0.19632875258950822,-0.28839231101629725,-0.05909368804979123,0.9556870884234827
-0.9476668295691684,5.512418606835931,-6.2632869867442835,0.7927568533051436,-0.5533642299517783,0.2555867769420063,0.5166534933023481,0.8325188493788092,0.1999538278889988,-0.3234281054519038,-0.02646496625462504,0.945882585823914
-2.97660803479093,7.308471515268954,-7.253214256014959,0.7594491061533699,-0.5856188768390188,0.2833506418779634,0.5489420567067632,0.8105862965589254,0.2039913581734132,-0.34914133748583315,0.0006220294938604088,0.9370698690801623
-4.365520168247945,8.99163763524977,-8.103225182002571,0.7392173417875766,-0.6015878867511042,0.30273707423249285,0.5662331220823001,0.7985446656270275,0.20422161603402564,-0.3646063261346957,0.020455598572490213,0.9309370523454318
-5.249080523296245,10.567505445074492,-8.656563061387978,0.7355219377929149,-0.6001129983064311,0.31443897387095776,0.566474618592526,0.7993266538042956,0.20045799312693716,-0.37163690009982536,0.03068044624337268,0.927871071163715
-5.655948267018596,11.73662276034674,-8.733315310579355,0.7473800377764911,-0.5839723143894129,0.3168586674842326,0.5507347207768633,0.8112948774123931,0.19619349942146289,-0.3716373857189845,0.027873964753543118,0.9279594256350204
-5.515776868162051,12.00639082603321,-8.216641190469538,0.7728878699190614,-0.5551511808428686,0.3073296388907918,0.5214904865357496,0.8316509193266646,0.19079942566952296,-0.3615135031844358,0.012802921224517599,0.9322789669532588
-4.831398153380566,11.001419538395158,-7.202152677791497,0.8081326651461819,-0.5141896264131536,0.28728143624820335,0.48106769942341965,0.8576324776086218,0.18177018986168858,-0.3398462359585398,-0.008692608354074639,0.9404408404917425
-3.506675011151917,8.688810945950099,-5.831243672996496,0.851378915603926,-0.4595451726430256,0.2529272155494041,0.4281031640177827,0.8873627547580375,0.1712163030385525,-0.30311981628235163,-0.03749100917176816,0.9522146823107884
-1.668462837482728,5.437974400582867,-4.239541573583684,0.8952665760145537,-0.3958671047543681,0.20441867146758214,0.3669378525802787,0.9153786490297409,0.1656458307481935,-0.25269422275736947,-0.07328822738939318,0.9647665341994245
2.785725317500246,-1.3178422372665521,-1.3166681999813374,0.95637443306872,-0.2729221378655759,0.10421828263489853,0.254279735386804,0.9532942915884095,0.16300861878001566,-0.143839354642953,-0.12939667804018332,0.9811048566631723
5.327267706339681,-3.7764952861604337,0.2482929378049017,0.9803539644091451,-0.193921371979401,0.03606391488592253,0.18566061496548655,0.9689552686705036,0.1632661121185551,-0.06660510879737233,-0.15336293165331005,0.9859227001529037
7.425610411508665,-5.573383320944226,2.1755356208456242,0.9888697477670292,-0.1486071381708649,-0.007248478173890759,0.14772212011929237,0.9748378824028556,0.16694094243107913,-0.017742524584550938,-0.16615360819729685,0.985940252400918
8.63416946554021,-7.388335594848601,4.418680427391766,0.9917205961782533,-0.12309998155888077,-0.036560274288536275,0.12761837947110188,0.9764365681035991,0.17402637067764876,0.014276145734046983,-0.17725129903689743,0.9840620756094163
9.274207892470448,-9.436334789398487,6.308791274770668,0.9917405367236783,-0.11790135106819144,-0.05049731909047819,0.12512983720503085,0.9758455673057747,0.17907527079614505,0.02816436862550055,-0.1839149264903889,0.9825385835446677
9.893619177799726,-11.155963394960075,7.253780459936603,0.989817056560177,-0.13259591342791255,-0.05177372195201789,0.13988953462994158,0.9733865629221181,0.18152001879595242,0.026327032562858822,-0.18691421258128535,0.9820234032300618
10.806014206628113,-11.638086380197366,6.983524054984134,0.9852937386848616,-0.16569813429342795,-0.04171782353005706,0.17056560818319239,0.9683242183988591,0.1823611289922708,0.010179480021381481,-0.18679490451807,0.9823461924558875
11.814423599444225,-10.38930692384305,5.243720693248372,0.9756585677100722,-0.21857814740346224,-0.017718711341428973,0.21815832167045893,0.9592108778583124,0.17978164112114814,-0.022300357393084676,-0.17927098280523493,0.9835469530145401
12.173901925233364,-7.680043784276025,2.2140453745562403,0.9563258380472596,-0.2912224296651352,0.025107527619068867,0.28301968694697854,0.94400761023712,0.16955674157884534,-0.0730804233953346,-0.15504556838019026,0.9852005498587698
11.085923565421579,-4.004388344434679,-0.9744828649691629,0.924259386783967,-0.37205772260986253,0.08554318785320011,0.35613429957461157,0.9210013871942119,0.15787591790022165,-0.13752434914671058,-0.11545343577693579,0.9837466937982942
4.602101508857532,2.5377653224238457,-4.490686468887232,0.8567008629226949,-0.48133515532620147,0.18541871457490838,0.4591329012431984,0.8754131396174316,0.15115824152573948,-0.23507575473347642,-0.04436556358541577,0.9709639984593842
0.9027958631682858,4.360912890913932,-5.577903268934923,0.8039432194771142,-0.5409520946039237,0.24707515294015286,0.5201959394108516,0.8410052957656423,0.14868179819535884,-0.2882212422380319,0.008995767769959494,0.9575215881038897
-1.8544620004191306,5.91994022847075,-6.605954332197515,0.7631443706930143,-0.5773817973888569,0.29024288022891437,0.5614458189291697,0.8147787302296238,0.14461747187790042,-0.31998322125779827,0.05259164201100898,0.9459623974049227
-3.805194462175756,7.893017701897121,-7.376819836672363,0.7336427396525342,-0.5982802185493097,0.32222524830887134,0.5890703671660084,0.7963235791791585,0.1373494076077427,-0.33876899663639204,0.08904794964446831,0.9366461602879118
-5.1470832054372675,10.090719512865288,-7.630791034925487,0.7179331166594206,-0.6043943345315024,0.34536868472678983,0.6022192759410608,0.7881107166602432,0.1273320147107619,-0.34914750992770227,0.11657180907706369,0.9297887016090193
-5.818361936843645,11.7943259848915,-7.421777368718715,0.7179817605659142,-0.5965971488035705,0.3585722152288438,0.6001163947102356,0.7915508398454442,0.11535848794068099,-0.3526506831053339,0.13235977477852476,0.9263467956040652
-5.736119633104992,12.567103322070265,-6.91053627427914,0.7317565381373122,-0.5782636326737295,0.36075412682362795,0.5852221234933601,0.8043921220288345,0.10231510246229744,-0.34935288043355023,0.13625155098174163,0.9270318655730512
-4.665652523093918,12.026658360433352,-6.153491814481702,0.7656118961715604,-0.5387009806542234,0.35162434199407383,0.5488529346387835,0.8321045870717991,0.07976473100603573,-0.3355575667139436,0.13192122504073345,0.9327367848459552
-3.5637130022929293,10.521038891776106,-5.371087640921347,0.8009825521751629,-0.49639255478984806,0.3346959555479713,0.5085122517020847,0.8591485888912114,0.057262484011044223,-0.3159782286484902,0.1243307434042244,0.9405847251921092
-2.328295925288289,8.155703766870367,-4.539545337088162,0.8524466541635368,-0.42813898678925233,0.3000528450064481,0.44182402584475927,0.8967707751784727,0.024366102932761022,-0.2795107010325734,0.1117997530268863,0.9536113376168547
-0.5010433821816784,2.24705174506708,-1.7724373479705933,0.9280776692876519,-0.30238073086230055,0.21734243343806695,0.3147593269552583,0.9488697944411216,-0.023930718583772072,-0.19899348196429062,0.0906201235953902,0.9758020226128269
4.156116083113965,-3.2819261125882395,0.8870325653075727,0.9760800398656077,-0.19690309664498584,0.09217877362803546,0.20106983796557973,0.9788299379308907,-0.038247521105336774,-0.0826962879242402,0.05586701300251311,0.9950076385745631
6.505278383603411,-5.450031492542909,1.9525951335468754,0.9870709534099555,-0.15501278949692043,0.04076724207920073,0.1565623698939897,0.9869354733889913,-0.038034138607626056,-0.034338859438518825,0.04392500949151789,0.9984445083596943
7.688718988754092,-7.44849408440034,3.3065618990427756,0.9913063371243357,-0.13132120716693702,0.008153926989529443,0.13152809943090008,0.9906936900435496,-0.03501958834694781,-0.0034792294013920935,0.03578761037164639,0.9993533618829026
7.973940836694689,-9.481415989103457,4.660594135986708,0.9922894542040183,-0.12350705155898106,-0.01037532123349105,0.12313507676126238,0.991905473986607,-0.031004572991765234,0.014120621320927517,0.02948794483531901,0.9994653916784213
8.167332587295377,-10.58038329019847,5.473457325022811,0.9901999856217878,-0.13866776346691206,-0.016590354116021444,0.13830781554081892,0.990162924610123,-0.02117382553659094,0.01936328058303522,0.018671746105055363,0.9996381491632115
8.52478667517106,-10.80967603631914,5.4711933629231595,0.9853422550376324,-0.17044032774525253,-0.007122858656708191,0.1703558436226065,0.9853195843443269,-0.011144651235108096,0.008917790140089619,0.009767875184141586,0.9999125269909386
9.061093044385876,-9.793274320092197,4.661871607808608,0.9757584939594877,-0.21849428316357844,0.012474361336188847,0.2185086402154523,0.9758349897058061,0.0002168341825406258,-0.012220295295365759,0.0025141779377323772,0.9999221686172338
9.621979942092674,-7.568639038775288,3.044296812548144,0.9618342350381078,-0.27092084458118165,0.03842915924238412,0.27078097999270956,0.9625998563205408,0.008898173175519612,-0.039402603757179355,0.0018473178104364129,0.9992217082480055
9.61364545768411,-3.981309473504406,0.3697272501803286,0.9331728312247871,-0.34805864755350874,0.08968636979573114,0.34768359579405034,0.9373926042134972,0.020278628690239827,-0.09112949182143965,0.01225901419606769,0.9957635925717041
7.498663887877365,-0.1780080015527914,-2.379081614161305,0.8980263817659927,-0.4141021910341012,0.1485529973882575,0.4141984994974788,0.9096319696018862,0.03176921296207471,-0.1482842562995685,0.0330008372461842,0.988394012565199
3.6370400420225777,2.6831772067559445,-3.8873111964124787,0.8570658996608552,-0.4731730634910745,0.20382663129483283,0.4746714886273423,0.8790280840195525,0.04468339052955711,-0.20031230996329513,0.05845408019450285,0.9779867580830446
0.009909467013923257,4.266233853806907,-4.344279836926948,0.8171351589322595,-0.5206109651471094,0.2474961716983628,0.5239452082600874,0.8497957785587587,0.05769361736800978,-0.2403571317395099,0.08253095002668774,0.9671696291290625
-2.3362698186362794,5.485708288943228,-4.723951633183127,0.7805446717193413,-0.5583244589147217,0.2811117465139584,0.5637333375762967,0.823037874080443,0.06937854087708482,-0.27010135052537987,0.10431901268094496,0.9571639379111807
-3.773890846467684,7.0570126670792135,-5.308960966705801,0.7512114123793429,-0.5851300890886867,0.30545735013925834,0.5929630550385355,0.8015279211543569,0.07712202648622067,-0.28995901308702043,0.12318997708027968,0.9490774469328419
-4.702739436339495,8.88861943930744,-5.900277502073614,0.7359975360928037,-0.5963013358673436,0.3205188663840909,0.6069701819522147,0.7909191864719879,0.0776790749905267,-0.29982465723521945,0.1373737868492738,0.9440517028216587
-5.139960322663523,10.502599460823207,-6.279856526307525,0.736299618005143,-0.5919930114973037,0.32773029592003367,0.6052665526341506,0.7927470603390254,0.07214221084915723,-0.3025149133313115,0.14524590411500812,0.9420129269548072
-5.0966444213406525,11.495486710006059,-6.33373690774596,0.752287340827773,-0.5713387380312805,0.3280789588728614,0.5863706656148212,0.8076684960087769,0.06197614913296449,-0.30038841411863565,0.14575200506251423,0.9426150612437442
-5.029048689257898,11.541505122516579,-5.943858076876754,0.7766978631203986,-0.5414042828428962,0.3219034512762715,0.5570248017472038,0.8289751750802951,0.050234742351105345,-0.2940472745370962,0.1402909890903988,0.9454388603803753
-4.868097681503976,10.667253294642506,-5.022292233438901,0.8165042015391593,-0.49218931059614934,0.301779010873497,0.5071238751745109,0.8612570743348389,0.03258262015523318,-0.27594612535219,0.12643549518659655,0.9528209703087108
-4.488886864528446,8.675979754668344,-3.630829425842382,0.8506850447393589,-0.4486184668891154,0.27400077704790143,0.46195447245030724,0.8867287937342762,0.017609989940744065,-0.2508645452030894,0.1115953293315363,0.961568230772748
-3.0426281613580444,5.632324117068658,-2.262552982267386,0.8970527317948047,-0.38140727754138987,0.22321488529652916,0.39211273633855104,0.9199086086166613,-0.003969104943368312,-0.20382344904493166,0.09108589589734689,0.974761181617326
-0.8781809321212625,2.0629021086788857,-1.219686673590743,0.936336162113671,-0.3115814834583636,0.16183810022403883,0.31975990665588383,0.9471267562738374,-0.026542600581312817,-0.1450110120427458,0.07660213258182698,0.9864602980709638
1.9180814404258244,-0.9636394165117652,-0.6489832889738787,0.9713630568725838,-0.22425730716135953,0.07850141354067734,0.22842890926218085,0.9723345973236523,-0.0488432621836486,-0.06537618187413068,0.06537653273297445,0.9957167588282198
4.728284827148231,-3.2139011304601617,-0.07447514097597677,0.9868632751387221,-0.16072643702300213,0.01636730351540463,0.1614287814377468,0.9850484014022296,-0.060169721774622965,-0.0064517211656138634,0.06202144255660372,0.9980539644514216
6.640364879426589,-5.160340179510994,1.1648698830446067,0.9930750786600534,-0.11120707541681941,-0.03787973761216182,0.10862950711523196,0.9919940159358621,-0.06440110660028982,0.04473833175511028,0.05984027677641389,0.9972049051960648
7.604805310904684,-7.216630652570928,2.8003894176649444,0.993704782231475,-0.08793942190280676,-0.06940795232318026,0.08348589658692789,0.9944094005629601,-0.06465329955300655,0.0747054940507967,0.05845170782290332,0.9954910783182402
8.108655967256981,-9.485594498586375,4.259515273610314,0.9921818149871393,-0.07728517757589387,-0.09799105742815803,0.07109677565129507,0.995339537857543,-0.06514946561194201,0.10256946183350844,0.05767326681049598,0.9930525161312418
8.941459565242088,-11.427765523629535,5.094894148737021,0.9894057348951517,-0.09150260269645774,-0.11271009474026207,0.08431322722223777,0.9941848645350163,-0.06699055787842097,0.11818448067303966,0.05677789032065965,0.9913670862494777
11.582080146888917,-11.753525267369419,4.012732440020261,0.9838021062722708,-0.16593990633094505,-0.06780385815807574,0.16048132733850146,0.9838472309585515,-0.07931185101145118,0.07986963922490344,0.06714591292153876,0.9945412344935816
12.257483403326136,-8.717383034335862,1.956505584280908,0.9694438533792104,-0.2449661819833851,-0.01304549078229661,0.24298964962765335,0.9662044527153479,-0.08605222673972232,0.03368449671731047,0.08025288304800693,0.9962052145232853
10.985663611663618,-4.800417842852415,-0.2933656157377176,0.9481224475675002,-0.31472616254750385,0.044847151824110844,0.3174986667066321,0.9445734464908555,-0.08352006240357598,-0.01607548002779341,0.09342615689681398,0.995496424980707
8.014950534937775,-0.7870918749592644,-1.964679850621037,0.9133024123095879,-0.3910192362785258,0.11394147853019036,0.4003181380436784,0.9133544908604062,-0.07435699280074323,-0.07499394657390941,0.11352326142815507,0.9907009524028857
4.2867643096578885,1.7826616000520272,-2.7682518001268233,0.8748565729975448,-0.45345070537921617,0.17031862632748782,0.4687367405386165,0.881182029839937,-0.061677373131492824,-0.12211406451439287,0.13379345304707,0.9834568964471786
1.1779468064664478,3.610978666496967,-3.4339314384199016,0.8178747870504656,-0.5242447879843116,0.23716710349127137,0.547533859160833,0.8357928615311203,-0.040705843389688946,-0.17688274585046698,0.163149302434624,0.9706156805530679
-1.038258949821446,5.122075685213714,-4.247683127812953,0.7651773556416892,-0.5758921482410485,0.2878399694404892,0.6060167227979265,0.7952000863272863,-0.020013855059355053,-0.21736454656280352,0.18974998366109397,0.9574693716240545
-2.796499857442855,6.574995286755819,-4.930113478360621,0.7107567665009806,-0.6198701357018123,0.33254448384853275,0.656597694646228,0.7542366815290421,0.002548650881628617,-0.2523970805265572,0.21653647060270026,0.9430841270218671
-4.081367350116961,7.93650215142962,-5.228876394954156,0.6703017057536749,-0.6476449903102018,0.3622866127664836,0.689417800276642,0.7241169156489582,0.01891531476753975,-0.2745882734667123,0.23708787188959526,0.9318747883044338
-4.90678361886814,9.088296625460744,-5.2010287878023025,0.6413925097800803,-0.6642723137949172,0.3838722984581675,0.7106724867060762,0.7029269140105736,0.028954623094991035,-0.2890679246077151,0.2542362025462105,0.922932114663842
-5.410840324856297,10.491299388876577,-4.526413417960386,0.6140922432782702,-0.6731506521777053,0.4120181018088791,0.7272289724091834,0.6854510604835741,0.03598423780804877,-0.30664105797193114,0.27753385947425013,0.9104648364495921
-5.413083083381624,10.727626208709811,-4.111177916877223,0.615884624890675,-0.6667578536027607,0.41966664566333123,0.7234893231288015,0.689511524574927,0.033720272789342726,-0.311848245372491,0.2828565398526226,0.907051734864501
-5.32160679090989,10.054576228299787,-3.892449936882728,0.6343501101559049,-0.6491049953888429,0.4198364475679088,0.7072733917472911,0.7065418885589698,0.02372570415828266,-0.31203250963877843,0.2818887452041557,0.9072896165259211
-5.2830562268763614,9.214058226310506,-3.8436345117107047,0.6780156337691964,-0.6148484590243674,0.40281034346192723,0.6706093918869873,0.7418023652596414,0.0035063382845442782,-0.3009615322221764,0.2677510473005872,0.9152767520219878
-5.313268947332214,8.009886570959392,-3.592375119983924,0.7291113583578621,-0.5692600581870392,0.3799205354629335,0.6218151475488213,0.7829019097364232,-0.02026134274667414,-0.28590653961109597,0.251013118947893,0.924797201944113
-4.873384595853867,6.382793711704122,-3.0046614905613263,0.780719979870909,-0.5234529052761472,0.3412819494030244,0.5694804919520757,0.8208392880613705,-0.043758798668647444,-0.2572319620816778,0.2285167808561594,0.9389418504629288
-3.4691952583677077,4.353895274720258,-2.6118960753907525,0.8453009209237632,-0.4563951443209327,0.27779457396737084,0.49230836155823976,0.8673495777075418,-0.07305605512474261,-0.2076025775978707,0.1985149422356477,0.9578585425227977
-1.295825380587066,2.1235988356212605,-2.5992713035095822,0.8971301742565743,-0.3896281760216471,0.20820022787790943,0.41497202398424227,0.9048949460717062,-0.09467500136944684,-0.15151128587927326,0.17133307043278972,0.9734933534581952
1.2423245625611221,0.2986722191078992,-2.5719955895051703,0.9407971628175981,-0.313623880600293,0.12861088582064673,0.3276270528862278,0.9386528415596828,-0.10766316570219012,-0.08695523360582466,0.14342560632308696,0.9858335979258428
3.2208430278751,-0.9456875852170071,-2.1379676407059445,0.9643210055889421,-0.2560126201104079,0.06739834214679226,0.2621639786648336,0.9588871928144547,-0.10865265641961351,-0.0368109558495445,0.12244545643108817,0.9917923490977466
4.3648879392816085,-2.1112984375420027,-1.3055156808339647,0.9805693526124176,-0.19616758753550897,0.0014220821928814936,0.19529059472696678,0.9754475964845637,-0.10180162141967253,0.018583011824050748,0.10010126928758097,0.9948037030281721
4.933692722716382,-3.5617904822018702,-0.35095452767548796,0.9879286966292135,-0.14351081599886012,-0.05832268913420901,0.1380621286439754,0.9864480117337728,-0.08865195305676916,0.07025481485847719,0.07952965382689825,0.9943537072648626
5.331207971492455,-5.1694954045815935,0.6320245886147509,0.9889826900810716,-0.10892338471613604,-0.10024437631103403,0.10171036815356904,0.9920231466041339,-0.07446527789310373,0.10755575172938567,0.06344897842843594,0.9921723577112577
5.619877435138177,-6.7046735237005874,1.8149943238677069,0.986569178960296,-0.07439460120013205,-0.1454190442750931,0.06714206682073563,0.9962719721588206,-0.054167336595157045,0.1489066754334682,0.04367608960342412,0.9878862288787644
5.988982863599955,-7.480463952263729,2.5703356594808877,0.9846208004909591,-0.05962913225211966,-0.164214024454072,0.053268647535309445,0.9976594908469718,-0.04287180323614389,0.1663860884518369,0.03346501023186413,0.9854926497239235
6.119879327192904,-7.047813861287104,2.7617664785118654,0.9823106040268872,-0.04191118213986584,-0.18250843823771973,0.038417274996761966,0.9990053011068583,-0.022638934211162507,0.18327572179139248,0.015226988278483823,0.9829436141660477
5.841251491296845,-5.338679866333643,2.4131276683016556,0.9822703307297169,-0.03976080683660677,-0.18320500977821377,0.037666565438697695,0.9991792999216039,-0.014898203120656942,0.18364701798881963,0.007733359417097691,0.982961834424888
4.649871022739702,-3.1410557367889638,1.9752585108895324,0.9833640992356562,-0.04071655410916085,-0.1770231921413779,0.04066560415808085,0.9991651329093877,-0.003917373689398979,0.17703490326177457,-0.0033465504089760494,0.9841988841831997
2.8084968573532088,-1.567696764109165,1.5119910836744026,0.9843110129571835,-0.045364274199620476,-0.1705107398305044,0.047095985089469744,0.9988716028143089,0.00612284897940407,0.17004057739156542,-0.014057158941753163,0.9853367943616185
