0.04712128180494988,-0.0005427034043529432,0.07043914341811951,0.9999864040801661,0.001158000449538035,-0.0050843573613024995,-0.0011681054909144844,0.9999973477339233,-0.0019849570980089424,0.005082045295022137,0.0019908691764428817,0.9999851045168331,0.10237793,-0.2617859,-0.05989746399999999,3.9324982,-7.6001234,4.7884307
0.08003178132800201,-0.022873470189729742,0.17300961199719805,0.9999447531313624,0.0019339751178833607,-0.01033200974167273,-0.0019650118378858276,0.999993585433876,-0.00299463179347109,0.010326151922937251,0.003014768870893312,0.9999421392036238,0.0488575530025922,-0.25231565400795103,-0.03795441183840054,3.9627624,-7.5921617,4.77641
0.13746476822702983,-0.15542536219341618,0.27624086683227805,0.9998922449691087,0.0019683129299153676,-0.014547308852367255,-0.0020164263159619133,0.9999925435899387,-0.00329344643749186,0.014540717848460265,0.0033224251284655814,0.9998887583205031,0.01666568134630056,-0.23462413301508422,-0.0026546015035780277,3.9861588,-7.5903654,4.760118
0.23736462251946092,-0.34830861057643453,0.33976570947893964,0.9998263830823956,0.001086096950166007,-0.018601722656510427,-0.0011455725687910484,0.9999942654565546,-0.003186960541859559,0.01859815463599888,0.0032077168548012925,0.999821893737437,-0.0061587404308772326,-0.20669776232164985,0.04426387988019362,4.0002546,-7.594443,4.7420135
0.36143274026896166,-0.5441685975127979,0.3872815993713979,0.9997670679301953,-0.0007514599564706303,-0.021569543115103326,0.0006855385206727594,0.9999950726149557,-0.0030634592777077207,0.021571738900634647,0.003047958947118695,0.9997626568476438,-0.009007244101755374,-0.1671628343031584,0.10275796022257391,4.0023346,-7.603566,4.7256026
0.4705006747631693,-0.7215018019238105,0.47588290256302485,0.9997033027493244,-0.004555797977447804,-0.023928041643261445,0.0044903680938210965,0.9999860332243244,-0.0027874631230043498,0.02394040656452945,0.002679190375616834,0.9997097973274325,-0.017057667787211087,-0.11153829308309625,0.17870658566484404,3.9884384,-7.6183915,4.71295
0.5347662051973656,-0.895271007498281,0.6323998781759477,0.9996305409446445,-0.010525320467578678,-0.02505991300408402,0.010487867805112856,0.999943679614911,-0.001625492877379387,0.02507561045358551,0.0013620672695219198,0.9996846295373022,-0.05912886967317092,-0.051756713687477134,0.26965072537453305,3.9551253,-7.6428347,4.699974
0.5803242211418587,-1.1035472936855588,0.8483312843004241,0.9995186986714957,-0.01871736201740984,-0.024739267676091397,0.018743174626759472,0.9998240016269447,0.0008118962948821739,0.024719717048357914,-0.001275197942308008,0.9996936077915357,-0.12204964041437381,0.014661917698081072,0.3784530323797539,3.8990722,-7.6798735,4.683255
0.6667306787733378,-1.403686786335269,1.1102460331067878,0.9993196831922749,-0.028860753148561874,-0.02296143968023907,0.028973707446161248,0.9995695809736808,0.004601854943860969,0.022818743640168702,-0.005264002260433897,0.9997257600056559,-0.20497811175517552,0.09178058834478339,0.5153981292769972,3.8150544,-7.732358,4.660136
1.2351783045381368,-2.5507171040265093,1.574567748454759,0.9983012475871147,-0.055653178179720764,-0.01724363141878442,0.055924015618138666,0.9983124667942543,0.015643628745048013,0.016343914560251936,-0.01658138720574861,0.9997289302881956,-0.3052800300027338,0.15788197717936236,0.7051732077447846,3.529393,-7.895929,4.580615
1.819239402250234,-3.3150181035797406,1.800369820865154,0.9962182336801664,-0.08628269445279449,-0.010223870164251518,0.08653987572234341,0.9958501446607737,0.028166279290618552,0.007751180112158208,-0.028944533457657934,0.9995509657790278,-0.54056586946599,0.32114594176976563,1.275282684012953,3.302452,-8.009909,4.5189695
2.512239179014027,-4.192337096788954,2.0896428378698557,0.9930552307633532,-0.11761205381837714,-0.002951855377008433,0.11763326224124543,0.9921974728911034,0.041310899324394426,-0.001929836269218538,-0.04137124103929001,0.999141979974239,-0.690817473847326,0.43241706367373184,1.6145379748564943,3.005652,-8.142764,4.4377
3.2921205477281,-4.906788713236688,2.3344391917142198,0.987363231039372,-0.15832203402212627,0.006927014839672618,0.1576565108723778,0.9857669351638485,0.058377856394531705,-0.0160709231545725,-0.05654805992047329,0.9982705256333025,-0.8178240972795393,0.572997577234895,1.9509305938331039,2.6366196,-8.287331,4.3356476
4.008021986334876,-5.011010153063204,2.3887704624207897,0.9786466272647822,-0.20460686185223467,0.019667511948577025,0.2025747305634983,0.9762768998283528,0.07646498151877233,-0.03484619750263908,-0.07084805533337302,0.9968782752046943,-0.8712367722092794,0.7903836310813142,2.2954046113746798,2.1882567,-8.432363,4.2196093
4.140581923573504,-3.0972395204241328,1.8479625555790158,0.9508050090349109,-0.3060911038719312,0.04772914125129327,0.2994149171856346,0.947528592498028,0.11198336378866752,-0.07950183746834286,-0.09218352634374621,0.9925631744679977,-0.831940209371411,0.9779497745531955,2.639473993984401,1.0709183,-8.664751,3.9953094
3.6959878743254198,-1.685076590841663,1.2735511375159918,0.9330794708725456,-0.3544455371147685,0.06108242182194436,0.3449355713897143,0.929966462546603,0.12720782259204194,-0.10189284874936959,-0.09762550772201113,0.9899934886734141,-0.787773852244058,1.2121513078607697,3.087919305726338,0.43644866,-8.741976,3.8789856
3.2868909823240036,0.0002539524587730213,0.5234603743547593,0.8976654776951436,-0.4330789903898714,0.08148176628694179,0.4179810848312904,0.8953257937186184,0.1538945607400829,-0.13960122806625905,-0.10408799731484511,0.9847218825320054,-0.787773852244058,1.2121513078607697,3.087919305726338,-0.22779694,-8.786039,3.765016
1.758804160531779,3.7128327411043314,-1.2924086490696398,0.8273669003770525,-0.550520314559273,0.11131664483817352,0.5252140700404525,0.8285617288379585,0.1939990776694443,-0.19903314495834945,-0.10204334746867039,0.9746655644093395,-0.6950653597579983,1.3208170802648471,3.205302375018567,-1.5489776,-8.782652,3.5353837
0.30238756371462694,5.428738028963524,-2.4161290458128635,0.7878839472330126,-0.6033865219306764,0.12314053290825555,0.5724557260548554,0.7913183767550899,0.2147316192755432,-0.22700953151692982,-0.09869109261777395,0.9688791156993598,-0.6822600104526901,1.2442366432184868,3.0639210444391503,-2.1420226,-8.746974,3.4218888
-1.3956438280908245,6.886365176873419,-3.5345510239612556,0.7591379266211785,-0.6377373038871912,0.13038688429437661,0.6026732202712363,0.7643018407446058,0.22940724880069524,-0.24595649601747954,-0.09557105976760337,0.9645577093163996,-0.5325592705109438,0.9443852487580964,2.3141393207467056,-2.6501129,-8.698895,3.3218994
-3.288002111359454,7.975911158129316,-4.402238498418068,0.7231345577203141,-0.6767700153740294,0.13805345964981253,0.636563822583891,0.7305747919497139,0.24707685675719543,-0.2680725857077341,-0.09078997553842402,0.9591111870548176,-0.5325592705109439,0.9443852487580964,2.3141393207467056,-3.0518432,-8.650945,3.239244
-4.669651975459775,8.673386333074964,-4.904208980644072,0.7090883687141966,-0.6912093060606572,0.1393677888516022,0.6485623955301497,0.7169064642881092,0.2557575816395564,-0.2766956892660837,-0.09096601935374554,0.9566423986341501,-0.3732538276603852,0.3796722163487971,1.1362867821082594,-3.3201509,-8.618921,3.1670303
-5.595949601569261,8.867269679885434,-5.169427957767589,0.6889083657689674,-0.7110212507410897,0.1409043809400807,0.6648457254037716,0.6972687638344498,0.26794856296145675,-0.2887653458880812,-0.09091233126124286,0.9530737238213958,-0.3732538276603852,0.3796722163487971,1.1362867821082594,-3.43499,-8.620871,3.0868652
-5.606827357112259,9.00131171722823,-5.326209416500685,0.693803529362081,-0.7070832146940113,0.13663817234837072,0.6598565728452113,0.7001606257879218,0.2726983706758014,-0.288489108837218,-0.09903749590053058,0.9523474200563885,-0.3421905211101232,-0.3518606121997995,-0.2910822154926265,-3.3961244,-8.655218,3.0140488
-5.156618129053883,8.92764446705118,-5.326586985720262,0.7122373550506428,-0.6901715641035907,0.12798891425927503,0.6423978366380546,0.7143871410661262,0.27744554810288935,-0.2829186624335904,-0.11538728171756586,0.9521779275243774,-0.35918001025459434,-0.6890914028117403,-0.971125639219475,-3.2098784,-8.71821,2.9487839
-4.562554575073854,8.282400406581337,-5.025602843488908,0.7379614416750959,-0.6645541758574078,0.1173910471513721,0.6170416339826321,0.7349051523250115,0.2813788176430377,-0.2732627536508727,-0.135211554375475,0.9523892602452579,-0.43146327133175777,-1.0729202665179824,-1.6680133901802192,-2.8742661,-8.810839,2.8687057
-3.858204141276568,6.873703931963323,-4.371127020341283,0.7666688178159049,-0.6327415936788816,0.1088898499285967,0.5867205303769915,0.7593305671296626,0.28138249600265774,-0.2607258004550086,-0.15183927506166875,0.9533975516676352,-0.2816719484820961,-1.246739679095397,-2.3703095912911247,-2.396733,-8.9088745,2.8126998
-2.9244350601116422,4.957715821624814,-3.405532843544818,0.8019648235909161,-0.5883456927526268,0.10344934771289273,0.5456408839375919,0.7919414558772112,0.27405246986459625,-0.2431634172703506,-0.16333424712078545,0.956134653811319,0.10236280999074845,-1.2072101460034652,-3.0294729222703753,-1.8024216,-8.978717,2.8319168
-1.921850635625357,3.045300295806233,-2.2276315701928304,0.8469651245909551,-0.5224400270107893,0.09852155045265124,0.48549500808956847,0.8355643827827536,0.25715123827231484,-0.21666719836361575,-0.16996640962802256,0.9613359167072768,0.44228285706117476,-1.1947174439572454,-3.4631427629587828,-1.1226517,-9.0032425,2.9213777
-1.059181871214638,1.3973347374823413,-0.9280037390239835,0.8811020184065294,-0.46405956276960625,0.0911479860557674,0.43236424689195735,0.8685223205587851,0.24234301454907264,-0.19162565373532617,-0.17411978891919014,0.9658995330453604,0.5087943826814643,-1.349491580015672,-3.556816323180657,-0.40001678,-9.002238,3.013832
0.08881552215944755,-0.1555406654328087,0.5022924171310128,0.9154728323781587,-0.3949591826014205,0.0769203305786584,0.369583798042718,0.9009425572132137,0.22739904315197343,-0.15911413954087117,-0.17974913819245814,0.9707589494396827,0.43823278320079445,-1.5262341346532065,-3.410486538001163,0.32746887,-8.991278,3.066475
1.7655185977956616,-1.9915102565189822,1.9456250041544612,0.9414662001618431,-0.33187963629906936,0.059137982404022515,0.31267304133633106,0.9252560339094661,0.21479488107404388,-0.12600382206230953,-0.18373126768223486,0.9748670976607879,0.415887452677478,-1.5761798214570408,-3.035667112633495,1.0126816,-8.97169,3.086064
3.785179650424016,-4.048260405087845,3.1375774312228577,0.9599066322845238,-0.2771111747697221,0.04229248294826783,0.2631432186843676,0.9427743317878582,0.2047735475650781,-0.09661730567872528,-0.1854345063349879,0.977895260293086,0.3554505267835658,-1.354996427636928,-2.5068433803258263,1.6043701,-8.946927,3.0937622
5.800864691284414,-6.129462095709593,4.151822042067495,0.9705103506407236,-0.23914902450170614,0.030288667502930133,0.22856832962953902,0.9528497043829243,0.19958446720056894,-0.07659097851302885,-0.18677576110741687,0.9794123937714702,0.20642082382106322,-1.0287432686845102,-1.8853937792446347,2.0635467,-8.926045,3.0911345
7.439900617361298,-7.941067279037355,4.907840759422936,0.9762854899937692,-0.21522714389227632,0.02332206164986816,0.20657934280638376,0.9584009216260395,0.19695849449069083,-0.06474269961400735,-0.18746986413375943,0.9801343953195193,0.10516882321005859,-0.598496367422128,-1.1619994316408593,2.3613129,-8.91364,3.0836442
8.537541011856009,-9.26647913626831,5.409908013918999,0.9776849912286382,-0.20904463161649225,0.020794228011247005,0.20111112111881263,0.9599729748134478,0.194951800684561,-0.06071552427998214,-0.18641949903415014,0.9805923696884771,0.09465825351758114,-0.18366383374891937,-0.2822794657118795,2.4735916,-8.907381,3.086087
9.243357476806949,-9.737758859906336,5.571742823810837,0.9748766165730904,-0.2216568883745932,0.021995597175290184,0.21316069136303611,0.9570229117448598,0.19664604255621804,-0.06463824035845268,-0.18701703192886612,0.9802277937560635,-0.07231495499418163,0.18412156237135208,0.6173460269999238,2.3923004,-8.915341,3.0733094
9.685450075070214,-9.175921207374046,5.349241137867919,0.9674496440123855,-0.2517367004529841,0.025880879918461778,0.24121411107366536,0.9482427023026876,0.2065224688711551,-0.0765306403948826,-0.19355725554662198,0.9780995092044614,-0.4707104885986568,0.5054606337172832,1.486315052771809,2.1272416,-8.952657,3.002391
9.994077476930798,-7.770797587868886,4.675178833872413,0.9515288102744472,-0.3057093171283468,0.033685852202605754,0.29071217806742833,0.9297476186194109,0.22595529468199127,-0.10039597970530438,-0.2052100852600903,0.973555066838316,-0.7700060230658582,0.8338097255221284,2.2430482478416534,1.6955506,-9.020966,2.8769333
9.809050331936755,-6.076244665312041,3.473411982355592,0.9319715423866551,-0.35965477974962107,0.04557942062698448,0.3390561575340997,0.9092131380105505,0.2416037907550678,-0.12833536620765112,-0.20971387429604738,0.9693039382505826,-0.7168357786007711,1.2853301249826685,2.725805110907099,1.1308441,-9.086682,2.7637038
8.827741136992282,-3.905281891894329,1.7939330940936902,0.9036081207827606,-0.4234873484590094,0.06442693342544122,0.3953228569724841,0.8823517126327126,0.2552945239703173,-0.16496121607990683,-0.20521676566322636,0.9647144014060132,-0.5159947130719651,1.7408296258500782,3.073952230898727,0.45980224,-9.121597,2.7058303
6.7497090340481165,-1.411304885435675,0.0767544071884505,0.8690751747340316,-0.48687816500054026,0.08750996004295633,0.45031976896102305,0.8518822587140253,0.2674111496762622,-0.2047448322764314,-0.19299292664239334,0.9596005856199231,-0.3825341637881679,2.0858899264675186,3.2155834128216365,-0.2756485,-9.117561,2.6965728
3.9811720068729084,0.9315705049018602,-1.1999937447033944,0.8280217856354727,-0.5495979578596901,0.11100453697710932,0.5046787399637765,0.816802859646723,0.27952183796889574,-0.24429345456155588,-0.17542854154724427,0.953700967216133,-0.2867773148735633,2.1225597987639935,3.215114456530465,-1.0264709,-9.07493,2.7039962
1.1071105636215806,2.7585861574614716,-2.147222239950126,0.7850879981036817,-0.6053294086549992,0.13119886528069943,0.5534924682377124,0.7807202593130437,0.2900378670144604,-0.2779980626509457,-0.15508766461444298,0.9479793739563951,-0.1611004405792411,1.9858051022545755,3.081216742770843,-1.7452347,-9.000404,2.7108948
-1.3382314310668526,4.059191790065933,-2.901568770157832,0.7437567055228764,-0.6520162364670888,0.14731188130307454,0.5954345169957879,0.7463792388673458,0.29728062122814725,-0.3037823216708806,-0.13338987656900372,0.9433575366048418,0.020117604004342482,1.7183976770563927,2.762989330996671,-2.3894334,-8.903229,2.720595
-3.2565719081693527,5.29028698335388,-3.7252008247108637,0.7074018310203958,-0.6882865450395618,0.1607615668824342,0.6287660096421742,0.7166901304365908,0.3016762537115554,-0.3228559347257675,-0.11232492533843592,0.9397590949600145,0.13383222418109747,1.4359938152473646,2.254337626277123,-2.9265046,-8.796583,2.7413774
-4.829309257420399,6.582101404585147,-4.490828564284178,0.679146837105753,-0.7138213268549999,0.17093474478940737,0.6525373630466623,0.6938015523716509,0.3046873738027141,-0.3360871367329618,-0.09538615860623725,0.9369882161846995,0.13173363272205157,1.0775573646729668,1.6546390816518908,-3.3353744,-8.701671,2.7629166
-6.057967502846622,7.7600234873035445,-4.9691631334785855,0.6612055396386503,-0.7287445859195364,0.17815320048802183,0.6665186599596309,0.6796371294889468,0.3063433500920849,-0.34432558760100823,-0.08381348765555295,0.9351016998221279,0.09458271617076716,0.6931472312499469,0.9703475479167276,-3.5993943,-8.634517,2.7815871
-6.813295317752929,8.704441115188624,-5.096603655849389,0.6563313887106402,-0.7320708921728706,0.18248648450331997,0.6694230056643464,0.6766166006413122,0.30669661756189426,-0.3479970512525577,-0.0791339659679213,0.9341498101213278,0.021266012775154775,0.29776236898229247,0.2073154397580195,-3.7044768,-8.604784,2.79729
-6.961851741525539,9.306912473896709,-4.983455417371308,0.6641128172829076,-0.7246808406872403,0.18382558326140175,0.6623542193998769,0.6843389058165212,0.30490514923337325,-0.3467579183865011,-0.08073376695460782,0.934473651265556,-0.008291881441110113,-0.10298065957883756,-0.5353950386970726,-3.646054,-8.613416,2.814363
-6.453962142546617,9.394715985122124,-4.817246333733569,0.6851793582922554,-0.7051140603730129,0.18260177664660537,0.6438820324722586,0.7035534725383041,0.3007132180977193,-0.34050723227210145,-0.08846848672593242,0.9360705911558256,-0.0387686182695236,-0.4856079590901125,-1.3044200521312346,-3.4230332,-8.656459,2.8376174
-5.544774737158904,8.77533084663971,-4.627405915992345,0.7160019354405779,-0.6748679935598634,0.17859008850950062,0.6156147704849845,0.7310228613265383,0.2943196061744447,-0.32918031959105176,-0.10079071131034152,0.9388724885241279,-0.04467055776065254,-0.8681193073587283,-2.0449079847887828,-3.040297,-8.72508,2.8687148
-4.501846529631148,7.572691794220529,-4.277297040137645,0.7561685304661266,-0.6319288331829604,0.16992675870715912,0.5756024282068714,0.7658458707695341,0.28663905328410305,-0.31127318897562073,-0.1189371767668778,0.9428483174973968,-0.08805340778723203,-1.286665335565266,-2.6774634787940483,-2.508432,-8.809607,2.89615
-3.387307325650945,6.027712491645136,-3.572954720934278,0.8000238576606528,-0.579794526260844,0.15427292209500518,0.526777318046354,0.8018854765237362,0.28193144509293444,-0.28717152429455584,-0.14428440615071073,0.9469501178922141,-0.27324581256699043,-1.7537700274825023,-3.0555868753433097,-1.8611877,-8.907381,2.873445
-1.8010717946183552,3.90493665305286,-2.3857339751466817,0.8458462142041817,-0.5162387747339877,0.13431943037999006,0.46868589999229815,0.8394772792548,0.2749753166438171,-0.25471103051274335,-0.16963320746867008,0.9520225133152196,-0.156236213215855,-1.9968272239260252,-3.352980836070986,-1.1329209,-8.992384,2.8293457
0.387957024241039,1.061351246296039,-0.9360067952241881,0.884821690434022,-0.45190913195434196,0.11344034817362517,0.4116179632418405,0.8722387965279456,0.26414036830465615,-0.21831451732333168,-0.18702304213051804,0.9577897228714282,0.1380562033928298,-2.084031786037098,-3.4154975169817083,-0.3712326,-9.04646,2.8072066
2.868269353858687,-1.624747430899926,0.34446600594726084,0.9170132112812025,-0.38845420160949773,0.09049919108845574,0.3558752015887286,0.8993131949275295,0.2541429092526893,-0.18010999758458499,-0.20084598746593466,0.9629232981338204,0.18803770466497938,-2.044937496819207,-3.142133024871814,0.36097413,-9.08163,2.7826324
5.2325668678858275,-3.506575001629642,1.4298916654529557,0.9407038642371589,-0.3324055929271014,0.06769609737687708,0.30688767984183424,0.9189397577295433,0.24772903266525625,-0.1445551513110952,-0.21226456005360309,0.9664613622771873,0.11237798404874438,-1.8370759472351978,-2.6060049598626835,1.0022644,-9.110883,2.7404175
7.16535523123818,-4.921195427275169,2.5683315652484766,0.955996270261923,-0.28949616046856586,0.04757209601490424,0.26977264612700874,0.9311664400053569,0.24525859905287997,-0.11529896203750005,-0.22163265572046872,0.9682897888914078,0.01062560559582415,-1.4847980481850698,-1.8892009542408301,1.503157,-9.137708,2.68477
8.43554320951018,-6.3515877798208376,3.7687561711389117,0.9637848225425927,-0.26482057028670053,0.031446484534370996,0.2492676872842914,0.9364792901785248,0.24672283871313277,-0.09478626436612361,-0.22994913485323748,0.9685757376001956,-0.11793755689280369,-1.094018289674514,-1.0488253432050048,1.8318145,-9.16483,2.611627
9.581571140890063,-8.477794100641209,5.315985889538305,0.9583131789677283,-0.28533802535720565,0.014766932722065019,0.2721718661179517,0.9273788339185032,0.2566923717094621,-0.08693863531617782,-0.24197253911385766,0.9663803412757076,-0.2901323068310473,-0.32260922054493546,0.7392804465262469,1.9224685,-9.2218075,2.4149384
10.048305147045527,-8.514972733043503,5.2907253780552175,0.9452146683446677,-0.32637117268209026,0.007147614161220106,0.3132427778835149,0.9129228654711016,0.2616310451835785,-0.09191405142794876,-0.24505856308676474,0.965141496262569,-0.16951567488206853,0.13970681790157108,1.5995223475827949,1.6809647,-9.244566,2.3287048
9.654311583667718,-5.658463736431319,3.026828639920337,0.9119261782773788,-0.41025654273847106,0.00895625550619759,0.3944367180710008,0.882363801626604,0.2566199466456664,-0.11318268776537013,-0.23048577118625746,0.9664708937525656,0.158005666193349,0.6723609232258265,2.3194652328673415,0.6881424,-9.230257,2.34552
7.925598133141211,-2.1609072070461215,1.3080151352126226,0.8780166491295166,-0.47833311776055204,0.016858004177419887,0.45884666515519057,0.8512245466415285,0.25470867490308324,-0.13618554155025633,-0.2159032182446431,0.9668708800167007,0.12506866989359142,1.1557481885059784,3.051823943827437,-0.0020202636,-9.207754,2.3735824
5.154141676403686,0.8871300352522586,-0.024910668898024346,0.8380425290182864,-0.5448605677089571,0.028490021279536266,0.5205576152994682,0.8141190665504274,0.2573517333005381,-0.16341508103711358,-0.20084099988531584,0.9658977192512156,-0.05014541250818616,1.4967785976483579,3.4658003747980817,-0.74925077,-9.156682,2.4231522
2.3609090147012624,2.5834801825758538,-0.917073974811615,0.7986630624636528,-0.6002463467168258,0.042914285608458315,0.5718798318366566,0.7792486904786426,0.2563687506811189,-0.18732530687191634,-0.18021043710180754,0.9656259253794492,0.1883219091615002,1.7880158299892068,3.5277341108389555,-1.4941162,-9.065198,2.5044587
0.0938881144369823,3.4862655232260558,-1.7325686710344113,0.7575038066560122,-0.6503288173992373,0.05710001892960279,0.6191818223635603,0.7434245455531763,0.2528513712116142,-0.20688608884164272,-0.15618058243316474,0.9658187055108455,0.3707110857640986,1.6742385227572658,3.2686128004750303,-2.1894531,-8.938444,2.6049562
-1.7408106342689633,4.416688254023157,-2.710443298202805,0.7106042569401383,-0.699810403374452,0.07284908611260207,0.6672493803692752,0.703123665366768,0.245754706156402,-0.22320361649259401,-0.1260258327887101,0.9665907277925538,0.5294384516731914,1.485415573598155,2.853978571812893,-2.8011384,-8.788434,2.719841
-3.2519103576767563,5.693461241986146,-3.7595624887024264,0.6708691836982297,-0.7364533138283534,0.08701180905663394,0.7041409857574513,0.6694119793402615,0.23679753818880342,-0.2326370790321189,-0.09759159014479529,0.9676548305012556,0.6289506828599043,1.2695795322196615,2.3157377867391706,-3.3040376,-8.632385,2.8469346
-4.367966919767685,7.185428088339477,-4.652972479408577,0.6451671262289488,-0.7577993568913868,0.09746544992191228,0.7264672242758842,0.647939215594642,0.22895446042279308,-0.23665323003579006,-0.07690843640070094,0.9685454770551697,0.6370698411416849,1.04724469130022,1.7447125593028932,-3.6884918,-8.488658,2.9767623
-5.365183232723575,8.521664035593155,-5.15050070736771,0.6208163792427839,-0.7763747234616875,0.10876264079944437,0.7469912148943721,0.6279222154693805,0.2184440802371512,-0.2378889407570487,-0.054368925773950964,0.9697694941457353,0.5571840969189903,0.7276256507153623,1.1053825436367735,-3.9393706,-8.379318,3.0908248
-5.934972699971979,9.450492090491592,-5.354165789984075,0.6149983099713094,-0.7803915058690746,0.1129875050606568,0.7523404101505453,0.6236293751960368,0.21229769110169378,-0.23613764203731513,-0.0455576553391312,0.9706510773975667,0.4546489549001943,0.3679535377184705,0.38652674596825287,-4.0411363,-8.319707,3.1807008
-6.0384702435482955,9.811744063757432,-5.330057390389314,0.6231124888148659,-0.7738076690242526,0.11380912811456297,0.7475917427682028,0.6320203638173261,0.2041000878613636,-0.2298638997923459,-0.04209454928453109,0.9723120057331318,0.33270837072718185,-0.06359169057182786,-0.478443470010588,-3.9737701,-8.31838,3.244966
-5.754624863379431,9.65367908674232,-5.24688430806692,0.6420783045759808,-0.7588124550932847,0.10926622894626008,0.7340462259370838,0.6496206597893364,0.19791194143454693,-0.22115964591298934,-0.046868500831255024,0.9741107507103445,0.20190000110661765,-0.5041445793140997,-1.2244699264633028,-3.7459686,-8.371196,3.2765183
-5.175688730085389,9.118292255294667,-5.061324985753893,0.6755386350203925,-0.7307874578300686,0.09796552492102138,0.7076967474248399,0.6799306204246274,0.1919887108485398,-0.2069127020728512,-0.06036590831957334,0.9764953101954272,0.08357440604982475,-0.933556114385188,-1.9228786416570345,-3.364261,-8.468878,3.2724686
-4.53666722557529,8.109000813836191,-4.6767553961959445,0.7130409264872006,-0.6963525632696642,0.08164401253027231,0.6747321475771935,0.7131815963336868,0.1900224715048279,-0.19054964229865112,-0.08040595922382013,0.9783791266892159,-0.12299497041678598,-1.3880283147928196,-2.514395553923086,-2.845822,-8.599936,3.2115326
-3.4218308383125526,6.567331127728564,-4.11063506852477,0.7632311589951425,-0.6437203456526769,0.05569842485860821,0.6243597400713002,0.7569611886436602,0.1928332799733382,-0.16629225152432872,-0.11240051369978415,0.9796494330131534,-0.33992452687769004,-1.782623637602428,-2.998432681424093,-2.2126496,-8.745752,3.0836532
-1.7565616350200803,4.262430472915355,-3.232296153212847,0.8063066019016285,-0.5905888472361136,0.03277921979192909,0.5740228508234461,0.7946538512611704,0.19754245976071613,-0.14271450683926096,-0.14046376826822066,0.979746140253442,-0.406090589742635,-1.9079947535568051,-3.3315310531673905,-1.5009308,-8.883448,2.928595
0.39434741014392993,1.415959861382988,-2.0740395219282552,0.8524204279519398,-0.5228358628978456,0.004698348443579862,0.5107347584722386,0.8345475421253875,0.20659236776991358,-0.11193489401673049,-0.17370394468848402,0.9784158211625169,-0.4816663258037758,-1.9899468491890024,-3.3700379339122595,-0.7634613,-9.008078,2.752269
2.5325659050604443,-1.3170736312435865,-0.7816918889250075,0.8752910141375949,-0.4834146581754663,-0.013263062658303695,0.47455152403149486,0.8533171680148801,0.2159876427262706,-0.09309399341185771,-0.19534604944088912,0.9763060121490954,-0.7252293875154829,-2.0901769784184268,-3.133764338523516,-0.055238344,-9.128477,2.5247726
4.67667874997281,-3.581436670062553,0.6910917058721155,0.905923722140035,-0.4211769322167577,-0.043728725483663536,0.4188381196241245,0.8761001662018872,0.23879515977245835,-0.06226426915714075,-0.23464545712522702,0.9700848778518399,-0.9628018302000316,-2.0216816523423367,-2.6967980467245294,0.5771774,-9.2396145,2.2465758
6.670954004021403,-5.352888762962851,2.194378873249098,0.9241544481171835,-0.3761897115623006,-0.0664820046320623,0.3799713956462502,0.88718014328367,0.2617883340674453,-0.03950056348794934,-0.26719411347902194,0.9628328054269303,-1.0796885180297657,-1.7242185494122544,-2.079240595204195,1.0877014,-9.334826,1.9546158
8.217144358547358,-7.033697040067622,3.720689020277118,0.9360769470833199,-0.34099204097805175,-0.08651229466841448,0.35113885868090955,0.8906216293592634,0.2889543480235587,-0.02148141204484411,-0.30086133235607754,0.9534259319052972,-1.1472900589122519,-1.3075483752173969,-1.3331023049022745,1.4436767,-9.413017,1.6689469
9.286226753022781,-8.747116504698015,5.034714601626587,0.9396331846436284,-0.32792959012407574,-0.09773260580547741,0.3418627129019825,0.8872859704558992,0.30960215141279385,-0.014810936627033247,-0.3243235892641628,0.9458302414297397,-1.1463062689531518,-0.8150644081946666,-0.522319421349966,1.6217712,-9.473706,1.4057617
10.001551518016981,-10.143712959739563,5.93834072257806,0.9371708369757513,-0.3326328642350195,-0.10519600730530183,0.3484492874544333,0.877653655097946,0.32910052531971745,-0.017143990045139404,-0.3450788885516228,0.9384170950495883,-1.0583895764052893,-0.2668515220092436,0.36368034029280766,1.6046479,-9.517095,1.1835693
10.611005406661722,-10.822291413599173,6.029591112972126,0.9277455334894346,-0.35734286781260677,-0.10767683090556955,0.37208521443996795,0.8631929123385518,0.34124857403900305,-0.028996866823296278,-0.3566567970920387,0.9337853665604744,-0.7921293086329894,0.32706254220658515,1.2820925911906296,1.3841766,-9.535574,1.0367066
11.046775018365928,-10.429054658465626,5.137898426531419,0.9086543516678636,-0.4041698319328329,-0.10485235405292714,0.4143822281139194,0.8419989396079423,0.34543473294161525,-0.051328727028815115,-0.3573297254000664,0.932566796067238,-0.45188564628085237,0.9302116963309659,2.148151001913894,0.9696976,-9.525965,0.9901306
10.74888878339345,-8.643585985712434,3.5968321785271375,0.8802372154425917,-0.4640659191907442,-0.09912248582194909,0.46786124110447336,0.8138087747189027,0.3447044201380377,-0.07929882484661938,-0.34979722817107706,0.933463226668183,-0.2916240198257616,1.4287011785576074,3.0279711189190515,0.37608796,-9.486673,1.0100082
9.328072555531232,-5.758716160361201,1.8502462932234198,0.8407088878489845,-0.5341619352062823,-0.08876707085627707,0.5296858706156768,0.7772217122946442,0.3396458278970822,-0.11243417790795025,-0.3325619294424139,0.9363552310548072,-0.09057317127047473,1.8538948604289691,3.5670834309549635,-0.34433746,-9.405718,1.0872177
6.871002316723823,-2.7531511221348666,0.2811760188424184,0.7932402084317072,-0.6044911315406494,-0.07321505047411522,0.5911746042815592,0.7357423151582372,0.33044792772559417,-0.145885431005855,-0.3054074615563652,0.9409801929084014,0.17177775507742968,2.217012857084538,3.831463339839601,-1.1334121,-9.268953,1.2333313
4.092639951287017,-0.3574987268992047,-0.9728659024845046,0.7355705159365881,-0.6752884088337702,-0.05405165103432519,0.6535282690470948,0.6863215098977878,0.3191607535520764,-0.1784287466780229,-0.27008952209661097,0.9461579320665939,0.3217927395829417,2.3520044894435577,3.9362433875304768,-1.9473388,-9.082319,1.4270691
1.7122901650504236,1.1788480668218682,-2.0617931889549204,0.6747135793607585,-0.7372363173759333,-0.035273193336659694,0.7091397577482423,0.6342663671203964,0.3079398959548098,-0.20465187467247406,-0.23278485320541473,0.9507517143351227,0.4149941552365589,2.277998410286514,3.867868466788983,-2.7427964,-8.856722,1.6306686
-0.12051184168194817,2.432070830693716,-3.2286384898966003,0.610274376470619,-0.7920499275246337,-0.014902943723291828,0.7594766282618451,0.5796192845466627,0.29535865673048106,-0.22530076907861757,-0.19156825752153525,0.955270205838508,0.5500935803834283,2.201859322229336,3.650903252956098,-3.4894257,-8.597395,1.842006
-1.727971183968258,3.9901749062581793,-4.459292105144336,0.5534135845322914,-0.8328951767858034,0.0043622175628352765,0.7979333990685872,0.531670557252279,0.2839519487552465,-0.2388214711996632,-0.15366210670818026,0.9588285883597919,0.6259023860815178,2.093664871425796,3.3227774974743913,-4.1699495,-8.314931,2.0540009
-3.419965660406625,5.786343020814385,-5.444511024811037,0.4934760038525735,-0.8693382307027254,0.027064261681216662,0.8333490334003605,0.4814979157924379,0.2714574471592616,-0.24901972241647852,-0.11140375992843683,0.9620698416026906,0.6525240968474418,1.9242612336743727,2.8473721516572894,-4.7593994,-8.027659,2.2565827
-5.0651269731606625,7.559832354601635,-5.932255362771294,0.4480131601856626,-0.8927879587668794,0.04705176916252937,0.8569569487809756,0.44383934718902135,0.2619759947453652,-0.25477244010382327,-0.07704735276238521,0.9639267136021551,0.5884494567804236,1.6797281058959663,2.242817052421889,-5.234688,-7.7611756,2.4417343
-6.637586708484665,9.093723262845865,-5.858277954372741,0.4123492084979903,-0.9087453907726705,0.06442006675335421,0.8735867053291809,0.41447664464041495,0.25505956033783506,-0.2584848129449535,-0.04889709395300264,0.9647770082665539,0.4374495442448488,1.2950632319641866,1.5988175499491877,-5.5843124,-7.5446715,2.5882125
-7.685026357355025,10.14226807725567,-5.630977387981746,0.3953202343130471,-0.91543299968883,0.07552705093797565,0.8807694298974057,0.40111701790769166,0.25169495287557764,-0.26070505116103215,-0.03297819014971114,0.9648550747514218,0.23181859407451133,0.7827633906854133,0.7543068897608016,-5.7858095,-7.408389,2.6800857
-7.831844341723438,10.642419166263801,-5.642580609915316,0.394457862547349,-0.915260419024227,0.08186183507699202,0.8807069462896044,0.4019748219381912,0.2505424460745104,-0.2622179807561189,-0.02673215096761454,0.9646383377581605,0.05501419863709554,0.3106972158064353,-0.04418987824128343,-5.8373427,-7.3662934,2.7218947
-7.121798350393703,10.576327520970871,-5.888977521708453,0.4107948398641969,-0.9076032181748089,0.08662561918785039,0.8731155328435307,0.4189753489883584,0.24925674162886807,-0.2625202198846901,-0.026759209607401184,0.96455537884192,-0.014205131604439876,0.004977049170695615,-0.892841876816151,-5.7388716,-7.413713,2.7452607
-6.1642892750994,9.882783240575588,-6.033159760331281,0.4430456098020911,-0.8915970073754476,0.09362352308175,0.8578287000746838,0.4519578104758016,0.24467132827141258,-0.2604621065784259,-0.028087612733465446,0.9650754255744275,0.06467613072000618,-0.10302681234218819,-1.7787206623484602,-5.4885697,-7.531386,2.7924316
-5.605705106764699,8.88533023697358,-5.7450201257128,0.48878879246860396,-0.8661987271847371,0.10385220931990276,0.8342389717675954,0.498906907736128,0.23481319255382518,-0.255207473129666,-0.02813649652525287,0.9664768404995817,0.23778149762891562,-0.1314032871950194,-2.6598716086740386,-5.0858183,-7.691797,2.8916504
-5.8611439515451345,7.156966081695445,-3.6316171837983684,0.5987606575272765,-0.7917104863718591,0.12116179582004077,0.7654007901741733,0.6101713319924806,0.20457902144470497,-0.23589681091158193,-0.02975653513693698,0.9713224198063114,0.4099321318241431,-0.3253136490128365,-3.494183698503816,-3.80457,-8.078525,3.1453583
-4.137236481278429,5.250876857851185,-0.8201406710817566,0.7645844092744183,-0.6397977678835717,0.07790697854292475,0.6208639012894891,0.763567078882739,0.17746360788081633,-0.1730280242333134,-0.08731627716342392,0.9810388221534531,0.13847915324913773,-1.996760325513486,-4.955856069293685,-2.000505,-8.493813,3.1158402
-1.5020377197168349,2.53264115103765,0.24158619215214888,0.8299345265138056,-0.5551197172660287,0.05523387731084426,0.540329552617421,0.8245296262311316,0.16791328129545807,-0.1387539414523529,-0.1095125333906312,0.9842531934222013,0.13847915324913773,-1.996760325513486,-4.955856069293684,-0.9848679,-8.598425,3.148967
0.8768718000920814,-0.468905432968857,1.289396542932975,0.8772249008638506,-0.47867417159820386,0.036708456099113496,0.4689318822813363,0.8707287109645706,0.14810267277149236,-0.10285603086105506,-0.11270558702544442,0.9882904874422085,0.957592330323574,-1.9381378530045827,-5.116270675512921,0.044284057,-8.6262865,3.2064393
3.0808708824914803,-2.971368979396205,2.48202902261552,0.9309221801260767,-0.3651349633676984,0.0077687242055277175,0.3614820903531664,0.9242266485012892,0.12302764142248318,-0.052101755279618966,-0.11172090550359574,0.9923728363726194,0.957592330323574,-1.9381378530045827,-5.11627067551292,1.0267913,-8.623982,3.2088165
5.580233154249672,-4.759143569829286,3.7527303995052606,0.9518266087627059,-0.30629885669995643,-0.014391568211502342,0.3058830072891479,0.9451517605866165,0.1145588726889618,-0.02148703569676157,-0.11344231945935422,0.9933122104618699,0.5951488711623052,-2.006632646058086,-4.050606504394551,1.8976486,-8.60301,3.193985
7.764273496070567,-6.394660394320983,5.0870197595392845,0.9714668827512294,-0.2326564532470374,-0.04607678895190401,0.23635939167073822,0.9657798891837145,0.10678690751833937,0.019655372971474475,-0.11463062597229795,0.9932137161268715,0.4416721930357404,-1.7602675132062247,-3.1853926179883087,2.6155562,-8.5740795,3.1667297
9.671204037642385,-7.834505169430296,6.334868549320341,0.9793396770615028,-0.190178801071477,-0.06874460383249632,0.19683217014797028,0.9744299507183193,0.10836682120434322,0.04637772879208009,-0.11965907724075585,0.9917312193865723,0.04003534234909209,-1.4519958906719375,-2.159560842000878,3.1324508,-8.56382,3.094705
11.40131459769814,-9.455979397024276,7.385094992672862,0.9821256959257799,-0.16800654783853147,-0.08487000227219038,0.17734737746180668,0.9770257318165074,0.1181889465044741,0.06306365918436532,-0.13112787366459194,0.9893575974532564,-0.41106283828036216,-0.9170655959534483,-1.0022578185179187,3.406758,-8.5861,2.9715104
13.033681540882847,-11.244812528177711,7.696879093634839,0.9812427102192376,-0.17158729740812206,-0.08786662056652544,0.1816848588574449,0.9755134971832178,0.12395171993691081,0.06444653368145853,-0.13759075616314012,0.9883903217428318,-0.4049098020520556,-0.1663624235991017,0.26326637045431356,3.4024765,-8.623022,2.8700423
14.157830255963331,-12.142768460708755,6.931150005437972,0.9744583630502768,-0.2099747305399734,-0.07963360607206131,0.21854652262412,0.9682693614242717,0.12120998793803345,0.05165574634326422,-0.13551773412250787,0.9894274241236799,-0.016603144618850443,0.5162631101939054,1.4966208235777647,3.1279373,-8.641482,2.8792968
14.368008236362297,-11.753864762719658,5.712058834449826,0.9642057664046257,-0.25580205673755035,-0.06980363744753496,0.26264143900867987,0.9575393196547943,0.11890301018260045,0.036424092953946864,-0.13298029584819201,0.9904491538532447,-0.06607385946573366,0.9280682837058059,2.7311888562452022,2.606006,-8.667735,2.9251435
13.46338841233127,-8.397939517548938,4.449221435081303,0.9395609742757973,-0.33806478140398044,-0.05419759397051689,0.34230255235869456,0.9309023029344706,0.1274749584821368,0.007357871066915916,-0.13832247093505132,0.9903599122378608,-0.6145743303353586,1.157337934562535,3.6929768659125637,1.8786637,-8.722994,2.900856
11.953642059170402,-4.689263267807754,3.15859941510515,0.9054146912472201,-0.4229577703586405,-0.03648234322173394,0.4237259558126353,0.8950796643978698,0.13888379585850075,-0.026087377107899115,-0.14120594489838006,0.9896364634960582,-0.7817718822739915,1.4953708780535933,4.438681079506251,0.9978058,-8.772413,2.8747087
9.4804625517593,-1.4898866093140684,1.6856094962108032,0.8560704164883158,-0.5167424809752648,-0.010984096187185162,0.5125489418622271,0.8460007923367369,0.1468885344794649,-0.06661099165627836,-0.1313768157672483,0.989092062484289,-0.5081831800159038,1.951802360642049,4.896918661500891,0.018103028,-8.754644,2.9287658
6.285360062411049,0.7635479986024878,0.4275218576042953,0.7968398747365708,-0.6040316613824277,0.013855182329735349,0.595171188732718,0.7886857807429375,0.15409735674691674,-0.10400706770354433,-0.11454471311015237,0.9879585206708945,-0.3634750522830605,2.0578706067700114,5.122321318363364,-0.99836123,-8.664787,2.9975402
3.3213034709598492,2.0509524559073187,-0.6553585919881592,0.7239356343206236,-0.6888365419772384,0.03770166836675065,0.6754922293981411,0.7188895077328387,0.16403695831844156,-0.1400979849374202,-0.09328501545520056,0.9857334632181239,-0.34785931250128865,1.9766110935267287,5.101668039613661,-2.0090134,-8.510231,3.054367
0.9683748938071883,2.789426869292958,-1.7373465745494323,0.6458030142574565,-0.761206589885257,0.05918609880065954,0.7443300979156001,0.6449539207276997,0.1732257067381208,-0.17003285598065124,-0.06781568884281887,0.9831021616464061,-0.20857358226465783,1.8845939824051046,4.878184810517671,-2.9665236,-8.289876,3.1142807
-1.2139073882061409,3.651070447992245,-2.77459653385012,0.5724582882264873,-0.8162690885896522,0.07743567171412827,0.7976555457013864,0.5762804454059571,0.17789457173993642,-0.18983450332493199,-0.0400702290451412,0.9809980826136439,0.06692435657012563,1.7474933532032408,4.458079443087845,-3.8364625,-8.013492,3.1880555
-3.5318669729347354,5.0287161280636585,-3.6336841069577193,0.5025061320364198,-0.8594394777214854,0.09408172723550623,0.8408783496089973,0.5111335417855252,0.17794972217071345,-0.20102534274226563,-0.010309539058803972,0.979531788651981,0.3302194820285341,1.5198358869027575,3.8059704137576116,-4.573938,-7.7049623,3.2699966
-6.620519123376238,9.263771868360884,-4.677770235992818,0.4175757356793481,-0.9008916874826844,0.11842580967193034,0.8844473140324354,0.4328658328168044,0.17429893711846195,-0.20828695031773414,0.03195838238108547,0.9775455018171387,0.3389926908828917,1.035929750889591,2.250686599764479,-5.5997024,-7.1436677,3.4144256
