0.2830921800304268,-0.08937746056468762,-0.03915446588538033,0.9999186928627994,0.009271515324769383,-0.008754808229376068,-0.009240931360012621,0.9999510801031831,0.0035274052895963525,0.008787084337259983,-0.003446215904452814,0.9999554543802388,2.865834,-8.091992,4.735364
0.4986514470989374,-0.5207187871491668,0.20349792411299655,0.9998442737230167,0.012618843780927824,-0.012336656148477808,-0.012502956593321957,0.9998774043411457,0.00942615321531107,0.012454090882868293,-0.009270440639233473,0.9998794700115788,2.9003403,-8.111984,4.679132
0.811992775764841,-0.8834352401500222,0.4938755822098559,0.9997991158598657,0.013497961138794413,-0.014816645063112869,-0.01328906633150513,0.9998121688807867,0.0141077168221484,0.015004287449510132,-0.013907983426531299,0.9997906977738589,2.9217439,-8.133084,4.6287565
1.2066749592732187,-1.0991362325443135,0.9161946677681106,0.9997432182581826,0.0144482278157579,-0.017456983122977054,-0.014114302724448528,0.9997178990361536,0.019102586352155594,0.017728057010698326,-0.01885128801230563,0.9996651163939363,2.91156,-8.166428,4.5737596
1.6378873911483047,-1.31869980388047,1.3789577238226445,0.9998258552161444,0.0077924400838459175,-0.016956919497510263,-0.00733171748705716,0.9996067944151898,0.027064782978591224,0.017161152641805625,-0.026935746444602844,0.9994898500752654,2.8570282,-8.218931,4.5053315
2.111238840284629,-1.780753660243026,1.7915132243832805,0.9998590679136384,-0.0055878542684442535,-0.0158309884576025,0.006217874419193857,0.9991790898722798,0.04003104295056284,0.015594305004624297,-0.040123836390321715,0.999073018054609,2.7501907,-8.297549,4.4074354
2.641102211374912,-2.471589028982592,2.1417885261327942,0.9996054772730958,-0.02507198478968399,-0.012660386421115019,0.0257459861422727,0.9980861221338837,0.05622487884654207,0.01122648668052486,-0.05652865098737357,0.9983378574482484,2.5758424,-8.400846,4.2809386
3.1613571236110474,-3.0931480983189084,2.5883618374165804,0.9986353554987463,-0.051888864065593614,-0.0059137580162556104,0.05218718806881755,0.995793335744661,0.07531354385494815,0.001980946582406388,-0.07551939004324443,0.99714236575232,2.3283157,-8.520831,4.132927
3.510487076741501,-3.429407021085546,3.0972512039876983,0.9961222709785597,-0.08788877221734279,0.003998121889673375,0.08709470733552478,0.991513185260132,0.09652002595030222,-0.012447217145046456,-0.09579753218865172,0.9953230127008557,1.9908158,-8.646858,3.9708207
3.61059426190662,-3.6011403450623884,3.3595250944525814,0.9908607536392278,-0.13394628642953246,0.015917262617642456,0.13111507682170698,0.9841279305757078,0.11958700970763222,-0.03168285857588038,-0.11640708145346264,0.9926961206028494,1.5567459,-8.765714,3.7934813
3.472164937713233,-3.8146906003136403,3.2362295055537107,0.9826871232942864,-0.18318919892048785,0.027708033320134027,0.17757308522456905,0.9739214266950373,0.14122625120044632,-0.052856571166011945,-0.13386101756364152,0.9895895163457412,1.0315781,-8.863913,3.6040664
3.218865470495282,-3.9111786966710973,2.9211100958333214,0.9673029760313507,-0.25015150180437284,0.04182318383276007,0.24013931353235093,0.9563894262968563,0.1662900338678846,-0.08159695249887272,-0.1508094539894226,0.9851895482242532,0.4232666,-8.933069,3.4149399
2.888199627559859,-3.709738301915414,2.5575906217581412,0.9467573167974832,-0.31735045379403803,0.05421505849068032,0.30276712078404566,0.9348931434444647,0.18522116756102058,-0.10946530803212906,-0.15894495845180706,0.9812002071545765,-0.26004487,-8.955734,3.2583985
2.5831065433163976,-3.0529787316841177,1.9480744841876443,0.9187238758445879,-0.38896245786131883,0.06822496850552395,0.36956486731513005,0.9077381352261951,0.1985781627028046,-0.1391698559295379,-0.15722494786309502,0.9777075569770329,-0.9813736,-8.914844,3.158928
2.1966208247211627,-1.9356928995467177,1.1288486761780636,0.8923543157755596,-0.44397771149383297,0.08116382700089779,0.420729788482006,0.8833751867586903,0.2064817776534692,-0.16337141794273377,-0.15010686565160494,0.9750783090006828,-1.7097031,-8.818533,3.098227
1.6373660626917035,-0.3580771621857648,0.24021417432285597,0.8546448808488755,-0.5096153511580981,0.09936962062330656,0.4817647934203244,0.8497108464293042,0.21422922601986125,-0.19360994669562778,-0.13521712659424792,0.971715759477076,-2.4247925,-8.67571,3.0662856
0.8132313756694736,1.39148593111962,-0.7473739483440476,0.8082019112740682,-0.5768295967110894,0.1186477432194368,0.5449883329382076,0.8089375081402482,0.22047182333595494,-0.22315328268743265,-0.11352411321815623,0.9681502404812248,-3.0968857,-8.500032,3.0552552
-0.06839790009649804,3.039337823045219,-2.130149154849518,0.7753989504894457,-0.6178600848613495,0.13040468977376604,0.5844736504676901,0.7803965375371694,0.22219765099787003,-0.23905442787959227,-0.09607372031478903,0.9662415954491071,-3.7016175,-8.309347,3.06615
-0.9318435282393915,4.660158051304652,-3.7660299654432956,0.7391891048715387,-0.6580052291769223,0.14362654913016393,0.6242772822652604,0.7494332861472534,0.22051672150209117,-0.2527396725619358,-0.07334076622422067,0.9647506361350218,-4.206,-8.121112,3.1046524
-1.7726011507186508,6.446708734819831,-5.053363738333139,0.7105697300423818,-0.6860288169193782,0.15638133233763835,0.6535458857089913,0.7258360862793406,0.21456875617745708,-0.26070756417938373,-0.05026368680159149,0.9641084626579954,-4.5827775,-7.9540696,3.1777375
-2.564833061340641,8.33855015313377,-5.739136660681513,0.6952618974943822,-0.6992788143688959,0.166192760574408,0.6688545235154837,0.7141110036342906,0.20658920799815,-0.26314353548089936,-0.03247482506893703,0.9642099695975737,-4.8167434,-7.8282714,3.2761261
-3.1666285196417205,9.973462690892951,-6.086390284637943,0.6933977685110333,-0.6998850801612269,0.17134879396025132,0.6710874993252615,0.7138598794473848,0.2001140693822742,-0.26237588089092195,-0.023768615506146666,0.9646729756988287,-4.888475,-7.768756,3.367871
-3.415663424827125,10.97834099136431,-6.284043814262036,0.7055851779759919,-0.6876356762185574,0.17119209506293026,0.6598013176575419,0.7256319223654148,0.19524480649083908,-0.25847974357376635,-0.02480907164165039,0.9656980543246003,-4.7827377,-7.792731,3.418785
-3.3013522164965523,11.04085047774101,-6.314522515580693,0.7272589161233353,-0.6667973117779195,0.16271390206387248,0.6386881764619784,0.7442633289793207,0.19531899647574752,-0.2513401722104622,-0.038124036281062174,0.967147701073034,-4.505792,-7.902701,3.4011002
-2.6012071616966472,10.038726468759178,-6.0811827557145905,0.763933547007493,-0.6289987687482786,0.14410442279714947,0.6004508013748143,0.7746885049537793,0.19828402714495788,-0.23635644879057965,-0.06494820402157442,0.9694933521739473,-4.0629044,-8.076535,3.3245316
-1.5065627843492155,8.083665178621146,-5.32327372214234,0.8012909366997599,-0.5845469489122542,0.1274272313133872,0.556594435369659,0.8064690480663187,0.19952520900010862,-0.2193979700871272,-0.08895245375131886,0.9715719179212967,-3.4654312,-8.273249,3.2480667
-0.13764983218830018,5.549538385396438,-4.006237456090546,0.8461350666500832,-0.5225637262658916,0.10479790539970388,0.4967947095421106,0.8445143071932296,0.19997650241193451,-0.19300379673993298,-0.1171440862231054,0.974180064211398,-2.7571793,-8.472539,3.17406
0.9821308399842341,2.8252932719210158,-2.3773460944483435,0.8935735758775321,-0.44274298507523346,0.07419510536492102,0.42094697421073785,0.8838027896828756,0.20419665484917285,-0.15598047761263192,-0.15123252995119535,0.9761141390679142,-1.9913864,-8.671541,3.0635467
1.840650072730642,0.1338186598219549,-0.7246499966127196,0.9248615705577761,-0.3774414162068107,0.04657308919537712,0.36047184047047387,0.9090638016894139,0.20895706900179367,-0.12120696157083086,-0.1764680758374955,0.9768151773375444,-1.2244873,-8.860107,2.9268951
3.034364825218366,-2.487445029775528,1.0260627024428803,0.9501727027000147,-0.31144239829222425,0.013246417996447539,0.30154439870907757,0.9290846788295463,0.21417897929391005,-0.07901145898494728,-0.19951263646743733,0.9767046110461859,-0.508667,-9.032167,2.7731538
4.688589302963356,-4.620404843341664,2.808937990877369,0.9634143877216843,-0.2678155148381227,-0.010371477370330152,0.2634232991169259,0.939061894998502,0.22084139748737905,-0.04940529337233654,-0.2154938685295135,0.9752545870761016,0.10650482,-9.185318,2.6102264
7.02764419233612,-8.056349356952637,6.207999082303218,0.9818989815756657,-0.18192564588925164,-0.052701511823181016,0.18935516327031005,0.9492788648210059,0.2510264108555478,0.004360289387703949,-0.2564618805435278,0.9665445109794644,0.88953704,-9.408603,2.2134964
7.909972548974991,-10.260528227839057,7.5580675756664935,0.9724791917630407,-0.2264132221552173,-0.05496612066714523,0.23275990521745757,0.9336207182450619,0.2723512088953099,-0.010346405707450879,-0.2776497925388543,0.9606266416210135,0.84206694,-9.4776535,1.8549683
8.263710004302393,-9.564366013337242,6.770551020138932,0.9594144328515068,-0.2768321792637074,-0.053739097129817,0.2806027843240134,0.9182210729419132,0.27952126687430173,-0.02803611003389502,-0.2832560780098284,0.9586344302207472,0.46684113,-9.447927,1.7662567
8.482018701893239,-7.611618973365647,4.950894568454691,0.9418642838951672,-0.33244654400531487,-0.04869256721067348,0.3322715153771827,0.9000864012643716,0.2818512201994253,-0.049872946490001305,-0.2816447507728069,0.9582217507291976,-0.09737091,-9.377333,1.7262452
8.471992561438725,-4.853671238392838,2.7881081810813364,0.914287970594586,-0.4032071827923597,-0.038748865411541406,0.3970642315287621,0.8732006275296798,0.2825962846929317,-0.08010931822520355,-0.2737601720967157,0.9584559798483544,-0.78861845,-9.265635,1.7400802
7.591851338332881,-1.9113702750687498,0.8194373632335703,0.8789566965667474,-0.47631199466462776,-0.023706735310326695,0.4625915155046521,0.8394423877917715,0.285211443251423,-0.11594919294061443,-0.26165504259817707,0.9581713955965112,-1.543071,-9.126559,1.7718246
5.388832817007865,0.7415780630813193,-1.0244592630164293,0.8347482133915747,-0.5506185839217239,-0.0038203768935776775,0.527744616905284,0.7980527870950135,0.29085626748856097,-0.15710200370163652,-0.24480793297995343,0.9567591318524288,-2.31017,-8.958194,1.8253982
2.3687793050673385,2.43695607518037,-2.633709615070579,0.7966105922247622,-0.6044084507459535,0.010098961441132776,0.5754474176625276,0.7633446359489806,0.2935391562865991,-0.18512653472920196,-0.2280249798482517,0.9558937047100801,-3.0384781,-8.764758,1.8992538
-0.2157423892906838,3.6563275071773056,-3.9255382550686244,0.7459399834064329,-0.6655832417318155,0.023926752420206084,0.6321777415051493,0.7188920492578058,0.2890424270922225,-0.20958254770151952,-0.20048234296236905,0.9570172338360784,-3.6957564,-8.562518,1.9972351
-2.097616847280033,5.262383203881071,-5.091833968208193,0.7067705217340257,-0.7066466828798701,0.033554361604552004,0.6726235443937827,0.6859249115337733,0.2776411051421096,-0.21920993849494758,-0.17365909510377617,0.9600987040678571,-4.257286,-8.3612385,2.1422226
-3.308012735898277,7.5293800400176325,-6.058519220792359,0.6773708031255629,-0.7344137492600843,0.042488115641622436,0.7010963208197721,0.6619752798048129,0.26505221723336053,-0.2227840748482929,-0.1497503717026664,0.9632975044963541,-4.688466,-8.180697,2.3111405
-4.165864760639765,9.79548243139683,-6.6381440957316755,0.6568634136949517,-0.7523444959494697,0.05008208425727951,0.7201298874948054,0.6456498373997926,0.2540654100863433,-0.2234802024469606,-0.13082066686942354,0.9658895134714449,-4.94393,-8.055426,2.4459655
-4.611723958187786,11.307033586885938,-6.773307123596929,0.6528150136599724,-0.7557102447889129,0.05229324871540723,0.7246016161105402,0.6430872810615791,0.24777257085242618,-0.22087339330513348,-0.12385788169473892,0.9674058968561063,-5.0197783,-8.00562,2.524788
-4.665730571135676,11.69736856477613,-6.435967456974978,0.6635282231224797,-0.7463922910561767,0.05127226318231632,0.7163353218332229,0.653590134747593,0.24430235867612476,-0.2158564426048448,-0.12537337680917787,0.9683426627870141,-4.9051847,-8.041222,2.562523
-4.2797234502116694,11.192456234077653,-5.620757606277688,0.6965988694093155,-0.7160477946740926,0.04500634266447278,0.6884348196798759,0.6847627615214408,0.23907626290761064,-0.20200869830282284,-0.13555632104737916,0.969957199898067,-4.6048493,-8.150703,2.578711
-3.7407813596433543,9.970599596033171,-4.536621450785571,0.7303202022936991,-0.6822254376063555,0.03465334622380944,0.6571697169290885,0.7155333367316176,0.23693882581177142,-0.18644131857781018,-0.1502680814695382,0.9709063489433114,-4.1418333,-8.3129015,2.557614
-2.505746153772546,8.129824808842958,-3.4683171802697164,0.7762292659757203,-0.6300701837675372,0.021901830287362763,0.6082971113852297,0.757629346808612,0.2365848624378636,-0.16565853712736997,-0.1703212740132576,0.9713639445106659,-3.5345917,-8.5037155,2.5030015
-0.6757993676207232,5.457234550218518,-2.3326334150422205,0.8181286376376309,-0.5748943649098662,0.012727979889822183,0.5567114199236493,0.7974075621688775,0.23283808692411856,-0.14400669152434695,-0.18340569508815907,0.9724322206742433,-2.8349578,-8.691298,2.476619
0.8475026476114658,2.231816893677987,-1.2676149743443095,0.8577386225597075,-0.5140832585526351,0.0016907528738152738,0.5006093841350687,0.83599678545995,0.22472120330876408,-0.11693887243035536,-0.19190564863113424,0.9744216346829437,-2.0857558,-8.856468,2.4845994
1.7514688984602322,-0.4515397752723035,-0.25455323063233637,0.8917843358922491,-0.45213935778547876,-0.01704990904828902,0.4448890649889855,0.8693731586733302,0.21509075022321192,-0.08242826038711581,-0.19939987993901345,0.9764452210799439,-1.331218,-9.008624,2.4765136
2.642288522447843,-2.0726472528770206,0.8375942562345202,0.9201223143854211,-0.388782975420304,-0.04714578022847325,0.3896615509902625,0.896778851496926,0.20964629066052787,-0.03922757002261318,-0.21127112801135678,0.9766400095321355,-0.63348544,-9.161862,2.4013228
4.428904255763736,-3.518893902687199,2.0597478869211465,0.9387902380610448,-0.33723343530266303,-0.07033135172347482,0.3444360771214138,0.9152855293607814,0.20884489105545906,-0.00605621156316288,-0.22028619987806766,0.9754164815322642,-0.031958006,-9.292887,2.3066192
6.363722308157884,-5.512555669899766,3.414058572347283,0.9510962098987681,-0.2965682224918015,-0.08639032888148687,0.3084365812333676,0.9270156647550104,0.21332799313709241,0.016818884424064838,-0.22954138342983132,0.9731535739131049,0.43050995,-9.39532,2.2132888
7.468931410459142,-7.647984662113158,4.814999962638561,0.9569402268699967,-0.2742553737096036,-0.09512829331699708,0.2890582996309069,0.9303725646021299,0.22550430250916578,0.026658987461783464,-0.24329176111628306,0.9695867250331193,0.7165985,-9.471919,2.0750167
7.845707032789287,-9.249784342104958,5.896186658074261,0.9566270421681713,-0.2737681675347466,-0.09957757095472211,0.29014279745870664,0.9260255209558795,0.24144127986164457,0.026112435263901227,-0.2598609724122889,0.9652929170679374,0.78056943,-9.514798,1.9014695
8.107361922637194,-9.93429482006092,6.157457129911608,0.9499759044919492,-0.29621121739882583,-0.09901866274500168,0.31186046402505685,0.9168857963681974,0.24912544510012188,0.016995054068133314,-0.26754317615174483,0.9633959814281235,0.6130722,-9.509379,1.784256
8.519241633832117,-9.234022042257077,5.565054437963957,0.9344698405889613,-0.3425477688239906,-0.09709347611115272,0.35603909901892455,0.900199743441442,0.25075203264929996,0.0015089729729992488,-0.2688892857323799,0.963169909734984,0.21497497,-9.454231,1.7432983
8.07894632709383,-3.7784713569668136,2.667817105974202,0.8815116569647783,-0.46300035058462163,-0.09256281107295897,0.47050438449354653,0.8449577430844406,0.2543069731132013,-0.039532553769767345,-0.2677257696975906,0.9626837951436977,-1.0628891,-9.230246,1.7010895
7.048219556455008,-1.024161916933135,1.003630793716242,0.8446288632760852,-0.5296805105970063,-0.07772155437613633,0.5300775951216267,0.8071173243822126,0.2599603197262462,-0.0749655018726654,-0.26076844398008436,0.9624863594634393,-1.8422897,-9.060911,1.706253
5.153707581841233,0.616042798881216,-0.5858526992064014,0.7948960927775358,-0.6036765684369271,-0.060949178888833104,0.5956431426280642,0.757274937987456,0.26785054589501833,-0.115539812736435,-0.24921731283422505,0.9615306977192758,-2.6249726,-8.842214,1.7901077
2.3263086014811223,1.595991036485451,-1.8702950857814227,0.7445101202555316,-0.6661939843998492,-0.043477074263883565,0.6509010475541719,0.709855143971562,0.2691347262431882,-0.14843351080526096,-0.22867280058320824,0.9621207009224241,-3.380185,-8.598371,1.8999131
-0.44366947960479264,2.833878077951387,-2.942225934052012,0.6921817162145485,-0.7210100722815763,-0.03207721008439371,0.7012310263126126,0.6613478115743908,0.2662594972246534,-0.17076158664887786,-0.20679349069610842,0.9633674961980376,-4.070529,-8.349881,1.9941391
-2.305816830747852,4.630446573862246,-4.119091167164115,0.648216982128397,-0.7611178702325472,-0.022678882093804045,0.7396269681513311,0.6222749218905613,0.2563705707942445,-0.1810157232497308,-0.18295767051088188,0.96631247468798,-4.664317,-8.1045885,2.1249604
-3.366009969748569,6.766011478960892,-5.253892586086707,0.6100692608549441,-0.7922738589338332,-0.010845709289595929,0.770445543177548,0.5899536686569157,0.24159539282879597,-0.18501124819252215,-0.1557459511137923,0.9703164621678356,-5.1205993,-7.883737,2.301825
-3.9096976123600693,8.773325282069575,-6.0633285941039805,0.5843535917329893,-0.8114990554583438,-0.0004035083276001626,0.7904771816145009,0.5691033325584998,0.22642266277386125,-0.18351213904139926,-0.13262986036721297,0.9740290626893139,-5.4164248,-7.7133636,2.4796708
-4.118453423020927,10.139000072073614,-6.3283586297984,0.574610129142959,-0.8183883197898052,0.007984830488562002,0.7992251999702155,0.5632028090159513,0.2098610865527759,-0.17624494097386362,-0.11420662830222342,0.9776986073596284,-5.529567,-7.6200547,2.630258
-4.093214459400546,10.58720803597781,-6.067327601477831,0.5818887356318447,-0.8131908433162874,0.011231726996224517,0.795328639810474,0.57188343534362,0.2010017190891708,-0.16987599607358897,-0.10802772202599545,0.9795264964419698,-5.456418,-7.617177,2.7523468
-3.903772591101825,10.217947262651418,-5.407760422203433,0.6038581291946851,-0.7970128885266768,0.011216743192989622,0.7811069197183614,0.5944938043303845,0.19091646492872422,-0.15883116751314194,-0.10652498361957453,0.9815421988336831,-5.2206254,-7.693831,2.852034
-3.488991082004741,9.1955454456554,-4.690779495640545,0.6401702478162765,-0.7682148334736328,0.005293717212425037,0.754991011350351,0.6303945707601711,0.18053049032303306,-0.1420233311502746,-0.11157353981647893,0.9835551426441732,-4.8105927,-7.8464966,2.9297225
-2.7629608419296514,7.745930192776697,-3.9004270020296468,0.6898422611994163,-0.7239318646550957,-0.006349015693164901,0.7140043957414011,0.6788805745241413,0.17122759239015672,-0.11964688681797028,-0.12265325462770904,0.9852110441950993,-4.247812,-8.051294,2.9636643
-1.8700929042435575,5.931168666997763,-2.975402467391024,0.7500784209528685,-0.6609874245063337,-0.02186291529816405,0.6552505828870523,0.738276769101996,0.1599815171527553,-0.0896048885219364,-0.13432437176031567,0.9868778683829968,-3.56474,-8.273807,2.9759278
-1.1469028144306312,3.7991366985585557,-2.001742421737319,0.8106283564837498,-0.5841544437832882,-0.040561724232229465,0.583321140296404,0.7995349436565873,0.14310947262624382,-0.05116751848347348,-0.13966910782380107,0.9888753335845457,-2.792726,-8.481982,3.0070863
-0.6759772068565688,1.6852258191728158,-1.0293144772856413,0.8560251443948581,-0.5132136589606586,-0.061908742678031835,0.5168082411877439,0.847013536872372,0.12440783815896272,-0.011410258725905287,-0.13849118604145694,0.9902979336465558,-1.9569244,-8.65801,3.052672
-0.06051272193191098,0.0011710052312252917,-0.08320857639551699,0.891758447535073,-0.4429139842599136,-0.0927042275025527,0.45116945768487354,0.886022905323005,0.10681540944694914,0.03482803040903444,-0.13707885974865683,0.9899476726109492,-1.0961746,-8.806826,3.0562806
0.7722230076228727,-1.5068641862591836,0.829934773806069,0.9128196480091793,-0.3896123943555079,-0.12232118529905567,0.40163535933254596,0.910706289034907,0.09645254401044043,0.07381956612046667,-0.13717229048476973,0.9877927082039772,-0.23942566,-8.928479,2.9843032
2.201161520162386,-2.783377345936765,1.518383727239612,0.9343981776332367,-0.31861476280825846,-0.15932569961033577,0.334833783789348,0.9382051574451739,0.08750668418232793,0.1215992716630881,-0.13511371308610864,0.9833401759651087,0.5509262,-9.013407,2.9010742
3.5093099079242,-4.106497256506596,2.179322273619472,0.9486377350777555,-0.251600968301503,-0.19178999018794446,0.2712711363722531,0.9588382646644286,0.08391157719060442,0.16278334729895422,-0.13162877711600462,0.9778422402806565,1.2403427,-9.062579,2.822966
4.1288368195430545,-5.305650635912475,2.848855955563127,0.9571393419995006,-0.18615367581904854,-0.2218807990246557,0.2089591541859044,0.9743127112442681,0.08396911688088685,0.2005501231081006,-0.12673416937393633,0.9714515419898329,1.814444,-9.080874,2.7540786
4.429421673178328,-5.965813128929524,3.4381025608358735,0.9589857367682891,-0.15858478229363157,-0.23494089363042595,0.18234216847564036,0.9797279872363766,0.08297231237804922,0.21702002274118093,-0.12240889612540921,0.968461858763047,2.25522,-9.065809,2.713121
4.59471997277022,-6.128599052088802,3.7204099781564097,0.9587597323504609,-0.1332500051976806,-0.25104623426391137,0.1573157319521879,0.9844411817491436,0.07827720074643682,0.23670981412611486,-0.11454255013386513,0.9648048860288857,2.557303,-9.029856,2.7084274
4.815300667363484,-5.686532410726162,3.549963259762875,0.9569496508471056,-0.12141400884704118,-0.2636399138963853,0.14537951505189806,0.9866563228097444,0.07330823461814903,0.2512213413443964,-0.10848013235263651,0.9618315333455629,2.7398543,-8.99485,2.718715
4.912212723307051,-4.657433184884986,3.119720455942452,0.9551184942799938,-0.11757468836652966,-0.2718912549896211,0.14184576140662408,0.9873148533318276,0.07133835126583883,0.2600546901236213,-0.1067032007292511,0.9596801472880641,2.8262725,-8.975662,2.7204056
4.720406779494858,-3.342604456899611,2.5610544671284963,0.9543970304311469,-0.1187749818921383,-0.27389562241980264,0.14398787505429075,0.9868242452427785,0.07379295927371356,0.2615220834682203,-0.10986542985645893,0.9589242864694254,2.8261383,-8.981071,2.704033
4.051145362195835,-2.244044957307501,1.8418151784871535,0.9559225990131176,-0.12378774006049108,-0.2662490940955909,0.14882618651444576,0.985943238142102,0.07593877382098607,0.25310620479074364,-0.11221642737399933,0.9609082799746508,2.7631958,-8.995768,2.7140732
3.0708449897140073,-1.3092111411923557,1.1451078699038373,0.9586277323792112,-0.13233201934795982,-0.252033940906344,0.15582770177467248,0.984888597970298,0.07557894513504088,0.23822384027026963,-0.1117259425710666,0.9647625177646008,2.6511962,-9.011953,2.7793946
1.351771394594153,-0.5566665769781585,0.7504831501952998,0.9601958614287271,-0.14266888346900494,-0.24014474257175006,0.16480526653492816,0.983495773612067,0.07466784722726529,0.225528560979526,-0.11127287619591189,0.9678611549213003,2.5338242,-9.030226,2.8406875
-0.21669641359241154,0.1505551679196372,0.6094431451259126,0.9605345085822776,-0.15190104094392218,-0.23302259886705204,0.17310677801030014,0.9821711193736176,0.0733071324992914,0.21773263703334575,-0.11075182178424507,0.9697043532654558,2.4273574,-9.047508,2.885933
-0.9818755347899276,0.7181539450035062,0.7287111908023544,0.9600529681922414,-0.1613153632682666,-0.22863869278600674,0.18179143714003082,0.9807428769793498,0.07138124849588424,0.21272087732009012,-0.11009433603912813,0.9708908617987269,2.3340347,-9.062612,2.9191055
-0.9213142116602023,1.1176756497671403,1.0076073556951748,0.9593772063388974,-0.1687890302493686,-0.22606556399604494,0.18903413908621775,0.9794029677867438,0.07096422303141077,0.2094313019042389,-0.1108155673089183,0.9715237721356581,2.2501023,-9.079129,2.9360871
-0.4309544830853427,1.3122344984559766,1.3533900352937145,0.9594916305493313,-0.17530818557886535,-0.22055124342163998,0.19543509452053373,0.9780076897380173,0.07284286267752899,0.20293086195927726,-0.11299557018907315,0.972651564735343,2.172258,-9.097303,2.9397902
0.5469044473076148,1.0825026430655411,2.3508244314132227,0.9619008734376496,-0.1850465942279578,-0.20125721762093407,0.20364051735465033,0.9761064239412599,0.07580757766963045,0.18242052891990151,-0.11390349909129484,0.9766006059404955,2.0223908,-9.10809,3.0073853
0.7701083043214287,1.0245756252506335,2.9335352799273524,0.9637650569770249,-0.18914589061440584,-0.18809770603001824,0.2060209290250463,0.9757112678253885,0.07445064568041662,0.16944701754155655,-0.11050499491994781,0.9793244377345098,1.9523163,-9.090579,3.0957732
0.8893291127753029,1.245801806630601,3.4733874760132077,0.9662120082458985,-0.1921614928832276,-0.17177984682237007,0.2066270978789155,0.9758723075887851,0.07055835672319444,0.15407659635247817,-0.10366870277103955,0.98260531370546,1.8863297,-9.061615,3.2094254
1.0091657104586755,1.652130126417031,3.9498650575610728,0.9694470390290056,-0.1935697061993509,-0.15067583535454734,0.20514687032661794,0.976545865854893,0.06536767914582828,0.13448866165252454,-0.09428117905295584,0.986419717545882,1.8223572,-9.028879,3.3312087
1.1448761074960334,2.0043370291139104,4.310107348392952,0.9732196272071963,-0.1926892254293319,-0.12535716821199386,0.20144599815825795,0.9775808150759285,0.06128017478358859,0.1107387332630677,-0.08489176873483405,0.9902173097640552,1.758873,-8.997014,3.4489594
1.225346047992138,2.1614289560998956,4.483664239011729,0.9773874157366829,-0.18761354819976736,-0.09754484143952752,0.1940968549222412,0.9790341273045089,0.061794728597137985,0.08390620041965408,-0.07933053702700774,0.9933108352505492,1.6970932,-8.966456,3.5589004
1.2453763453671336,2.1086300431252263,4.443443525791645,0.9822084934217951,-0.17827438537459164,-0.05903150827650975,0.18195798005348002,0.9811992010490453,0.06433833503886514,0.04645179162255351,-0.07393491313329476,0.9961806360670877,1.6396545,-8.937131,3.6600952
1.2310897945251018,1.8498712049319488,4.249125140414439,0.9857334165828099,-0.1675670377332657,-0.015840432357716705,0.16825613691202276,0.9834898193628747,0.0666156708367008,0.004416313329400685,-0.06833054276734288,0.997652962257767,1.5881164,-8.903709,3.766571
1.2264024463458005,1.4671658880959633,3.9629889439790493,0.9876491383381878,-0.15347059547142275,0.03155876844052216,0.15105628124828943,0.9861613016459339,0.06832193667802573,-0.04160744446938509,-0.06271095168824756,0.9971640572659455,1.5490738,-8.860723,3.889473
1.146795581256664,1.1471327674026819,3.5905366510583288,0.9880680590548213,-0.13954694382645774,0.06517791914700813,0.13504256838284173,0.9884302032252879,0.06905967040598113,-0.07406088981509543,-0.05943386089354262,0.9954810901162733,1.5268066,-8.8131,4.0119886
1.1662226331603454,0.9175117427814303,3.0130839353282983,0.9865209911316551,-0.11517005804145324,0.11624195364559892,0.10736898891733455,0.9916595243316044,0.07129718101921308,-0.12348374093574543,-0.057855384651263816,0.9906586294942211,1.5240021,-8.765941,4.1171694
1.241806768133403,0.621020941484314,2.1812013811815114,0.9829183900152539,-0.09228096163345166,0.1592346152374755,0.081521758073725,0.9940063183026151,0.07283983892795369,-0.16500194402003343,-0.058614531427682866,0.9845499962800891,1.5394318,-8.7177,4.209676
1.3235396417369916,0.11247762835930372,1.003622509937441,0.9764538398794963,-0.06556127590843024,0.2055227911591463,0.05152847552567694,0.996006634914576,0.07290815740466343,-0.2094820154442545,-0.06060117414210976,0.9759327758088727,1.5682418,-8.665932,4.29899
1.2002816224602084,-0.6087590756868068,-0.5505277103706268,0.9682460156735115,-0.03968461348067115,0.24682946458083202,0.022953891155748057,0.9972620979309264,0.07029528370537158,-0.2489433108424092,-0.06239743170434546,0.9665059692022195,1.6065185,-8.607368,4.3955064
0.7956573828280268,-1.4202512832580965,-2.36421206439168,0.9583811779030423,-0.012910467575994697,0.28519964528054154,-0.005474303328353372,0.9979622587590384,0.06357170829565856,-0.28543922268014704,-0.062487198045106565,0.9563575692366457,1.6529846,-8.538254,4.506453
0.2998828487221334,-2.1359335409388156,-4.234796367036739,0.9515338218724059,0.005528203669429691,0.3074944305139232,-0.023866695084205823,0.9981505207130082,0.05590991742177106,-0.3066166445231734,-0.06053905321807604,0.9499059197293221,1.7090012,-8.45751,4.6310015
-0.15200910147832397,-2.613643159101089,-6.090889070295002,0.9425425518250796,0.031604111846839,0.33258791035369833,-0.047666006935088163,0.9980522874161517,0.040244047587842766,-0.3306682473143305,-0.053784864950661385,0.942213191650546,1.773146,-8.367964,4.764418
-0.30486062106578976,-2.7581580071779443,-7.829165916965241,0.9370281678577002,0.049108884291198016,0.3457839356085175,-0.06206241452282093,0.9977208659748339,0.026482641522822425,-0.3436953146972463,-0.046275167013231096,0.9379403710114299,1.8347565,-8.280299,4.8936996
-0.21109116642280437,-2.5718177123979507,-9.300212668700697,0.9337259531370654,0.06102563216794533,0.3527488010706504,-0.07025407528853378,0.9974390521460226,0.01340530340567796,-0.3510273626708204,-0.037298920527916016,0.9356220290180328,1.8782974,-8.207499,5.004425
-0.0316264112879045,-2.257634876162637,-10.387650000258402,0.93324689747613,0.06506797926883268,0.3532936263578051,-0.0707977051358426,0.9974852211916834,0.0033043080482983538,-0.35219016638554224,-0.028096113219632596,0.9355066515654893,1.8946502,-8.156697,5.088075
0.05495052088109437,-2.083639603658653,-11.05599165750985,0.9351010105760557,0.062023305148442634,0.3489114638960757,-0.0657893198529076,0.9978329747386105,-0.0010582615879217248,-0.3482210008212187,-0.02196506641828603,0.9371550941249316,1.8820312,-8.130846,5.1379867
0.17584626166913866,-1.997940603720228,-11.398336764128409,0.9411768420619138,0.048415829271352635,0.3344279585237014,-0.049921340193318814,0.9987447482052181,-0.004097282733678695,-0.33420654056984905,-0.012838824263300649,0.9424124112255048,1.8443451,-8.130321,5.1513457
0.23848882605439112,-2.1123587459211066,-11.317445242032464,0.9494198543949216,0.02832627946126695,0.31272921509287827,-0.028619505789572553,0.9995837012133012,-0.003653512977885824,-0.31270251672969634,-0.0054814378224251155,0.9498352961805078,1.7890488,-8.15518,5.125618
0.4612240048880316,-2.213816679025955,-10.85505022182058,0.9592514867582201,0.0012546959536848244,0.28255089964501534,-0.0012240039526185147,0.9999992102536458,-0.0002851427886026237,-0.28255103426897504,-7.231977407632208e-05,0.9592522649456621,1.7200836,-8.205684,5.0565033
0.8054501498659312,-2.172691947820322,-9.98520427006925,0.9694936326092888,-0.033518206605520254,0.24281397438367208,0.032476021783282315,0.9994380948676339,0.008294729440261786,-0.24295556042037075,-0.00015605545518147454,0.9700374071691867,1.6382797,-8.287305,4.929146
1.049991985879993,-2.1170449242778075,-8.86744829543001,0.9775852170382353,-0.07129710580722366,0.19810064646996853,0.06832727098751794,0.9974248464651727,0.02179586413349658,-0.19914448892124512,-0.00777163801532447,0.9799393216801002,1.5450623,-8.404024,4.7293673
0.9518499805381362,-2.96120738472801,-6.04266201790617,0.9844980115466616,-0.16064616856264213,0.07040222856424458,0.15680783299395135,0.985979682497073,0.057055842949809414,-0.07858096953085852,-0.04513174303210227,0.9958856144148657,1.3159348,-8.703781,4.173561
0.8640874494958344,-3.85782187034859,-4.276870497929231,0.9783348363229725,-0.20702247789035733,-0.0016253261330803764,0.20660778115774672,0.9758144492967052,0.07140998045680813,-0.013197454374790682,-0.07019867656805186,0.9974457243409885,1.1867279,-8.853607,3.8809066
1.033929391046565,-4.463257336787163,-2.4746515643683935,0.9663593822324757,-0.24687634642125902,-0.07212221536363018,0.2521853453395032,0.9645972536842778,0.0771666364483106,0.05051827359740754,-0.09275886891527499,0.994406202851881,1.0583328,-8.987516,3.6088912
1.478742013976097,-4.318253635204143,-0.6827830958227298,0.9449201784744433,-0.28828542938560053,-0.15497537712741907,0.3022228396535612,0.9502817848270548,0.07500589721912744,0.1256471706946216,-0.11771168433876417,0.9850668748194549,0.9355011,-9.108403,3.348172
1.910559870203305,-3.4718846680671582,1.2528240947453921,0.9213005408877969,-0.3175836818760267,-0.22437896150468167,0.3398913070317784,0.938006821448408,0.0679492628398954,0.18888941940744552,-0.13886615110358236,0.9721301246816678,0.8118057,-9.219312,3.0962358
2.419289658392181,-1.8836055726444634,3.4514704224197104,0.8894533823366791,-0.34642446297500756,-0.2980985945997044,0.37884187622563004,0.9237095849392252,0.0569160391212379,0.2556394208014201,-0.16355639438396752,0.9528367081449112,0.6841858,-9.317874,2.8608794
2.668118797051003,0.07043343195219776,5.748141891262399,0.8482668857976329,-0.37436477167037807,-0.3745588180664974,0.41865806940823724,0.9071993571001379,0.04140950852721617,0.32429725774134016,-0.19193838649234338,0.9262780060069238,0.5540131,-9.400783,2.6485963
2.5902650486034156,1.991411725544903,7.825111418054513,0.8053695713670928,-0.3976284202834963,-0.4396265379829072,0.4526798446448862,0.8913748421638333,0.02306185182686435,0.3827019881948182,-0.21758338663660493,0.8978845460812203,0.425618,-9.464485,2.470244
2.3008364960865215,3.7456840079699147,9.556457129597275,0.7693856765745845,-0.4153816916963648,-0.4852872663539969,0.4773491910164622,0.8787012487499944,0.004676032627231774,0.4244801886046011,-0.23524915653125855,0.8743422692707552,0.3014862,-9.506264,2.3454406
1.8734740976115396,5.545948715544261,10.932430708230877,0.7366725579113844,-0.4312473885099717,-0.520902325127876,0.49747255952943203,0.867357929727093,-0.014535276219192513,0.45807706222374134,-0.24842687383385598,0.8534925268692188,0.19045106,-9.53021,2.2739518
1.562738638821091,7.545398318284748,11.787156076431145,0.7150125384898582,-0.44165396993251405,-0.5419398865604366,0.5099578020721254,0.8597489233452674,-0.027835748820934567,0.47822600296100143,-0.2564635639803548,0.8399561479282349,0.10765686,-9.542404,2.2397811
1.359188471817009,9.491809642678874,12.097795120927099,0.7051066214914837,-0.445165813154218,-0.5519529428561907,0.5152925046788602,0.8564002822974714,-0.032437495319458845,0.48713272005753455,-0.261545321654885,0.8332441165527606,0.06798248,-9.551206,2.210614
1.2968091803573603,10.89554784441221,12.080868114862088,0.7078776460597106,-0.4418205286417346,-0.5510933302805445,0.5137423491862206,0.8575013472930771,-0.027572414533057667,0.48474533196471986,-0.2636020862233414,0.8339879515179556,0.073956296,-9.559839,2.173671
1.4619655336966324,11.434743009223226,11.839082273511803,0.7207158312303389,-0.4341703339034694,-0.5404302098995868,0.5067843308778393,0.8619130909821449,-0.016597155488442837,0.4730098652149468,-0.2619197295962202,0.8412251319697843,0.12003632,-9.564441,2.1438186
2.019209606112991,11.014914102271494,11.116263158285975,0.748861715880173,-0.41780955853467294,-0.514432992027207,0.48985602427686425,0.8717887782932512,0.005039992224858812,0.4463711527066538,-0.2557723574568301,0.8575157696464298,0.20946503,-9.563144,2.1254654
2.641087141229181,9.598824674295962,9.861402817715549,0.7883771647560341,-0.3933880558434268,-0.4729770434291351,0.4624939474688305,0.8859695890688318,0.03401816867360663,0.40566093556803756,-0.24556816724676775,0.8804177875242686,0.34154207,-9.553861,2.1235626
2.7318066411030455,7.4427679611036055,8.504688327294685,0.8226587423366246,-0.37013987075705174,-0.43154266270332575,0.4346056172218307,0.8987767376592875,0.05760497653642459,0.3665386079751419,-0.23494010283151703,0.9002514076329798,0.51211244,-9.532544,2.1527863
2.6834210594577677,5.113699351439353,7.233251020344698,0.8643135610754862,-0.3373581745866389,-0.3730302000918734,0.3940814386310725,0.9150891629559545,0.08550814912648252,0.3125090204577722,-0.22091013077752616,0.9238705679111009,0.7145569,-9.498279,2.2142167
2.573421431290181,3.0555320244737594,6.009108438565942,0.9013233653805038,-0.30150558718826315,-0.31098323413557827,0.34978885559878503,0.9301053644048692,0.11203467143781702,0.25546809491217354,-0.20975793667832518,0.9437889915030777,0.9376419,-9.456347,2.2874818
2.6013796716109105,1.2083760257520324,4.678921112733773,0.9353597883688833,-0.2593748114369717,-0.24047198068497222,0.29760719777438405,0.9445437252280693,0.1388060047878409,0.19113351913099033,-0.2013997475775954,0.9606800297394988,1.1774414,-9.408529,2.3614411
2.627789660439652,-0.61543418237035,3.361384057709363,0.9598753351384842,-0.21975519707782334,-0.1742038872989643,0.24761571282954487,0.9557746091079784,0.1586863426524461,0.13162750378511068,-0.19545472606662778,0.9718393130067956,1.4234619,-9.350103,2.4509003
2.597737197606887,-2.4455728591054533,2.036290985270212,0.9801615849551867,-0.1734943246207176,-0.09582790148249024,0.18796445014120194,0.967040652575088,0.17176071072939186,0.06286996788015849,-0.18636548927189164,0.9804668640740474,1.6674652,-9.268107,2.5906386
2.381525387534913,-3.938265309274479,0.6098800482154514,0.9900404771521868,-0.13668839919599846,-0.033706603589001155,0.14049141497017245,0.9746562586357972,0.17409003366577608,0.009056264127623649,-0.17709166842996266,0.9841526939722023,1.9005463,-9.15614,2.7919266
1.8626884879002406,-4.832508395138589,-0.9883529924573334,0.9950019023716994,-0.0881747425621509,0.04686607569231923,0.07900120428920426,0.9821661982332843,0.17061174862486594,-0.0610739224019141,-0.16605653802870146,0.9842231465375969,2.1101425,-9.029315,3.023703
1.3164750007479633,-5.13665839571882,-2.5867026430100832,0.9929301700587747,-0.05174186568239581,0.10682910054268033,0.033639956319887886,0.9857573037865398,0.16477527536098827,-0.11383334628240135,-0.16001661590971875,0.9805287613869125,2.286548,-8.90579,3.2548432
0.8437067453693052,-5.252394605939899,-4.273852045504376,0.9857087650581765,-0.014732306393886983,0.16781296027363812,-0.01153158581082517,0.9879309090709851,0.15446534054883138,-0.16806324112122945,-0.1541929896282432,0.9736422694877889,2.4223495,-8.788963,3.4809036
0.5259547962373352,-5.2937591464487515,-6.032383731612408,0.9759779523544108,0.015998559841064564,0.21728111423016905,-0.04729511418651125,0.9890760714989805,0.13961266762808652,-0.2126739492560777,-0.14653522058248497,0.9660730926988216,2.519652,-8.670367,3.7119415
0.2751303618404132,-5.0483244290743485,-7.732373075985708,0.9654509850501973,0.04226973386127616,0.25713355491825807,-0.07518870583431618,0.989974779354762,0.11956836854474923,-0.249501611178294,-0.13477093841325397,0.9589503324878961,2.5841553,-8.544174,3.9550934
0.11517542617550688,-4.39091934973368,-9.14576384937975,0.956180474101101,0.06243666066453179,0.2860429414491052,-0.09399619129743586,0.9907421334743391,0.09795274871228671,-0.2772789515440542,-0.1205474527469516,0.9531970911972254,2.620308,-8.419188,4.2013197
0.028277346718139362,-3.4993461984663283,-10.0938998094284,0.9481066900763591,0.07751184118784524,0.30835956075354864,-0.10541152922811335,0.9916078975203968,0.07484775935838499,-0.29997018808248554,-0.10346831423605105,0.9483207232845374,2.6228118,-8.309824,4.433539
-0.02945951237029823,-2.7270525626348165,-10.637099839255036,0.9436403500983324,0.08441252042712083,0.3200272114390248,-0.10803745466953357,0.9925247685902373,0.05676699854163815,-0.31284308855211385,-0.08814255572672375,0.9457061339629431,2.5964036,-8.221354,4.635089
-0.15833654406322767,-2.1197109846688,-10.962222037463336,0.9425725999238103,0.08362275161758365,0.3233637723752816,-0.10306342344364215,0.993725799221321,0.04343923008094479,-0.3177024151953292,-0.07427160543473182,0.9452771572428916,2.5480468,-8.162168,4.779474
-0.2556280599554227,-1.6039517233504728,-11.157820741272692,0.9460631501432898,0.07230564837512912,0.31581071728807353,-0.08700406511308104,0.9956720029149498,0.03267346423525938,-0.3120814134080302,-0.05838797671084397,0.9482594769264687,2.4859817,-8.13827,4.857736
