-0.0002709449840369861,-0.5395863903952502,0.15628103208908062,0.9999981668919676,-0.0014623274587900886,-0.001236046563747624,0.0014705630890708594,0.9999765508232831,0.006688441355882717,0.0012262368880221139,-0.0066902467797001625,0.9999768682030206,2.1385818,-9.346886,2.0378633
0.03895885547094177,-0.6781032872255661,0.03658711982858684,0.9999830421493777,-0.004443700931230064,-0.00376416467622959,0.0044798735602912506,0.9999433403231318,0.00965644221756223,0.0037210410586007974,-0.009673141446867197,0.9999462906516475,2.1184113,-9.361662,1.9954422
0.14724999021295915,-0.915889641396705,-0.1755851891243202,0.9999291901781998,-0.009084198249626788,-0.007687130266314521,0.009128804827033599,0.9999415819850932,0.005787705899489078,0.007634104531622503,-0.005857470384946854,0.9999537041726931,2.087796,-9.365924,2.0043168
0.5774985349290761,-1.4670906641411263,-0.8653860267528872,0.9996445441841999,-0.020975549577324178,-0.016456354477608667,0.02067940072752804,0.9996247510880205,-0.017964392496359706,0.016826992253929637,0.017617699399812867,0.9997031904518181,1.9879043,-9.304838,2.2611785
0.8004386090427009,-1.4804638606844402,-1.2738800704808748,0.999285517800187,-0.030446598726255297,-0.022393269989327218,0.029454158038936865,0.9986240349000988,-0.04338766522945581,0.02368346446425954,0.042697090601683696,0.9988073147334884,1.917746,-9.224312,2.5173278
0.9391416010374345,-1.186777153331714,-1.5243298329872597,0.9988060853759014,-0.04142691747583803,-0.025888497919307925,0.039299135439994845,0.9961863158497517,-0.07789994908449807,0.029016922127214774,0.07678954761000065,0.9966249964796762,1.8306824,-9.110498,2.8424027
0.95587827289746,-0.8703654790098907,-1.6100135415296053,0.9976687998857756,-0.061600730198548025,-0.029365213663147708,0.057015243741839756,0.9888799060912472,-0.13735280597797922,0.03749970287262587,0.13535834428645874,0.9900868097881586,1.7178223,-8.954951,3.2420487
0.862949525774459,-0.9241666813508477,-1.7961157599782036,0.9962330879459034,-0.08078978535373363,-0.03150627023733603,0.07307493189137615,0.9777612067001251,-0.19657842455718683,0.046687137531028114,0.1935356123684024,0.9799817742868213,1.589325,-8.728888,3.7349257
0.7418525521487555,-1.0960470866320466,-2.2106045227944398,0.9943628824238477,-0.10101687402173855,-0.0322187712461814,0.08910265442147484,0.9608085921374213,-0.26250250713079515,0.05747325493466322,0.258151971593831,0.9643932727520621,1.4557129,-8.404282,4.320067
0.6452155989134586,-1.1003196768663426,-2.699605959467595,0.9915241605940631,-0.12623066118670204,-0.030751571254280966,0.10797393602939588,0.9322481705161144,-0.3453331401815891,0.0722597266571014,0.3390857837564489,0.9379762060722627,1.3186295,-7.976462,4.969742
0.5090907718241866,-0.6894646085674834,-2.910304068259343,0.986881158060306,-0.15970554715928792,-0.023658361568424123,0.13170748657366319,0.8811446654191056,-0.45413347881861793,0.09337407480665154,0.44505979015184505,0.8906194840356895,1.1771164,-7.415965,5.66658
0.3489978290700518,-0.3823334266911489,-3.1829782887950544,0.9814076392500649,-0.19153008766100071,-0.012460784172120478,0.15223409379570138,0.8163043952702171,-0.5572000672547751,0.11689237061423807,0.5449434464080597,0.8302847788012797,1.0542252,-6.6985426,6.3719206
0.2112049124644066,-0.22865379139658626,-3.6983699937442926,0.9768268741513263,-0.21402631117906887,-0.001412819461146934,0.16461952020622386,0.7555176333566163,-0.6341084443959798,0.13678330125721516,0.6191815919504531,0.7732428368157579,0.9660904,-5.840117,7.0335526
0.0028103319037108276,0.45770718133811283,-3.6282980025883615,0.9697500177715284,-0.2436925651955789,0.014100946795135103,0.17741408095876487,0.663968786579968,-0.7264087653140487,0.16765782686673927,0.7069366195890001,0.6871182350763221,0.9286941,-4.893486,7.617116
-0.28948424348326135,1.2211116017370958,-2.545581896028923,0.9622044163406619,-0.2704462418107581,0.03196078010567873,0.1866423879372199,0.5694342364747036,-0.8005680916421556,0.19831106928161857,0.776275389678758,0.5983888695317396,0.916185,-3.9340165,8.123377
-0.4729602973800415,1.65547251936825,-1.2851111924151029,0.9525287238638693,-0.2987050706576952,0.05885839768164284,0.19491793456232206,0.4498238430809117,-0.8715879238389416,0.2338718217319638,0.8416850901372198,0.4866931066292931,0.8887146,-3.0215545,8.577133
-0.6312833526954351,1.8955303834676296,-0.4243346933862655,0.9444049335674074,-0.31780140660137274,0.08427091678467849,0.19776656313747093,0.34433266616412017,-0.9177817831691257,0.2626551121877013,0.8834236135481646,0.3880399606576221,0.8749863,-2.1557662,8.970004
-0.885612988346395,2.1495433056894897,0.34371591451354666,0.9394723010488657,-0.3277638965557255,0.09981294343198889,0.19755911581960942,0.28019442350660345,-0.9393942094735176,0.2799324763555024,0.9022537964178423,0.3279876453939487,0.88782346,-1.3505844,9.276502
-1.1724793964060232,2.2383166575421365,1.4032335176421311,0.9331241766535346,-0.3393848671607713,0.11873155809189434,0.19475639933741387,0.19950292969598798,-0.9603481274828635,0.3022403279871649,0.9192477864999092,0.2522583817303757,0.92133486,-0.64657897,9.489784
-1.3733683677598583,2.130034905961075,2.6488399639520392,0.9283214730164668,-0.3474519074978181,0.13227401374671033,0.1907503134414212,0.13974539468685426,-0.9716406447786207,0.31911371117289333,0.927226184185899,0.19600521090399714,0.967305,-0.08248596,9.630422
-1.4144434251758502,2.0450113745084364,3.6831274508342853,0.9250445540663081,-0.35317871433648884,0.13984766259001322,0.18660140304693887,0.10182736140009363,-0.977144362339162,0.33086627113258193,0.9299978409705689,0.1600984897396018,1.0203873,0.27612305,9.702016
-1.4964638536609507,1.9842327956470716,4.823883573830411,0.9234805906618485,-0.3570836192771526,0.14026720042395152,0.18553167570495122,0.09565719375351309,-0.9779712156261628,0.3357999344564501,0.9291614445978332,0.15458788403982868,1.0518677,0.36741638,9.715312
-1.7196417225075948,1.9275023285671884,6.020810040155993,0.9226900647559387,-0.3616293201251645,0.1336685423968291,0.1887631996731962,0.12142750865760682,-0.9744864363295894,0.33617182935192325,0.9243806547992109,0.18030226338890876,1.045398,0.16744843,9.683731
-1.8139682843763005,2.068860193829493,6.375617263605279,0.92378952812699,-0.36292128425371945,0.12206985360253328,0.19641840262336974,0.17549257080633787,-0.9646876016113535,0.32868331085377106,0.9151450699355885,0.23340261810611737,0.99068296,-0.30159456,9.601427
-1.7232018524805455,2.53191429621084,5.641273636096015,0.9269606407717846,-0.3612159500085712,0.10132624496825861,0.20444516592028436,0.2599194541851822,-0.9437393980691404,0.3145570609472779,0.895524938120364,0.31478395863310515,0.9214462,-0.97991335,9.429288
-1.6467109651888423,3.028119224836039,4.800086172451534,0.9304652054893008,-0.35799490074836776,0.07793684887086016,0.20948394433969034,0.3453127002956103,-0.9148090599018128,0.30058439486712957,0.8675245184158887,0.3962956365008851,0.87830657,-1.8119949,9.096144
-1.51575492509625,3.8691391743403964,4.253778853294576,0.9360909236477319,-0.34925663978813026,0.041875795255018125,0.21923637344002866,0.4861812764413108,-0.845909675437491,0.27508034321848623,0.8010290668894615,0.5316796392311807,0.83047485,-2.785817,8.528719
-1.3832769465506658,4.837067113280666,3.945914954665562,0.9421723223114227,-0.33493982823674034,0.01125284546430054,0.2281982895234907,0.6165982691249331,-0.7534800031657701,0.24543197780414355,0.7124758844851373,0.6573745190515583,0.78549653,-3.8481078,7.670264
-1.1653417774526322,7.1389533117734505,1.3420024352916098,0.9570120852094341,-0.28608583703592355,-0.047778265043276355,0.23387357283582577,0.8585534470911533,-0.45627747086274517,0.1715547163213423,0.42548898027487414,0.8885539415097721,0.7339676,-5.8229995,5.118178
-0.590540470783375,7.335944857487475,-1.5682239891294012,0.9660319416220609,-0.24704379950836372,-0.07583962612238034,0.2243985320082399,0.9474604986356772,-0.22795592196207679,0.12817014706419727,0.20319440112735562,0.9707133710586443,0.72335356,-6.568437,3.5374877
1.3432383982936518,3.00349728816927,-6.342759548096268,0.9801832604048877,-0.1766898891626143,-0.08956259872149291,0.19266110773072648,0.9554566296490167,0.22357174782988748,0.04607031137309013,-0.2363965142032445,0.970563864195727,0.83295596,-7.4783325,0.173703
1.6206384920733705,0.06417371227186353,-6.345059233860329,0.9857318636590882,-0.14749108960783536,-0.0811114754734136,0.16791847751215747,0.8950540900919942,0.4131362495831018,0.011665242268368979,-0.4208616807169381,0.9070498155156277,0.9639969,-7.649678,-1.4800675
1.307490808109084,-1.8834729601242526,-5.20384646657188,0.9900639227533505,-0.12435550346578943,-0.0656440219671029,0.13929274563021485,0.8033702146972441,0.5789592638105896,-0.019260318716046648,-0.5823504158967128,0.8127096856983322,1.1001434,-7.6485534,-3.0442643
0.987983344879986,-2.8668792435894765,-4.18318251066744,0.9925484110437479,-0.11086477392191063,-0.050563362603517334,0.11523596485468843,0.7191707380486193,0.6852110054126488,-0.039602072402086935,-0.685931812527928,0.7265873825106045,1.2379944,-7.475511,-4.4556136
0.9226807739627869,-4.01058835390901,-3.3531254214998403,0.9946423619540344,-0.09865595177174444,-0.030880009496610173,0.0849792460752301,0.6102084857240981,0.7876700652473652,-0.05886509613501864,-0.7860741740639462,0.6153229179274082,1.403627,-7.1574388,-5.6291046
1.0543117324592106,-5.096993579904276,-2.447415284115848,0.9953764992896144,-0.09462361631078547,-0.016492298148585126,0.06446163675279527,0.5308082768520562,0.8450368457129556,-0.07120619389563834,-0.8421929377889731,0.5344536775898132,1.5624237,-6.7755494,-6.4961214
1.1929707644580296,-5.778167457461102,-1.231517443685147,0.9954344843864352,-0.09527321093443031,-0.005762167348792813,0.05120508981724417,0.48210432879177495,0.8746161757805764,-0.08054952557973204,-0.8709181542708113,0.48478174727438306,1.687944,-6.4317045,-7.049556
1.170630119278441,-5.901027042319685,0.11350079975240135,0.995120494945092,-0.0985706087667107,0.004362983794987352,0.04141869114656313,0.45745964160743985,0.888265257861692,-0.08955273621694028,-0.8837502539675752,0.45931013057443637,1.778511,-6.205226,-7.333066
0.8105288387708329,-5.553042411275161,1.1664963917227023,0.9943197343765379,-0.105149378139034,0.0164886053487181,0.033253551578374,0.45407031380245083,0.8903450743564363,-0.1011062171025885,-0.8847393731491321,0.4549876640777037,1.8340591,-6.1472487,-7.3896484
0.19290559309757604,-4.827255191681115,1.581741254093513,0.9933867800621415,-0.11295804140102393,0.020571487078362823,0.03573560890263237,0.47445104838160407,0.8795562341010122,-0.10911311311720877,-0.8730044006604103,0.4753500236388226,1.8233474,-6.2591963,-7.263942
-0.24502299033189628,-4.14431211286602,1.2130923024866636,0.9923049368889933,-0.1226925395180384,0.01665691965357621,0.04954528339983294,0.5167451357387821,0.8547044691489204,-0.11347324406467524,-0.8473021925127557,0.5188475859484323,1.7216202,-6.525499,-6.947418
-0.10207765540731967,-4.189029739058238,0.07599416348945542,0.9912938676131627,-0.13131693852101428,0.009608833956615041,0.06746474792412421,0.5692400250457582,0.8193987440028443,-0.11307066737254197,-0.81161669249922,0.5731434101833107,1.5590134,-6.8992143,-6.406825
0.4937138936921568,-5.022719821280346,-1.7717350509419225,0.9896970195602963,-0.1431641399653208,0.00195920939582455,0.09256753586321445,0.6502409798136699,0.754067582830061,-0.10922939520879518,-0.7461170800879371,0.6567939113781216,1.3736588,-7.308215,-5.6294737
0.9539251591127904,-5.870262817819257,-3.7723913365615758,0.9877319134736854,-0.15614781706920144,-0.0018778525329631098,0.11784671161229196,0.7374558492412088,0.6650346028456691,-0.1024588681753886,-0.657097199540868,0.7468101838404235,1.1804154,-7.682419,-4.588809
1.0434248678488485,-6.063390290499754,-5.624106339092099,0.9846026387890475,-0.17480071015866183,-0.0015347370043042152,0.1489973608267524,0.8346035699441035,0.530317515742428,-0.09141898137863624,-0.5223806971592518,0.847797721794006,0.9566223,-7.921051,-3.2719758
0.9713141782257084,-5.588829773917606,-7.521350177481736,0.9804117936533656,-0.19690391968934307,0.00464341214666036,0.18274719511524898,0.9182106261614034,0.35141529375056,-0.0734586791529778,-0.3436831279176453,0.9362081659769068,0.72243196,-7.9012666,-1.7213013
0.8370993787966436,-4.2438001693250875,-9.665982893630796,0.9757592887595556,-0.21813484992276383,0.017635125421158717,0.21392721265402942,0.9677134391327715,0.1332885869378966,-0.046140633778962756,-0.1262849435641362,0.9909203575179384,0.52389985,-7.5404005,-0.039215088
0.7129246663280111,-2.028678554945564,-11.585183785215232,0.971557441676373,-0.2340828337091447,0.035796151831706896,0.23638647436714055,0.9676723350965877,-0.08793000980888518,-0.01405603996632325,0.0938907815039062,0.9954832740378169,0.3803177,-6.8512635,1.6495254
0.3766275255420183,2.272801014701458,-11.869340326638033,0.9657618331076534,-0.25161264907497394,0.06320725067600738,0.25758482631486423,0.9009877404579163,-0.3491004852429741,0.030889139918210372,0.3534291532542447,0.93495117234276,0.30635375,-5.977258,3.2753785
-0.25162040533638924,6.757941101473406,-9.323372880321312,0.959168938398057,-0.2631963127693921,0.10355022238962708,0.2713834312222823,0.7533187037841663,-0.5990508858076786,0.07966166499870292,0.6026928168424935,0.7939870198284701,0.25395814,-5.0206375,4.816699
-0.9784781439665251,9.11587324669401,-5.6276320344270525,0.9529857002831772,-0.2658626516820291,0.14537986620018312,0.2778131434280795,0.5750319174047642,-0.7695181292889791,0.12098806715702286,0.7737282109412842,0.6218573334770667,0.21920928,-3.9887009,6.2167006
-2.2600445715018127,9.100635781178816,-0.5578057240752647,0.9432526864223875,-0.2658195543406947,0.1990334999116088,0.2799540311751352,0.31417722491044997,-0.9071485059108901,0.17860601889561606,0.9113904958236525,0.37076576721236837,0.23257752,-1.7755111,8.374852
-2.506048368741091,6.400944933291171,2.977561781250964,0.9336854624281083,-0.2556727233007941,0.25072478100571916,0.2625569367170894,0.012664452088136935,-0.9648333880183904,0.2435062878698378,0.9666804385179537,0.07895326183628393,0.34185028,0.23781128,9.500389
-1.989080839383965,3.0815753098742356,5.477305447708526,0.9278011755047296,-0.27005747616002007,0.2573984038453287,0.25673861945707505,-0.03840571028000805,-0.9657174963192722,0.27068479826417613,0.9620779391442092,0.03370132045950066,0.4529175,1.083873,9.71388
-1.6652199445767053,1.4533778062683378,6.322736648325171,0.9247097987538168,-0.27710376314258856,0.2610082231288752,0.2532787265915551,-0.06400166196396496,-0.9652738854449606,0.28418598618657565,0.9587060507361301,0.011001524307875574,0.4404831,0.91826326,9.706518
-1.3698381544610223,0.6783820014240581,5.8692290209050695,0.9214398134166221,-0.2905904628154712,0.2578872877274718,0.2554185567950467,-0.04709220674460442,-0.9656830147147972,0.29276275564947946,0.9556879757455434,0.030829562434607747,0.38835755,0.5125885,9.693947
-1.1624765174866025,0.6923863436452055,4.986282247529317,0.9217967025351685,-0.2972247479736917,0.24889413088151813,0.2589050235608109,-0.0058719692516924354,-0.9658849355653517,0.2885464052284597,0.9547894894525616,0.07154021848338742,0.35199586,-0.053358458,9.627359
-1.0854432395674094,1.2908414936565016,4.655041732295938,0.9238873738948642,-0.3097649385159487,0.22467265793563476,0.26600464255016737,0.09780957135292939,-0.9589967767899507,0.2750884412319239,0.9457689837470709,0.1727639397635504,0.32429963,-0.79776156,9.442091
-0.9739492953943047,1.9562658658528482,4.863902255620061,0.9260503107003789,-0.3199968739373445,0.20008203997875354,0.27544858990209814,0.21066631212601616,-0.9379487082224541,0.2579901090597812,0.923700008447305,0.2832302914975218,0.27772674,-1.7257675,9.059938
-0.9851068841471794,2.838586113644256,5.250093386414137,0.9285495344210268,-0.3307776574467165,0.16846929530498306,0.28783054549797915,0.3549739963651707,-0.8894644675212586,0.23441275392953864,0.8744024263682041,0.4248188526378831,0.2165329,-2.7891479,8.406636
-1.3110176654407906,4.301691717997513,5.387027072386256,0.931481611395314,-0.3392926621313683,0.13123451168118477,0.30025435884678975,0.5133534731214708,-0.8039375172410025,0.20540040804704565,0.788256748184202,0.5800534210882434,0.1582611,-3.9066606,7.4323225
-1.7345712965944813,6.4819021772635175,4.373809645813348,0.9353423822218959,-0.34323776440363074,0.08557140355672119,0.30939017464592056,0.6764921644132424,-0.6683083654422215,0.17150028528266698,0.6515720900826585,0.7389461844906434,0.10579529,-4.95708,6.1495805
-1.6985686000622984,8.416393201972909,1.5704657413787557,0.9397781935998959,-0.3397721318004615,0.03703842985180872,0.31309217166865366,0.8123518604881288,-0.4919936450822129,0.13707749222218688,0.4739613414754893,0.8698105586349427,0.06861725,-5.82222,4.620763
-0.7813362220247801,8.533027630202598,-2.730426805194919,0.9451325647515999,-0.32646972443848754,-0.011914447999050629,0.31191572476666385,0.9126401846946416,-0.26419022299059014,0.09712371332146844,0.24597847935457406,0.9643969991684238,0.07659302,-6.4721985,2.9411864
0.4360820209131855,6.257739628816384,-6.188788689484238,0.9506697359921046,-0.30686515407175535,-0.045396368634742,0.3045121093560252,0.951083854546955,-0.05207568411121624,0.05915596609174501,0.03568303289554842,0.997610792262758,0.14968567,-6.9510818,1.2058303
1.1258865878410638,2.71443296891323,-7.6554294931846005,0.957047289317806,-0.28078172469223134,-0.07226416185286506,0.2894063670599917,0.940163044914038,0.17982603727798235,0.017448229554268856,-0.1930157300761292,0.9810405125317712,0.254953,-7.288939,-0.5274292
1.1752554285686472,0.012385148403746271,-7.3098648888487965,0.9624357170585119,-0.256429926401019,-0.08922546371993398,0.2711066267598058,0.8897334232746518,0.36725417960166096,-0.014788084966915641,-0.3776481541778512,0.9258310775671084,0.35836792,-7.4577436,-2.2181306
1.179617734532421,-1.8640076254412201,-6.642327652141883,0.967944685409218,-0.2305404090938396,-0.09967048591682753,0.2473341021068063,0.8058889792454461,0.5379301023978424,-0.04369127971428004,-0.5453384938784157,0.8370764595730484,0.48198852,-7.4251757,-3.7977157
1.3779725002449705,-3.273262133950306,-6.195015810815663,0.9717948754093108,-0.2123683815898429,-0.1025397026966365,0.22771063509254175,0.7319069902666179,0.6422305071114364,-0.061339928219350956,-0.6474656964656682,0.7596220014627485,0.63484037,-7.2004013,-5.1783767
1.668802515607571,-4.893020675838642,-5.343183221258873,0.9754808669459373,-0.19499482316860212,-0.10204948387840979,0.20636327950192754,0.6492338680820912,0.7320584549121577,-0.07649362781051539,-0.7351682824174424,0.6735549876823523,0.8024704,-6.839061,-6.283435
1.888123140014444,-6.142770713019101,-3.921496778060003,0.9778751134347381,-0.18446653383663794,-0.09865272636524694,0.19009314083930343,0.5867331198430101,0.7871523638312579,-0.08732044623596823,-0.7884899136790433,0.608817538919146,0.9576538,-6.435623,-7.0597396
1.9314660415229807,-6.695169392747397,-2.1557002555323983,0.9794069605307956,-0.1798737541298205,-0.09169208384083764,0.17720377966166817,0.5482209667162117,0.8173448428456387,-0.09675136245784531,-0.8167614120586182,0.5688057398045157,1.0835587,-6.1023684,-7.5161514
1.5970572632997135,-6.366463317353724,-0.4534645223507252,0.9801051682372263,-0.18014688220206643,-0.08331242420884705,0.16833927251287636,0.5321254162511997,0.8297616710292923,-0.10514631959567451,-0.8272784550635675,0.5518646657135434,1.1741333,-5.923033,-7.7077208
0.8486666286619035,-5.18258878448389,0.5247030548701845,0.9796483258085277,-0.18465590073555116,-0.07868517054752254,0.16764638030765594,0.5371559891388715,0.826654785567701,-0.1103804734103425,-0.8230222607291878,0.5571808588186828,1.197345,-5.928514,-7.700389
0.2334450070550622,-3.7471230345992144,0.31594009375521104,0.9777468615535935,-0.1937108144453845,-0.08054312564710604,0.177558203961282,0.5596378083365716,0.8094928089157326,-0.11173253298902504,-0.8057801460988878,0.5815790550086127,1.1256882,-6.095813,-7.5374923
0.3362750784126418,-3.0924313784829334,-0.8172203183128663,0.9746941644122338,-0.20652568059741275,-0.08554781770749194,0.19536039713777079,0.6009621035441557,0.7750347510492392,-0.10865358296398422,-0.7721345047059869,0.6261011943380468,0.98118436,-6.391791,-7.201935
0.9400966949035965,-3.6650496162946684,-2.232716539386928,0.9710175015350884,-0.2221777858422766,-0.08810245848317425,0.21586305050137247,0.6569812831003952,0.7223425344557806,-0.10260679870650871,-0.7204253085046239,0.6859002986770156,0.8105606,-6.7809954,-6.635443
1.4150526402771102,-4.758386312450855,-3.724662862825381,0.9663465723318708,-0.24218327525371566,-0.08672694696476103,0.24029817172154413,0.7295028829392364,0.6403767113587331,-0.09182097151374997,-0.639666166817291,0.7631488086995515,0.6231247,-7.200087,-5.7849746
1.5105402954151188,-5.065921391658021,-5.734141841213349,0.9592230420416208,-0.27262874800397874,-0.07459706011769626,0.27381642753433816,0.8308311043796424,0.4845041176374424,-0.07011219315320835,-0.48517341410787085,0.8716025691874478,0.42696533,-7.548906,-4.628778
1.3738702950664217,-4.420275102934609,-7.679502786100793,0.9531012070249489,-0.29781624777560795,-0.05388480053265668,0.2986595565194628,0.8966793117486235,0.32675477223999816,-0.04899549435595538,-0.32752357845332786,0.9435718028268661,0.21881409,-7.7292814,-3.2085311
1.2825713191868102,-3.4708736928808737,-9.49217953075313,0.9482015740867098,-0.31631040529098403,-0.029351361197400512,0.31608490489860064,0.9302200118363673,0.18649681625805806,-0.031687659975605326,-0.18611409695077588,0.9820170238450389,-0.0069000246,-7.619455,-1.5701554
1.0080228237983655,-1.2480402705093894,-11.157354202591758,0.94050817793483,-0.33931018410046987,0.017690850839137535,0.3397529450096452,0.9386449002023526,-0.05927636697191366,0.003507648069649816,0.061760426567673415,0.9980848391370337,-0.18783875,-7.1649017,0.16621093
0.3646619447003099,2.259374174730431,-12.044032464578622,0.9331295825163191,-0.34997864237986354,0.08236584310786171,0.35559046116074716,0.8644721379922125,-0.3553073972867166,0.053147024040943236,0.3608363514297311,0.9311135920619305,-0.29511413,-6.384543,1.8781509
-0.6318751456923412,6.0253057073779335,-10.92585769512624,0.9271129220415035,-0.34861903008969514,0.13757325918573837,0.3618119398591582,0.7368139480231825,-0.5711368716637408,0.09774328600481517,0.5792840217525517,0.8092442599012799,-0.32738647,-5.45045,3.5202928
-2.6736999907398173,10.379843912605658,-3.768522350178574,0.9158110755952636,-0.3145606395445167,0.24968315495121435,0.36406040490422265,0.3877605467625108,-0.8468186228203844,0.16955853089131495,0.8664256242885381,0.4696344772034908,-0.34348908,-3.380104,6.482747
-3.1772397502658656,10.056281352166685,-0.59400732534333,0.9119272506262942,-0.28641024698719564,0.2938670787718538,0.35674816847588475,0.19946249317386544,-0.9126584564370002,0.20277927372951882,0.9371146590666476,0.2840716140485173,-0.30041504,-2.2121322,7.666232
-3.30811111575376,8.802004599499613,1.4017134757729202,0.9092277845292348,-0.2635473124154709,0.32225401465093184,0.3472639163097803,0.053235252168642666,-0.9362551897617098,0.22959226526443502,0.9631764231152689,0.1399234422304642,-0.21817017,-0.9958496,8.563372
-3.0472251633671616,6.917028975752745,3.0291751963826594,0.9062996848110778,-0.2404297133188676,0.3475837082844212,0.3320516481843231,-0.10371440719723016,-0.9375420122201468,0.2614623954786174,0.965109773390123,-0.01416125197320256,-0.13015136,0.15654144,9.149849
-2.4514304366360222,4.930415187957901,3.9249825831984664,0.9046417695276745,-0.22561198728670462,0.36155566655548804,0.31575887373599587,-0.21493532223552292,-0.9241748432588325,0.28621600668518654,0.950211575623059,-0.12320048323415397,-0.038124084,1.1216538,9.473071
-1.8112123741077446,2.96487485021807,4.4304260687017,0.9043530841085375,-0.22013865445311498,0.36562887205327516,0.3004416967128154,-0.2800821034653118,-0.9117504056455206,0.3031176110682169,0.9343944499696148,-0.1871542832164904,0.07050171,1.763202,9.579992
-1.3908101048309656,1.4165606402640003,4.923213108888012,0.9033437186477086,-0.22343193917448853,0.3661260637218537,0.29049113161116624,-0.309328650644555,-0.905500242046176,0.31557095626022874,0.9243343304492954,-0.21452509670865502,0.14136657,2.0253234,9.584231
-1.0719149225518616,0.17620226997675847,5.293124545111547,0.9018974567826796,-0.23462795858064908,0.3626716124832678,0.28716372858313804,-0.30151828734430036,-0.9091884927687932,0.32267316348770947,0.9241409218562058,-0.20456193711342363,0.16317901,1.9241302,9.594208
-0.7620883233621096,-0.27508952447415647,4.916942023887707,0.9015691696990573,-0.24598819041927794,0.3558972357611158,0.28983717389798236,-0.2673159702777365,-0.9189867162594372,0.32119689424866,0.931682339753589,-0.16970731544719375,0.14151153,1.6118256,9.623148
-0.6247267101578902,-0.055041913517869134,4.108033177317336,0.9026929206282828,-0.2581198217128219,0.3442668277463334,0.2921442373241221,-0.2197506253127095,-0.9307853712177585,0.31590700474330974,0.9407889350505856,-0.12295911532088977,0.13332061,1.156842,9.619766
-0.6663217759195474,0.3395187786468232,3.8367323574858987,0.9051492292497832,-0.27374189130101134,0.3252233843613806,0.2952494799590926,-0.14558154224883657,-0.9442636068070906,0.30583102748480306,0.9507215110132915,-0.05095086970988648,0.13601533,0.51125795,9.535149
-0.6897618125296943,0.6718747145113716,4.378352044760879,0.9068403207655644,-0.2923721142184984,0.3035773039296831,0.3030739403916989,-0.04818985488542468,-0.9517478261291543,0.29289387035112013,0.9550896736503477,0.044909865254908206,0.110256955,-0.36413422,9.302793
-0.7127066808662943,1.2406322182714091,5.225450195810696,0.9075653972324196,-0.3162657660509838,0.2762263835525973,0.3173343542057493,0.08576966167614364,-0.9444270605911186,0.2749981043337976,0.9447854414416771,0.1782035696967755,0.03782959,-1.4432358,8.855215
-1.0331628134046096,2.464179884190103,5.7174057460477545,0.9079778619066848,-0.34367705166588297,0.2397129250699951,0.3353969654939919,0.2531831218773639,-0.9074178653376042,0.2511674298646007,0.9043143208833297,0.34515290991172776,-0.05245056,-2.642218,8.1170225
-1.687676110500206,4.679546621632731,5.12776922131099,0.909380220497185,-0.37371809963252645,0.18265376146016227,0.35587756421737443,0.47165779900230365,-0.8067775901244478,0.21535731669762578,0.7986699585231406,0.5619141602571015,-0.1257492,-3.8327117,7.0401106
-2.1653402575206204,7.013079710084899,3.2749545051974174,0.9114426225753253,-0.3917335312479176,0.12576639554766372,0.36872369645314024,0.6421287305159639,-0.6720963689233035,0.1825244680226388,0.6589503273707303,0.7297049298388083,-0.18087006,-4.8940887,5.658548
-1.9284830783542726,8.636897578270606,0.0686803701342078,0.9138064824181301,-0.39958059382634026,0.07275343103932891,0.3772780857154323,0.768786390731367,-0.516361047586993,0.15039600636155254,0.4993023477449575,0.8532749889729978,-0.206839,-5.7697663,4.0605483
-0.7726028420332303,8.08908438945183,-4.369625758077952,0.9178269945705883,-0.39683412152307423,0.01078369289866312,0.3830928798590044,0.8782692635668883,-0.2861519632555579,0.10408387693998188,0.26676915239338517,0.958123565043913,-0.19802399,-6.4698243,2.3498414
0.49254875178564417,4.9776124023280435,-7.42147356829512,0.923634688261627,-0.3811505074885133,-0.040289617534760104,0.3793736169794268,0.924128653449878,-0.0454080456842475,0.0545400896570209,0.026655628189259234,0.9981557273822759,-0.13984986,-7.016507,0.6116775
1.0259404255930318,1.9484149467610947,-7.9525741011707884,0.9282327020910974,-0.36496594210263744,-0.07199938800986873,0.37145731721774083,0.9198034368909005,0.12641637144407358,0.02008761444423545,-0.1440885095655499,0.989360899347209,-0.069569394,-7.4031754,-1.0956558
1.2588931607746265,-0.31474988195308895,-7.626517471953939,0.9351096825548378,-0.33849775784630726,-0.10482914444568615,0.35365892171025387,0.8729136728004679,0.3360760136230167,-0.022254183582701478,-0.3513416966017847,0.935982779511486,0.015290832,-7.5766907,-2.7295547
1.49299418137941,-1.4964226280580397,-7.4139901888362045,0.9402101107866694,-0.3189369630559341,-0.11951636361259538,0.33714437177638523,0.8216804811983769,0.45953765830137394,-0.048359281984198185,-0.4723562219493481,0.8800800983045299,0.1363205,-7.5274706,-4.21575
1.8112466569959287,-3.2038854437051367,-6.919526121165776,0.9461285145539128,-0.29654446942097035,-0.13000850589035734,0.31510261572647175,0.7508681286326869,0.580437244640609,-0.07450621121989504,-0.5901342483363274,0.8038596851628861,0.29124147,-7.305168,-5.47392
2.030528428458277,-4.767143198156611,-5.878098623707598,0.9500477767600606,-0.2822585778200983,-0.13318902777722766,0.2984915517185927,0.6970629388141536,0.6519248828541536,-0.09117025515975326,-0.659115585143267,0.7464948961616243,0.45305023,-6.9811907,-6.4286485
2.15680255950642,-5.768984684499027,-4.388300461983548,0.9531749246116462,-0.2727353640979322,-0.13066363021878885,0.283132591485687,0.6529660882908908,0.7024750694371235,-0.10627087432680402,-0.7065767535890641,0.6996111724074706,0.59819335,-6.651553,-7.041785
2.0153198163276946,-5.75904524061654,-2.7352509862615695,0.9559282110964116,-0.26745510171233333,-0.12111574545888446,0.26753367050389365,0.6235613784393929,0.7345726257256514,-0.12094209513949318,-0.7346012359687464,0.6676331580564735,0.723468,-6.4158964,-7.352165
1.4567444423728078,-4.6650315361660315,-1.3969074772678236,0.9570748595501505,-0.26731499713277723,-0.11202859244391287,0.2595478338829794,0.6184008309511989,0.7417650127941595,-0.1290063376106562,-0.7390014239409624,0.6612369168985617,0.8082596,-6.331622,-7.4377913
0.6972829846370967,-2.932898362774674,-0.9006994200983753,0.9568933310691998,-0.269400193508489,-0.10852966733976771,0.25939304044534683,0.6246021475852199,0.7366053270242141,-0.13065375434257862,-0.7330045654493019,0.6675581648865281,0.8307602,-6.390924,-7.378862
0.34830568205357815,-1.3486048718889014,-1.593610919118921,0.9551279182182331,-0.27626628139733184,-0.1068063743556343,0.2665280289137028,0.6443463229862051,0.7167849230121495,-0.12920321065469817,-0.713088183759237,0.6890658695215357,0.78349763,-6.542581,-7.229335
0.9218603651545814,-1.1853673052716989,-3.5041394353174518,0.9498662473944998,-0.2964541552212689,-0.09934307179031703,0.2879597192295234,0.705728824299587,0.6473221969421228,-0.12179208579356289,-0.6434763091247157,0.7557148453175223,0.6221237,-7.0155168,-6.6665525
0.9911023365064118,-1.7621034227983714,-3.612952159246197,0.947034149269573,-0.3064382823990928,-0.09603072007202436,0.2990969033093757,0.73282416064899,0.6111544747441887,-0.11690749568782953,-0.6075066490577676,0.7856642468654168,0.49499208,-7.330388,-6.225644
0.9109190289867888,-1.5205791584019819,-3.7061190989254365,0.9416414184227523,-0.32475612461122644,-0.08857143240507097,0.31862187025197264,0.7750136544411383,0.5457416414631807,-0.10858887101321167,-0.5421137288035508,0.8332593606643651,0.33823243,-7.665671,-5.6955748
0.8854790811149118,-0.882623534164321,-3.8608135087927455,0.9366169698586306,-0.3412143534352214,-0.07950733791683895,0.3356206032962887,0.8086988495531001,0.48307864926378985,-0.10053587626252694,-0.47914396139498266,0.8719596331498665,0.16393737,-8.002627,-5.086409
0.862152423096097,-0.5550193244358326,-3.925350899599811,0.9306177021406398,-0.36008425192029875,-0.06549827464503231,0.35504090760568796,0.8447444688140298,0.40044067767227665,-0.08886307663482601,-0.3959117501755939,0.9139787960800249,-0.026419068,-8.336578,-4.3458405
0.8847401636567791,-0.6084317890068129,-4.240691829396524,0.9244558032266531,-0.3784548538691197,-0.0464046491579089,0.3741692319331133,0.8770395021066054,0.3013288861347049,-0.07334066917577031,-0.2959284294005921,0.952390419375032,-0.22401428,-8.638278,-3.41324
0.9369060426574835,-0.8335673892904321,-4.874059984303741,0.9175948793463062,-0.39709712364714134,-0.018262305128502125,0.39393297093248664,0.902207014445409,0.17561126814019162,-0.0532583496716201,-0.16833412451629792,0.9842901862324887,-0.41820678,-8.847427,-2.2873626
0.8287793818922169,-0.656623413529209,-5.616115769945877,0.9112927146293506,-0.4114300838793075,0.01645826061699485,0.410431070222587,0.9108352697352801,0.04387992709886432,-0.033044286335357845,-0.033232476364627284,0.9989012351855722,-0.5964691,-8.889437,-1.0007385
0.4071850583373126,0.16073569877662708,-6.078340138379421,0.9034489887315211,-0.4233361496908117,0.06757535885922068,0.4285903218967277,0.8954284868449733,-0.12049133131881667,-0.009500565059690488,0.137819916236659,0.9904117375879928,-0.765358,-8.715361,0.37773132
0.16351419879026718,0.4665764135572914,-6.324939542271312,0.8946920284848943,-0.42972153038357863,0.12192448683665712,0.4464341738356139,0.8511181013707564,-0.27621460126277114,0.01492322342190833,0.30155825945218817,0.9533309569917819,-0.941893,-8.257215,1.7964294
0.16646295706615954,0.4038164545160603,-7.259660752484834,0.8846232598158285,-0.4272841490922371,0.18673495689704656,0.46370433368255914,0.7638250452614009,-0.4489427481933889,0.049193283249170036,0.4837350061406977,0.8738309131160481,-1.0603393,-7.4539137,3.18882
-0.08707537519132824,1.175917375242161,-8.616310038822679,0.8772169746603148,-0.41310152343645806,0.24461706952353882,0.4725079363720304,0.6526627029116643,-0.5922564024926078,0.08500958436112872,0.6351208763397069,0.7677205500728967,-1.11129,-6.369208,4.4733596
-1.1074516775591043,3.7639656556876226,-8.38890721169622,0.8702598670129458,-0.3827411592929853,0.31009187162786656,0.47366693426926243,0.47738745709930747,-0.7400951636000703,0.13523091083983013,0.79095538482731,0.5967429764698639,-1.0980117,-5.1387606,5.637825
-1.9418642170878806,5.686081435674574,-6.414553486066198,0.8666381649401595,-0.3550234676088453,0.35056615426499155,0.4694105182080813,0.34204815963367685,-0.8140373590240408,0.16909185806766522,0.8700352831570718,0.4630837392923869,-1.0707123,-3.8849823,6.7091646
-2.2474354567038346,6.694947230736381,-3.85522637913451,0.8634917314532756,-0.3202976127575294,0.3896042466062887,0.4604413094229659,0.18533029148477495,-0.8681281493161207,0.20585390520631558,0.9290113682404519,0.307509426508056,-1.0343735,-2.6210587,7.638898
-2.2319536019406776,6.7151856455422,-1.5973625129993883,0.8610715244847578,-0.2754748975517348,0.4273984213124311,0.44321198496052716,-0.005383467324453078,-0.8964006663690718,0.24923676716898485,0.9612931910184472,0.1174582257346222,-0.9769028,-1.379364,8.369494
-2.0478901240524245,6.080315491321462,0.028163592222269274,0.8598734110764531,-0.2446518804876807,0.44806603787565613,0.4280682588083755,-0.1326975430546963,-0.8939513006131892,0.2781641291117764,0.9604878028590941,-0.009375384493349223,-0.9084183,-0.22778472,8.8953705
-1.7881126539199261,5.219849301020515,1.153348790922876,0.8594443064186292,-0.2207476515325339,0.4611138238086931,0.412013305151989,-0.23489643166636204,-0.8803798627684212,0.3026557789673567,0.9466224911406249,-0.11092943128124788,-0.82916105,0.7821045,9.22669
-1.483841644347079,4.394380733461123,1.8477708366300054,0.8613609955870783,-0.19824154237434308,0.4677152190791752,0.3895503358451166,-0.33317917526348495,-0.8586280760688534,0.32604872507678373,0.9217873551138499,-0.209762486703457,-0.73289186,1.6114807,9.409323
-1.3012035138295905,3.536626188795948,2.702381081935428,0.8633389086994592,-0.19065615475120817,0.4672217454069452,0.3792744008760724,-0.3655714754191066,-0.8500049559855481,0.33286161924398144,0.9110475986551868,-0.2433010797733816,-0.6092682,2.171765,9.47787
-1.0822205874397741,2.1227590192700587,4.274760756242463,0.864639774925488,-0.19025201938168432,0.4649755141273511,0.37203665642607014,-0.3794992459183528,-0.8470944744375987,0.33761929135064767,0.9054195113142826,-0.2573494174061665,-0.5304596,2.3772035,9.4811735
-0.6579638972933803,0.7316965677646483,5.179907435615119,0.8635992889818456,-0.19886647547015332,0.4633016220607604,0.37283444239747854,-0.36669511285474776,-0.8523668064692599,0.33939762319765,0.9088381699414501,-0.24253336724101046,-0.5205841,2.2695618,9.493677
-0.036823417184622675,0.536112964353044,2.1061881819328594,0.8601682235108494,-0.22167112219684798,0.45931747282917657,0.3858081708147667,-0.30620223332833707,-0.8702828549599848,0.33356061307467794,0.9257980913183661,-0.17786290089986692,-0.6084198,1.5910599,9.565175
-0.216112490279708,0.5671393051150253,0.9291298134146202,0.8633242771687415,-0.23959716317363866,0.44414456188297163,0.39043929559903273,-0.24048539062591504,-0.8886641285365534,0.3197316826703341,0.9406168063003376,-0.11406872841471775,-0.6171433,1.0590241,9.576808
-0.7523454016112042,0.3802057283680985,2.9114364784720803,0.8634826289098956,-0.30193480081200685,0.4040211945300287,0.41244666326552326,-0.03838112696865284,-0.9101728621826471,0.2903196506128953,0.9525556493723769,0.0913905647032365,-0.7137726,-0.7314423,9.1762495
-1.4125700931467544,1.2114597495142967,4.1162738854263035,0.8649982305288704,-0.3366971856805052,0.37203906560568706,0.42320976512709885,0.09120581066075985,-0.9014294175379342,0.26957662339860095,0.9371854166900707,0.2213864017063109,-0.7900818,-1.9121323,8.532782
-2.3943053398338283,3.101181625706467,4.444268466593892,0.8660414248318543,-0.38046337405874003,0.32437612654918546,0.43775951342825736,0.26359916688258106,-0.8595825077453964,0.24153438446372227,0.8864327950942749,0.39483925957670785,-0.85861665,-3.1204758,7.519728
-3.145216496421512,5.604453997559051,3.4634882195448577,0.8675004337340585,-0.41707596017494264,0.27109157293315567,0.4485797440713009,0.4203845100847009,-0.7887034150362049,0.21498653604388554,0.8058067430376811,0.5517755723071259,-0.92838895,-4.209555,6.1830015
-3.024886213119122,7.742258914495471,0.37760005072942837,0.8690460532651391,-0.4539519767785401,0.19668899329434603,0.45883912243676467,0.590894068058608,-0.6635592362815914,0.18500166762963802,0.6669121404742939,0.7218050843976157,-0.97277373,-5.107062,4.616946
-2.0170067170776558,7.698348012349149,-3.623756937911042,0.8692588486968578,-0.4784159215569896,0.1245281492795589,0.4708045420598271,0.7243240415694179,-0.5036841927044968,0.15077180485107997,0.49646035975223624,0.8548654713208556,-0.94820863,-5.8600464,2.9580033
-0.8836136593322279,5.660100247269305,-6.498134013796587,0.8708448589892482,-0.4894680812813969,0.04527945426687932,0.4785827768884475,0.8232287784773769,-0.3053733844859249,0.11219517475248633,0.28760280891074996,0.9511555430469332,-0.8921493,-6.541959,1.2955551
-0.2882553623435742,3.917284034031958,-7.432770182140851,0.8729826301439203,-0.4874382680255954,-0.017471758103098464,0.48129210074513584,0.8666793745799056,-0.13124319196864234,0.07911536656895024,0.10616400775211646,0.9911962279138626,-0.855394,-7.159375,-0.34542084
0.36394280873665896,2.4383763861977843,-8.182159867467195,0.8775725454453462,-0.4716757508264563,-0.08595588149089435,0.4783771809047398,0.8733855476193124,0.09139451843162116,0.03196404652436793,-0.12132465244958643,0.9920980941609433,-0.8314911,-7.6389437,-1.9531677
1.0509326684043385,1.0258628389976023,-8.774885023617482,0.8820022345493376,-0.45488658789080216,-0.1230863534557797,0.47124276764212386,0.8522231086915806,0.22725762243993072,0.0015205903357187536,-0.25844528467186784,0.9660247008414997,-0.7724289,-7.87807,-3.4583542
1.846679592349687,-1.3379886761658306,-8.697753200481898,0.8876889077851375,-0.43331808144464035,-0.15570434575941655,0.4593785787964494,0.8104730590428301,0.3634621602157676,-0.03130054852852425,-0.39416856909055387,0.9185049889918507,-0.67085874,-7.8687196,-4.7382708
2.436215908808283,-3.2435579543931734,-7.761867863827407,0.8918935815612177,-0.41835981981901904,-0.17175826131777117,0.4488668899636292,0.7725670310442339,0.4490642466706492,-0.05517566732070632,-0.4776141158974443,0.8768354475220641,-0.5522049,-7.688338,-5.6787186
2.7062379159527357,-4.24468498576058,-6.346610593205421,0.894982726817565,-0.4107021152275072,-0.17415421684773982,0.4397183382672332,0.7463747532186149,0.499572327845884,-0.07519110113372142,-0.5236874070526278,0.8485857634940589,-0.44027558,-7.4696703,-6.2442245
