0.17606699292407216,-0.16551270903587498,0.05933155612608784,0.9999948253184214,-0.0027278864032847746,-0.0017052777341601158,0.0027632089018515675,0.999774261157842,0.021066357133021577,0.0016474261575489383,-0.021070960159946552,0.9997766253643827,-1.341427,-0.106732175,0.17480713
0.29702835376946746,-0.10026364906834537,-0.16473680593036408,0.9999570694317288,-0.007125333264220183,-0.005923590075494565,0.0074149838666786195,0.9987012689126945,0.050406284195830334,0.005556735351408788,-0.05044804355024797,0.9987112283308858,-1.3955260194229981,-0.19279888153896982,0.21593781567587647
0.554341944365076,0.5445795087967331,-0.38456601788682004,0.9998463410295729,-0.014009268594829382,-0.010537301514748961,0.01491573361407416,0.995689955003576,0.09153706569325351,0.0092095179314002,-0.09168017178438834,0.995745916828714,-2.0012690897942598,-0.199347707954263,0.3486821111285801
0.9128405396956577,1.3101066037055844,-0.5904569822843415,0.9996319000194854,-0.023991615210733872,-0.01266755157928059,0.025603760161097878,0.9886544548221478,0.14800951464664353,0.008972843977615358,-0.1482793692996503,0.9889048066983248,-2.928168318130968,-0.047183991880177835,0.5223034138735893
1.1774338621741272,1.7252620212965775,-0.846199128386615,0.9992529935642678,-0.03707238472794206,-0.010912980501814988,0.038582878242138914,0.9730730507874666,0.22724480046356343,0.002194620559875615,-0.22749610133309078,0.9737765182621945,-3.8850278609317765,0.2009667829155354,0.6019916266489383
1.1556668448715577,1.7274196117415257,-1.1738817097232475,0.9987071058260103,-0.05059683353055623,-0.004906853300801999,0.04953560463126422,0.9469712595883191,0.31747701867619893,-0.011416682812861342,-0.31730961843346894,0.9482532707052249,-4.68777334905783,0.47283516633886674,0.5684857638648853
0.7297672307770015,1.3390420477839735,-1.4654146949892888,0.9979519289318987,-0.06393446742013233,0.002081205613797988,0.05713683418318983,0.9055330793960915,0.4204107804266616,-0.0287633398725797,-0.41943083577049506,0.907331496358546,-5.3889147712241945,0.5559684373585749,0.47822630072148886
0.09137361790442447,0.7123703217666253,-1.4475164476435076,0.9969607729635723,-0.07765547340366809,0.006232545413297548,0.06274486886751682,0.8477984705558291,0.5265936144257686,-0.04617681888864511,-0.5246021166309274,0.8500943010182317,-5.909436077409592,0.49896910646432285,0.49705224814879456
-0.32362317468623575,0.18025961780535316,-1.2032807418135465,0.9957007005574702,-0.09226111751642671,0.008246278189786146,0.06642377419079482,0.7732255475917946,0.6306426363429765,-0.06456002735140015,-0.6273835658877186,0.7760295510625848,-6.17121700457485,0.4904000974244523,0.52114492461388
-0.35989339840963935,-0.10913365552968773,-1.0015858999051805,0.9943510544610284,-0.10566555789637996,0.010038444435647607,0.06583304046929848,0.6881581160859568,0.7225679331714041,-0.08325858078785939,-0.7178253249499307,0.6912270333151892,-6.431433054088199,0.5379541657896567,0.44722020224940173
-0.2676947795839604,-0.2503354986039359,-0.8030435159835011,0.992715273876328,-0.1198033618976053,0.012788255967048965,0.05986208209184946,0.5825542998428932,0.8105843687502156,-0.10456058597901989,-0.8039139519952294,0.585482230001164,-6.658904907353524,0.6151962598570646,0.3388974904692649
-0.5329836999577924,-0.6970838538548176,0.47304138004357926,0.9902821213984265,-0.13705406376209714,0.023611515091738533,0.034273668983180565,0.40504701040338337,0.9136532356302981,-0.13478366241152423,-0.9039652111500622,0.4058081583425346,-5.928103101802745,0.5874478916172888,-0.02011312714872815
-0.8800830308519015,-1.0280484588837953,1.5027411855690969,0.9890700018542866,-0.14442097019827269,0.029717247499582797,0.013643239470710118,0.2903216084213769,0.9568318690869205,-0.1468141459420946,-0.9459682590079935,0.2891187636606778,-4.967868719092083,0.3647576565326393,-0.12497056758170266
-1.1207388123164357,-1.2505056319675412,2.352034013197992,0.9884360058172555,-0.1481919758521667,0.032146550313547795,-0.0004925514775134619,0.2088557446407541,0.9779463356051795,-0.15163779145408504,-0.9666532037000586,0.2063675458480338,-3.9595388737878707,0.19985117834086927,-0.06524578196067166
-1.0337752112649707,-1.3756953200687076,2.990201701590975,0.9880557270568493,-0.15091485252869558,0.03115425358443094,-0.007682896094675286,0.1536768371305219,0.9880912927645693,-0.1539053388864706,-0.9765286155642348,0.15068181591167348,-2.9302852981208387,0.13098286957911284,0.07607924188190018
0.14731759521557014,-1.5632287573696546,3.312551161020248,0.9868803351995056,-0.1589248862940377,0.028461983643779998,-0.015439706976044368,0.08258127359579699,0.9964647252661735,-0.16071347001731207,-0.9838308867725811,0.07904408129184098,-1.7992181124406803,0.1934428057196375,0.09022844108227279
0.5528523519433375,-1.9108999883297058,3.029720847948429,0.9861661265214554,-0.16312754086092496,0.02942407711953444,-0.01539348108928955,0.08661606349598941,0.996122832929962,-0.165043665863379,-0.9827955346648285,0.08290672711699124,0.22609997964625536,0.24440661510568032,-0.0346831091242088
0.5632037832006218,-2.3546658732263137,2.8040088193571706,0.9852342114915857,-0.16844312714455423,0.030666943511168516,-0.015309375356171122,0.0917266803264798,0.995666530090516,-0.1705261608456529,-0.9814342204315313,0.08779350450457672,0.22609997964625536,0.24440661510568037,-0.0346831091242088
0.4813481919673189,-3.12270773590235,2.59479659697549,0.9843046472662236,-0.1743747514707838,0.027162610692234017,-0.0035883836631121994,0.13410774682125426,0.9909602594177093,-0.17644116547110472,-0.9755042584694488,0.13137715492112553,2.4201531488472474,0.3068593218227841,0.22772725640155256
0.5777335850222394,-4.259631780165549,2.2426306444368405,0.9831536032572856,-0.1813541774448108,0.02279593660133543,0.01516296478249569,0.20520971894242307,0.9786005598560515,-0.18215124732271473,-0.9617690125882037,0.20450254160741207,3.792313824978423,0.31812320475243266,0.28022697297085886
0.817177416186434,-5.51569620064275,1.3708239306615901,0.9815247858841134,-0.19034359121208133,0.01945281418288447,0.041100445971524,0.309043148549085,0.9501595053862331,-0.18686853142272927,-0.9318055857416593,0.3111567166952306,5.264863219470083,0.3790180476629173,0.26610074265114425
1.0242968888746442,-6.587165725104957,-0.06805886922440596,0.9796795463033331,-0.19970193558131097,0.018631250091542643,0.06803023168618354,0.418241936025204,0.9057845055677506,-0.18867928909029694,-0.8861110652028716,0.42332883907597507,6.7113941543499305,0.4758296224099202,0.23739213703863515
0.9982757458030906,-6.864738939229202,-2.515449679855675,0.9774033872070442,-0.21001269098204098,0.024026824648273402,0.1010058521345996,0.5638590522171049,0.8196711456842877,-0.18568908559945163,-0.7987225042900137,0.5723302583560729,8.057931048841004,0.5536472376491284,0.028182658242022596
0.8450108944185566,-6.5342134408542645,-4.9941541525756845,0.9755431034407082,-0.21709354891074722,0.03443899462250743,0.127468643882399,0.6863811322228872,0.7159837191970293,-0.1790737226844134,-0.6940830874972862,0.6972670001471322,9.244360389226406,0.6977041037611463,-0.19138252178127657
0.6302182411491887,-5.164505241023585,-7.340626903420859,0.9727679099168443,-0.22517346879713218,0.05494999896161556,0.16067235703340468,0.8259751403883727,0.5403234782477428,-0.16705384497623726,-0.5167803947619104,0.839661262931892,10.386111926713658,0.9744793974618182,-0.2939184502137623
0.4394037107303985,-4.018042259858291,-8.826550021047932,0.970421278468622,-0.22972336078765068,0.07422748684788047,0.18717879984373756,0.9101323967248137,0.3696256448367798,-0.15246848587292852,-0.3447987789136937,0.9262111869737069,11.522784384213145,1.1664605623919848,-0.2659510782695236
0.07248005729742565,-2.1914433009665606,-10.190559546565717,0.9681183221472263,-0.22968657590637107,0.09995494570678654,0.2148585706794429,0.9665550896974999,0.14002518768223704,-0.12877386741271168,-0.11408477299037645,0.9850898211043033,12.380000888816218,1.3048779788515126,-0.3210907206696261
-0.5082090237363918,1.0016890193725194,-10.51381230961245,0.9654515823802702,-0.22876514246015764,0.12477881100017199,0.24251981240465126,0.9639924924972488,-0.10909910632152539,-0.09532776442697918,0.13559123867022693,0.98616815671833,12.498530195053622,1.2452654368859717,-0.03334501369484574
-1.1036980145943294,4.594600653468049,-8.941002959833934,0.962759633051336,-0.22372569015281307,0.15179164842805012,0.26375097891803906,0.9005955731915859,-0.34548955797172254,-0.05940799682394144,0.3726585959204046,0.9260649333605069,11.622835330418043,1.3024290111422958,0.10122550348278159
-1.439527369566644,6.709773343993043,-6.5040247483422355,0.9603157111395327,-0.21766849031497792,0.17439656895298294,0.2770548006367502,0.8165410584653859,-0.5064596107137855,-0.03216166013601915,0.5346785278690613,0.8444433074239321,10.262497947430836,1.2950303711573747,0.28818150914393836
-1.7765687267045913,7.701958823054136,-3.5287528430870228,0.9569316106406967,-0.2082934499286454,0.20222693013895507,0.29022659955994157,0.6693354200984961,-0.6839288093869451,0.007100243973011053,0.7131647314038976,0.7009605212971207,8.862065679378356,1.0595569301416607,0.4083818759853629
-1.9744900629996247,7.2250509294924194,-1.437365485105913,0.9548584968576481,-0.2017415594061883,0.2180495223271834,0.2949632224565041,0.5568094402888091,-0.7765049546547269,0.03524128795643499,0.8057689435648555,0.59118056565617,7.4492543579809745,0.7776404139207926,0.4178865041404133
-1.8721737642354532,6.161181527442297,-0.2972431035892189,0.9534642325852016,-0.19919595056607092,0.22633367062545603,0.29543218534818283,0.46731543613919846,-0.8332683283351342,0.060214458737997245,0.8613577981443663,0.5044174486819226,6.02190875892859,0.3757403265589909,0.32915019227400233
-1.5619373559791905,4.977781536375455,0.6892179293615699,0.9523977879553321,-0.2005469349495198,0.22960701291585936,0.29158232981487925,0.37940106563230963,-0.8780857454353739,0.08898425949300001,0.9032362693555999,0.4198166781859215,4.53835052258549,0.011103223802494955,0.16971425671138618
-1.1145755746354418,3.3668601292679012,2.6555251952137215,0.9523580819051216,-0.20606886827088894,0.22483261631612336,0.2785296855003462,0.28736375088737853,-0.9164296421280885,0.12423887525680694,0.9353917340908526,0.331069487675068,2.8872272009340887,-0.19765504554074292,-0.06992788220194956
-0.8785430866287613,2.734980470855915,3.812893958187349,0.9528721768071629,-0.21592277861509832,0.21310084078181118,0.27338175836803463,0.3066323667047004,-0.9117230971521327,0.13151816930896343,0.9270134547913585,0.3512107996309474,-0.7531277339081296,-0.5227734829774019,-0.31651704849068724
-0.4840892494584004,2.317813407304289,4.128482189901832,0.9537347867467666,-0.220018131507327,0.20489504229513406,0.2731751303703055,0.34955395840434106,-0.8962072183993077,0.12555996454390564,0.9107162302121784,0.3934852517335973,-2.2603374162968684,-0.33550560445330174,-0.3156092724286666
-0.10624234509439145,2.205323397159601,3.6334712509938734,0.9552651236942993,-0.22391055248437827,0.1932164794717471,0.27224173426966486,0.41047565471551917,-0.8702839622834104,0.11555510190017924,0.8839535063406938,0.4530708742049447,-3.217609213731054,-0.40518016724959316,-0.45436232722066716
0.11831348728093927,2.277207307137841,3.137908751153632,0.9573043088197113,-0.22825015532868614,0.17739877932963827,0.2697002650904708,0.4842642129301044,-0.8323160091487594,0.10406837812392801,0.8446241996696624,0.5251473450442626,-4.081810484251376,-0.5602167659496965,-0.6006755028072652
0.35991803491969987,2.619894991001015,2.986721333885802,0.959288812876615,-0.23297669884136027,0.15964595606139556,0.26859046550440163,0.5777988640813523,-0.770718907583322,0.087316294755926,0.7822214075715915,0.6168513063995364,-5.245833483725209,-0.6509156805211904,-0.5783156437718504
0.5720112079923546,3.305465811585874,3.0068975416204236,0.960493788645246,-0.23837975804198777,0.143620238579891,0.27024014344242697,0.6755744837340232,-0.6859805987050404,0.06649772060843841,0.6976920580624034,0.7133048754007857,-6.521403322574401,-0.7371943850188938,-0.43587357279555183
0.5022000316688948,4.23998950044458,2.626054691923778,0.9613182486621136,-0.24481259949754583,0.126230011948272,0.27248583500669377,0.7783199188275683,-0.5656585309857469,0.040233002745401855,0.5781737585566318,0.8149211068604043,-7.757224849875357,-0.8538539023979457,-0.3165087963120521
0.17369064024956238,5.132568586601419,1.566480390556132,0.961988634529587,-0.25108685909249656,0.10739299896625201,0.2728953951703267,0.8690295202259005,-0.41269334410767183,0.010294189173111697,0.42631336146900994,0.9045169691621391,-8.849074852554093,-0.9659260640044534,-0.21136106622656636
-0.121804305693759,5.663136131714907,-2.7004456246113118,0.9641633180027569,-0.2574782867877058,0.06398459229207133,0.2600264884074856,0.9649599620919613,-0.03519228446624473,-0.05268132064011234,0.05056879860496327,0.9973301735449824,-9.80675358687876,-1.0996543913005739,-0.11393691196974069
0.2040683806648309,4.1050150328094475,-5.307033846498931,0.965723093702348,-0.2564574345046373,0.040105991787581126,0.2448759024905065,0.9513529338483429,0.18698499308129285,-0.08610864456850845,-0.1707547350601176,0.98154374420355,-10.556988649355768,-1.1331269375573507,0.020970947829471176
0.5342180458638798,1.316475019516699,-6.642105634838428,0.9672345053993224,-0.25303920782583195,0.020701953236432424,0.22490978709358184,0.8918234329896346,0.39251312339857247,-0.11778369681092371,-0.37499616487833426,0.9195133914696915,-10.874376029626454,-0.9941334157666046,0.10776062323548619
0.5879066793976622,-1.3534518658369292,-6.203577664480208,0.9681519452155023,-0.2502275104465645,0.008246453246897541,0.20287468120244098,0.8033893343336306,0.5598280461052078,-0.14670949083970897,-0.5403256152494358,0.8285677732104192,-10.144335048891895,-0.6577230901562259,0.1792926082152413
0.5290826078721191,-3.0311992088015645,-4.86525154338121,0.9691826156101715,-0.2463368235516581,-0.0017963745449413072,0.17702242118304096,0.6913652615756769,0.7004835026500558,-0.17131293003600284,-0.6792144318614528,0.7136663334875789,-9.195829199347376,-0.5226503277858459,0.16395363391109208
0.5620888161464243,-3.874637096413855,-3.718533711803103,0.9704130595583988,-0.24132410558455844,-0.00782111899411478,0.14910295812290247,0.5734660583024017,0.8055463908764704,-0.18991261600406414,-0.7828788897645155,0.5924810901991502,-8.002177007880661,-0.3915510404684106,0.05837004669807633
0.656444758245843,-4.441486634213844,-2.965846631818325,0.971636298674941,-0.2362396764609095,-0.01066388123084708,0.12474756189119587,0.4737246693081527,0.8717929705446613,-0.20090034569274134,-0.8483959882946922,0.48975840793804737,-6.69430217493614,-0.3251855622020394,-0.024455376104708382
0.7473989772853451,-4.893246883735791,-2.243471233122384,0.9726539426146376,-0.23200229832110403,-0.010919775177476894,0.10500370920731515,0.39731152318840957,0.9116566100206879,-0.20716787629578753,-0.8878730129446625,0.41080772134377164,-5.338625670917551,-0.24188768190520848,-0.10483001110785695
0.814154898201589,-5.1184192262009125,-1.1549614104052008,0.9736734303265161,-0.22779105145411663,-0.00844321938734635,0.08106919696987289,0.31142944959828733,0.9468048812852461,-0.21304421226321726,-0.9225632416264683,0.3216974181133715,-3.992191575540017,-0.1301980446455719,-0.162305825799251
0.7776650783396981,-4.797377244822057,-0.020261392364658848,0.974102267109853,-0.22608411876277898,-0.0032778735030364672,0.06335443075496801,0.25899423752286543,0.9637988384687256,-0.21705066071117626,-0.9390463014001007,0.2666103045863654,-2.6274697604564707,-0.007371146916272248,-0.24864354277150436
0.5492833696644344,-3.906267809212632,0.8292601021629739,0.9741475766514106,-0.2258996944825973,0.0024139048972823935,0.052475050706036246,0.2366552782490497,0.97017557603264,-0.21973362955538414,-0.9449675165366984,0.24239126373052944,-1.3517132443923998,0.06827777814611603,-0.2996924121965657
0.1925035284131758,-2.7415751891799016,1.0571756307345288,0.9738860040201268,-0.2269249916492026,0.007148380146483826,0.046795002204108496,0.23143879125234257,0.9717233730194892,-0.22216273076829685,-0.9460132842981992,0.23601395507238393,-0.3269942807348422,0.1076971144542484,-0.21662007181672616
-0.02585696562018508,-1.9554866860898859,0.6088230071710476,0.9732284134056622,-0.229658439114412,0.009135462956467133,0.048152233857643334,0.24259833961376465,0.9689310646228474,-0.22473944405559043,-0.9425513497736757,0.2471621640247707,0.5927614925165647,0.16513754133431727,-0.06429294893846346
0.06772093468613302,-2.084990432340962,-0.13317879606803645,0.9721616725505128,-0.23409069831650098,0.010160087867853947,0.055686290396518394,0.2729454586984959,0.9604164792618582,-0.22759771414859195,-0.9331143132208197,0.2783827562489731,1.4760781201652693,0.21261686314119016,0.009542356377727934
0.2924200911358307,-2.9707179256314724,-0.7462096266490486,0.9708543714047486,-0.23945698265615645,0.010106581098443312,0.06718889922534593,0.31240405340199046,0.9475702397389302,-0.2300596473638445,-0.9192736594046503,0.3193876919663749,2.311016565909859,0.28222235430736065,0.09143170028339476
0.4385965965499172,-4.297038651835559,-1.2004343755221523,0.9689022077751278,-0.2472647285183073,0.009416251868480425,0.08722004500859241,0.376886876565162,0.9221436688616673,-0.23156246569161834,-0.8926457507341453,0.3867329675358617,3.526642537206509,0.35650431934552146,0.17075031134275453
0.5606713241521879,-5.561598702603229,-1.6595746194994034,0.9669116471786262,-0.2549576001626128,0.008859383140880953,0.1084485842004284,0.44222226846116075,0.8903248675972094,-0.23091290811740733,-0.859904696693993,0.4552396527856239,4.7819654778336975,0.4409400687493008,0.24367127656631626
0.7491134467503271,-6.35442528204936,-2.8442773706290936,0.9635646001303264,-0.2672743977221735,0.010375822759357854,0.14465434475196212,0.5533453398959118,0.8202951026062872,-0.22498529267502038,-0.7889064146891753,0.5718463840422602,6.153072519576135,0.5298274873499212,0.2381760570894893
0.9500140042196004,-6.649366144411673,-4.521352282247536,0.9607608398687066,-0.27686003675471377,0.016944870107375894,0.17699961950277565,0.6589677429397286,0.7310490055124852,-0.21356437734474776,-0.6993640209598289,0.6821145233142686,7.5579474178871635,0.6331737392643735,0.0622099059165353
1.0223245894649633,-6.027789250264441,-6.938907277483334,0.9573506147550733,-0.2866049497632971,0.03657052363941362,0.2167928132215138,0.796226868041137,0.5648217867123265,-0.19099915330593648,-0.5328042580353327,0.8244021749460853,9.06859033087103,0.8941292760474693,-0.20626097005545563
0.969632915693518,-5.288404925247317,-8.941280254815817,0.955402786441931,-0.28990576982119964,0.05621530292875078,0.24001009223383304,0.8732128706955276,0.4241396445483306,-0.17204845621190668,-0.39173195820108325,0.9038503203733714,10.68776682112168,1.2487960103519817,-0.4314200444872215
0.4829224855910923,-2.8916316819008356,-11.102099116249775,0.9528679882501487,-0.28846830113971667,0.09396082271712974,0.2708314972946567,0.9483713387732818,0.16505182176064842,-0.13672196985579266,-0.1318250470545734,0.981798991610713,12.121230120776074,1.6060035812751978,-0.5314543463518421
-0.4370292597237854,1.1284162779525855,-11.850388850521126,0.9505160680621553,-0.28004293110385214,0.13451825561767766,0.2991691493765535,0.9418096063149201,-0.15327258565786042,-0.08376768121996102,0.1859317675699877,0.978985369344881,12.798000903738304,1.6332833151636816,-0.3056133518497512
-1.250139361553997,3.8719205898350966,-10.830872516877964,0.9498012446821078,-0.2717385917869055,0.1550346197917994,0.30873821430158027,0.8942416234322554,-0.32405652894382075,-0.050579745256274414,0.355654406207649,0.9332478945676208,12.550616106013935,1.5554225061862021,-0.17815103438291657
-1.7970296614606611,6.815321716788927,-8.369924130847682,0.9490862917209675,-0.2555478236164275,0.18420239062577165,0.3149509198634143,0.7816636307751136,-0.5383380781633953,-0.006413185209490149,0.568944002664916,0.822351258822588,11.667174366970624,1.6073962038186582,-0.03724081006051205
-1.9414181014780387,8.374027568677961,-5.325104050904395,0.9485505260326149,-0.23739499436154304,0.20951256815602273,0.31489343244011064,0.6381745798039632,-0.7025491668902059,0.033076060365988535,0.7323775135434729,0.6800949579922997,10.26945179783758,1.4603077057865912,0.1414554559679222
-1.977159841083893,8.550290554771474,-2.6850882407159995,0.9481892457152509,-0.22025114915319394,0.2289685253624194,0.3107143702391099,0.4925072655001119,-0.8129533649333874,0.0662852505226966,0.8419774490604258,0.5354252896874071,8.994044742953468,1.2505488252025971,0.2552152770072781
-1.9368870299221281,7.708304525013092,-0.7540060974556426,0.9481600372736517,-0.20471696843822035,0.24307099076338157,0.30279763468096266,0.34978541205858077,-0.8865459705749189,0.0964683168135606,0.9141887815678312,0.39364036315739415,7.75656716547612,0.9778031810809915,0.2639747192951115
-1.7569144828789554,6.267274918279967,0.5575043061451781,0.9484205956095747,-0.19533394158184997,0.24968585280243222,0.29259940290320685,0.2362720648016692,-0.9265857223241918,0.12199984936165405,0.9518509140934079,0.28123988709868253,6.279468315629045,0.5738503058973372,0.16513268847195328
-1.4475136324633002,4.616230863234256,1.6571640707972608,0.9489990126709732,-0.19192528902108577,0.25013108040323684,0.2803984366311719,0.15106431888300723,-0.9479220897812275,0.14414433975814844,0.9697134911893244,0.19717544046128538,4.308249623031582,0.16818214393834582,-0.01986861802178086
-1.0541883890587003,3.038628898004179,2.542017822687267,0.9493709608103312,-0.19594294517893185,0.24556290641030154,0.2704306543357841,0.11191345311048728,-0.956212654281676,0.15988133088509157,0.9742082637955269,0.15923636138432462,2.007709590062687,-0.2280630921092589,-0.19190753008575234
-0.6479103374625215,1.7432135730414107,3.1418290207986326,0.9496736394447319,-0.20521657339154867,0.2366561567955253,0.2639673990270718,0.1175435006188263,-0.957342539383452,0.1686451623814923,0.9716324837446025,0.1657984491411703,-0.2084356406742996,-0.5131880008924112,-0.37127323333315376
-0.1870910245109988,1.044505701637899,3.2009996865108676,0.949975563520474,-0.21311648979150577,0.22831511227447165,0.2637699799159766,0.1559920958083234,-0.9518885773768135,0.16724779941476955,0.9644935602813925,0.20440241135232087,-1.8808432007512539,-0.4501000362867029,-0.34279819012128876
0.22633730186206324,0.9010138285679893,2.8009517481012747,0.9504952061838425,-0.22005283044146046,0.2193983018080046,0.26666757735957347,0.2151756101142022,-0.9394614733969447,0.15952199286214566,0.9514600404781511,0.26320434108617413,-3.009890029029237,-0.4331175785629518,-0.36488975492073605
0.32976686451745785,0.9168092642468347,2.7617754698581196,0.9514402503795635,-0.23813380195284073,0.195073684348142,0.27569408703627163,0.3772574415574535,-0.8841208023583444,0.13694604897882273,0.894968778872767,0.42458999577484213,-5.150764786905097,-0.7549457778409466,-0.5174634467036401
0.2540922789037222,1.345373374901741,3.3882708210020027,0.951328323435018,-0.25109552298386223,0.17867696932670973,0.2843982256008095,0.4919711433178283,-0.8228499519460771,0.11871002613692061,0.8336158782556937,0.5394372041438767,-6.623917214963832,-0.9758088374398728,-0.42510258876033946
-0.035153429466380004,2.606147001269562,3.8772187951827792,0.9503978573335131,-0.2674813053405142,0.15873772100292166,0.29691685798275735,0.6281846410420278,-0.7191831729153202,0.09265145558227303,0.7306420519325693,0.6764450456069979,-8.327174913601187,-1.2200133038108887,-0.2887627338309321
-0.5293729266382361,4.592159511455437,3.1934051937521164,0.9502996848733776,-0.28335853253683757,0.12899011965312954,0.3062486573847276,0.7761705343585608,-0.5511542991246638,0.05605594330319006,0.5632648077344418,0.8243727843568555,-8.327174913601189,-1.2200133038108887,-0.2887627338309322
-0.9480274236920074,6.166972089209205,1.3052434873078829,0.9496045023693852,-0.29484877144862914,0.10637429696607018,0.3121443575559958,0.8585774433134298,-0.40670711068203647,0.02858652000062836,0.4194150400362505,0.9073443861432364,-10.779273505190782,-1.6419597492662175,-0.0796136127183884
-0.9160425272841257,6.5645937718133265,-2.3156010961335314,0.949937235540789,-0.30489496624747525,0.06825179917096486,0.31207695949853276,0.9364546806330103,-0.1601892707726676,-0.01507381448983382,0.17346956700666186,0.9847238645626752,-10.77927350519078,-1.6419597492662183,-0.07961361271838835
-0.3404522333504545,4.975859644399472,-5.4876849507276715,0.950493074363617,-0.3087758575393409,0.03493401476560473,0.3063838076909611,0.9499802835919194,0.06055099645262263,-0.0518833111085534,-0.04685008631221582,0.9975536032920505,-11.265561423743216,-1.7058325336667197,0.09371840120286848
0.1932513756960037,2.4056339538581293,-6.815319275651749,0.9510831186104155,-0.30866807993937956,0.01284203725357843,0.29528932513890055,0.9205055817868493,0.2558782686323088,-0.09080262085038092,-0.23956938520143262,0.9666237084413523,-11.07188450457105,-1.2236035348955214,0.18094735909021842
0.359736784039402,0.14479689609367608,-6.631240197114585,0.9523061164992079,-0.30499898510152085,-0.009416982809704143,0.2740240179117823,0.8411996528340955,0.46614802550185896,-0.13425311201487694,-0.4464960953455712,0.8846566219474551,-10.331545950586474,-1.0136612170239594,0.20529936669594628
0.3254650621983076,-0.9986368505345009,-6.317206818595928,0.9540891178607019,-0.2986388025828075,-0.022996103402386815,0.24998806524540262,0.751662369973428,0.6103356853411007,-0.1649846126602313,-0.5880633870237448,0.7918090239619133,-9.24475771227346,-0.8087228502783155,0.0961556871544722
0.40375739231493013,-2.302666056988958,-6.337094150384292,0.9565464007483057,-0.28974265109101277,-0.03268301323642439,0.21860381004492854,0.6384482258962452,0.737967639591181,-0.19295428849678706,-0.7130449207368996,0.674044200006209,-7.948477838665665,-0.6129689142522317,-0.010514449374361634
0.6070137145866124,-3.7922010263958397,-6.0225493668122985,0.9585193402517354,-0.28261292156478124,-0.03702176289691966,0.19299407256453877,0.5479390411215951,0.8139509169290872,-0.20974737738129262,-0.7873326766871603,0.57975278688619,-6.505757804282708,-0.4563517430343502,-0.06838636071571802
0.8713658664765536,-5.115474996113636,-4.91409979444957,0.9601989786802407,-0.2768096426270985,-0.03734090371268106,0.16881355277000498,0.46860837938818567,0.867126387078809,-0.22253068494612238,-0.8389175218791411,0.49668650650241475,-4.909722478095955,-0.2622584602470647,-0.14902345488887858
1.0662319287292776,-5.62187369571995,-3.454802662622039,0.9610963136974515,-0.2741650633213147,-0.03357668612577072,0.14970735354721146,0.41489287719833123,0.8974695586725949,-0.23212407046891798,-0.8675813613166855,0.4397965409195833,-3.32461658925398,-0.03603827096932277,-0.2392002796197178
1.0244888608138933,-5.181054244661163,-2.070923499784126,0.9617144260783533,-0.2728748746443651,-0.025390263106243923,0.1327067217196802,0.3826338141573643,0.9143195777592235,-0.23977966695113576,-0.8826837865573451,0.40419678903424333,-1.9330606367193643,0.10706991898850426,-0.39384324815461236
0.6463253397297735,-3.982133224258754,-1.148252413626894,0.9620036595709917,-0.2724923400469667,-0.01723031014656453,0.12154052138973905,0.37086734064245114,0.9206982770186485,-0.24449306867952086,-0.8878092927315683,0.389894599997418,-0.8075299712337035,0.1460639079015894,-0.39558341894868043
0.10221270642825998,-2.6436159193873388,-1.1561294001400269,0.9617876906847472,-0.27353477656999753,-0.01196511822346537,0.11756699039380174,0.3731261116196893,0.9203015308024411,-0.24726997556728084,-0.8865413869833577,0.3910267616782559,0.05816335093542481,0.1493073125799235,-0.21817033594054083
-0.1432227800119137,-1.9696338877604855,-2.1218445761883986,0.9610306300432092,-0.27625145448074856,-0.010259727872720248,0.12013450733936212,0.38392558100662383,0.915515618870075,-0.24897354932819687,-0.8810710993705332,0.40215157539032786,0.6104842230640753,0.16501624985659033,-0.022594595341394713
0.05193468572935145,-2.2964834771241316,-3.229524540312524,0.9598876935614106,-0.28024520790774227,-0.00884529219986023,0.1259931374549337,0.4029359801182029,0.9065143822579136,-0.2504822250452449,-0.8712664456817629,0.42208226160957485,1.07367083886157,0.2148202115543152,0.020822625639394327
0.32887996624693944,-3.105225357467648,-3.594543400726911,0.9578776796916355,-0.2870376497606725,-0.00892963428351013,0.1375795580482049,0.4313809242576198,0.8916178348339066,-0.2520758139049209,-0.855289357940641,0.4527006717883908,1.6663097316297197,0.31047896972542177,0.15564507443761955
0.47063830524572925,-3.840773126346655,-3.2964172711154935,0.9549225674013768,-0.29664159529806805,-0.011254075109912574,0.15743238379503388,0.4739235869677368,0.8663783689868119,-0.2516702898638921,-0.8290960123258669,0.4992613218998376,2.5942860762974136,0.3793163905468662,0.33513293990128135
0.6611270187245502,-4.478858438648529,-3.1612381814915933,0.9515906638794235,-0.3071066538368269,-0.012677207368534093,0.1827819666361156,0.5322395057712399,0.8266267967886243,-0.24711527894922106,-0.788927507230884,0.5626077027950426,3.869716690219912,0.4430493576103409,0.3649620839149842
1.0142308466231484,-5.136611913359726,-3.8782960377481697,0.9479392452593869,-0.31827614153055783,-0.010558647142684027,0.21453500700886835,0.6137557554355375,0.759788525471041,-0.23534212981267968,-0.722498560830522,0.6500845418351824,5.404870306621253,0.5221421759116968,0.2680542349237627
1.3886328615830776,-5.868203967828184,-5.510729080317114,0.9449373679377641,-0.32725099131730395,-0.00039919505503796353,0.24356939514070763,0.7024909972909884,0.6687154465659543,-0.21855736186557495,-0.631991445675459,0.7435183199944747,7.1744201127234986,0.7628716636089234,-0.036508276179654464
1.4805830067414276,-6.005875192004357,-7.976248116942351,0.9424616927786449,-0.33358285061956294,0.022100665540587514,0.2709411418965259,0.8008639384255449,0.5340485462552379,-0.19584906247571648,-0.4973323173714468,0.8451649015578746,9.057921708018071,1.182707439254608,-0.438090786849317
1.1387289784933616,-4.926085698145796,-10.490184110073738,0.9399897586272723,-0.33663954814582253,0.05561536028848682,0.2955425902952426,0.8847662683376198,0.36033765794529804,-0.17051050113532587,-0.3222770004764555,0.9311625550710688,10.854999799705993,1.7685035285165702,-0.658084070271694
0.22187746918357976,-1.7577007775253561,-12.31829474457497,0.9369066403446444,-0.3327780873421814,0.10707330135467924,0.32526835149310934,0.9420784135953427,0.0817848528435351,-0.12808765278146564,-0.04179721548815668,0.9908817013056472,12.190345215658452,2.122977235364055,-0.6016295253940792
-0.831079970661843,1.4872789462985128,-12.408164569576899,0.9350668140459932,-0.3231457221094231,0.14569452821659007,0.3440407831769674,0.9263230286193144,-0.15349783764118888,-0.08535802704405686,0.19365559359832976,0.9773492304633113,12.734957544983295,2.112255734993243,-0.3796444832028848
-1.9573614976239153,7.194066172961486,-8.751437261664082,0.9352219266723217,-0.2824567855920599,0.21349030925152307,0.3540366950272072,0.7388112289657709,-0.5734247871589615,0.004238684409331256,0.6118628377562159,0.7909525278595366,12.323867090230815,2.103274437378052,-0.2559885613180626
-2.062534943299156,9.025649695993987,-5.737365573993626,0.9359930742739959,-0.24616232265624988,0.25163679344562034,0.34859137123685513,0.5486526166698199,-0.7599107593135983,0.04900021234976748,0.7989896226646761,0.5993451109868493,10.665707003017134,2.10713261319709,0.07258878599624885
-2.177733106471523,9.313824517089731,-3.1797733134698465,0.9368860994995803,-0.21679963895033913,0.27430339610632676,0.3404991004748553,0.3875886860545783,-0.8566419164495167,0.0794027653188223,0.8959759634016361,0.43694653433370606,9.546140037661464,1.8714008945320881,0.21770996958529976
-2.2844456134998086,8.424776488749846,-0.7626225593867941,0.9374583437390475,-0.19112103239448852,0.29093745845199476,0.33118041987191404,0.23230691788921343,-0.9145233870132998,0.10719786960338251,0.9536803693467121,0.281073602238306,8.111710514603448,1.4614316925219615,0.3229610315370486
-2.0410185020298655,6.481553860850364,1.0386542872390472,0.9377484690699974,-0.17513059922950341,0.2999284614210373,0.3216893079281476,0.11240862132744286,-0.9401490791443524,0.13093432675041664,0.978107138847673,0.16174865382325992,6.271113128331653,0.8935299810751891,0.2806309409383423
-1.4288851849799151,4.1195926357240475,1.9521147599184405,0.9377745104577513,-0.16957680607611392,0.30302256413796713,0.3115664376235306,0.025618503933275458,-0.9498789645016906,0.15331445620784373,0.9851839417577041,0.07685882135739895,4.198999741388704,0.2785743476741832,0.12111745003134866
-0.7707975034079426,2.110929559145517,2.0673237109099145,0.9379841850326679,-0.17201827030690667,0.3009906698042669,0.30318776435398054,-0.013992922426548687,-0.9528280944997374,0.16811557980935704,0.98499437196493,0.03902869486389857,2.0896549716226835,-0.12830735136133756,-0.10223500146169129
0.18700248877008496,0.08277526078415717,1.5536039846295493,0.9372123008054072,-0.18305920866756528,0.29685422237360737,0.3051508793900325,0.01828819853003409,-0.9521283960695724,0.16886694178116707,0.9829317717504776,0.07300060312727079,-0.8952308200902586,-0.3127442209728816,-0.1025626396415412
0.42279085240656755,-0.19467423994139182,0.9881007496260452,0.9371625685684957,-0.18886824955335135,0.2933515031233896,0.30724400429126775,0.048373179581295625,-0.9504005246864419,0.1653101385310846,0.9808102873684854,0.10336217050248672,-1.5020826818241784,-0.3010454541086481,-0.1561581469518832
0.26801004945539236,-0.35358066987744613,0.5530920223081167,0.9377476657434901,-0.1958682861763978,0.2868186358362295,0.3080206631305118,0.08744276527073688,-0.9473526449461401,0.1604761243215779,0.9767237978426295,0.1423307284130809,-2.0162978502034066,-0.3933940638774751,-0.30725254183098244
0.03157700412572223,-0.5143725261578869,0.6155073032080984,0.9388463334720912,-0.20504237119416371,0.27663186392945593,0.3091092853590077,0.14788121975358295,-0.9394586710170048,0.15172017608364965,0.9675168064996439,0.20221824178317693,-2.798532594185207,-0.4875221317077559,-0.4117640694257312
0.0346993476577048,-0.5337556498983503,1.2837608073468574,0.9400760833047883,-0.21377313003155773,0.2656275709990193,0.3096651106927307,0.20923541511884275,-0.9275387109332446,0.1427041583766466,0.9542125496641503,0.2628952895079277,-2.798532594185208,-0.48752213170775605,-0.4117640694257312
0.14839747631673317,-0.12224064774291699,2.2125735471434615,0.9405677652186707,-0.22508860440832004,0.25429785527422333,0.31346821254290713,0.28734504503492353,-0.9050803858326802,0.13065205224836596,0.9310037299922029,0.3408256093428107,-3.9623721571366244,-0.6864048391178141,-0.3782487633972429
0.045130614761700216,0.793962399150423,2.8765603344336004,0.9398621200807478,-0.23983360720549274,0.24318518888312854,0.32155348306533377,0.381243539569032,-0.866750668338611,0.11516315715485345,0.8928231652414039,0.43543569311948904,-5.326580470733473,-0.9365554428339353,-0.24621694966690577
-0.4286360325221975,2.2140268593891648,3.0427183686663595,0.9379367405296543,-0.26055606813503335,0.2288781468874199,0.3343414912367993,0.5039999802308657,-0.7963666160537124,0.09214357276642043,0.8234649690699055,0.5598348030558135,-6.693721847358209,-1.1858427939204126,-0.09889892600581485
-1.0855418625525304,4.039061071713073,2.639107403660106,0.9357631094565031,-0.2829044741725255,0.21050525284054747,0.34638022967987675,0.6255465561155115,-0.69907956816012,0.06609190167646564,0.7270877282867532,0.6833559072018033,-7.997407106200344,-1.4857868285431366,-0.019330292424818984
-1.533988141083899,6.081007697467907,1.1583422859684256,0.9337382853774576,-0.30788801942548577,0.18258636837019548,0.35633650635139064,0.7510265100150693,-0.5558628207533501,0.03401629994061915,0.5840925857677342,0.8109739469240147,-9.254820108346202,-1.8210523645541667,0.018970226429720127
-1.4618122676599556,7.295581275584178,-1.765230883701836,0.9306933159484756,-0.3337859180606392,0.14965598067984642,0.36579660139543263,0.8511018646301272,-0.37658792124903917,-0.0016727391850092643,0.40523151028460014,0.9142125710227813,-11.157210082003786,-2.2536104992592714,0.354562476525177
-0.9062613873562625,6.353858169275291,-5.372517091359542,0.928065613238539,-0.3554019089852944,0.11128207678589737,0.3693582533444065,0.9166079073881022,-0.15298504763529758,-0.04763085355673252,0.18308311556015655,0.9819429080075106,-11.313928215528207,-2.088571375331158,0.48502589427749243
-0.3564604527869586,3.912979188723159,-7.404936320096732,0.9266071520771366,-0.36758216069537536,0.07926248077127443,0.365276934534237,0.9299338589299803,0.04237663404362166,-0.08928575931674629,-0.010313736186065708,0.9959526494914902,-10.904395559374025,-1.8274394931330415,0.5608463196215311
-0.03382617445612235,1.2631205728300134,-7.816416897896453,0.9259622154059312,-0.3752641107503324,0.04208114569853889,0.35133786814679296,0.8970029657741089,0.26823009115034124,-0.1384040391267753,-0.23358622942120635,0.9624353460769096,-10.138757044570697,-1.5826917449574127,0.5822700150111754
0.05376472861668824,-0.09350420896502332,-7.578117259908641,0.9264020179981252,-0.3760021495664104,0.02004207001383671,0.33651230111051544,0.8506378189163608,0.4039489723102696,-0.168934224626943,-0.3674747400171292,0.9145619406027347,-9.099426548277139,-1.3010190272681939,0.5006976921493614
0.22611519195184748,-1.568848548901969,-7.451910788192828,0.9278683238339643,-0.37290221694275044,-0.0020761080730031696,0.3137003830181404,0.7775258965041002,0.5450188528480164,-0.20162451071191903,-0.5063570053476883,0.8384212186100155,-7.800494380155667,-1.0255971346394577,0.36579451669627794
0.5208296650596715,-3.1418005395768933,-7.113151706976558,0.9294901561339063,-0.3683914288650012,-0.018324977188768982,0.29113267059010456,0.7022404259197602,0.6496923520552691,-0.22647255411029324,-0.6092176452983272,0.759976343639672,-6.278352989417719,-0.76263287524885,0.28285702964315185
0.9006094144584269,-4.42064417487283,-6.344832023492954,0.9307633043822235,-0.3645879993363504,-0.027482029681254842,0.27150836299367076,0.6388811994172747,0.7198013766697324,-0.24487319175438754,-0.677426308738496,0.6936358671442516,-4.697105095258559,-0.4584081845350314,0.16389823832088302
1.2521249230083604,-5.086857287981598,-5.3107502748555415,0.9314143244017469,-0.36280088867905347,-0.029032248843763205,0.25536167038230034,0.594576954371125,0.7624097734357285,-0.2593410372440091,-0.7175331076016273,0.6464429332096964,-3.1821364645786208,-0.12269949014348691,-0.006251351829957064
1.288335757431187,-4.9255172145193145,-4.135166957757671,0.9317762932466316,-0.3622440333775883,-0.023920694511314074,0.2423455868131841,0.5716031813599726,0.7839250089207078,-0.2702990120139923,-0.7362398137437945,0.6203945363740442,-1.7168944551628413,0.13913966521210236,-0.2219858928282184
0.8961950797205323,-4.030986013365474,-3.2139426949318564,0.9317452069630856,-0.36274036387249936,-0.01644073352874776,0.23437699907977758,0.5662110174083571,0.7902357281645466,-0.27734147112120555,-0.7401516818754398,0.6125823995294725,-0.4970530502720806,0.2465364883420686,-0.27676356725809387
0.29031110058471254,-2.7069876329301117,-3.0314392582138248,0.9308900148858023,-0.36514849122179477,-0.010505215102869793,0.23380935310188594,0.5734724757636551,0.7851512630974885,-0.2806723473874622,-0.7333456885398272,0.6192149340189249,0.4097766699115254,0.2790824600064212,-0.1527699490496251
-0.02697555071559632,-1.8399048406997123,-3.709763817797546,0.9294887112864355,-0.3687853527187191,-0.006935359486796116,0.23935561173626066,0.5887539161278071,0.7720606953954666,-0.28064145581407174,-0.7192817180106159,0.6355109624658398,1.0607469672514445,0.268100349905348,-0.017005845185329438
