-0.6050227088124079,-0.8206867870793649,0.31461439296055305,0.9999495809149128,-0.003859258800511403,-0.009270477312457727,0.0035446450969358213,0.9994251302206912,-0.03371712583378184,0.009395271109813011,0.03368256529519368,0.9993884198227975
-0.7200201407892307,-0.5230588763780436,0.7684347054222228,0.999842676098586,-0.0086227584345977,-0.015500680275282997,0.007777498011238126,0.9985221232744419,-0.0537873577728559,0.01594156757358448,0.05365833922587046,0.9984320953649367
-0.6207563309954292,-0.6647786932813831,1.02097281004824,0.9995843502413734,-0.016897318587615943,-0.02335824002530626,0.014952850952669492,0.9965978330453289,-0.0810504251546022,0.02464830624847196,0.08066746428333503,0.9964362604829162
-0.24200503489834346,-1.223971766191512,1.1031431736087907,0.9993746384253911,-0.02331451525671921,-0.02658506066314544,0.02061377323008006,0.9950032325192083,-0.0976915535220157,0.028729852511590624,0.09708244256646117,0.9948615958614504
0.28784239671119727,-1.649595845354303,1.1326989204840703,0.9990829119855396,-0.0333161052159745,-0.026895577921525603,0.029973178619384883,0.9927567831431334,-0.11634250335431058,0.030576846500991323,0.11542966107779853,0.9928449273685791
0.6582468517731354,-1.7679221211316465,1.154505528766669,0.9986755863163859,-0.04593466579129251,-0.023174981645411052,0.042553015646944733,0.9906296571363868,-0.12977720624668748,0.02891909671780486,0.12861916218233832,0.9912723122152356
0.7404224836787378,-1.843261411438724,1.1535325860031267,0.9979714221439712,-0.061619923362641306,-0.01600080087751117,0.058851780376499796,0.9887840465549707,-0.13726826736319472,0.024279796754828456,0.13604813237659488,0.9904046633302899
0.6909985771967944,-1.956125408408197,1.1663781455383628,0.9973133606539613,-0.07253597058360513,-0.01022710284469162,0.07042754924613816,0.9878534607352641,-0.13851173387314303,0.02014996199213055,0.13741933300979153,0.9903079853999258
0.7511519236209949,-2.075965409165519,1.221020716829182,0.995680926848049,-0.09282213925142874,0.0018821200276115148,0.09220682857516246,0.9863083067508145,-0.13672536267441868,0.010834790035831697,0.1363083801500446,0.9906072041055174
0.9798846192295896,-2.347650583467731,1.361632747289858,0.9935485879830381,-0.11243566101488603,0.01481301620389194,0.11340664153370164,0.9846051321520723,-0.1330100274259279,0.00037009857823852403,0.13383181935528343,0.9910039894748643
1.4359642944419393,-2.685828489773634,1.5626269621682547,0.9901490507586252,-0.13647521518795047,0.03129493443348335,0.13936707328562797,0.9821341961389582,-0.12644856526778,-0.01347873011792269,0.12956441029034252,0.9914793933413462
1.9987594854670891,-2.7971632799937916,1.6849314360877499,0.9852408829316461,-0.1633935387477581,0.05101915420266519,0.16836188691523962,0.9788129982771518,-0.11653063733641741,-0.030897858087746193,0.12340042908829947,0.9918758271408841
2.443137613485378,-2.7022269018280656,1.686038531672899,0.9776083923078382,-0.19653228849458448,0.07521230529883563,0.20355050944547531,0.9738313819584399,-0.10109218376017912,-0.053376224986142154,0.11413807030082375,0.992029979140869
2.728306426920132,-2.5939093709569203,1.5859438712840288,0.9672759149375025,-0.23349595941512358,0.09928212990578185,0.24178290739925085,0.9668892719966498,-0.08164656384290143,-0.07693068354943187,0.10297947676405562,0.9917040371471816
2.972093131222557,-2.431847275015678,1.2593745839754646,0.9524834347548364,-0.2774129016926041,0.12576719958764745,0.28623697684203475,0.9563888058703514,-0.058213787835998516,-0.10413308602918644,0.0914468915839781,0.9903503250939367
3.1074240036663,-2.13969802679338,0.6872460528584108,0.9341839336072973,-0.32204971110617886,0.15357200840785942,0.33060893470491776,0.943183965875013,-0.03319245109298995,-0.13415703665211245,0.0817801326283342,0.9875798192672913
2.9767327348295853,-1.5310412951560388,0.10721659946204931,0.9120959716375432,-0.36739045975797385,0.18194831299407832,0.37461303248452854,0.9271632211259309,-0.005782498087558541,-0.16657134932308115,0.07343440249781967,0.9832910932752703
2.5471054719034925,-0.3564807046450035,-0.3114730656289001,0.8872238906884741,-0.41265653036164585,0.20627252783997943,0.4168714146069951,0.9086299591781994,0.024694553395133698,-0.19761576727369098,0.06407952273316814,0.9781829191368656
1.9537762284966698,1.274361468742086,-0.7525366975766766,0.8586635976875598,-0.4597552962518304,0.22654335914929927,0.4584556053393356,0.8865810736667016,0.06158293390981342,-0.22916213461041032,0.050981049267242846,0.9720522870074485
1.2320433445870664,2.9195749832246833,-1.5467847579336886,0.8297171272774605,-0.5032258714472044,0.24152269253351863,0.4948000373261716,0.8633473828422781,0.09901625927799107,-0.25834552785844317,0.03734995107880752,0.9653302903099814
0.3006878783095719,4.183284835704825,-2.6854594605431976,0.7997026991179463,-0.5441470663710938,0.2537312814439798,0.5274788991200658,0.8386145718295852,0.13598386263878146,-0.2867779698766181,0.025091235019676437,0.9576684321405989
-0.7098085670712768,5.01023677189787,-3.7537788724057566,0.7740854659324119,-0.5759000618537543,0.26292738577227526,0.5517139563046554,0.8173519128527271,0.16597457930252693,-0.3104889721888125,0.0165821986729297,0.9504323378527829
-1.7703294247543258,5.792540937271134,-4.519109033029624,0.753844865241127,-0.5991246209899265,0.2697547176107656,0.5680772781944287,0.8005987605970947,0.19060385759371057,-0.33016075652444826,0.009555786418260707,0.9438763487857573
-2.9096169271954224,6.737924769079905,-5.032596888457815,0.7432666378137203,-0.6106462489895769,0.2732505511578115,0.5737302276648305,0.7919023485218972,0.20910355393719002,-0.3440760540589088,0.001352405435516426,0.9389408075181251
-3.9634248023073564,7.6363970025539825,-5.382374178008327,0.743978139967979,-0.6105255314842316,0.2715789068681196,0.5683102216117992,0.7919077643893404,0.22339557898808693,-0.35145414958616317,-0.011860358585315482,0.9361299656740483
-4.691685291523816,8.319565791058611,-5.676141761554697,0.756100672158507,-0.5991098304880454,0.26339928734535245,0.5536075702336455,0.800152370116612,0.23081343716682917,-0.34904216327179277,-0.02869835551652055,0.9366674824339718
-4.904449815637106,8.583229774512974,-5.969462655463663,0.7778527020889157,-0.5767352839890723,0.24964291709362957,0.5308584443464893,0.8156060740388018,0.23016525380047295,-0.33635470253736227,-0.04650961398523528,0.9405861841893847
-4.632824563925695,8.247670602131361,-6.2003303138369725,0.8069836942241447,-0.5425802439038859,0.2332037653674393,0.4994721658078835,0.837738931437563,0.22072842666278983,-0.31512675678135255,-0.06164545140599307,0.9470453872341165
-3.8252835093529884,6.978396979358695,-5.854441166952036,0.842099110780763,-0.4960321425175395,0.21171018211627776,0.4591495290768935,0.8653041398678879,0.2010732589778161,-0.2829324964911501,-0.07211698216753687,0.956424771381593
-3.1849805921017884,5.410277799365627,-5.130117247129366,0.8792174630733647,-0.43908812229526206,0.18487366899063115,0.41045125644822317,0.8951306336926822,0.17398538646969833,-0.2418810011284705,-0.07708936038232969,0.9672387563621155
-2.545505443671784,3.6745971234947845,-4.020518329817309,0.9170133201875039,-0.36913882542925963,0.15107315499252935,0.3499640312974829,0.9263590577719796,0.13922669600986293,-0.1913419645469974,-0.07480256442472583,0.9786689067088931
-2.0431099022809374,2.1061774162498623,-2.516362263470439,0.9492597507098022,-0.2947388053958721,0.10970397566259016,0.28426133418133687,0.9533445253765603,0.1016351800509315,-0.1345415161643799,-0.0652935871916484,0.9887544325563532
-1.458395624140489,0.5745813899075758,-0.7345527853663887,0.9734010277464892,-0.22122326060198566,0.05958781881143421,0.21745165109867312,0.9739850760562183,0.06377970722903603,-0.07214720103052646,-0.049125762980198995,0.9961834373222
-0.35726295450190015,-1.0881974906623293,1.0034973948680928,0.9888633804365746,-0.14882321659712658,0.000930071628927151,0.14874746556144752,0.9885246022988436,0.026330631191769434,-0.004838007916086531,-0.025899051171728377,0.9996528561594807
1.3241085325805437,-2.8639880284352794,2.688938070092866,0.9946952739825885,-0.08813124861919275,-0.053048986168683636,0.08805734197098204,0.9961084106791471,-0.003733456745028143,0.053171575505232514,-0.0009577009363717845,0.9985849319748457
4.04687118054341,-6.841531531895536,6.340782798481817,0.9890399491666935,0.004323268648367497,-0.14758485118920045,-0.011934606111468469,0.9986412896512112,-0.05072612522879785,0.1471650234577104,0.05193153138467638,0.9877477268608281
4.855446256916451,-8.766250759497346,7.911375579653072,0.9852128805092141,0.021098546660812085,-0.17003067784237869,-0.03254311844024432,0.997367138229314,-0.06480537803647723,0.16821571127846952,0.06938042165530585,0.9833055636830342
5.282545207460826,-10.071614203643094,8.717684914827565,0.9785689991977449,0.04357931266925075,-0.20125495600456594,-0.0614530909776162,0.9946167060473305,-0.08343336059906015,0.196535572908369,0.09401303930217161,0.9759791580882998
5.904534526464554,-10.689235526433968,8.911133111911127,0.9760823133038088,0.04874690762055337,-0.21186565708702934,-0.0700607395750131,0.9930770133820583,-0.09428434791826004,0.20580284358017886,0.10687274905045982,0.972740152910688
6.8364303777685125,-9.946677133132662,8.448590680201841,0.9812838105673996,0.023994754763629386,-0.19106631011813013,-0.04240371605391406,0.9947766865246,-0.09285078789086741,0.187840379000744,0.09921489651745406,0.9771757243842515
7.4184740647820435,-8.570208668655283,7.1607939464211725,0.9860414816892649,-0.005525339958587709,-0.16640813383480185,-0.009674830972309851,0.9958591160001045,-0.09039368741867908,0.1662185129090513,0.0907418960449399,0.9819049415643409
7.702855444601912,-6.773591628708447,5.1645799739038285,0.9904351345530266,-0.04982441777676061,-0.12866923344815268,0.039556122334879054,0.9959156233712003,-0.08116270270869215,0.1321875842458603,0.07529673643896066,0.9883606852019582
7.266215077846706,-4.857487982298133,2.883409749992988,0.9914425860637248,-0.1009860064693131,-0.08272499644396324,0.09553584697682277,0.9931419857338014,-0.06739360589210969,0.08896347835879014,0.05891368830840416,0.994291042325236
6.003525137551065,-2.71299807949015,0.7261334238017466,0.9842886596022237,-0.1757113671432689,-0.017359436485709367,0.17484220231503228,0.9836604174574757,-0.042923040631018185,0.02461785669158159,0.039213500022647486,0.9989275562060972
4.107168075209606,-0.4246405493609394,-0.9613279891398716,0.9745961255732611,-0.22285607345831066,0.022306109932763534,0.22339729577235512,0.9743878798558541,-0.025727569485098266,-0.016001258050142318,0.030057114178774012,0.9994200966700919
2.1163942421607715,2.1956099130426443,-2.6650109898035614,0.9451370637762753,-0.3123813250980008,0.0955711170091589,0.3126507901170592,0.9497855068054396,0.01252894654432973,-0.09468587072810583,0.018038813496165866,0.9953437532290591
0.457560167086708,4.383215397394516,-4.409712556404692,0.9220282747954233,-0.3645323007554168,0.13030756763802287,0.3625881604517657,0.9311245637218314,0.0392029684339278,-0.13562332534626892,0.011101735890821003,0.9906982714642384
-1.048506306559878,6.030754567333214,-6.099612637403307,0.8889419823963732,-0.42507790702458553,0.17056061940789236,0.4191774861047962,0.9051185310146691,0.07106813601543652,-0.18458707180100412,0.008319721957100205,0.982780949729128
-2.14988804886286,7.522884232320832,-7.210469187056573,0.8692711987122701,-0.4551679572287216,0.1928463476490175,0.4467259592577975,0.8903514401605152,0.08780791723583366,-0.21166837367574137,0.009820576170849284,0.9772922059799406
-3.1765390808356715,9.043216741979345,-7.699509720312085,0.853508226158042,-0.47616828148360163,0.21163051667825739,0.46548527739708373,0.8792685994473844,0.10104546774790482,-0.23419471472924444,0.01226775182284304,0.9721123072248907
-3.903214439318903,10.499899565754964,-7.902651709618703,0.8499923006045009,-0.47924188771408754,0.21872426013889257,0.46718732588331385,0.8776149004886425,0.10736893859169026,-0.24341136260878599,0.01092243107308143,0.9698616442835479
-4.245635073241535,11.655782966497942,-8.068283597815636,0.8570753887204152,-0.46760147398359486,0.21626520658237888,0.45482288544491156,0.8839240832149279,0.10869387281816717,-0.24198743960237684,0.005203521981979533,0.9702654288562839
-4.221232000051793,12.153636219272496,-7.969791030990119,0.8704478762479576,-0.4469866560569887,0.20621208510272135,0.43418388631454646,0.8945357419629462,0.10625516088922954,-0.23195871960376332,-0.0029556146214893015,0.9727211402771049
-3.449167248675842,11.415914867405258,-7.302930422447574,0.8951689964423623,-0.40668254022139605,0.18243294463294446,0.39478145326082464,0.9134174588125427,0.0990764860989022,-0.20693011373322506,-0.016669055627344522,0.9782137141825636
-2.2843886954507266,9.080695923679526,-6.025265405703621,0.9211309927861258,-0.3562162384343907,0.15693210507891575,0.34662114007744904,0.9340807819673016,0.08571393125251864,-0.17711995760008473,-0.024557773413026368,0.9838828367162108
-1.2034917496838384,5.91127548157186,-4.414988790936863,0.9510097580142397,-0.28483042976026096,0.12021674776952879,0.2792301478082123,0.9582547540552946,0.06146829170741891,-0.13270631001087058,-0.024888804973512986,0.9908428647723556
-0.6646208167392411,3.090406428299107,-2.5921668873330574,0.9756617454613904,-0.207651775472548,0.07046203649009944,0.20552318582343912,0.9779787263404541,0.03630194091897753,-0.0764485351868674,-0.0209368328215932,0.9968536856024471
0.1759608009917326,1.0577052311282988,-0.7347396368697755,0.9909540336577589,-0.13394828569100037,0.008243781769308595,0.1337862654390056,0.9908504648477849,0.017793018035455813,-0.010551699261341571,-0.016529158217170152,0.9998077057971345
2.1099594874985907,-0.9431615234896957,0.9796099596343484,0.9963263938357937,-0.06444592210157106,-0.05639539050881685,0.06486161305955045,0.997878723193206,0.005570004453122314,0.05591679620182902,-0.009207438447953735,0.9983929762271717
4.315214338932063,-3.576321889773613,2.9136914148879653,0.9932672108427819,-0.0029168863767020867,-0.11580906544164385,0.002791525139338974,0.9999953290994238,-0.0012446552652651596,0.11581215502700025,0.000912991346247072,0.993270713952044
5.6705628386075535,-9.335707482888466,7.578008546656885,0.976515754516614,0.07906968171861395,-0.20041199219050287,-0.08201533210965897,0.9966103590112526,-0.00642476539666028,0.19922466333210676,0.022710740727174442,0.9796906428949045
5.338697087297928,-11.673531142133786,9.116965666306077,0.9678965120455817,0.1045146414621535,-0.2285892204152152,-0.10925992979451404,0.9939796620925007,-0.00816695094718077,0.22635947011622018,0.0328804055101728,0.9734887103722314
6.862465022033406,-12.82236492526344,8.321100291638318,0.9705623555506714,0.08313304420927846,-0.22604780677642355,-0.089760023177385,0.9957787245355919,-0.019179937472863232,0.2234991101260322,0.03890538166842562,0.9739273684675389
8.42885216063789,-10.971435280642496,6.18643331434826,0.9817901693242019,0.0355038522420477,-0.18662138112855894,-0.039706887672437734,0.9990339103387623,-0.018831066475585478,0.18577251273997536,0.025898310161367347,0.9822514194650271
9.406692499817613,-8.825519750627103,3.6997796701960275,0.9905113203072337,-0.01434735429709243,-0.1366802025455611,0.012125244006543554,0.9997806621916177,-0.017076474035062145,0.13689522563261158,0.015257160035932919,0.9904680288967604
8.925490099062614,-6.008274572567313,1.1073805702596409,0.9942952734671588,-0.0884972096089724,-0.059541187864323705,0.08802298683443532,0.9960626161647157,-0.010546016681434647,0.060240044402489645,0.0052448613447683,0.9981701400462046
6.586760757371297,-3.044936457131905,-0.7957075903473818,0.986177222138551,-0.16527407492640298,0.011788413477408347,0.16524077291614306,0.9862461205518193,0.0037518878661396866,-0.012246366855858684,-0.001752099799142912,0.999923475394555
3.8075802929693454,-0.31063783510229626,-2.393670546610843,0.9649205429125843,-0.24942189512899499,0.08195769698781018,0.24813318282152755,0.9683845736546951,0.025714608503162352,-0.08578035584062027,-0.004476129787348265,0.9963040172627946
1.7252414999559962,2.042607791802556,-4.1573383284888275,0.9401716932531411,-0.313991883697102,0.13223571445667975,0.31064018249269726,0.9494236007509329,0.0457985082511969,-0.13992806804364377,-0.001980734580120448,0.9901596903853924
0.10393060171201296,4.245612921956324,-6.017557238379119,0.9074219597605251,-0.3793844804037954,0.18070086599989352,0.3730849741342233,0.9252267105976234,0.06901547704656899,-0.1933726687503562,0.004790618482197005,0.9811136840116556
-1.454979734428068,6.344328157758735,-7.414974994834365,0.8760416296393446,-0.43027882680037005,0.21774111772042448,0.4209061901946488,0.9026077594147853,0.09020649477751064,-0.23534876714074449,0.012623939619485118,0.9718289941928131
-3.050440369463088,8.257289047293089,-8.01071260278157,0.8452712211705325,-0.4730872358738795,0.24840497159696714,0.4603864750223485,0.8807728428202986,0.11083092062571717,-0.27122104689233434,0.0206801016308002,0.9622949013265972
-4.458148177215287,9.931974289375834,-8.200180484416329,0.8280962723860203,-0.4947518800707444,0.26358516807066906,0.4798734317709509,0.8686833796495697,0.12292548719028992,-0.28978967052113697,0.02469338144248047,0.956771751136177
-4.672639437973362,11.025984787260775,-7.866603952523327,0.8243745484580925,-0.4997510001221251,0.2658111015955742,0.4839071857183681,0.865840647706915,0.12709763329266477,-0.29366722572436504,0.023851848050081035,0.9556100930190881
-4.525221880871682,11.774888088883198,-7.481766424113331,0.8333932797780284,-0.4895412712866521,0.2565248232196461,0.47389607630211295,0.8717914733521267,0.12410534177056243,-0.2843908403698749,0.0181375493817415,0.9585368429101412
-3.8476372113383555,11.770137926630639,-6.975809650730203,0.8520151321177621,-0.4646212932402219,0.24124110037499308,0.44962788108767604,0.8854691219179974,0.1173848485894809,-0.26815104547802904,0.008455057513277612,0.963339778484978
-2.9275834653756876,10.831700393085391,-6.155754028840013,0.8791222371636908,-0.4220308381621132,0.22143636504534034,0.40852030654656935,0.9065774715687855,0.10596436751589136,-0.2454694507742373,-0.0026943801013253332,0.9694005823458449
-1.9011396338048885,8.888808241782439,-5.008936141820925,0.9199233844257222,-0.34561801552368765,0.18517330836865795,0.33445469843176123,0.9381538051771996,0.0894845938050699,-0.20464853159415922,-0.020386887379069758,0.9786231927250381
-1.4213388249588574,6.093231837603735,-3.5191066462593206,0.9459801182029252,-0.2863118220227253,0.15214189605367767,0.2767390408014086,0.957507112805716,0.08121349778685613,-0.16892933215133787,-0.03472275185648063,0.9850163507487659
-0.5588736803354041,2.992706611670996,-1.7665665450157262,0.9736507903759761,-0.2066113081918621,0.09651893973456906,0.20019759711107046,0.9771002538298341,0.07208339667790652,-0.10920192540056936,-0.05086119633785961,0.9927175218539711
0.8597567403407659,-0.10003857810620545,-0.1553581004018133,0.9875366974680796,-0.14956842268556916,0.048995490498519145,0.14629860232198572,0.9871256373057915,0.06465056173201948,-0.058034387327454987,-0.056676830442281105,0.996704443041438
2.866056811454944,-2.693060874293711,1.148803009765221,0.9976034328546816,-0.06314015901412483,-0.0282968386260146,0.06470203914275575,0.9962072051738423,0.05817946794607781,0.02451605366540449,-0.0598709001050627,0.9979050247560055
4.831355670801384,-4.7319759584052665,2.6055129957961127,0.9973676843009465,-0.017126388632829913,-0.07045842124661836,0.021340226848561992,0.9980004837141144,0.05949478316998037,0.06929860770766275,-0.060841772811024576,0.9957389123916924
5.7126547176064655,-6.9366629169864416,4.649610772121786,0.992414538067692,0.03249366260580405,-0.11856452472114307,-0.02466623341638646,0.9974548206343987,0.06689886189050913,0.12043654578631281,-0.06346686287864922,0.9906901613296679
5.993419041292485,-9.13757464844849,6.55108457675164,0.9897981477531684,0.04683892690615355,-0.13455757738112595,-0.03733377350942694,0.9966827977783578,0.07231590397865319,0.13749842202710688,-0.06655460569324266,0.9882634610270036
7.034186556974154,-11.888397013176435,7.5744799699735985,0.9924223852759572,0.010676665512213456,-0.12240840664235692,-5.6756139416495096e-05,0.9962574826397813,0.08643509161783783,0.12287312961718219,-0.08577317236632723,0.988708833236709
7.966336943710922,-11.440689457633285,6.547378383860426,0.9941411735593366,-0.03898727719545875,-0.10081328905928022,0.048444281182233866,0.9944748559552694,0.09312847305459396,0.09662545552183519,-0.0974666768163765,0.9905371109936107
8.762213136581451,-9.640339410773985,4.7000334340951735,0.9926962536764036,-0.09893237739281172,-0.06904007995534228,0.10532601460504515,0.9897828305511818,0.0961060819797887,0.058826682587509435,-0.1026758640065632,0.9929738608675724
8.839753386888523,-6.599526898925194,2.286861543650496,0.9852935183876859,-0.16908298698202326,-0.024650073761595066,0.17073020047159346,0.9800291898184935,0.10195089872401326,0.006919629335784008,-0.10466007174152608,0.9944839808226741
7.493569436407045,-3.0617455797846453,0.010359506714806344,0.9697712387951901,-0.24254457851468306,0.026755781408463714,0.23794854726036305,0.964255518433506,0.11658380688247716,-0.054076180175059586,-0.10669312350691904,0.9928203987298058
2.1784710841840162,1.2802108940563477,-2.6163952096805434,0.9143556149386747,-0.38577898121277165,0.12299750844856307,0.3657786230372028,0.9172395035249175,0.1577266372632347,-0.17366579501768914,-0.09922837712971178,0.9797927948362737
-1.5582295430553885,4.6409139853936425,-5.238449419047602,0.828644742373891,-0.5241686769742437,0.19645632851903416,0.48928903089541403,0.8487187385460263,0.20068070930277607,-0.27192670920954765,-0.0701690880652589,0.9597563044328256
-2.640357994637753,6.498214700197904,-6.323691573558812,0.8014156766277302,-0.5592629684009779,0.2120326518030752,0.5213851521648698,0.8269479060758701,0.21051053118251872,-0.2930707019770694,-0.0581557633606335,0.9543204235635997
-3.4832349426554163,8.127492899871497,-6.888353993567476,0.774051461934411,-0.5917830402492827,0.22502703737665997,0.5520735423671072,0.8048814476514712,0.21767098806387325,-0.30993408669495237,-0.0442570728786403,0.9497274205817051
-3.7848477995875722,9.43919767008815,-7.039651688730378,0.7648422597929752,-0.6023024045920765,0.22857850086431444,0.5623927446533917,0.7973133971175344,0.21910213951059118,-0.31421444651065783,-0.03902768503891636,0.9485494828444654
-3.7140250889733,10.304754844511123,-6.839086088209833,0.7669576256353585,-0.6003989883813822,0.22648853222709997,0.5619157756256218,0.7988225452233335,0.214786410990006,-0.3098816896540167,-0.03746459653493531,0.9500367058296458
-3.311465274746375,10.525111409701658,-6.507062482057987,0.7842695537910618,-0.5803810809532999,0.21926939564802017,0.5447160761746662,0.8133170618679153,0.20444987950941326,-0.2969943826964467,-0.040904250952903475,0.9540027143047012
-2.9156929165706384,10.110956413736503,-6.107703519803188,0.8085178304546373,-0.5501616359794196,0.20885663057076925,0.5178412418813922,0.8337490015951967,0.19158040230082699,-0.2795341947663343,-0.04674159427596047,0.9589973187245506
-2.196462996351889,9.02650145966313,-5.401613468114303,0.8469412912985478,-0.49731459892093255,0.18806551729027868,0.4698370300142527,0.8656119873932304,0.17311571999250924,-0.2488847410367575,-0.058258707342774566,0.9667793485060662
-1.841784908366338,7.531802891347477,-4.616771718185196,0.8758015750905791,-0.451789365611412,0.16987633793232756,0.42758611843174843,0.8894888731989901,0.16118205787139778,-0.22392345208425785,-0.0685267362102267,0.9721946173637467
-1.1197324912571722,5.5182567957966295,-3.5204976258570904,0.9221473485039191,-0.36247519665318884,0.13511476402829972,0.3441960795352716,0.9282364829454948,0.14108894556811963,-0.17655969664603488,-0.08359882499298074,0.9807333531495969
-0.6714422693117041,3.0637756321914558,-2.039457975036371,0.9524836128598897,-0.2866961908512983,0.1028603975528348,0.2737380316075713,0.9538157731193527,0.12370513732396146,-0.13357566127473788,-0.08967031337116992,0.9869735445364943
-0.27200879411821094,0.5929988969882827,-0.49227011133497517,0.9789069697865622,-0.19708410924227351,0.05384234752933486,0.19089661684694073,0.9762251963283899,0.10267837031227865,-0.07279853143905027,-0.09023425035856752,0.9932563384557601
0.34739922488694286,-1.3687613910827139,0.7207247798635738,0.9905388995699562,-0.13687779794369434,0.009856818392606555,0.13540521585814605,0.9865084117798965,0.09201402613684262,-0.022318511535237895,-0.08980880757246346,0.9957089243977189
1.6261518328894375,-2.8192535176754205,1.5791838250389307,0.996528257391538,-0.04791569396038361,-0.0680846421190465,0.05385566558792207,0.9946396014918186,0.08827021257635362,0.06349015281337483,-0.09163050483593063,0.993767000397601
3.3398096371588246,-4.423815847139385,2.4309545588522594,0.9925693396477379,0.010749316074510969,-0.1212046129286469,0.0005882647728901172,0.9956547746776523,0.09311940509983473,0.1216789214934525,-0.0924987668324305,0.9882500787749368
4.5801916640609175,-6.189222087075193,3.520538137128246,0.9883158874430741,0.040532021618300065,-0.1469314869289153,-0.026122851041197822,0.994774005585435,0.09870296077111848,0.15016425433866626,-0.0937114349214608,0.9842097660986057
4.715854553166817,-7.80638440706249,4.96098865968196,0.9800263425696631,0.08223512787800971,-0.18106836171020121,-0.062134479509640524,0.9915335050079792,0.11402023900454955,0.18891181626778875,-0.10049224940002055,0.9768385913163588
4.767853438440745,-8.61406160622122,5.942989359540488,0.977017277182509,0.09322526514195281,-0.19169321851878,-0.07045772201669642,0.9899833218298013,0.12234676909116435,0.20117889922925292,-0.10602863970664415,0.9737992493665537
5.002520737671078,-9.076258718832728,6.557942786808367,0.9758560755046203,0.09191287015822702,-0.19813365236626887,-0.06610718591882948,0.9888893640214358,0.13314528040892046,0.20817002635012982,-0.11683257261805731,0.9710897950781028
5.618563107755744,-8.737766198768627,6.359325501487911,0.9778714343873144,0.07568996707291666,-0.1950345782003716,-0.04801665401603788,0.988571409339066,0.14290195790986673,0.20362185233024493,-0.13037483469546554,0.9703301210061084
6.255202427474513,-7.656729472850868,5.313417333068367,0.9826348925744888,0.04487799136283021,-0.1800406448176642,-0.01673791434404915,0.9877930453764617,0.15487008016173764,0.1847931549558419,-0.14916723969132584,0.9713910770046922
5.351374518922164,-5.202681392708005,2.038530831043789,0.994144124922447,-0.05325244486946148,-0.0940299739317568,0.06896408796785075,0.982561995623759,0.17267275212555974,0.08319503262181252,-0.17814629345365937,0.9804807416139173
3.297187132413748,-4.374139641750053,0.8763234887964217,0.9913357756704251,-0.1278322540127149,-0.030204216757685004,0.13120177857265886,0.9746652826063323,0.18114546690791228,0.006282768123007876,-0.18353882890533868,0.9829923830370042
0.9588170779633771,-3.5407658681376626,0.2062255630771871,0.981388329479342,-0.1913350227646239,0.016366301518889213,0.1849260929886929,0.9645986802469335,0.18802054727557768,-0.05176182853883368,-0.18149461460200753,0.982028725637282
-0.5536926814368457,-2.435903569916291,-0.5468731402213975,0.9632757550772296,-0.2617585523480816,0.05985215078031304,0.2458641137081772,0.9494324026186947,0.19526635769681785,-0.10793821043025084,-0.17337985214645257,0.9789222490059096
-1.2267240698245256,-1.240800035858896,-1.5625571572917003,0.9393553807053121,-0.32920309671869485,0.09610821947575214,0.30563403079456797,0.9307305490716787,0.20081953153264928,-0.1555612675451141,-0.15926696498505089,0.9749024186574814
-1.5218250257090535,-0.14224741204579927,-2.609361709548485,0.9094813299847676,-0.3951093094913234,0.1293535618466971,0.36550567932677297,0.9081572655680396,0.20409796514382902,-0.1981143830947454,-0.13834382729007935,0.9703667742981105
-1.742975742326618,0.8885617709980611,-3.4650587988593387,0.8760432979525752,-0.45490394005398105,0.16003295109363824,0.4213602400261155,0.8834769393785764,0.20475362197380942,-0.23452865120813843,-0.11194151557676754,0.9656424850082284
-2.0776421250248,2.0614923057382333,-4.027594529110064,0.8411120706232176,-0.5074052260095229,0.1872709835242705,0.4722410901801899,0.8577633103890695,0.20305284064943885,-0.26366425126919957,-0.0823531418259575,0.9610926711998405
-2.5434414846516002,3.5305173539002217,-4.343634429530618,0.8110259593106526,-0.5472256857971549,0.2068355436767778,0.5124249789371814,0.8350884439218698,0.20011979359717283,-0.2822366636095726,-0.056314648467163136,0.9576905168594682
-2.9905463687710947,5.204905411414811,-4.552073534481744,0.7858310764530376,-0.5777452062544932,0.22063543670637395,0.5445243019280397,0.8155122292422259,0.19604358843418546,-0.2931941402730268,-0.03391578697782536,0.9554511580940357
-3.18541455274566,6.803725782590726,-4.7302769302940515,0.7691735968949818,-0.5964222993388235,0.22946114854376978,0.5651407206016599,0.8024786693997253,0.19142609821097714,-0.2983084708107878,-0.017562061662398307,0.9543079326049292
-3.13844055474933,8.033403284028843,-4.833380573693504,0.763020764639145,-0.6019725730358838,0.23543222812956388,0.5728022295078874,0.7984904776456752,0.18523110694473172,-0.2994944383461664,-0.006479075685300215,0.954076046747835
-3.090896071817838,8.712214710436253,-4.881013335192193,0.7690005311177268,-0.5932845562075453,0.23801600472713802,0.5664106776117631,0.8049922627418681,0.17654008387079123,-0.29633954752620356,-0.0009446117402631387,0.9550821850922693
-3.0820900709316534,8.847949691840212,-4.941096208250113,0.7867862625848348,-0.570765190888748,0.23493504182543193,0.5464267235509191,0.8211121885997156,0.1649018178262084,-0.2870282439015238,-0.0013676997889583813,0.9579211432054797
-2.877580244220793,8.567055928178881,-4.966234169635236,0.8128664622562335,-0.5373352321573408,0.2247642383063879,0.5149707501550057,0.8433188212228945,0.15368309033857186,-0.2721272515273392,-0.009176821543460468,0.9622175143503335
-2.3574380197134284,7.976767828623917,-4.766624659824391,0.847495457533374,-0.48832085207748843,0.20807257120200073,0.4678002014763317,0.8723621209122586,0.14194119027317081,-0.2508274724965323,-0.022958123263397745,0.9677595277842646
-1.952865560827713,7.030683924519151,-4.347139319956107,0.8819606661492599,-0.4319108234396573,0.188675446100519,0.41306254608126525,0.9010981017927147,0.1319149118576976,-0.2269905645404996,-0.03840900338773643,0.9731392665329793
-1.7388537453236848,5.542248007892881,-3.790814130921118,0.9183846470806488,-0.36055507232309875,0.16300208535057506,0.343890515634227,0.931059990268615,0.12192869956588155,-0.19572673109050845,-0.05592257453915051,0.9790626703094831
-1.6513608541726346,3.474395464155283,-2.992156818681872,0.9485855206380432,-0.28731633890435715,0.13279620263564745,0.2738526033746112,0.955363569700086,0.11083862735911022,-0.15871440281461224,-0.06877333123021262,0.9849263765635984
-1.4913843400425641,1.2034925062154138,-2.1232120808247346,0.9743531804272041,-0.20549550274672482,0.09169230143399185,0.19697840813440085,0.9758949143188081,0.09396075210170765,-0.10879056264322082,-0.0734895540709831,0.9913444905390952
-1.206834782402613,-0.8288981985342376,-1.5292246249606163,0.9906944891252051,-0.12935791436560026,0.042319725990722264,0.12595317134686937,0.9891892254882515,0.07510309451423645,-0.051577396644401884,-0.06907391815244099,0.9962773539464072
-0.5213626552575907,-2.3553481700206818,-1.2001782734229616,0.9983776909818259,-0.05407306062310705,-0.017835085215561722,0.055033543694715636,0.9967591152243656,0.058673463214104805,0.014604630026070528,-0.05955980466711416,0.998117896067301
0.336582904162238,-3.773528324384039,-0.7329865321330663,0.9971520343956233,0.008270320837534442,-0.07496280473617019,-0.004528570083605659,0.9987415541349615,0.049947973903602574,0.07528155387388595,-0.04946624947700493,0.9959346252686522
1.1263031021270877,-5.13194969802715,0.2632604293875531,0.9892747977552242,0.0662361298878656,-0.13018505914211986,-0.060866275709143096,0.9971397234397495,0.04480701306484907,0.13278053700621167,-0.036402569084788394,0.990476744783222
1.657419932813306,-6.936557944121397,2.147558753838861,0.9723553089214991,0.12405856081614473,-0.19782473733181585,-0.120058130600125,0.9922465670340653,0.03213713562081138,0.20027780328578143,-0.007498246283907009,0.9797104561112361
1.7202622235599372,-6.853463983596751,2.7639198124085382,0.9612318796072866,0.14724243945514098,-0.23313716488355316,-0.14500746937517306,0.9890676702392349,0.026795102405762813,0.23453380876123153,0.008050323647306009,0.972074629252879
2.1322974379625053,-6.254524324140231,3.2352201824300866,0.9462129659859067,0.16738138037938044,-0.27688354321347025,-0.1683252537002011,0.9855175947304627,0.020534834877385166,0.27631075253582715,0.02717616564145716,0.9606840396582591
2.926972056252932,-5.232692434225311,3.412366230221226,0.9383678686659077,0.1753788968993072,-0.2978388584080038,-0.17822245557671584,0.983829023112874,0.0178103792483138,0.296146077778528,0.03636888509626915,0.954450001211822
3.525666854503889,-3.984294123984749,3.27827184024913,0.9339615718252855,0.1806322962424615,-0.30836302616853495,-0.18393418830351005,0.9827628269832708,0.01858602359231683,0.3064049554540029,0.03935987111286215,0.9510871694115149
3.5109443432885805,-2.8486209161377296,2.976423436812979,0.9342420096734371,0.1827888126575296,-0.3062353952902688,-0.18521385598027035,0.9824655048624292,0.021385960542548096,0.3047748265757131,0.03673937564328675,0.9517155685198619
