0.14248021203439762,0.285560180978171,-0.27151253291620886,0.9999970165908975,-0.000661914461844229,-0.0023513142175068426,0.0006910991133595377,0.9999224683386353,0.012433008227548375,0.0023429023282591213,-0.012434596125969408,0.9999199426093391,-0.60704595,-0.11459106,0.03302857
0.05142090612136529,0.28777713745970385,-0.31318103937409525,0.9999875514484918,-0.0012703510122093738,-0.004825262309481625,0.0014006204241128867,0.999631999911447,0.02709064442696011,0.004789071984955244,-0.027097065548619938,0.9996213352205806,-0.7514734748089248,-0.12614916542222654,0.03368233986643646
-0.03607417801101462,0.3088879972975564,-0.36068831913937227,0.9999694572074138,-0.0015266804012598041,-0.0076651092139704766,0.0018742738692775576,0.9989604351720331,0.04554707519001197,0.007587605009001803,-0.045560050569046454,0.998932785547843,-0.89719606355261,-0.13739826929421822,0.01745381645421135
-0.1248526736482069,0.41084250916772785,-0.38376271058950684,0.9999442001568354,-0.0012770873586353932,-0.010486449379290082,0.001965932660509387,0.9978213922306455,0.0659439482869357,0.010379387336463661,-0.06596088427829119,0.9977682246212018,-1.0487790410193614,-0.14533870427177634,-0.004716519336851273
-0.22450694910279007,0.5908128071849483,-0.41390584110812123,0.9999080835906999,-0.0003018691853293432,-0.013554823678970523,0.0015280954920701166,0.9958911614678311,0.09054534463140981,0.013471796247722361,-0.09055773509341214,0.9958000840131571,-1.204778523052713,-0.15312439817774498,-0.03575077530043521
-0.30163433709982773,0.7682221427076351,-0.49130199044701983,0.9998571223291945,0.0013900101148399274,-0.016846447680805617,0.0006096626439072686,0.9929994766653776,0.11811717764045201,0.01689269780236722,-0.11811057198306221,0.9928567517757992,-1.4174667467339597,-0.17653598664038866,-0.0685118641460984
-0.2582337146701119,0.8790030959909769,-0.5911031491805683,0.9997778893989865,0.004171532849681859,-0.020658416749384713,-0.0009594518484945815,0.9882079875073971,0.15311450904055318,0.02105353464522415,-0.1530606799287892,0.9879924984222695,-1.7260596289952128,-0.20322581072790105,-0.10950809757045189
-0.06888559839647404,1.0076751293344814,-0.6605691694343764,0.9996148646590481,0.010928790573898369,-0.025508506213891162,-0.0058314310742245785,0.9813885540876769,0.1919440030772641,0.027131471841734287,-0.19172132756240268,0.9810743171612487,-1.9973539912356542,-0.30218670372862394,-0.2958019143198932
0.1032968376420919,1.1854871671105545,-0.7378308471256092,0.9993429162469968,0.019048498326213074,-0.030836511775226484,-0.011408714862533057,0.9728359305541641,0.23121438849690687,0.03440315352017659,-0.23071065630856644,0.9724140147558227,-2.0526230235944753,-0.355558854879769,-0.3494735222597744
0.14955025110345888,1.2945665359070055,-0.9225689324701467,0.9989605480365104,0.027835720042948108,-0.03609703805418345,-0.01696959495457743,0.962072213914337,0.2722665753651072,0.04230669348545366,-0.27137101522391194,0.9615445469569628,-2.0526230235944753,-0.35555885487976907,-0.3494735222597744
0.18381021548622226,1.31800675637907,-1.1846103053593504,0.9983398995464066,0.03896132964223963,-0.04242003967677632,-0.023739079567742915,0.9493672409185312,0.3132703273085589,0.05247762451699681,-0.3117432543989429,0.9487161020356978,-2.071999153272116,-0.45350433656227773,-0.4282767979477654
0.2591336530175762,1.3263477804655266,-1.413113536217272,0.9974574584781196,0.051942850561777075,-0.04879097049543943,-0.03146993630684874,0.9353238582771765,0.3523902995917154,0.0639395154439946,-0.34995888388925483,0.9345803967298766,-2.1139478114166455,-0.5329747369642723,-0.5222336994974868
0.39441241499533286,1.0931109260620397,-1.4802825528526,0.9961645750760962,0.06784797602384082,-0.05525207247632107,-0.04061410605530586,0.9178501239916936,0.39484382264100404,0.07750247578489783,-0.3910854152712686,0.9170853636435977,-2.202435513937131,-0.5839577276556449,-0.6036514670703117
0.5618956502336901,0.7189399095565463,-1.1412665766139476,0.9945406596717529,0.08499462508046914,-0.060537508761964696,-0.05022505805697456,0.8984191339423705,0.43625738195406405,0.09146758881072567,-0.4308352045430725,0.8977832181119672,-2.2895868718131744,-0.6128953684774296,-0.6880433650218838
0.8112920746482195,0.3244385480831691,-0.430610046235538,0.9924234823796375,0.1046352152326839,-0.0643980073813082,-0.0608700231244137,0.8740173303413645,0.4820669523497612,0.10672615380639573,-0.4744946553926225,0.8737644706083723,-2.4362478173403614,-0.6031828878407892,-0.75884130194855
1.0118465067343638,-0.2250057445405712,0.3120139944339549,0.9904116705793342,0.1218294665753157,-0.06513297056196884,-0.06980593267741653,0.8481970021208433,0.5250609272801106,0.11921348305996365,-0.5154798023852998,0.8485686293927692,-2.534219883576927,-0.48668762903254287,-0.7565564988401589
0.918296587796896,-0.8292739431919184,0.7640213211831767,0.9886938312465126,0.13565346758477972,-0.06389557721249314,-0.07740218067914267,0.8266606166788395,0.5573518881804145,0.12842667355812767,-0.5461047166655725,0.8278141264525556,-1.8742130159582848,-0.3250313044968153,-0.6174424848064881
0.5185214263040014,-1.3251163634164853,0.924806362907445,0.9864627312516207,0.151919000767237,-0.061740562497250684,-0.0859127932877212,0.7994774180589759,0.5945206892642627,0.13967917454328663,-0.5811681987339269,0.8017064631018436,-1.8742130159582848,-0.3250313044968153,-0.6174424848064881
0.11248460509636571,-1.7393426833489105,0.9943059431834489,0.9847699023613846,0.1633286610193896,-0.059598556129843376,-0.09120051096903944,0.7771121296845852,0.6227192021257043,0.1480226543544428,-0.6077997091038306,0.7801722934141937,-1.6504458635247157,-0.2526077956071761,-0.49495429248767775
-0.036460484080681144,-1.944129219133723,0.9964406938014707,0.983976370875562,0.16779993477068492,-0.060280041883795696,-0.09191063812011258,0.7670623279679311,0.6349549744767508,0.15278395255690944,-0.6192403143395716,0.7701938047905313,-0.9939130237144587,-0.2168181242276654,-0.19798585916275305
0.03066750465320922,-1.763287651635498,0.8796448246790375,0.9833031145276294,0.17094497841741457,-0.06239230172171339,-0.09062581418546983,0.7573333726517731,0.6467094590858483,0.15780350681618047,-0.6302570721711575,0.7601802919141976,-0.7707052363973659,-0.1859984756419496,-0.055763297898540926
0.20373754856881643,-1.4235481849160654,0.7585725316975784,0.9824572085500922,0.1748287246312211,-0.06490570400035196,-0.08895066636059473,0.7452115135340115,0.6608688062318825,0.16390732845717043,-0.6435019169669722,0.7476895549209336,-0.770705236397366,-0.18599847564194966,-0.055763297898540926
0.3055371616402869,-1.1118598797345896,0.6737166775392256,0.9825228494313367,0.17350787180041669,-0.0674082247846432,-0.08558759189524916,0.7426816607688681,0.6641526291984152,0.1652985615754083,-0.6467758260640897,0.7445518224812925,-0.36014162006001654,-0.0780166685802619,0.20558443839336235
0.2524545549606752,-1.0672712008232652,0.427944392341648,0.9828704714097185,0.1690639072822446,-0.0733691466850921,-0.07839493621095117,0.7438157746393503,0.6637712914657756,0.16679289675318557,-0.6466494325769747,0.7443283152887282,-0.009090668888366349,-0.07734887788240091,0.37441664413665166
0.05987464570168266,-1.2275272853747534,-0.11428900523329388,0.9829687424462888,0.16399657715569008,-0.08293114044060605,-0.0698668582731371,0.7508752872695803,0.6567380947401072,0.1699737435270609,-0.6397588808676613,0.7495448624747907,0.4162473932954672,-0.19255022091668178,0.503381125196786
-0.10738560855145546,-1.1071839222072124,-0.7705239994809292,0.9827425727187921,0.15854071713538212,-0.09529888129589263,-0.05982508662723817,0.7599101420195793,0.6472692909955066,0.17503712399400673,-0.6303978244457868,0.756280760139992,0.534315690623893,-0.28244460643695307,0.584015025911135
-0.0917515798635653,-0.6991802829633984,-1.2157646967679159,0.9823343995932728,0.1526394370872967,-0.10826047118592146,-0.0490058619294703,0.7681597205971504,0.6383800350486041,0.18060330249548087,-0.6217972707384462,0.7620699451034293,0.4810085665517126,-0.2993968070754403,0.6172234862113256
0.056701197117336496,-0.3613726872208553,-1.3250695893461313,0.9817959558383705,0.1470484669168074,-0.12022249987767432,-0.038890785462616144,0.7751771024617373,0.6305457688583164,0.1859145177373771,-0.6143917383855688,0.7667845746349071,0.43976717092416406,-0.3003787019027624,0.6166467138670706
0.19669157426504263,-0.18603773218736575,-1.2300052172481222,0.9811599166545844,0.14109008791169653,-0.1319803206672842,-0.028585916772704827,0.7816375985565118,0.6230774509521851,0.19107083323373386,-0.6075658413833668,0.770944670564293,0.37079788886573384,-0.2641891648986259,0.5737190911323473
0.2192787151292803,-0.18017696618271511,-0.9535749649454333,0.9807058013971061,0.13415226938077202,-0.14219458402502183,-0.01799975583670984,0.7862538114416115,0.617641443544195,0.1946590349710975,-0.6031650790733221,0.7734983823451683,0.2283608725720969,-0.1741486837807481,0.5426863627716343
0.0906728489472946,-0.42669704550819304,-0.49559190837111544,0.9804487741400141,0.1258244950951358,-0.15128911963984115,-0.007158289367338333,0.7911429356455801,0.611589416415479,0.1966442477691056,-0.598549122305051,0.7765758095686305,0.2472964340205512,-0.09408065282076133,0.545802529675911
-0.13290986110952419,-0.7644365869168924,-0.06475724772348451,0.9802662392862201,0.11764483302415767,-0.15886407201872157,0.00248364667634891,0.7962423229388236,0.6049727222447081,0.19766621262835604,-0.5934288975300274,0.7802372792692336,0.32929974993175076,-0.05536896822028167,0.5812066106937809
-0.29678564065790375,-0.8824356111709147,0.11929399661409695,0.9801846704783298,0.10796216630468215,-0.1660788439449425,0.013014841367845986,0.8015064492819456,0.5978444828411628,0.19765784999199534,-0.588159487219451,0.7842192244074946,0.3180440790628374,0.002925145526755102,0.5814913440870411
-0.3345713885004602,-0.744401901483073,0.1368669191976204,0.9802107314923257,0.09837258874935159,-0.17178403782083687,0.023009444174310778,0.8052846257459582,0.592441758332396,0.1966150740560575,-0.5846704245298736,0.7870851334728579,0.2302042101071118,0.05877264124679979,0.5690662201141771
-0.30707829494859873,-0.5242535663754958,0.20969017065468154,0.9803904973518082,0.0878195705798043,-0.17641483986743586,0.03373877798369178,0.8071952353519697,0.5893195626188266,0.19415500910983818,-0.5837153202103372,0.7884036132523113,0.07156845189740861,0.12347646409992857,0.5437603455360555
-0.25854710456489444,-0.3808445185930086,0.4387819329142272,0.980707338581994,0.07912400260656795,-0.17875264547115957,0.042296182699472426,0.8068712442887833,0.5892111913982311,0.1908511173152387,-0.5854042939297472,0.7879579072946329,-0.10961495622621548,0.2066400607969856,0.5247060742090721
-0.20118842276430712,-0.3452187105779211,0.8017200767415075,0.9814384784099623,0.06578308020087041,-0.18014188701027722,0.05474980793582982,0.8041271148502571,0.5919307744099731,0.18379600547162964,-0.5908063722759653,0.7855996810404038,-0.2755194095574251,0.31188757685240714,0.5219885759324553
-0.14505694122334029,-0.36244790704560703,1.2356213380458265,0.9821697446097556,0.05438803977522281,-0.17995703349026446,0.06480180535624488,0.8006277794259905,0.5956474501195973,0.17647469732451354,-0.5966884446181404,0.7828279384790785,-0.4155261414870796,0.43014582007057056,0.5490773466399181
-0.08187997942038615,-0.37881003511394773,1.678582103956572,0.9832936658484949,0.037162018243320744,-0.1781924552339724,0.07918638060971575,0.7941225132943511,0.6025769253838016,0.16389961509461004,-0.6066204894982903,0.7779129115091814,-0.5495564893815111,0.5571611341990307,0.5882162770516509
0.00243784594188794,-0.35759224415612645,2.0696393082392404,0.9846007768965008,0.012269575855098556,-0.17438683334226396,0.0990071813302171,0.7829994715063527,0.6140923429467403,0.1440794509284791,-0.6219013467818728,0.7697271118331735,-0.6983542757230904,0.6850190612615431,0.6389856112005323
0.10019601219683409,-0.3353706699436301,2.4332130481023704,0.985154801774495,-0.0021734931887733657,-0.17165457310544696,0.11000890617051907,0.7756206718010986,0.6215389079035821,0.13178792472689121,-0.6311955714373872,0.7643455327886777,-0.8752104003395065,0.8286141856703393,0.7022152328922003
0.2515744472858771,-0.3260313436622766,2.847972045057395,0.9856314745239986,-0.027888712282094292,-0.1665917649672225,0.12883336310283072,0.7619620678491565,0.6346776912029057,0.10923626219924353,-0.6470208859737707,0.7546067930614282,-1.019060332768889,0.9880093311528522,0.80317718439037
0.4316801782138056,-0.38608591685528726,3.3036770537025184,0.985094380481543,-0.061550380009245044,-0.16062568992661855,0.15243063127043474,0.7450750759552218,0.6493289103688643,0.07971175693824234,-0.6641345360023353,0.7433514336400917,-1.0621427129328949,1.1589356071993249,0.9455936547833882
0.6368547071594766,-0.5115775986502795,3.736032802877001,0.9833180679398378,-0.09469013866511569,-0.15530407239556004,0.17463158230921805,0.7303135492893685,0.6604134539699683,0.050886026797569935,-0.6765174775007262,0.7346663970216752,-1.0157692850403692,1.3534627383971536,1.1050018005797466
1.1919077715302893,-0.5434468067470817,4.1605273788128025,0.9730853398618039,-0.18124038143467458,-0.14232654525228544,0.2292779706913857,0.6993563954864956,0.6770023960428618,-0.023163192821313197,-0.6914134481115833,0.722087882649177,-0.8667516837356306,1.745731160289011,1.408078813301377
1.4637674385216737,-0.3499619252039907,4.062734978093136,0.9630713991462864,-0.23271611843322373,-0.13541302879630118,0.2605062231648226,0.6782843307852515,0.6870712294250159,-0.06804401398222971,-0.6969745869345428,0.7138602365509706,-0.8667516837356306,1.745731160289011,1.408078813301377
1.606013708555773,-0.14853516885488682,3.732168725486586,0.9529930888684808,-0.2735924938377935,-0.13019723455023458,0.28494775122940735,0.6632012597145002,0.6920757676601627,-0.10299976523378963,-0.6966428327548604,0.7099857829091131,-0.7321907353089268,2.020007216443181,1.6235184898738246
1.7117197245261395,0.02063149173528389,3.192028862116677,0.9345079452126702,-0.3340617332512332,-0.12287253033764176,0.3202784071033272,0.6385738704707158,0.6997464925924276,-0.15529533887965938,-0.6932720752556175,0.7037451153599714,-0.7321907353089266,2.020007216443181,1.6235184898738249
1.751394197002798,0.06822170242543324,2.671883756390659,0.9194696755720492,-0.3745321732048487,-0.11958748654388451,0.34500909405376323,0.622770517623977,0.7022290277385042,-0.18853180295014474,-0.68693706670467,0.7018356115669466,-0.5374157491726832,2.1001584660155563,1.8058528845676103
1.8595604578226332,0.01584626301175107,2.1759052665542664,0.8925037644176957,-0.43620138443496176,-0.11474050164290263,0.38208799089771794,0.5960093256614336,0.7062447528557987,-0.2396785299353859,-0.6741670682713784,0.6986078773864387,-0.5374157491726832,2.100158466015557,1.8058528845676103
1.908944667651587,-0.06531908497101924,1.6620436426225633,0.8775121611450744,-0.46625697227675333,-0.11214652400237747,0.40168222663867714,0.5868907439463948,0.7030011688984884,-0.2619614396148703,-0.6619393404786889,0.7022909038863749,0.08882242823539561,2.0813119357853695,1.7704207700826484
1.8785070722824222,0.05608375279094302,0.889525736883912,0.8491703937429526,-0.5170523849658105,-0.10754754107652227,0.43677455405958227,0.5731030847363267,0.6933836190679437,-0.2968798263885437,-0.6357748701127419,0.7124974969897317,0.3407784607664102,1.9626343788976666,1.695815581198383
1.6803983844709713,0.34896017677097374,-0.05317951230630186,0.8235233783486476,-0.5574907942895807,-0.10494407842085432,0.4671248907944889,0.5614546032977524,0.6830542180793555,-0.3218751026616795,-0.6115331084398749,0.7227888180986173,0.47319054716178144,1.7375223140672404,1.6242453824161662
1.4735665203365653,0.7347023826247165,-0.9468250107307467,0.7979210053341745,-0.5936225956275588,-0.10456712297323696,0.4968552440113897,0.549534626683881,0.6716744453779595,-0.34125787279546016,-0.5878978721136925,0.7334297213907469,0.528611286702912,1.4631379302393104,1.5460073004222563
1.4059567011236103,1.0039121178167139,-1.5365926062079025,0.7759111793065478,-0.6219311421517423,-0.10565744767384583,0.5225894492050672,0.5398697585292602,0.659879467331044,-0.35335833003718253,-0.5672233230812955,0.743905634032936,0.6211611594501955,1.1935415917181418,1.4084753024935792
1.4532832127437703,1.0527757752298976,-1.8059794462131538,0.7555892105496606,-0.6463794287201751,-0.10620065455693142,0.5473387243687018,0.5339280960166393,0.6444696339553077,-0.35986840054022906,-0.5450820327358319,0.7572188005333658,0.835800287003235,0.9996033359139309,1.191131600174675
1.560372241548387,1.0844552709636843,-1.9271730094575334,0.7410688961873145,-0.6632827225219177,-0.1042733000706693,0.5660110942094662,0.5335980745888914,0.6284143028503013,-0.36117631751752216,-0.5247181384314253,0.7708583156881296,1.0581952260238006,0.8854219950290494,0.8927169216404176
1.6038394483610143,1.403381663551233,-1.9987511434148022,0.7280456783425694,-0.6785056735187638,-0.09787513090441602,0.5838530672689712,0.5388904765579625,0.6072171358877693,-0.35925629582141216,-0.49922650698653875,0.788484501201321,1.186211321234329,0.8076540394467446,0.5406953656990345
1.5364165926110318,1.894729895592812,-2.026682262151719,0.7215957630853562,-0.6865013285939819,-0.0895292161026784,0.5938225332572422,0.5472591149786481,0.5898154457698932,-0.35591340757719975,-0.47877279257648353,0.8025598167085741,1.2145961295992012,0.7262298014022345,0.17766636498659802
1.4247174593997023,2.452701581411592,-2.0239122870522035,0.7188236348239813,-0.6908348485582634,-0.07771611181679697,0.5991568332706358,0.5589454441129874,0.5732286451761097,-0.3525672576453224,-0.4586144377609765,0.8157016159807695,1.081316884284904,0.6539265423651894,-0.14664353936873858
1.3968491515165387,2.797514427405894,-2.0223281416574084,0.7203679667993745,-0.690884235371971,-0.06122879815758462,0.598063061641178,0.5740177002733893,0.5593069408412787,-0.351269934252443,-0.43952548627734517,0.8266963046989784,0.9105608285738787,0.6653397906429716,-0.5229832591292074
1.4809679474843471,2.887874068005564,-1.9918159849595038,0.7263033228743964,-0.6863961407838316,-0.036658165511558156,0.5897063038858611,0.5948159933135156,0.5462969972970121,-0.3531712875346559,-0.41839487570418255,0.8367889636255927,0.7923400764903176,0.774489448812549,-0.9306004506621498
1.5761026733992831,2.8801368950929245,-1.9007182920865504,0.7360477315000727,-0.6769192822427285,-0.0037446337051914927,0.5734266667407332,0.6205562397062729,0.5348755100322152,-0.35974379052904965,-0.3958411786178898,0.844922580172994,0.6778854804948489,0.9657334294237712,-1.3870205451956688
1.5507721053343015,2.855033358039556,-1.7511671308093133,0.7524128184799168,-0.6568186865371888,0.04964034249146384,0.5417211590705764,0.659911447793103,0.5206294909884011,-0.3747174087260143,-0.36483707882721156,0.8523384125513098,0.5704661745940572,1.1712757740099196,-1.8566096787538715
1.3716709918313017,2.8822834930985413,-1.6751380789011048,0.7616780319851196,-0.6429009549352167,0.08077708669332817,0.5210784591544958,0.6818516594900319,0.5133766198960226,-0.3851283097831828,-0.34893649364042717,0.8543532690927516,0.4705514502406125,1.377605492280916,-2.312742864044238
1.302174252144386,2.8073923294198497,-1.827443963391166,0.7786482353550224,-0.6106658082047132,0.1442019287949858,0.4756058911405777,0.7243101220547258,0.49917319980287844,-0.4092749221377807,-0.3200970443143024,0.8544190542879763,0.3600905950901936,1.595229255362708,-2.75104263929403
1.1926603775692493,2.482046228423072,-2.1630248002745223,0.7919089042977984,-0.5753060434744581,0.2047028178497443,0.4295051486025449,0.7630625003542733,0.4829709596621622,-0.4340571559342919,-0.2945480892738054,0.8513728962607295,0.3227629680800461,1.8035252207747314,-3.1822716081465465
0.8543752434995988,1.9173193010294118,-2.557322494195489,0.8038734291040429,-0.527724775734157,0.27439765133258964,0.37333375900995347,0.8067984097350392,0.4579281935331226,-0.4630436419647779,-0.2656744005833932,0.8455812784769114,0.4018920661682186,1.957311397909407,-3.6270851658359504
0.26456523195903037,1.3711288592861153,-2.9117624584501707,0.8123783955344407,-0.4718761270973968,0.34259927487437813,0.313569729211059,0.8488434142760012,0.4256041387989119,-0.49164557090590283,-0.23832284556001399,0.8375481203446076,0.4695873634579184,1.9889011593607324,-4.016194978639222
-0.44439803070919237,1.018006764365813,-3.143712545271867,0.8176524021405516,-0.40248497811227846,0.4116435249918854,0.24505505610350917,0.8903238876597922,0.3837595530282719,-0.5209535188017178,-0.2129065932664187,0.826606444320267,0.45776119392038706,1.8876842479727325,-4.330560231325112
-1.1439507762017125,0.852779577993216,-3.230527580713585,0.8189659819561511,-0.328470870006662,0.47053332289611965,0.17627082846286768,0.9243252492541276,0.3384544705337904,-0.5460982653622067,-0.19424139916187053,0.8148907677842633,0.3800840529597984,1.6709136335803751,-4.550979773232557
-1.7372308507433576,0.6929854307115146,-3.224091171269247,0.8162069717871688,-0.24323016727610094,0.5240660883255659,0.10010483221519467,0.9528828311400013,0.2863447793932744,-0.5690212665385952,-0.18125505743414597,0.8020981251576117,0.24411652197610212,1.3998846764932549,-4.680762791829735
-2.2241603713971885,0.2547065677408935,-3.2505885751722525,0.8093365330845258,-0.15326796412368554,0.5669949800378314,0.022730539629107305,0.972802434273222,0.2305184297193233,-0.5869051872175685,-0.17367888485787192,0.7908084130632622,0.16031412135230677,1.0853220196284927,-4.7572036002600555
-2.704510479318279,-0.4816361230322322,-3.4205719181021776,0.7992865824475047,-0.06315175183491842,0.5976226362509781,-0.05194081049820432,0.9834819073172201,0.1733940315710772,-0.5987011870074894,-0.1696325270101911,0.7828037394238468,0.12808558808276546,0.7432947333662776,-4.814350299416687
-3.2345871659162975,-1.1893857888852777,-3.6299887188434865,0.78539387234803,0.030796817864913797,0.618229747980119,-0.12857993484902938,0.9850931129856617,0.1142749277069859,-0.6054945628429578,-0.1692427687010971,0.7776459474658121,0.012384496218447345,0.4141075340843505,-4.697059869468394
-3.7365073798386494,-2.24461079798551,-3.586214166984825,0.7589740564014125,0.18313114809664896,0.6248370702082173,-0.2601335654003364,0.9650034729403172,0.03314853488820614,-0.5968994135209829,-0.18769997285543005,0.7800511587892013,-0.49797401674885317,-0.15733147195706215,-3.9387225208621475
-3.670537625260897,-2.8839224305150855,-3.419339363933441,0.7345555036307949,0.26908706641361846,0.6229128051137028,-0.333604764968659,0.942612083559202,-0.013795677525395358,-0.5908773754984309,-0.19767298909333061,0.7821696213143237,-0.4979740167488536,-0.15733147195706232,-3.9387225208621475
-3.4272630154884283,-3.822142447214851,-3.2495326704513667,0.7222776571434826,0.3128096285757605,0.6168185488955535,-0.3754149795078885,0.9263650083204141,-0.030190470692082173,-0.5808429901035322,-0.20975702045417416,0.7865261681710108,-0.8895931359495199,-0.3865306923475195,-2.699041153648573
-3.3172680062333084,-4.614205472981249,-3.107601689101415,0.7021340918454764,0.371987772866965,0.6071513929044411,-0.4318778624446121,0.9004188124583842,-0.052225224760686834,-0.5661176812276748,-0.22554613498906856,0.7928680293673669,-0.88959313594952,-0.3865306923475195,-2.6990411536485737
-3.0283110320964615,-5.391319819229929,-3.140859427121308,0.6999551279876239,0.388370652770846,0.599358869851924,-0.4487340939266495,0.8920342854753436,-0.053968013529502624,-0.5556082538548688,-0.2311775715826233,0.7986591254380699,-0.8019171234289041,-0.7005506084041315,-1.2898887035619084
-2.5802531396410813,-6.086682434767297,-3.2894440509992666,0.7052086541279334,0.40229982033401174,0.5838112783274149,-0.4641350371242147,0.8844191806624662,-0.04879938718912614,-0.5359658771384341,-0.23655351917811873,0.810421502125699,-0.6852373635107115,-0.8900984584090166,-0.5146242505480328
-1.8604896529193709,-6.548514513391925,-3.4452360654813035,0.7181838574298426,0.4010464560892415,0.5686595527953885,-0.4657236253270455,0.8842213171264327,-0.03541422244563107,-0.5170236471762427,-0.23940426562084327,0.821810285810003,-0.635132875150552,-1.0165869954930655,0.3498025355957839
-0.8909360912474633,-6.652404896891051,-3.4809336243190727,0.7440370589988831,0.3811980560013685,0.5487229692085704,-0.45213952416412295,0.8919232180774718,-0.006543985251004844,-0.49191331098571794,-0.2432303746555984,0.8359786356839292,-0.6651307375765316,-1.0828813837765765,1.2706213509413942
0.026876676976953506,-6.39453498707199,-3.451810791550071,0.7738400577830429,0.34886197828099824,0.528646275954163,-0.4273738638156547,0.9036001994044198,0.029296077614062062,-0.46746459277426994,-0.2486000799399701,0.8483365221162086,-0.7862782758607438,-1.1847442663217087,2.158576336909812
0.7571150866360596,-5.910971479577939,-3.5108583679119025,0.8114487143781992,0.2985895602064423,0.5023895485275254,-0.38767988032771455,0.918280886889353,0.08040225844334276,-0.43732744519759503,-0.2600086292980002,0.8608950100723767,-1.064392211371079,-1.2911393610605124,3.0288475512270283
1.20495961022066,-5.287663040619965,-3.693263104485723,0.8437136294486102,0.2472675247522766,0.4764515533457051,-0.3460296186441708,0.929092059714261,0.13058119158929377,-0.4103788670285326,-0.27503948040016496,0.8694495210865224,-1.4076167236004906,-1.3780064589353174,3.8150793340540203
1.4137958118942957,-4.813786606406099,-3.915014336406484,0.8869244504189354,0.16674893178846267,0.4307665411756994,-0.2773932431459607,0.9379583971189276,0.20805536265873142,-0.3693480850174186,-0.30402111607830334,0.8781532628604568,-1.7643519153484895,-1.538226737589123,4.431243905029133
1.2807574897831597,-4.643724072096671,-3.9999784638379774,0.9207950793627683,0.09205348425944164,0.379028465760831,-0.20851252452834676,0.9374146190516147,0.27888413203897044,-0.3296345687820497,-0.33582731875773786,0.8823610729400175,-2.0668772746133226,-1.7999793368664965,4.884742572563264
1.2446229150150279,-4.4800126405773995,-3.615846828448853,0.9510981039640735,0.008607831595772539,0.308769010542125,-0.12427313198961905,0.925805550561543,0.35698777460149433,-0.28278717315577534,-0.37790208756324123,0.8816016259705446,-2.344332046619133,-2.058152590099997,5.217320458413667
1.2732298208448856,-3.8077340154063153,-2.737234508997912,0.9718265167149797,-0.07628487437209679,0.223010850300299,-0.029868166041556465,0.8986879040086803,0.43757050157180116,-0.23379716436890918,-0.4319035414655884,0.8710902460724366,-2.7633604400077876,-2.228224142874968,5.463062913034625
1.012155620628104,-2.7404374679526478,-1.6180370020972599,0.9798652821113419,-0.15494846443447602,0.12591664815368017,0.06882667600958876,0.8541379414831737,0.5154718863219956,-0.18742176389718115,-0.49642658096468134,0.8476047027532256,-3.24471033410397,-2.3602362679491677,5.585431245635332
0.3827833057298626,-1.9502038299539932,-0.4978271228198481,0.9736427459522653,-0.22793122405936697,0.008195142056770577,0.17913929955903823,0.7864724443711113,0.591075465231323,-0.14116980770699183,-0.5740282670250016,0.8065746301789081,-3.554986598502065,-2.525754276177481,5.545744853199835
-0.4082407062607286,-1.822012048784,0.4454729673898087,0.9549364611260428,-0.2777145032743542,-0.10474258867885539,0.27794972843926474,0.7129321623540025,0.643794750166374,-0.10411677901571897,-0.6438962544947157,0.7579955869100204,-3.57406281930157,-2.6955103548680848,5.383827022429756
-0.9909495376382197,-2.1309589308496975,1.2276218474397342,0.9276130134054387,-0.30876817847924126,-0.2102291828445623,0.3661889841335034,0.6405426663527644,0.6749894224956142,-0.07375449315230677,-0.7031125831190205,0.7072432185603077,-3.294500706603203,-2.786890698402728,5.134529192143218
-1.265091903267321,-2.340975789941342,1.9680621188664023,0.8903337410791523,-0.3278010127949344,-0.31599418587470174,0.45297978256616633,0.567617385985159,0.6874735047357697,-0.045990717349361485,-0.7552198349738896,0.6538561422665542,-2.7630226581748123,-2.7333707392033983,4.834643374980116
-1.4585589378311918,-2.201363342952164,2.6484475813056916,0.8499446825007265,-0.3358459447111836,-0.4059575570300315,0.5263868612269933,0.5082292188705024,0.6816303495398894,-0.022603296581087805,-0.7930388152589571,0.6087516147628155,-2.0889499166602654,-2.5834308105941797,4.501196999008457
-1.858596807347183,-1.4474536856068925,3.1162742742090748,0.8006428226718025,-0.33712005979446613,-0.4952990367326628,0.5991399672870753,0.45262154280900463,0.6604279208092565,0.0015395140046004507,-0.8255203233533204,0.5643702912337406,-1.492007913808861,-2.386030664952735,4.143360883548613
-2.308733360313025,-0.40207242839249857,3.1641711557585097,0.7540988434454197,-0.33268652453962677,-0.5662637289320447,0.656364622827639,0.4117119661720534,0.6322015017469289,0.0228126327856125,-0.8484179001532705,0.5288351827222751,-0.9854029686812273,-2.1754099005892087,3.6958617928185875
-2.301868310762766,0.5174357121651763,3.087873368705258,0.709404820277669,-0.3251626811838789,-0.6253111479352647,0.7033753527348111,0.38303172886788933,0.5987902870334945,0.044809754875333604,-0.8646131652049865,0.5004359703520773,-0.4476125988206665,-1.9155186370499218,3.184249336388006
-1.6158095680557025,1.2889735539575775,3.340414016626372,0.6692917519627329,-0.31918425416167323,-0.6709470639699613,0.7398517182615858,0.36933975786762807,0.5623233751531765,0.06832265905272022,-0.8727597350666086,0.4833450724962727,0.2014403852617721,-1.51371438962547,2.69193421778086
-0.544828073728246,2.278018296868233,3.8237664844481003,0.6339980600397955,-0.3167411513754725,-0.7054938007460557,0.7674822438111825,0.36972804967030964,0.5237100101406704,0.09496033540551702,-0.8734850956440687,0.4775000757982581,0.8235356654293071,-1.0699745553000635,2.201001790634569
0.4123273053844576,3.6883378429222766,4.108166560172631,0.606089874410826,-0.31746803963820147,-0.7292935677386344,0.7857219352514899,0.38153678239102595,0.4868990903127215,0.1236774215502671,-0.8681265619084461,0.48068718300751156,1.2882045495556753,-0.6867213113456525,1.6880903681229955
1.0888070725701957,6.955491660335047,3.9767224228870908,0.5683666147064184,-0.3217408282811468,-0.7572596851174154,0.8025058134144998,0.41981471645961943,0.42395757249972654,0.18150429946174212,-0.8486686298319798,0.496807554306505,1.5809447445796352,-0.4079765961782326,1.1497390324874794
1.2420008072461064,8.234829353664814,4.002819467549103,0.5690797995486185,-0.3217621727124257,-0.7567147982939695,0.7936408085606251,0.455694503182687,0.40308409390140987,0.21513356022002061,-0.8299467597264671,0.5146901274423235,1.8302491681902413,0.018761393609615484,-0.03386890145979693
1.5642775693809174,9.124936072839894,4.028653014302675,0.5790881902985587,-0.31912958350869824,-0.7502087554716386,0.7785400865852989,0.48954384789438454,0.3927112865305941,0.2419342915679698,-0.8114820576687594,0.5319442345257439,1.8492832215003103,0.17813766220700994,-0.5902205269100266
2.1602753223880686,9.636466040342938,4.074752474031588,0.5990598399840488,-0.3132042102873069,-0.7369059850324126,0.7546188537393039,0.5285646490432563,0.3888056035642464,0.2677269013369127,-0.7890009723948908,0.5529916562304089,1.8251233150733637,0.3500248957484653,-1.088594628457489
3.405193889025509,10.156735964644538,3.498326494437527,0.6502664970090757,-0.294648214028258,-0.7002398966336489,0.7010293510096881,0.5879247970693687,0.4036115484149043,0.29276497722658246,-0.7533437880283469,0.588864844551463,1.6081471014363868,0.6444105416809889,-1.909659384264625
3.843819157696545,9.974461430825247,2.699244733652382,0.684084676312823,-0.27932538745361385,-0.6737992902622179,0.6633630952322997,0.622345649463308,0.415494039040172,0.303278023466593,-0.7312066879603751,0.6110312757659906,1.5304008696439197,0.7520196901666059,-2.2286218933968653
4.113144732970006,9.313722073662705,1.720429642645497,0.7207680222255604,-0.26137232260674564,-0.6420108777210937,0.6194809599354517,0.6584584363079561,0.42740592875196803,0.31102539834313475,-0.7057740407736999,0.6365109621644054,1.600877464753315,0.9104920514365906,-2.422911852690139
4.251595345449072,8.378243352191554,0.9000932100217995,0.7596773766989505,-0.2391948638252414,-0.6047115845189546,0.5680125372725265,0.6968273390897308,0.43794225304068535,0.31662602677769197,-0.6761785833762771,0.6652296464757281,1.7103825783082458,1.010937108520912,-2.592306168346041
4.316316898976242,7.571190607417864,0.3843332418708605,0.7978162874856314,-0.21170848059569058,-0.5645074761830069,0.5114908711206038,0.7333480977883134,0.4478589691304037,0.3191649419703398,-0.6460496008157004,0.6933640119756309,1.7051084371295673,1.0248720376233358,-2.797849816679523
4.322221370442996,6.9748629258241905,0.26256925978655943,0.8321018995566598,-0.18033429282209176,-0.5244863883710941,0.45400123517969687,0.7646572811616464,0.4573643195766236,0.3185738646052247,-0.6186911872645626,0.7181447678509234,1.6333218177751794,1.0051636494215996,-3.0233843154295093
4.321329641233294,6.384653194964963,0.5646952967575767,0.8669286472146917,-0.13986058328355663,-0.4784075019082452,0.3867052069057425,0.7943105763804028,0.4685400636041905,0.3144738519980502,-0.5911934755169538,0.7426954092464099,1.5059362550217013,0.9786917198934066,-3.2719908439389673
4.36167649957314,5.593208440003043,1.2200942748495447,0.9027194490547945,-0.08680605829548167,-0.4213814240583102,0.30366611872087285,0.8223767999342779,0.481127100952396,0.3047695598960125,-0.5622820530419386,0.7687355905561627,1.3855808049533769,1.0087895648683054,-3.521938257233841
4.316350931894242,4.533080633396542,2.143739473091291,0.9295046166830305,-0.035217864742229134,-0.36712514156337783,0.22549880127684943,0.8419578608221316,0.49016043416673655,0.29184149497224765,-0.5383926658144755,0.7905453049696424,1.3192935355298614,1.0680517729036312,-3.724396788160049
4.201914208945237,3.154474824429468,3.213931839548091,0.9490057341803735,0.01414990080185835,-0.31494110052526875,0.1516025143955707,0.8554183002143106,0.49525368175047413,0.2764141713474743,-0.5177444465812806,0.8096517114861991,1.2931968856060414,1.1422198795414285,-3.836506248669618
4.110241529482624,1.4342621427278552,4.1405468802563075,0.965021145789541,0.072937973009977,-0.25182184232555604,0.06424723989102638,0.8654417213913443,0.49687314179936437,0.2541780485121138,-0.49567194692496175,0.8304834981420102,1.2425816079914858,1.2101204946604691,-3.859033911623194
3.9801298627806356,-0.3044544740939721,4.59612632535767,0.972774059061218,0.12485746875820751,-0.19524661972196833,-0.012412181883965805,0.8693270380954382,0.49408140885596114,0.2314229196912898,-0.4782061410432799,0.8472085451115636,1.1886615068435282,1.2517186322473894,-3.811907095061172
3.853476531666148,-1.8346851356072582,4.413472847560783,0.974484547003968,0.17976450389083928,-0.13440457875887787,-0.09290896666341758,0.8681542636386064,0.48752035694896334,0.20432276320568643,-0.46259366366930404,0.8627046486306903,1.0875770798735802,1.2784632507660918,-3.728830633029877
3.661739028816146,-3.1520141248509006,3.846128133774759,0.9705645996667338,0.22749565310808897,-0.0790574834577752,-0.1635102992950967,0.8634292325520986,0.4772361495097804,0.17682969178896463,-0.4502617996137555,0.8752117297605198,1.0493332274539733,1.325558412188108,-3.5536051935259474
3.246759244963856,-4.571222204403893,3.180976850701213,0.9615782411356706,0.2733616725181314,-0.02531170030874315,-0.23191766532991945,0.8581974305250257,0.457942536513221,0.14690637386563285,-0.4344773483604563,0.888621376672493,1.269027922805167,1.2631701018308323,-3.2688246561112875
2.686484407512447,-5.892961060664583,2.355410438480518,0.9501607734132029,0.31124760973555454,0.017872607552552114,-0.2880525270348446,0.8545339807566873,0.4322006679783931,0.11924867435600095,-0.41580837072626764,0.9016003285815185,1.5525963014395354,1.1275785522031896,-2.9294983199473057
2.067933817663179,-6.7862363694001715,1.2410588436765948,0.9362695346008113,0.34676364878881566,0.05616342632930088,-0.3394699414575816,0.8520344581195299,0.3984939661070725,0.09033004718899354,-0.39216355523636526,0.9154497411213831,1.7546952853316728,0.9517296669791164,-2.5350570597153648
1.698158142210446,-7.139780417028219,-0.06026302569874664,0.9252441516554624,0.37068892001923454,0.08070306315337192,-0.3731662549713465,0.8509574175282769,0.369619290222068,0.06833890530308007,-0.3721037464586712,0.9256719699188241,1.8013205087128918,0.7852202486921869,-2.106269712298513
1.5098548406716852,-7.175663481212894,-1.5305798351922353,0.910432487203894,0.39895750688260745,0.10929590086432923,-0.41201542859152707,0.8510717834042334,0.32545369270554814,0.03682353658016721,-0.34133521235751774,0.9392200487418143,1.8019470000807631,0.6579844467285358,-1.6579842931379827
1.6304300474581588,-6.92366174433235,-2.7128693626168676,0.9021814351961199,0.41310686786330564,0.12414255399192606,-0.43103985267450956,0.8523471935535301,0.29615689599899214,0.016531890206677124,-0.320697641658916,0.9470373378281358,1.773345972107284,0.5649373559563623,-1.250740192122776
1.8070308511311146,-6.3962062078226065,-3.534456073851752,0.894081432337821,0.42532822290062355,0.1404076036151441,-0.44780045738435564,0.8555734628511991,0.2597475698272637,-0.009651047358261191,-0.2951100683965311,0.9554145198896038,1.693979488223488,0.554502026437272,-0.8790086259554444
1.9371150309727179,-5.8669887861213414,-3.7759403058219783,0.8885346527632427,0.43079376615896764,0.15786988907792365,-0.4571776656852244,0.8603065544786117,0.2255243098199134,-0.0386620335408263,-0.2725607516861373,0.9613614740578981,1.4983999515063888,0.6767582015019018,-0.5052360777441649
1.8913424382111896,-5.702816440223588,-3.4864029055636054,0.886966022843075,0.4281970758230478,0.17302756594984653,-0.4574659541835087,0.8659950370546243,0.2019343867688987,-0.06337329946364556,-0.258263160464962,0.9639937576881602,1.3331413283066116,0.8460640227394429,-0.09449600474759773
1.6501836447422604,-5.762344509938757,-3.1409120737149983,0.8887242870912634,0.4149305606274499,0.19494043036660075,-0.44740528615140085,0.8777521699767581,0.17140489498516367,-0.0999882566000033,-0.23954907213028875,0.9657217977158891,1.248569872685848,0.9137795074917614,0.3110354057090439
1.4436255784039458,-5.798351092698674,-2.8564478916702356,0.8915079896468616,0.40334133316007115,0.20622626738722585,-0.4371905172946238,0.8852960869434354,0.1584780427387343,-0.11865056250802133,-0.23144460980393924,0.9655855408037298,1.1341005640447612,0.9826782283879091,0.7070310425217801
1.3535797482115646,-5.602680987897232,-2.812723897256017,0.8987127843785842,0.37667136623541625,0.22457518351954522,-0.4126202597377706,0.8997468536816913,0.14212712810660597,-0.14852559526366746,-0.220395737590912,0.9640362370799813,1.0058285322888278,1.0258116461087996,1.0862329332184721
1.3238942524694275,-5.328121197101817,-2.9187768118224393,0.9069437191634596,0.3455316975507242,0.24095837038307358,-0.3831319252223566,0.9143764195524201,0.13086516435593834,-0.17510858958189837,-0.21100618321322098,0.9616721751721975,0.906955258943956,1.022365773068965,1.4149253862172952
1.2041139242433205,-5.0227593727459645,-3.099197035002854,0.9151314937635638,0.313003322027322,0.25409303320226795,-0.351784853818112,0.9278268440122823,0.12403533429784123,-0.19693086539757415,-0.20289472129670716,0.9591933935988576,0.8151012091634304,0.9574102539189816,1.6811203780727586
0.9767486844754155,-4.604601885476354,-3.382911223614779,0.9247931209599046,0.2707120136337368,0.26734376577658747,-0.3109980692422587,0.9426399248342462,0.12128550216771017,-0.21917546476014652,-0.19530739305733955,0.9559378315896482,0.6502693233684952,0.8827817015772679,1.901067588589289
0.5980005991048158,-4.166525118479802,-3.774132988223586,0.9332650258209927,0.2289614534574836,0.2767544839925427,-0.2708482622988726,0.9546606053687878,0.12354896748488134,-0.23591865205833712,-0.19026240140273643,0.9529651663221695,0.4705529166915007,0.7647526007575414,2.071956086039521
