0.21238669502867616,0.7439791138651867,-0.3209264315265567,0.9998934867986932,-0.001382050117568968,-0.01452945267462278,0.0014982858545798422,0.9999669396408085,0.007992168973037065,0.014517926747629684,-0.008013086974951539,0.9998625006670079,2.301062,-7.2541733,6.1690416
0.8149413968979694,0.8478837908929205,-0.16779796002493275,0.99953213996639,-0.002103444371735363,-0.030513549383576324,0.0027087180036858513,0.9998001236853405,0.019808471055441222,0.030465784430824108,-0.019881856064079113,0.9993380548035093,2.3809617,-7.312265,6.0607743
1.23795690974364,0.3970955810485501,-0.258727250492555,0.9989752185176102,-0.0020044272709680796,-0.04521609292064446,0.0031608485624056606,0.9996693540619148,0.025518455787909847,0.04514999251448989,-0.025635226169265037,0.9986512471104174,2.4639556,-7.3481507,5.9828568
1.5560517602226422,-0.0905220240458623,-0.3885808601020955,0.9983023222559185,-0.0006117622704381882,-0.058241730102775266,0.0021043789227354137,0.9996708172156312,0.02557007619819215,0.05820691512002331,-0.025649229118167933,0.9979749856974642,2.5537002,-7.3487062,5.94581
1.6560346740016947,-0.2542252495757357,-0.45302971178459933,0.9974384686026023,0.0005090592343630665,-0.07152791210703087,0.001174825059897355,0.9997232030576342,0.023497596776325458,0.07152007506829017,-0.023521439728044984,0.9971617826287497,2.63759,-7.3393188,5.9220138
1.4493970471802688,-0.15486651596282,-0.5340335320708288,0.9964513994247075,0.001437558147712939,-0.08415783986720382,0.00017725469445227618,0.9998160831190057,0.01917729171031908,0.08416993029173346,-0.019124156534114714,0.9962678803773326,2.7228515,-7.3168488,5.910895
1.0665054670077119,-0.1919970662391691,-0.6229698578048952,0.9950685485613907,0.0014294692254653827,-0.09917933394442885,-0.0005584782067955881,0.9999610423920635,0.008809188400216557,0.09918806261854106,-0.008710356818834863,0.9950305813984154,2.8137162,-7.263817,5.9290543
0.8103237260046642,-0.33196405583492644,-0.5678659796839128,0.9935158486365472,0.00041095825545685435,-0.11369296205708358,-0.0011463317821951576,0.9999788450430025,-0.006402764239606741,0.11368792561853833,0.00649157760295057,0.9934953019460022,2.9081483,-7.172441,5.983737
0.7636088984724272,-0.35210373297773406,-0.3480715364363821,0.9917481986592527,-0.002360018349011164,-0.1281793305081579,-0.001229288629025641,0.9996095194031773,-0.027915901705216906,0.12819516100693426,0.027843114623567422,0.9913580390870216,2.994815,-7.0490007,6.0729647
0.6300592242069993,-0.4810128984998189,-0.23049180115869738,0.9901587427311163,-0.0067096942568845575,-0.13978785425105378,-0.0008488469550107312,0.9985437174451237,-0.053941855823840056,0.13994621699775128,0.05352965863754511,0.9887110963239796,3.0656464,-6.892119,6.203766
0.21306183998294898,-0.8090723397043358,-0.2580653973576962,0.9885022203554411,-0.01344712061246572,-0.15060722193705198,-7.192255121763304e-05,0.9959957499842231,-0.08940056398318677,0.15120633313293877,0.08838348805404234,0.9845430431727661,3.1240036,-6.6901274,6.388551
-0.29352068881638405,-1.0828242520018174,-0.274267153863931,0.9869448588031662,-0.021369423450210992,-0.15963456212050023,0.0010413024896594085,0.991984694435802,-0.12635379572547029,0.1610551500918965,0.12453800121454658,0.9790564462186854,3.1767013,-6.4593477,6.6057663
-0.6298097793055438,-0.8544914661018412,0.1083765342383676,0.9853195409346782,-0.030542916008417215,-0.16796586716942633,0.0033703555049130994,0.987154493782818,-0.15973304638727365,0.17068697359800222,0.15682198725335414,0.9727655531307957,3.2172973,-6.253226,6.7918763
-0.8221114472862212,-0.6167108002182978,0.5712372930161377,0.9840785629799897,-0.03841375466881826,-0.17353318223176126,0.0067420200833058185,0.9837297496104462,-0.17952806158527218,0.17760610081985959,0.17549975265969123,0.9683263446627651,3.2383652,-6.099162,6.9263353
-0.7614288795170349,-0.7891004739171967,0.8168237973214894,0.9822803800320444,-0.05085075814975632,-0.1803869601708971,0.012759461903060602,0.978399561365191,-0.20632860793488222,0.1869824888486785,0.20037090286764933,0.9617115212723387,3.2487488,-5.968904,7.041707
-0.38878983150981006,-1.3537995861429981,0.8886322807007483,0.9813008795376782,-0.05977049958682435,-0.1829646719935855,0.017859072922432304,0.9747369649938479,-0.2226407478179449,0.19164977780558515,0.21520998223531335,0.9575776867770809,3.238475,-5.8471727,7.156769
0.13851758953494447,-1.7791949076093372,0.9498973107377631,0.9805181124539465,-0.07252236224217838,-0.18255064536879678,0.026909781340931627,0.9701798662155195,-0.24088771421187144,0.1945767067712197,0.2312823689018495,0.9532304920727279,3.19814,-5.7436934,7.264928
0.5031338380639593,-1.8989424067772191,1.016166638375243,0.9801119147752845,-0.08703623050452575,-0.17834048641598027,0.039597825959003075,0.9663901065068636,-0.25401215369539604,0.19445474202200858,0.24189844279204442,0.9506169032159788,3.1216094,-5.6787963,7.3515577
0.5860019279811317,-1.973469324950206,1.0190662765934824,0.9798092409784807,-0.10366319559349979,-0.17096137918406423,0.05635141102085703,0.9636042773780742,-0.26132607044578965,0.19182901180252176,0.2464157837842842,0.9499899429640528,3.0116546,-5.6604753,7.409848
0.5375845008487328,-2.0871032329391346,1.0096269731935013,0.9795716674313752,-0.11463573720690426,-0.16522105229281342,0.06835553162278268,0.9624965271762124,-0.26254134240210136,0.18912130938178742,0.24588428768174714,0.9506703147826576,2.8701692,-5.679311,7.4449234
0.5907906056232123,-2.2128243379329744,1.0578885069307544,0.9789821580331922,-0.13444670155533495,-0.15335585640452232,0.09113555085014435,0.9610830071458535,-0.26079448756966467,0.18245066627424122,0.24133697979458896,0.9531359905909077,2.6928926,-5.7259417,7.4653215
0.7998963792176479,-2.4998605563938603,1.1985590718241206,0.9780951558115263,-0.15337242546555643,-0.14073651013450084,0.11348547390691086,0.9596859832596691,-0.2571456022315874,0.17450190082102263,0.23554131833233452,0.9560697537147146,2.479126,-5.7887864,7.4802885
1.2251629132735846,-2.860249328513126,1.4266817335924098,0.9763959922713183,-0.17636411140912908,-0.12468587122595763,0.1409841369913033,0.9577490234393876,-0.2506796386181307,0.16362866311659843,0.22718386454096462,0.9600068501312408,2.2251542,-5.8656693,7.4878554
1.7634658727524402,-2.9855593308500947,1.6232003689065702,0.9737129936840109,-0.20187605593050337,-0.10549437886857281,0.17194241037973365,0.9552052582976011,-0.2408707579458749,0.14939482401920431,0.21640002902623912,0.9648068272943103,1.9116333,-5.9603286,7.48009
2.199837115179852,-2.8910610504428833,1.7076768508606395,0.9690165099845115,-0.2329971277624757,-0.08197159161486384,0.2096812645958395,0.9513993978834402,-0.22555033359433643,0.1305403027992774,0.20137409009468762,0.9707768565348109,1.5333649,-6.072441,7.4478197
2.4949468935877928,-2.770667430412242,1.6690960832152961,0.9617620259425035,-0.26754858665945985,-0.05857951204556951,0.25057265420888336,0.945884371340026,-0.20619432828620338,0.11057644603479944,0.1836314510948728,0.9767560287764308,1.0993392,-6.1995378,7.385916
2.784219499671747,-2.5683871869694084,1.4088123110918025,0.9505551494517466,-0.3088267989621581,-0.032724854370257114,0.2980921340612378,0.9368795247489948,-0.18275074751396786,0.08709757437256685,0.1639596424394848,0.9826144962239924,0.610141,-6.321901,7.3043275
3.0028720350130396,-2.206148072318082,0.9068456020394552,0.9363392079294517,-0.35105553987580124,-0.005375464310806835,0.34588302193114445,0.9249554768467814,-0.15755094728665403,0.06028119801253543,0.1456618473508154,0.9874962295586349,0.07186432,-6.427394,7.2021484
2.953473063519923,-1.5292170764429367,0.3937164175607426,0.918773709832633,-0.39412973759848546,0.022729277615662263,0.3936070846129933,0.910070444507866,-0.12978924830553012,0.030468558594734844,0.12819335385972072,0.991281055484949,-0.4862259,-6.513692,7.079367
2.5711923038979516,-0.3116152914917546,0.06087934692179561,0.8982790622161485,-0.4369154460016058,0.04690010052541997,0.4394234335744319,0.8928206212125493,-0.09888571364607529,0.001331318794825613,0.10943596932843702,0.9939929558137779,-1.0467651,-6.5921187,6.926706
2.0211679003097056,1.3612674123833726,-0.2634037509100827,0.8742388882286801,-0.48083718980561707,0.06709667062171008,0.4846305776615501,0.8725544620342239,-0.06149726806613089,-0.028975325780972686,0.08628040150580138,0.9958494478644265,-1.600386,-6.6795835,6.7322874
1.4004895181790995,3.092898752753862,-0.952364629578799,0.8495523367220905,-0.521067765535837,0.0821535811119975,0.5243409883977875,0.8511840713189799,-0.023499034424337754,-0.05768323028460473,0.06304014952659145,0.9963426039729493,-2.139296,-6.7744293,6.5070953
0.6360601156112093,4.4893856326273776,-2.059811132582007,0.8237702231561843,-0.5589692878001485,0.09463590617416105,0.5603192120008861,0.8281558253066533,0.014153079995579208,-0.08628441402661284,0.041367430508190015,0.9954113398938317,-2.642772,-6.8569884,6.2803164
-0.20837494057626582,5.4436432766366005,-3.165514854830759,0.8017546328391869,-0.5884950363887264,0.1042262004811251,0.5873293176506823,0.8081056776057293,0.04482729580700066,-0.11060642544121926,0.02527461111898687,0.9935428590070482,-3.0725694,-6.916322,6.0750504
-1.149594792627997,6.315275082848822,-3.9881920308874683,0.784568897971869,-0.6099367321779129,0.11148464950537029,0.6060260105470721,0.7923504370520488,0.0700946463278493,-0.13108821028454962,0.012568517953809442,0.9912910336933536,-3.3994384,-6.9622164,5.902031
-2.2122406343303664,7.316776171049746,-4.556677532708907,0.7762293329548536,-0.6198125632539899,0.11532739957608086,0.6133808854277016,0.7847482602019772,0.0890733265455919,-0.14571174301473072,0.001598293617496067,0.9893257974020088,-3.6034684,-7.0147567,5.7616014
-3.2156541879966527,8.251145230460878,-4.956956492174778,0.7782251678012532,-0.6175843236678197,0.1138208740103173,0.6089373136434036,0.7864232412490837,0.10360421649739711,-0.15349572063567674,-0.011317631512217412,0.9880844978864345,-3.6560044,-7.096823,5.6445327
-3.9021105972632166,8.96519852215536,-5.276781165520163,0.7901185894263759,-0.6038059124638665,0.10550371897023832,0.594060368105542,0.7967411959647349,0.11088618353514891,-0.1510128924601514,-0.024937656793702793,0.9882171925161278,-3.5396988,-7.2048674,5.5578537
-4.070907645323583,9.263589814298378,-5.565389514385989,0.8100474220001684,-0.5792104131251716,0.09131523114053049,0.5699131250346983,0.8143448525130336,0.10973372817283135,-0.1379210064640799,-0.03684777487030394,0.9897575649940958,-3.268167,-7.316559,5.510106
-3.758803336026459,8.960174100214854,-5.789465206474274,0.8360800977710077,-0.5435580355338085,0.07426124236672024,0.5361265197620129,0.8382483445346063,0.09953927713652949,-0.11635473741577379,-0.043409387137092116,0.9922586357342966,-2.8597534,-7.4063263,5.514084
-2.9898970609294357,7.658210581274758,-5.478834361764372,0.8664594324610074,-0.49653506056709595,0.05197100659963126,0.49209578006802085,0.866964197709061,0.07883414951611428,-0.08420092124552099,-0.042731879414712945,0.995532114671893,-2.322284,-7.462691,5.5663376
-2.4400707176683216,6.011806028087938,-4.861846704811962,0.8975806159459182,-0.44017806412669686,0.02433741440291857,0.43863947814829113,0.8972391978831913,0.05056906160609433,-0.04409587381989983,-0.03471445871103044,0.9984239882276761,-1.6478393,-7.4700685,5.656862
-1.9489838495503964,4.150501215324959,-3.8886541682095546,0.9281078429616761,-0.3721743502970836,-0.010103702982980717,0.3722906344055988,0.9280012096288882,0.014609533229899746,0.0039389550519554895,-0.017320736366058964,0.9998422259160868,-0.8751999,-7.4183226,5.775824
-1.6597462230294706,2.405120188668139,-2.5304149414152954,0.9522700058311006,-0.3008402583313396,-0.05173949131532296,0.2999711905195637,0.9536463580240506,-0.0239980975441448,0.056560771323515925,0.007332311681563935,0.9983722333642359,-0.02846985,-7.308551,5.897026
-1.334374524127679,0.6612708460933988,-0.8824935479059993,0.9675635103205683,-0.2313064895610546,-0.10157835095669243,0.22583838728448308,0.9721551543450816,-0.06254101621362422,0.11321606036637663,0.03757211422359309,0.9928597382852651,0.87516177,-7.138498,5.9933014
-0.4895375504298902,-1.2066429789066677,0.789419614035914,0.9735472950770885,-0.1638701256154243,-0.1592238869606861,0.1491962157370017,0.9837187489889654,-0.10018938116058608,0.1730495693662435,0.07378349963486541,0.9821455298089934,1.7820358,-6.9227357,6.0519347
0.9387764302753231,-3.179411023370564,2.4892013048962522,0.9713396309314096,-0.10811406298511528,-0.2116853107017191,0.08166888374337464,0.9881535352523625,-0.12993376849905977,0.22322525576229932,0.10892171570952504,0.9686622450765531,2.6059036,-6.6918535,6.095607
3.1280302046922195,-7.583662523563614,6.0077230560826,0.9528903045535956,-0.025363628100530257,-0.30225279793135695,-0.029403916147166254,0.9840796302877486,-0.17527889481605138,0.30188653034371377,0.17590897538870487,0.9369741486160269,3.8415146,-6.2531433,6.189954
3.7164584685804645,-9.690562926630815,7.435946537653944,0.9461931735118398,-0.011565571787720656,-0.32339560285943353,-0.052511064397309404,0.9806284262007007,-0.1887073868267919,0.3193134299014917,0.19553548853432698,0.9272566021378256,4.212111,-6.0861573,6.2439423
4.037161608560587,-11.086898989727041,8.131588021294402,0.9357329897434696,0.0067482626642936215,-0.35264462686500864,-0.0847745549724502,0.9748110241123678,-0.20629285517976023,0.3423697514894829,0.22293032144598057,0.9127349149917625,4.3858843,-5.9841857,6.2967377
4.633347962525961,-11.72336512384412,8.34424198373829,0.931983331677033,0.009828442143741614,-0.3623678672305321,-0.09448675485376058,0.9716641804451469,-0.21665865687081204,0.34997045965821544,0.23616122070502188,0.9065034777659322,4.321851,-5.965567,6.3390684
5.611047495715502,-10.927344185563761,8.133950198612252,0.9393933381801608,-0.0134144309619298,-0.34257876353431693,-0.06477636891493292,0.9742920544443486,-0.21577538014519795,0.3366662712730965,0.2248889630208112,0.9143745272581103,4.033592,-6.0325255,6.3557005
6.361655050426352,-9.398584447452222,7.138288269657792,0.9468410969551754,-0.04121968385294488,-0.3190499565581902,-0.02957285682189591,0.9764056643396117,-0.21390985200525625,0.32033948126341105,0.2119738576065036,0.9232820264877386,3.5416856,-6.1586914,6.3616457
6.922595864276065,-7.363842502515801,5.4534302927460825,0.9555578653680544,-0.08247605719467127,-0.28303156347458536,0.02356800748164172,0.9783671445886413,-0.2055292665602922,0.29386002612909445,0.18972461721950495,0.9368302165623817,2.8758194,-6.3267226,6.3785324
6.8148634787827795,-5.175317170538071,3.3883404185439545,0.9622559712328641,-0.13029515237129666,-0.23892806259465954,0.08456161643261785,0.9776325241315988,-0.19257201454619344,0.25867504489803356,0.16509942770529862,0.9517507027149399,2.0773406,-6.5091887,6.413359
5.8672074828321765,-2.77675079951597,1.339952893378098,0.9637724943411308,-0.20069751633251254,-0.175678928985338,0.17135517123414037,0.970638335384537,-0.16881536415045637,0.20440152749623203,0.13259611163187882,0.9698650868741033,1.2182801,-6.675653,6.4335923
4.216083912382564,-0.2954926808957399,-0.3325976791443678,0.9596531179552348,-0.24556691742266798,-0.13697730566164731,0.22464336724751433,0.9625479722115883,-0.1517786504850262,0.1691190431338059,0.11488381199666887,0.9788771419287604,0.33766022,-6.8144135,6.420987
2.4672733609415194,2.516949489495061,-1.994903126468812,0.9412321363449397,-0.33147912956702485,-0.0648355779879219,0.3230928912450301,0.939568129740775,-0.11323741962066702,0.09845328404104851,0.0856347840360886,0.9914502683567259,-0.5225647,-6.9374266,6.3618364
1.0618624016178706,4.905742964731857,-3.6977881984489307,0.9238929356967466,-0.38144309593302156,-0.030381045648207705,0.37777853783627663,0.9218789809639851,-0.08615405276065986,0.06087051601499292,0.06811981372430145,0.9958184931292619,-1.3256638,-7.02928,6.2700605
-0.18998266427905897,6.752033623656864,-5.389674293030788,0.8978456144790852,-0.4401984312621964,0.009929434776192948,0.44006658513137287,0.896369866285224,-0.053501994977936,0.014651048136061273,0.05240614401106595,0.9985183738211355,-2.0281525,-7.0750337,6.1710634
-1.131540564195813,8.371417483443066,-6.468821914577656,0.8821660524316439,-0.46981967559992605,0.03244269342008654,0.47079559090326223,0.881500166705631,-0.036179658428322534,-0.011600324272075493,0.04719034347324168,0.9988185540725898,-2.5810654,-7.0843186,6.0816207
-2.0992093797849396,9.940287136842318,-6.923628465235704,0.8698039744870905,-0.49069965755388717,0.0515256445176394,0.4922344220488375,0.8701750807249687,-0.022374151057376605,-0.033857343615629434,0.04482382136531488,0.9984210060498039,-2.940126,-7.080687,6.013678
-2.815097878441575,11.410205275235406,-7.05813838101606,0.8677688735917228,-0.4934830391389423,0.05875093282276804,0.4950837253977782,0.868701422498073,-0.01580959822636653,-0.043235250335914514,0.04280570793732245,0.9981474763262063,-3.0800643,-7.095169,5.966368
-3.151308150543674,12.57739557163309,-7.131498547080008,0.874796404630006,-0.4812164807020285,0.056231211503656245,0.48264584728822896,0.8756947622598147,-0.014548864084578476,-0.04224022421628281,0.039867054712865696,0.9983117656357049,-3.0074494,-7.134984,5.933548
-3.153585317671982,13.05883887977225,-6.969136875010879,0.8868344256311209,-0.45979507696452065,0.04596943239491004,0.46091903400889556,0.8872737694613465,-0.017288785791875354,-0.03283817296723211,0.03652047679099644,0.9987932264343463,-2.7384095,-7.19516,5.9036407
-2.4822893019221297,12.243574173800095,-6.283772035689307,0.9080793848491073,-0.4182314893046663,0.021777331472598933,0.41869570630661845,0.907778857680527,-0.025128690149642745,-0.009259391581965638,0.03193692067554455,0.9994469954756454,-2.3052247,-7.2617188,5.8793044
-1.4867743101995847,9.766847785743762,-5.136095779874491,0.929972870569704,-0.3676062835061454,-0.004010028820791316,0.36718182066231314,0.9293258781075515,-0.03912700927408932,0.01810995801907679,0.03491464744810578,0.9992261990230844,-1.7104126,-7.292868,5.8948073
-0.609315741450928,6.420492195177956,-3.780173347026148,0.9538117177644306,-0.29761616641152217,-0.04083900764924067,0.29475026766609824,0.95342224973703,-0.06409597036586032,0.058012815532680596,0.04909817916060778,0.9971077584880598,-0.98920745,-7.269763,5.9449067
-0.30818487573126074,3.392473930515987,-2.2600452665912343,0.9707362600666539,-0.22249745161278286,-0.09036590849221102,0.2145513762916639,0.9725691480002462,-0.08987190489483188,0.10788336444122432,0.06785378680582466,0.9918452718508823,-0.1280777,-7.207692,5.964943
0.26835089712447535,1.1422477709125596,-0.5592876891968274,0.9768424693620075,-0.15073485013318302,-0.1518479338221701,0.13507905779662893,0.9848575368011128,-0.10867051279356946,0.16592901553227568,0.08564249623504243,0.9824117897516904,0.8234848,-7.143262,5.8973694
1.9461888794919844,-1.057182126345393,1.181453836749068,0.9730069035341412,-0.0834588390719561,-0.21515619409085962,0.05831390512099716,0.9909767074084752,-0.12068410766705806,0.2232869323190266,0.10487987201849584,0.9690939883731307,1.7452576,-7.0857363,5.803598
3.870176690129631,-3.9113191034404133,3.1022678752212753,0.9617526912203025,-0.02439387462273604,-0.2728308996638681,-0.010829863546903549,0.9918616636908117,-0.12685879613195022,0.2737050876144993,0.12496150999960948,0.9536614420393412,2.559697,-7.025833,5.7291107
4.58631945040218,-10.212484307463683,7.169921116339568,0.9337166819271026,0.053115007931395446,-0.3540507785946671,-0.10551389828962181,0.9858349696171466,-0.1303695898117509,0.34211105676193704,0.15908553866522454,0.9260949283031545,3.653801,-6.9127226,5.633975
4.063073451143206,-12.726368241884423,8.332050430684228,0.9214605132289913,0.07666056662461508,-0.38083287684305467,-0.13597768327115314,0.981966878691388,-0.13134351451556356,0.36389640313140487,0.17281263460141763,0.9152678302607068,3.8703995,-6.87869,5.623845
5.718545916517065,-13.763846456879971,7.655190515648837,0.924131464323513,0.054557869784921234,-0.37815932553860326,-0.11626988107265332,0.9829679777820658,-0.14232100832408676,0.3639537764643066,0.17549186163342542,0.9147350737223336,3.5805619,-6.908992,5.6391096
7.565696978698498,-11.656398220920886,6.048016845042655,0.9401655596093018,0.009557300364576011,-0.34058387885258107,-0.06183934641325372,0.9877909687363692,-0.14298565423861423,0.33505912278239747,0.15549167210048334,0.9292780661070641,3.0811431,-6.9825425,5.6279984
8.881870362162573,-9.212466505420636,4.038176818698099,0.9554677362896978,-0.03796035395018675,-0.2926438388851146,-0.004237753000712889,0.9898243746686947,-0.14223132130874053,0.2950651561247873,0.1371375909067305,0.9455843879852036,2.3472793,-7.0753784,5.642923
8.760583716680584,-6.090744019257942,1.7734257272625698,0.9698172146913717,-0.10946441101390532,-0.2178809601815836,0.08074125957707631,0.9873240094314217,-0.1366460734970706,0.2300769851379686,0.11492973123451758,0.9663621152488251,1.4529374,-7.159349,5.722743
6.692860634946547,-2.9131308763010253,-0.09742120343340582,0.9717263826213469,-0.18391221383403497,-0.14806800775419388,0.16649060136229837,0.9783903406885057,-0.12261003590835298,0.1674177916938696,0.09449147501278404,0.9813473616280097,0.5030197,-7.216586,5.798018
4.146622495633265,-0.0017337758149615912,-1.76899437829728,0.9607144154685305,-0.2661449320689856,-0.07870633421113522,0.2579877672633981,0.9609285277416146,-0.10029295346522285,0.10232362314444508,0.07604761473133648,0.9918400256292679,-0.44626465,-7.2476606,5.8196077
2.3227237613847898,2.5533276423921594,-3.53802756924247,0.9435967733186318,-0.32986511658147294,-0.028533037787066687,0.326809752160238,0.9417369932833489,-0.07954131866268627,0.05310852356854318,0.06573005662804984,0.9964231251732578,-1.364589,-7.2381105,5.8016357
0.9724575874807153,4.972032458338331,-5.346049498836025,0.9184717884575936,-0.3949678720941349,0.020247316388616547,0.39547285549716826,0.9168103689629445,-0.055316976842041427,0.0032854790252243304,0.05881434668053793,0.9982635314645704,-2.214824,-7.195033,5.7559524
-0.3878731170319796,7.228871590761661,-6.7039010989354875,0.8931800572471258,-0.44596490045625625,0.05783331995539186,0.4481819328439077,0.8933299493169334,-0.03308408568635107,-0.03690989580478071,0.05546989466769159,0.997777906338497,-2.9461503,-7.1323,5.690364
-1.9082833473114134,9.200111865123162,-7.305882670708167,0.8676941455515494,-0.4890338820212397,0.08917809154048391,0.4918463285299447,0.8706075430988647,-0.01138837174357435,-0.07206981953064551,0.05374354039875861,0.9959505876187964,-3.5027375,-7.070656,5.615854
-3.303154766632743,10.883848129634451,-7.509539061124657,0.8532911872201149,-0.5107980045367588,0.10478334015363434,0.5135054231256585,0.8580853280841023,0.0013229313416198533,-0.0905887975029183,0.052677967767010433,0.9944941937884362,-3.8391693,-7.0305433,5.5532684
-3.5914745308868268,11.926717787834948,-7.081247848748011,0.850150843754331,-0.5155367750127653,0.1070764982301745,0.5179929136802873,0.855366506848809,0.005610734200676462,-0.09448219007201793,0.050694896890144,0.994234953714911,-3.947609,-7.0299025,5.5150895
-3.5234185329189,12.621146224473849,-6.587460908739112,0.8577849341856659,-0.5046753017761656,0.09750818663696503,0.5068993310922651,0.8620022895508239,0.0022629510267947253,-0.08519433562336556,0.04748570928471293,0.9952321500993723,-3.8275437,-7.064673,5.5131392
-2.9353465066614266,12.553210148036596,-5.983563743311075,0.8740898404071811,-0.4788272806761033,0.08180089349926095,0.48079308413277916,0.876819676418883,-0.005026459467053265,-0.06931782705076006,0.04372288102369649,0.9966360160700329,-3.511682,-7.1282682,5.5273943
-2.1381595433399707,11.51963539180008,-5.149374740985418,0.8981007370979432,-0.4354640876732025,0.06153124711134171,0.43717732047466346,0.8992119595069821,-0.01714183018832177,-0.04786498184189174,0.0422951560649403,0.997957946652421,-3.031627,-7.2028794,5.558946
-1.2666693670479126,9.448480160254688,-4.103225135804651,0.9334355294057108,-0.3578992776153571,0.02462152565310194,0.3585899790935131,0.9328502834658264,-0.0346925861163304,-0.010551745675214379,0.04121232485714631,0.9990946926808655,-2.4077575,-7.2834673,5.5972457
-0.971220848697591,6.487565161212359,-2.9154790707443845,0.9546834204095849,-0.29749240442180225,-0.008822477338649801,0.29685080660678537,0.9539216149986941,-0.043739582247458664,0.02142814532237552,0.039138494473041935,0.9990040104215925,-1.6435928,-7.3795686,5.6035905
-0.3335248435041648,3.1913495855240877,-1.446872148401682,0.9740939361488627,-0.21667483266163431,-0.0647535361896812,0.21340489496397583,0.9754798570713479,-0.053827495329759306,0.07482883377034474,0.03861431520969484,0.9964484835140525,-0.7728958,-7.4778595,5.558702
0.875470783767112,-0.07871138581779041,-0.026094703374275628,0.9807822436713357,-0.15966251054093697,-0.11213417510636994,0.15348716386388933,0.9862191103776864,-0.061754002743648256,0.12044866553034232,0.0433560728573077,0.9917723377460927,0.14998016,-7.5535355,5.477481
2.702800527876646,-2.8136463572146693,1.2509477836532061,0.979283324415984,-0.07404676401248425,-0.18847081275374777,0.0621245430298908,0.9957214674961148,-0.06840541148702414,0.1927296336169034,0.05527961565225759,0.9796935502590752,1.0240494,-7.6100526,5.391553
4.453471312175141,-5.0182332793186575,2.739748179293912,0.9728284271162144,-0.028517046389716135,-0.22976429108936675,0.01345159773997611,0.9976709600661461,-0.06687084535830637,0.23113611987924795,0.061963162491107775,0.9709462706974392,1.7699203,-7.6622925,5.3021345
5.044069111225389,-7.462610812234572,4.608405727040403,0.9607596940843202,0.020885923682687046,-0.276594628318998,-0.0386527369933375,0.9975130302198066,-0.058938276736100054,0.2746757654871052,0.06731666014901662,0.9591776118740746,2.3377547,-7.7126327,5.208827
5.064659293603117,-9.885847635747396,6.241177305185,0.9557244940004461,0.035553316687561905,-0.29210726324435204,-0.05337730016075653,0.9971522811471379,-0.05327468470676889,0.2893813321469431,0.06650781815374092,0.9549005993972817,2.6906905,-7.7659883,5.111972
5.987253654889542,-12.742847457325531,7.068178211398855,0.9598525855124429,0.0029401949368540424,-0.2804895173421138,-0.014548375640833805,0.9991210580340842,-0.03931229017829992,0.2801273975377837,0.04181467023166587,0.9590517058543422,2.652675,-7.8853045,4.9318223
7.061628346326964,-12.167979580123966,6.268472007133423,0.9647025315286868,-0.044170596819365304,-0.2596112170896399,0.03688219407593382,0.9987785231325643,-0.032881081023538386,0.26074648496631336,0.022145430809817943,0.9651532782268099,2.2987137,-7.941667,4.852759
8.103541922755719,-10.147812094734547,4.81220898169592,0.9680949359968128,-0.10240127307577518,-0.22870543100194907,0.0980825168596858,0.9947198853378516,-0.030202145617793996,0.2305905782632844,0.006806539936674462,0.9730270583238129,1.7436997,-7.9764633,4.810852
8.500315102000835,-6.826378453380273,2.8407624554675306,0.9676773544361383,-0.1711108787398307,-0.18526091030856787,0.16951341290792935,0.9852220871904034,-0.024548762830103484,0.1867237011088357,-0.007648927314720178,0.9823826919053239,1.0090821,-7.987874,4.8137026
7.459513831819498,-3.0307106438875335,0.8357168173995064,0.9606583424217158,-0.2429517992309604,-0.13457329744789792,0.24388387277432472,0.9697552346707421,-0.009769412944916046,0.1328766560993991,-0.02343518890750797,0.9908554819875145,0.14072418,-7.982985,4.844142
2.5403405715176377,1.6028095257785573,-2.051309702580447,0.9223251581397723,-0.38450318296532426,-0.038387562464657535,0.38574224877114405,0.9220237181090344,0.03278994902969539,0.022786403301617394,-0.04505069959416834,0.9987247940702435,-1.655867,-7.8857436,4.8480177
-0.8008227133035535,5.26399102121346,-4.801728413293935,0.8507797449229727,-0.5242607993518141,0.03639285495530291,0.5205890715046164,0.8502363109898249,0.0780079105243327,-0.07183901627083632,-0.04742182764728218,0.9962882745490023,-3.2014604,-7.6610503,4.775987
-1.7352711144763253,7.242402545716978,-5.807219581888627,0.826595594895192,-0.5603494415396854,0.05242352397565297,0.5550712026036877,0.8270855054455565,0.08846200722322112,-0.0929283731696521,-0.044023516988411907,0.9946990737966991,-3.778183,-7.534149,4.733598
-2.511821282529101,8.929091132978277,-6.292898587097751,0.8016248097185064,-0.5941921231333034,0.06582845319544674,0.5876158742241765,0.803405900898356,0.09615894530128247,-0.11002385561106173,-0.03840155215660473,0.993186826326466,-4.173935,-7.423938,4.7078524
-2.8133745743864766,10.249085156501138,-6.326246784521505,0.7929986129729115,-0.6052472218507012,0.06949100851941764,0.5983836150956252,0.7952268037588244,0.09773116068384645,-0.11441262608701663,-0.03591839397203255,0.9927837730172369,-4.381668,-7.356738,4.700235
-2.793990123855364,11.082436148634983,-6.0106806177147,0.794404897225082,-0.6036504275812045,0.06728313715809665,0.5973652115812836,0.7965283354479201,0.09325993148727293,-0.10988932276273933,-0.033893540824065906,0.9933657758515502,-4.3967743,-7.3386335,4.7202225
-2.4543971205766533,11.259493232251486,-5.593333668330346,0.8098011037720227,-0.583654508498087,0.05974602111830954,0.5786930397801608,0.8113621322011271,0.08249761293537548,-0.09662576281514754,-0.032232051437899534,0.9947987519194492,-4.210788,-7.365344,4.7734575
-2.1186928660043467,10.79860941313396,-5.190175560821881,0.8315198660193777,-0.5533343596718489,0.04894689797791696,0.5498527042675447,0.8323993417573334,0.06908935845427315,-0.07897288157831583,-0.030535589866596272,0.9964089831623935,-3.8332474,-7.4317217,4.844325
-1.4983947930397634,9.634378474639771,-4.518093713741092,0.8655748133621288,-0.5000196124785877,0.027579514315481703,0.49840059645668267,0.8655171966910596,0.04976773737743752,-0.048755388673839425,-0.029332053607108822,0.9983799590869455,-3.2861848,-7.523964,4.919284
-1.2416941000193442,8.05286196510422,-3.8787133786329027,0.8909765152631429,-0.453959820509301,0.009018348668620356,0.4533644375208944,0.8905475119219735,0.037226546991934506,-0.024930624559124658,-0.02907938054263666,0.9992661575307887,-2.604103,-7.632947,4.9793487
-0.661043094707555,5.917688539035261,-2.9398719073980573,0.9309383427536406,-0.36423364842498573,-0.026223107102861656,0.3647064649569913,0.9309819664301879,0.016179388132813055,0.018520162247632845,-0.02462574946680173,0.9995251752975101,-1.8113129,-7.726799,5.0405855
-0.4025796337129619,3.2962126161810286,-1.7233272193105473,0.9555224730920328,-0.2890213435382036,-0.05868105652982377,0.289413553015728,0.9572022952468799,-0.0018871419962999264,0.0567150663130769,-0.015179886477632314,0.998274998334441,-0.9419693,-7.7800965,5.109494
-0.20254640177149927,0.6501627832845388,-0.45191774559297,0.973669012126107,-0.20096801292730893,-0.1076127901572072,0.19958423116708832,0.9795966689439699,-0.023590270522344758,0.11015802056505963,0.001491299408008042,0.993912967281976,-0.015118408,-7.790117,5.154567
0.2570609360798043,-1.4484949142200956,0.5911178681958661,0.9782765487961831,-0.14183536528195329,-0.15118770859684186,0.13817138094770323,0.9898063979524103,-0.03452483250468136,0.1545434034905182,0.012885019511301752,0.987901975253496,0.933551,-7.7781005,5.1208754
1.4130756949184133,-2.9944988937580965,1.4569060331784898,0.9722323530181888,-0.05391762711845047,-0.22772163101170498,0.046439461528149,0.9981952285184558,-0.03807442942396081,0.22936352839475305,0.026441922186187346,0.9729816013642847,1.8157914,-7.7778044,4.9922395
3.0026779783412323,-4.692040195021779,2.367002090356006,0.9601744745400538,0.004098413885058637,-0.2793710461829531,-0.01375747901496202,0.9993730610009515,-0.032622334630406126,0.27906219774968366,0.03516657431727032,0.9596288875590936,2.5700943,-7.7763395,4.8327956
4.09065715883516,-6.57967757248213,3.4136756654218448,0.9520001092635523,0.03370470726983315,-0.30423639603117636,-0.043858156131705905,0.9986835895635755,-0.026599813479337885,0.3029393571375474,0.038666272696802936,0.9522251126980558,3.1620133,-7.771022,4.678374
4.029161087748037,-8.365742967303039,4.644409078983287,0.9384028832250024,0.07601507356811128,-0.3370782362381712,-0.08448567384267686,0.9963692697842799,-0.01050947881136578,0.335055517295791,0.038340407144060916,0.9414179802349627,3.5805924,-7.7735443,4.5292344
3.940979464588599,-9.290971756176777,5.513631378633652,0.9336527140879108,0.08777865880138695,-0.34725713316691803,-0.0942953288596932,0.9955424997851099,-0.0018767197056662206,0.3455444984824948,0.03449693001762664,0.9377680744127724,3.8192139,-7.793649,4.3941984
4.084292213823652,-9.826921557786568,6.09593876825197,0.9312976780971043,0.08823145566661605,-0.3534117216532177,-0.090864228248339,0.9958210617148093,0.00917088163813017,0.35274399611584434,0.023571662566242702,0.9354229257015714,3.8846526,-7.839621,4.279518
4.716764857159345,-9.465404624351342,6.042853212980333,0.9336261877164644,0.07438895245680063,-0.35044033067328345,-0.0723419198373126,0.9971998788031916,0.018948571163770314,0.35086861963457466,0.007660644051023241,0.9363933608737574,3.771872,-7.926938,4.173381
5.48895472159027,-8.260215336949212,5.256014272813424,0.9406647605120426,0.04699578197198333,-0.33606726232655043,-0.03892985123876615,0.9987701607806069,0.030702322661405244,0.337096833288816,-0.01579754446486201,0.9413374328982843,3.4849992,-8.056048,4.0751557
5.067269894154991,-5.412984020188412,2.2097716356879435,0.9664109075997549,-0.0451157044843177,-0.25301093035894895,0.05893451632492361,0.9971404694619369,0.047303350270061786,0.25015331390522133,-0.060625550472622955,0.9663062983195991,2.3987305,-8.350386,4.0241637
3.207723214672688,-4.446373005863916,0.8442525211540839,0.9745870938436136,-0.11769228044889068,-0.19060042926551468,0.13038858503812156,0.9899107581942624,0.05545726014701685,0.18215052403222742,-0.07890005027879923,0.9800999789107164,1.6862304,-8.432604,4.1198883
0.9890429833430376,-3.537444511833271,-0.08463100867869161,0.9728873791143486,-0.18047722135502348,-0.14463097915724293,0.1910060794669772,0.9796004229010636,0.06244749041161694,0.13041021879694664,-0.08837977157712128,0.9875131344996416,0.9300095,-8.467834,4.2232485
-0.40711043615690523,-2.3478561229988975,-0.9279572928599648,0.962676748684272,-0.25095266375869285,-0.10137178155233598,0.2585349017432025,0.963457044387931,0.0700730204850779,0.08008234589040442,-0.09366581111422749,0.9923777172553818,0.15414429,-8.461522,4.301277
-0.9347557049075901,-1.034697007393645,-1.8819286429913198,0.9453936953788286,-0.319369966814108,-0.06506600521867842,0.32381819036572584,0.9430516448782559,0.0761273582930582,0.03704781135543168,-0.09303988064034147,0.994972884195445,-0.6280228,-8.409085,4.365613
-1.0823733260210693,0.18701082066152197,-2.8175253685529555,0.9214231799660437,-0.3872734425435141,-0.03160069812137146,0.38855558908656196,0.9179469469697951,0.07998722859572013,-0.0019691650151529815,-0.08598071440343508,0.9962948555221075,-1.3910034,-8.303973,4.436812
-1.1860658565763162,1.3174480435587643,-3.562543666421203,0.8930410821493862,-0.44997476288945526,-0.0005816837891987579,0.44852872030343305,0.8900661445375874,0.08126650854414881,-0.03605014086541562,-0.07283523261835914,0.9966922374700288,-2.1057632,-8.151468,4.5219088
-1.4516278266933744,2.5517072174682864,-4.021123219487628,0.8621296412504083,-0.5059644788050819,0.02706340453347613,0.5026467645806258,0.8607653450890613,0.08018260877730835,-0.06386479260178557,-0.05552447101241378,0.9964127264265151,-2.7431245,-7.9713135,4.6104765
-1.8922874371077505,4.048405383973773,-4.222614063801889,0.8345424007458451,-0.5489371715300576,0.04697832553358947,0.5448239332428432,0.8349406969904514,0.07772331873314624,-0.08188933461176247,-0.039268488915120914,0.9958675226430294,-3.2771072,-7.7886796,4.6905594
-2.336061926008615,5.73524421023356,-4.290171315426653,0.8107396886050333,-0.5822155553633723,0.061042644221331335,0.5780242536252802,0.8126594304315127,0.07397710694305482,-0.09267750288796736,-0.024692047781564357,0.9953899654079312,-3.688356,-7.627528,4.757332
-2.5341045268002205,7.343563306339163,-4.296913130125562,0.7946755377298628,-0.6029809164807695,0.07003430654874283,0.5991042950046975,0.797644534782355,0.06955026843055322,-0.09779996646561584,-0.013312043113278124,0.9951170564649535,-3.9625976,-7.5050383,4.81279
-2.4975623752486404,8.576461017695546,-4.237150434359112,0.788628630948001,-0.6101427328260822,0.07609683323634478,0.6068478391161147,0.7922821527438646,0.06344044927053183,-0.09899789194311934,-0.0038517558418898305,0.9950801884108395,-4.087489,-7.4296966,4.8674316
-2.4575405660442575,9.25589965150452,-4.191590494474653,0.7941632848952703,-0.6025905704114985,0.0786719859638527,0.6001151117769874,0.798041570372591,0.05469464849635404,-0.09574199465879842,0.0037757659343590046,0.9953990225283338,-4.048953,-7.4012666,4.9339933
-2.4421588039061066,9.398147544336386,-4.232092603575971,0.8106574608264251,-0.5806421326328518,0.0754267526679027,0.5791333369846484,0.8141091983510664,0.04278774536250611,-0.08624998086652794,0.008995941960421997,0.99623291143626,-3.841165,-7.4173937,5.010577
-2.230303456620579,9.122894463451402,-4.258748673758701,0.8346906624313941,-0.5468765439369899,0.06494261883672499,0.5460738532576167,0.8371593609024387,0.03110548571870054,-0.07137818180800826,0.009500007629019303,0.9974040831161813,-3.4679093,-7.4830065,5.0722704
-1.7362022226333256,8.512657909551136,-4.0530614124739825,0.8664753978159342,-0.4969227200136961,0.047835084550012286,0.49662614227057345,0.8677622282485583,0.018740065062376864,-0.05082184366160734,0.007518348175240426,0.9986794353783149,-2.9466476,-7.58241,5.113826
-1.383658605302312,7.521574874392279,-3.695026506691281,0.8978551760399023,-0.43939670912531575,0.028046655205159244,0.4393512308183011,0.8982788987158424,0.008094201646503452,-0.02875028411682427,0.005054911640499983,0.9995738437111626,-2.3109283,-7.69534,5.137666
-1.2294424548347944,5.974998278194532,-3.301251873097883,0.930291014803817,-0.3668170144350773,0.001976283435805498,0.3668212596884836,0.9302878426133064,-0.0025871463876074377,-0.0008895031400797913,0.0031317418177975653,0.9999947004746322,-1.5836151,-7.795737,5.155075
-1.2263962894153626,3.822897928136746,-2.7627563251175506,0.9556858346799135,-0.2930023515851268,-0.028534318946502695,0.2926995227752356,0.9560966269906391,-0.014360683280012537,0.03148928006963868,0.005372320048675503,0.9994896514811894,-0.781871,-7.867163,5.159251
-1.1586940170776208,1.460569069349931,-2.1690590519503505,0.9747902808975634,-0.21193556882548603,-0.06976548526503258,0.21016026292532136,0.9771445195064139,-0.03195703186681133,0.07494379330409842,0.01648947134368999,0.9970514155147653,0.07270813,-7.883954,5.1596375
-0.9292492039260262,-0.630287670374263,-1.7947935086558102,0.9833028211619863,-0.13778094728226223,-0.11887797298439966,0.1324922306694207,0.9898536226110571,-0.05133823736753305,0.12474522318356729,0.03473062581881715,0.9915807647000391,0.97338104,-7.833017,5.1377335
-0.2726338266161812,-2.185365150564595,-1.5523407691599012,0.9818362904399673,-0.0651594934547976,-0.17819017702386658,0.05378669576200139,0.9962390873216507,-0.06793137899032868,0.18194639357263553,0.05711323231297638,0.9816484037376492,1.8684037,-7.7367506,5.069028
0.5298368755863749,-3.6503162266422047,-1.1333744541734103,0.97221330883521,-0.005283657481369762,-0.2340371019460612,-0.012966045394708695,0.9969951956863097,-0.07637055352186961,0.233737382099042,0.0772830042249524,0.9692234899482429,2.698854,-7.617354,4.9559937
1.1792403989517761,-5.122906685350453,-0.1999790221376705,0.956463989924415,0.04987421504654848,-0.2875572962930318,-0.07612560445012112,0.9938159184911604,-0.08083818714365437,0.28174727740471817,0.09920928800802614,0.9543458434173476,3.422432,-7.4790087,4.840131
1.441187724265724,-7.150585637224058,1.5056521959540854,0.9302553866714913,0.10243220099224765,-0.35232450917947356,-0.14338917263860299,0.9853700219717593,-0.0921165835742343,0.3377343049479719,0.13621146794325306,0.9313334393556657,4.5334396,-7.141397,4.6847334
