-0.3811125495589806,0.4141505745927578,0.8151542902846957,0.9999527825246213,-0.006201795412070435,-0.00748134045037023,0.0061533009712173795,0.9999600222086573,-0.006487747807921255,0.007521277047492598,0.006441406533389577,0.9999509681346613
-0.5330805147282593,0.650201921020303,1.24257227284515,0.9998221077059039,-0.012038926962341653,-0.014519544762822979,0.01186549726367158,0.9998579287682791,-0.011972144916130703,0.014661613731442362,0.011797733545153292,0.9998229096024894
-0.7067258124907306,0.8795220288289856,1.7334402424105086,0.9995554515434218,-0.018829552397712376,-0.023115952204657918,0.018413685066815927,0.9996670882632276,-0.01807342927008223,0.023448571216309645,0.017639744891079043,0.9995694092498488
-0.8980325570945783,1.0638543783690682,2.3527274136372682,0.9990544329377273,-0.02691143498206851,-0.03414695732685505,0.02601908947892243,0.9993150764498107,-0.02631320890346106,0.03483169548218962,0.02539985526169891,0.9990703680634919
-1.1249088513563523,1.160221966372975,3.1037716919688094,0.9980699297314071,-0.0373336762269145,-0.04962471143823746,0.035410596340758736,0.9986083465233967,-0.039082731744335075,0.05101475308904534,0.03725005870051391,0.9980029699825911
-1.5621446368072467,0.9623962962054788,4.317799255871517,0.9945216361324531,-0.06000784143718938,-0.08559073682635177,0.05405923286678444,0.9960668204930412,-0.07020319404940627,0.08946683523118187,0.06519162583440422,0.9938539818880759
-1.744971753581097,0.6254766305693116,4.634578526127448,0.9911082413661301,-0.07449908043459898,-0.1102467274368544,0.0645124545066676,0.9937097890974177,-0.09153686833998109,0.11637266478714864,0.08361065761232263,0.9896800800379753
-1.9519086753943575,-0.5007516681098703,4.691275931197371,0.9790777270142375,-0.10453474883782846,-0.17458319148774484,0.07909335069843818,0.9859960065492748,-0.14682001547533166,0.18748612305962364,0.1299398374413901,0.9736347324873826
-1.6856649278417914,-1.9942212625993023,3.264278321563931,0.9584124133496366,-0.13358207138728542,-0.25219333088170215,0.07814434767175188,0.9727532218681791,-0.21827649958718315,0.2744797020988654,0.18949142341794623,0.9427374467935169
-1.3849092724016685,-2.61469070928958,2.180549636114848,0.9471996268867721,-0.14357681662193916,-0.28670292037973716,0.0691146208548392,0.9645486931585415,-0.25469390984128726,0.3131070679650201,0.22143061273197975,0.9235434195182642
-1.0313443038254166,-3.0846724213988956,0.9209636598334682,0.9313509516549008,-0.15493401941603396,-0.3295160913811381,0.05174240406015597,0.9520885834061221,-0.3014134253310546,0.360427702145085,0.263671725779075,0.8947452668503468
-0.5994337893786802,-3.354522806460109,-0.40570066059239385,0.9205879161645553,-0.16095097689405,-0.3558267438637131,0.037342238725590504,0.9432283869600921,-0.33003903896300446,0.38874599138610105,0.2905425839175965,0.8743349250211409
-0.1539737213129122,-3.4098953866449233,-1.8449056585099666,0.9032189600732711,-0.16873552403627406,-0.3946185919243571,0.010857782643969454,0.9281605108187474,-0.3720217395700661,0.4290426770383276,0.3317324058407406,0.8401642650070876
0.26284569880698383,-3.247482513395853,-3.153486986108017,0.8884178846180437,-0.17436587319725877,-0.4246294909152652,-0.013924254741235724,0.9143846772295959,-0.40460694158359284,0.45882434266361793,0.36537269234561753,0.809927785834894
0.6607661661529003,-2.8277482113765204,-4.350531035435546,0.8715049924648928,-0.18028976668283758,-0.4560423753755944,-0.044032929784379025,0.897438268449519,-0.43893696064119847,0.48840572191915466,0.4026166344697858,0.7741832447456174
0.9884059930556359,-2.2274193397917235,-5.39587388609913,0.8574397661852369,-0.1846633490760221,-0.480308749527044,-0.07056928968025525,0.8823753812532483,-0.46522431354370214,0.5097224957937699,0.43279687390993465,0.7435521792151231
1.2087044501928454,-1.5128164451788684,-6.213205099861808,0.8443791457614892,-0.1880705935048155,-0.5016505856289251,-0.0967963935195216,0.8673939700974796,-0.48811695201062877,0.5269291379347997,0.46071374246627267,0.7142048243312349
1.27876846052742,-0.8255484994839435,-6.6996941201149,0.8352699737369157,-0.18975220668487885,-0.5160602397315167,-0.11620331899523452,0.8564445984151539,-0.5029904954370384,0.5374205612255857,0.48010077057189227,0.6933126210218967
1.2702400068756372,-0.19702437265516703,-6.903465635618369,0.8274996562230095,-0.18982977304875034,-0.5284022863454134,-0.13375194452987163,0.8473705400785184,-0.5138809056012084,0.5453024264436009,0.49591110601729815,0.6758087293335457
1.270643437725311,0.32192469373792765,-6.97731295286878,0.8218886833410577,-0.18751747811529526,-0.537899793267465,-0.14771662276974354,0.8418098227335621,-0.5191685869799808,0.550162513766072,0.5061555272350273,0.6641745182525662
1.3451645969667803,0.7254227054960971,-7.029751728042058,0.8201350916666064,-0.18300892693975543,-0.5421126857742454,-0.15479476283310312,0.8411675227187473,-0.5181464851976214,0.5508330171807516,0.5088663197575223,0.6615421799099321
1.4758568218217876,1.0633194156145538,-7.036711964867249,0.8219321941252878,-0.17657290064117995,-0.5415251416319923,-0.15583870767972952,0.844745327719102,-0.5119761991396266,0.547851955777381,0.5052002989467711,0.6668064880420644
1.5722271048400476,1.2202504410341413,-6.929701320752901,0.8279419707492427,-0.16722758776670874,-0.5353008751735673,-0.15069970192044868,0.8530588879478905,-0.4995799570981567,0.5401867204152168,0.4942928965530821,0.6810821092234156
1.6272601567228389,1.2618048329671394,-6.751714112175809,0.8371034866018372,-0.15655545405035598,-0.5241642323987147,-0.1405646877637426,0.8644458057676986,-0.4826748568596832,0.5286769536048729,0.4777277872363308,0.7016244294701762
1.6427213265469616,1.121016790728281,-6.561488064882983,0.8507039957941057,-0.14287332698872696,-0.505855635507912,-0.1244903388719665,0.8802113730805352,-0.4579629834683384,0.5106905785967513,0.45256507944697955,0.7310129833304362
1.6978117783637057,0.8333734550499492,-6.370807010343648,0.8663174669919564,-0.12881578225103665,-0.48259770060340457,-0.10528739630121657,0.897371702108774,-0.42853073686086085,0.4882710421116029,0.42205511784298416,0.7638461016054177
1.7504420723726941,0.37684019848815486,-6.132131910113377,0.8851488635965089,-0.11375206515532806,-0.4511894911749455,-0.08180190129950624,0.9165144498270394,-0.39154784152390004,0.4580610638524021,0.3834862851930135,0.8019465885277326
1.779252972231447,-0.14016989680379122,-5.748437427658588,0.9045369329867503,-0.10023163946661443,-0.414447288943669,-0.05778728178567169,0.9341951715639689,-0.3520511489689961,0.42246132003622067,0.3423930488143728,0.8392219213038066
1.7142823377096168,-0.6345930871789578,-5.20923456307008,0.9254473538259907,-0.08764721241950173,-0.3685989167802336,-0.0322763921692881,0.9510994570349218,-0.30719384325928695,0.3774989136474506,0.2961887725471169,0.8773635399377085
1.5275467687506228,-1.0661364082035296,-4.530173659117988,0.9447369772733882,-0.07729680777811455,-0.31858632625970335,-0.009155987599057693,0.965205146359532,-0.261333490643967,0.32770140625793326,0.2498083844637479,0.9111572638069597
1.1809642109611955,-1.5079731953483977,-3.6506519826215387,0.9625040956723235,-0.0680769078684225,-0.2625859867340149,0.011333937943106897,0.9772447285228405,-0.21181190340729575,0.2710302707534785,0.20089369126329995,0.9413736331265617
0.7863968491124103,-1.9398316024151834,-2.4624742415236636,0.977669247588611,-0.05996485014490378,-0.2014126586553535,0.02773489502446585,0.9868595491461338,-0.15918230384396162,0.20831134850867017,0.15004148428414282,0.9664853517132638
0.4720782488346602,-2.155735456655412,-1.1070587368000764,0.9888438514651522,-0.05336974876536606,-0.1390665572173455,0.03861411556315121,0.9935387163621147,-0.1067228615095985,0.1438637810529084,0.10016231330317324,0.9845154765136596
0.2277928268611315,-2.119868806332572,0.3002395436526402,0.9954516336041586,-0.04839560122144303,-0.08206041029160599,0.04357917866093949,0.9972764246058324,-0.059502841214896685,0.08471658835227958,0.05565607521036982,0.9948494865808237
-0.20843591999390568,-1.0545007643395519,2.929548415674668,0.9986321770432209,-0.042758897909540156,0.03009072321294462,0.041821688251727655,0.9986404677315789,0.03111531135355363,-0.0313802703253466,-0.029814306270896207,0.9990627536726078
-0.41034928893175115,-0.17424688732452664,4.012412362923441,0.9956341481206172,-0.04194329850406352,0.08338706618373992,0.03591784413202007,0.9967221354951792,0.07249064137416233,-0.08615423128924259,-0.06917907432546738,0.9938771071447573
-0.7122377029233263,0.6577683472711533,4.947339968462863,0.9919504599853441,-0.04114175356650764,0.119756590834645,0.0291142024034349,0.9945105497321308,0.10050437647140975,-0.1232341192741509,-0.09620874484665001,0.9877030066076324
-0.9438740585028949,1.4424062686977988,5.770988118971735,0.9854979157918249,-0.04152290947023812,0.16452873900657977,0.019257704397651603,0.9907022555304427,0.13467806691598375,-0.16859121801357713,-0.12955650842786695,0.9771346439118198
-1.164716931744329,2.1086027192505328,6.382190333386447,0.9809940400971312,-0.04235233863480792,0.18935937448690046,0.012232015928813707,0.9874457538556872,0.1574841610406924,-0.19365193280787285,-0.15217477650562225,0.9691964539324519
-1.3082886388736743,2.744091693985277,6.656816931027277,0.9771956467859929,-0.0439184479592594,0.20774945928053423,0.006659299249272451,0.9842342150988812,0.17674462809997254,-0.21223647574348092,-0.17133061535387897,0.9620818564999801
-1.4780968219049224,3.280717544866716,6.595819020963056,0.974714602445843,-0.04613192132882313,0.2186396341319503,0.00370818478354559,0.9816618374861396,0.1905945597044865,-0.2234226782232567,-0.18496454432633114,0.957011193350266
-1.7025680538206176,3.636587238447694,6.357929883042212,0.9734574426814777,-0.048756875943906604,0.2236143428678662,0.0031866743981190373,0.9798373799823907,0.19977125392689538,-0.22884591408700636,-0.19375622786747862,0.9539853624496807
-1.8979790663489193,3.7807245682198243,6.115314799539439,0.9735486114188839,-0.051328503170995486,0.22263981217784792,0.005207016931607578,0.9791703113634399,0.20297386117206762,-0.22842063868888093,-0.19644563142673602,0.9535371653555592
-2.0042882131433877,3.699101281911897,5.96982406035695,0.9749620411769424,-0.054002630618476745,0.21571447366918534,0.009979149406658281,0.9797120903819658,0.2001615261145808,-0.22214732688287953,-0.19299724310384034,0.9557209997238255
-2.057830849443436,3.408279700196173,5.95188923888357,0.9774897501049227,-0.056423038185983446,0.20329837481317495,0.01669034727224758,0.9812371548135811,0.19208091607778105,-0.2103217077425603,-0.1843640061812796,0.9600909813538728
-2.06434811091234,2.9834558457495572,5.9454623983005845,0.9804865531713085,-0.058551680162721116,0.18766411431162983,0.024015267009466938,0.9831401135244648,0.18126992064202416,-0.19511377706535776,-0.1732259158706462,0.965361795427013
-2.0674291043285478,2.410465272508493,5.829583352017299,0.9854538868299999,-0.061821052235810955,0.15829969814280118,0.03618296479845159,0.9864546011966391,0.1599941025049773,-0.16604646936938738,-0.15193905777790107,0.9743423898874178
-1.9956316253208668,1.7925969278719167,5.633368697648305,0.9895137935902946,-0.06480042435020025,0.12908662710977029,0.046906350380509755,0.9894417195729373,0.13713087858877474,-0.1366098334254302,-0.12963791333009972,0.9821057808804985
-1.9110269938242561,1.1642751097996427,5.399066192009124,0.9926366985602719,-0.06776028145241265,0.10040382925393221,0.05624350586047075,0.9919561294625038,0.11340064051975626,-0.10728025316844743,-0.10691857406109401,0.9884631332532622
-1.8990697967101298,0.4529753257909467,5.025644018922039,0.9956526737105389,-0.07257151718760677,0.05838774037538409,0.0679279622109775,0.9946421643269243,0.077927895473411,-0.06373025406287339,-0.07362295726293377,0.9952477655744534
-1.8799841473095078,-0.28704950899802345,4.458703562923035,0.9968289339524895,-0.07907877065868106,0.008867043828378364,0.07871147634442735,0.9962443907149192,0.03607793592680908,-0.01168674149724011,-0.03526559229858503,0.9993096407385486
-1.7961571701405314,-1.0165136388285312,3.798823136836031,0.9954534034459225,-0.08618131983492201,-0.040562318467262354,0.08601934345090848,0.996277018044559,-0.00572502126764135,0.04090469557646618,0.0022098479022732223,0.9991606089373448
-1.6539628835302989,-1.8194390947643408,3.0467295150555116,0.9911160968406996,-0.09417244709355405,-0.0939171591971775,0.08961680123455025,0.9946383499758216,-0.05160796153560998,0.0982736562856156,0.04273292601479162,0.9942415126690654
-1.3917741394731091,-2.63401955450185,2.054499895966071,0.9832893935494093,-0.10270055365464358,-0.1503148855312197,0.08802012355629242,0.9909573833633658,-0.10127152712764406,0.15935628755204173,0.08634848369635578,0.9834375999426559
-0.9984822508347178,-3.2159726824338106,0.8231128721081409,0.9725498090040138,-0.11113850853314201,-0.204438501577575,0.0809797701842288,0.985302574583561,-0.1504031693147272,0.21814936586468664,0.1297191907160762,0.9672558016020382
-0.5912638000670625,-3.4197789613720815,-0.47806158507928165,0.9574106115206993,-0.1207745925650212,-0.26225639885103424,0.06714831181781987,0.9765434030896699,-0.20458271212901186,0.28081314991925943,0.17825958507973277,0.9430628267298128
-0.22123230711733344,-3.285045769422983,-1.6832114310460113,0.9395812284469428,-0.13084043553636057,-0.31633510013716226,0.048070154720521736,0.9653475225137313,-0.25650228264431685,0.33893417557879607,0.22579845261926723,0.9133119310615987
0.17732889880777192,-2.9708327414469906,-2.8537731915273143,0.9199813687928236,-0.1406370026849054,-0.3658626990414407,0.024660250550276673,0.952331969322517,-0.3040652762962143,0.39118557375864416,0.2707121232639972,0.879595812405345
1.0607294937737448,-2.171334282760803,-4.89143830130682,0.876967849133468,-0.16060333163271445,-0.45291716842562996,-0.0309527503753211,0.9216639305494294,-0.3867525389294539,0.47955116393396585,0.353188574266847,0.8032985199643596
1.3805395372242568,-1.740996397764388,-5.625735376195307,0.8560059671430604,-0.16889023941099537,-0.4885999091763829,-0.06281358695768477,0.904148191567539,-0.42257602982026465,0.5131356911275834,0.3924183159803382,0.7633476454238745
1.5727259219544982,-1.2384419901472339,-6.170630763027946,0.838110918431065,-0.17576858051848962,-0.5164063269453144,-0.09187059209321599,0.8876632225533051,-0.45123585588328713,0.5377079901908451,0.4256282526205187,0.7278122751480126
1.6567516644349194,-0.5959092091148506,-6.523989209768635,0.8240254415993423,-0.1808174645852683,-0.5369237525924542,-0.11608943652121761,0.8737063703361947,-0.47239858293832515,0.5545316170654243,0.45159962680997295,0.6989652800675432
1.6199762437906002,0.10196505019930235,-6.657246215850321,0.8123686271611839,-0.18442361571180882,-0.5532134701650306,-0.13684092639031167,0.8618956255597933,-0.4882729682314323,0.5668613361915716,0.4723598846310672,0.6749402676699852
1.5062614896333664,0.6212143049377881,-6.641815279223988,0.8045054831009731,-0.1858716762074943,-0.5641122651071193,-0.15131205748517865,0.8542946547173044,-0.49727789432171915,0.5743479684999948,0.4854197800927126,0.6591601081487499
1.4597854089208293,0.8828391210409539,-6.592739353961048,0.7997751520851333,-0.1848090899731784,-0.5711438578593716,-0.16086311462444863,0.8506545402270761,-0.500509651799426,0.5783448490827272,0.49217116276184547,0.6506033984580243
1.5056175441772992,0.9436845677666734,-6.559899264558028,0.7989565631551221,-0.180979426520753,-0.5735109914967395,-0.1643038579927212,0.8516745976957116,-0.49764909513486993,0.5785089908031354,0.4918300792103577,0.6507153915068179
1.5471591193441485,0.883632559392276,-6.470201536575695,0.8021419498149909,-0.1742073315549883,-0.5711568068223414,-0.16185219515666277,0.8572621452318699,-0.4887795835296532,0.5747800964455653,0.4845135911251018,0.6594500896543155
1.557538810187903,0.7157511820291731,-6.32596539770529,0.8087413593343394,-0.16568700115424984,-0.5643449577612569,-0.15431498080105197,0.8661153660547556,-0.4754272387907608,0.567559953134834,0.47158455268631094,0.674895332081381
1.4990761032021225,0.4439786812056772,-6.077876567306482,0.8195174356611771,-0.15375850965824742,-0.5520412062110959,-0.14150101340088808,0.8792060179848199,-0.4549442176199161,0.5553094955552708,0.4509491087106734,0.698767676341143
1.4636155357934997,0.146350989420855,-5.781005435262147,0.832649238372368,-0.13996475096792993,-0.535821905416715,-0.1259374504138011,0.8943310998253451,-0.4293153182317854,0.539291205584873,0.42494911739133345,0.7270373052375932
1.478752952761916,-0.1952305232442848,-5.49577908098988,0.8495883915612427,-0.12302337075763524,-0.5128984452811377,-0.10672852514998626,0.9122045361753598,-0.3955905788822638,0.5165351748368044,0.39083005824594064,0.7618682817441521
1.5311600279323017,-0.5423019611261684,-5.181855648265477,0.8679352012445225,-0.10642074487520013,-0.4851423620967724,-0.08710331474966113,0.9290240204105357,-0.35962116464394195,0.48898005992090343,0.354385375771139,0.7970630504792569
1.5770469949361228,-0.8562395800811051,-4.810328464196689,0.8885812254455024,-0.08934705372960156,-0.449933894895247,-0.06682527793908169,0.9451713551876824,-0.3196646548510541,0.4538257242754452,0.314114968319752,0.8338908793501395
1.52495103621401,-1.2302220127922556,-3.8139654621327232,0.9279353636304434,-0.05857909513902501,-0.3681092915653286,-0.03229987827870909,0.9712215889225781,-0.2359774206865613,0.3713390348283035,0.2308616789841805,0.8993387606399432
1.2838776146805813,-1.3720210681344958,-3.0553813093649134,0.9501882296798131,-0.04108537544386869,-0.3089568256287233,-0.017331037352994808,0.9827750323173929,-0.18399149708020612,0.311194414027968,0.18018109717221378,0.9331092159547063
0.7562118026590483,-1.4985151919138475,-1.0909703396548245,0.9809440709912584,-0.016098057307282906,-0.19362226663797383,-0.0016216134266687152,0.9958484810753178,-0.09101193938091902,0.1942835555495879,0.08959160279241052,0.9768455582906117
0.4476183318290056,-1.2743556139705663,-0.03411290684300357,0.9883045747226997,-0.008636747096030305,-0.15224806790820256,-0.0007864837099865016,0.9980928644176426,-0.06172532253426177,0.15249081620069943,0.061123159262131785,0.9864129512411424
0.1372306577722934,-0.8017266602515307,1.018226750383219,0.9961031534888132,0.0008510264460457797,-0.08819174203760845,-0.0025603313964043103,0.9998110306875224,-0.01927038190317739,0.08815867690012476,0.0194210882687312,0.9959170994704717
-0.11246797570937088,-0.207924224272319,1.96066498791495,0.9991541238691123,0.005936504192706513,-0.04069145700653527,-0.005518455500404798,0.9999309168007448,0.010378259724619525,0.04075025649287141,-0.010144927007701192,0.9991178594399028
-0.34208402965364215,0.3727037634445661,2.762738663492457,0.9999205377561247,0.009474207251973633,0.00831610308060534,-0.009803643928197764,0.9991310108221229,0.04051063785342798,-0.007925070298092897,-0.040588946900715885,0.9991444993844789
-0.6196335308063176,0.9182307229688935,3.5237810421228075,0.998457151091709,0.01063397996571402,0.054499870677966536,-0.014424942683102088,0.997467548831682,0.06964488535639045,-0.053621250101200425,-0.07032359133181658,0.9960820016644111
-0.9245890348058953,1.4128359508197421,4.30201026208517,0.9956981878510992,0.009406460540826294,0.09217720548014652,-0.018135268609096342,0.9953766046016987,0.09432140289493732,-0.09086380325801455,-0.09558730831908101,0.9912652701198612
-1.0800123145342992,1.8286705672157062,4.979085588182337,0.9893666077167571,0.006025109832638112,0.14531831813828316,-0.024976911326933096,0.9913368452829809,0.1289473267848284,-0.1432824812585304,-0.13120578202156896,0.9809460603562803
-1.342287520791567,2.0022976979484692,5.421649776423958,0.9858125701088369,0.0022530615891754656,0.1678347411261542,-0.026731660106848354,0.989255257460567,0.14373396931330717,-0.16570755855826164,-0.1461812549546015,0.9752804959274833
-1.570997837776763,2.2132977550615758,5.618477537579847,0.9806990327757464,-0.0028916451586001634,0.1955020345188008,-0.029372332080470367,0.9863650218666902,0.16192995320841005,-0.1933046125183467,-0.16454689916920365,0.9672422885466347
-1.830581051873822,2.4480372995303963,5.600022182736171,0.9784862104637156,-0.007157512803627726,0.2061880354017208,-0.02879225544575937,0.9848805735018439,0.1708252380798122,-0.2042932743844042,-0.17308675844542326,0.9634859791881529
-1.9707727427017492,2.5950268578155065,5.430782937216088,0.9769970430096396,-0.012050906102431334,0.21291207953643454,-0.0264770717631148,0.983822072047576,0.17718096743968964,-0.2116027944552469,-0.1787425696752844,0.9608721825324148
-2.0372813243428247,2.564623918249477,5.262861917790752,0.9766332403026148,-0.016516067358153044,0.21427723503684262,-0.02265800680496063,0.9835730988622976,0.1790825896675688,-0.21371506419445419,-0.1797531048784344,0.9602159614497785
-2.0995726527980603,2.4490994496168663,5.223511911960676,0.9773910833990594,-0.019537639855152476,0.21053491568122756,-0.018392104105994324,0.9840915503520818,0.17670752964203257,-0.21063807964982365,-0.17658454392875372,0.9614829682562808
-2.14591546772121,2.3036509591060685,5.252753343227722,0.9791590348298956,-0.021981537094032385,0.2019019478310434,-0.013148778300844148,0.9851787687851672,0.17102603066240252,-0.202668927416565,-0.17011644706472537,0.9643576620206288
-2.1648103858048353,2.0623158820327046,5.213782629893618,0.9824686181190159,-0.024742592360107757,0.18477883681474805,-0.005139662353905321,0.987182120464001,0.15951503034851008,-0.18635717931487789,-0.15766821226708894,0.9697482851535765
-2.1578822524771963,1.7394565266491748,5.10383017239541,0.986379614556325,-0.02754709696924949,0.16216168917559023,0.004048035361766641,0.9896432045636777,0.1434919547244517,-0.1644350005242917,-0.14088110274093188,0.9762753942884532
-2.1370504688822285,1.440346867774441,4.99971756964326,0.9897710833402854,-0.03044993857104522,0.13937719980117028,0.012604146399434812,0.9918004414503455,0.12717318833952684,-0.1421067840637361,-0.12411561376361462,0.9820391928752862
-2.2382206403820244,1.1030264055036785,4.890952790431604,0.9945900892415114,-0.03717445822064597,0.09699801048764867,0.02773858300520279,0.994909913255649,0.09687536073997247,-0.10010557125067499,-0.09366068631842182,0.9905587062072283
-2.2394405509808135,0.7615514750488722,4.782387592815388,0.9968601481471104,-0.04302022358075425,0.06647635218016382,0.038005752440639654,0.9964636062617279,0.07493893632346432,-0.06946515542010984,-0.07217715538127956,0.9949698741286224
-2.3570825938548285,0.1551882184353247,4.567630980151719,0.9984015448505055,-0.056077084353028814,0.007050946786464542,0.05581881017443181,0.997907255120596,0.03264001544711562,-0.00886654785319399,-0.03219426638612099,0.9994423012565691
-2.3374418905494094,-0.5528417029843399,4.306468920406339,0.9975385319088536,-0.06432052877101052,-0.0279239491430722,0.0645531738347825,0.9978860056086886,0.0075104965343261686,0.027381838962780104,-0.009294589229944653,0.9995818353221828
-2.337728582454445,-1.4745654019787908,3.772323303358383,0.9929384061871347,-0.07897758034540449,-0.0885204118909083,0.07591682020501851,0.9964113298031976,-0.03743124697070213,0.09115897064200444,0.03044673451468976,0.9953708044889014
-2.2398394159536243,-2.372647171862056,2.9284445082397306,0.9821288748719118,-0.0973519008469173,-0.1610760085932194,0.08315177751125549,0.9922178160905486,-0.09268002659268348,0.1688450622302877,0.07762997381162676,0.982580750944398
-1.9762292809134587,-3.037273466012547,2.0261844532422235,0.9730469054979143,-0.10813629068636285,-0.20368176731736679,0.08353276889286282,0.9885373794330506,-0.12576218026389321,0.21494649618456982,0.10535839833744085,0.9709261618051842
-1.6813543084647626,-3.577110830900565,0.9340741975907966,0.9565621774549884,-0.12295254367216046,-0.2643321256811501,0.07805156769881562,0.9816221003814333,-0.17414363273602673,0.28088565901862517,0.1459476757173216,0.9485792125649735
-1.2768043110906095,-3.9085406440337307,-0.2816522216356663,0.934847201024951,-0.13820619943757573,-0.3270470259348558,0.06460145067053205,0.9719641072830403,-0.22608057573516807,0.3491237077413627,0.1902230811192568,0.9175662461655949
-0.7883275402159519,-3.9251251593698187,-1.5423247802635105,0.9092582310978253,-0.15289992060717802,-0.38713186830739055,0.04339031666015645,0.9598371562263506,-0.2771820952865521,0.41396467192380565,0.23523232729714386,0.8793742107847979
-0.2588968443718547,-3.644099426212881,-2.7166539582146614,0.8833234878583138,-0.16556844707726812,-0.438550687070769,0.017943097672118227,0.9468036509988862,-0.32131120693357035,0.468420389227189,0.2759527781842408,0.8393047141346514
0.31461212696361907,-3.1442227273073864,-3.8070149949690792,0.8544959506135317,-0.1776065780775044,-0.4881522035274188,-0.01421995493895022,0.9313837391938937,-0.36376107989549233,0.519263385255123,0.31777387209901314,0.7933380760713497
0.9038462582040798,-2.518105645621592,-4.728688390254022,0.8279361574317489,-0.18806654462791447,-0.5283490266943485,-0.04696316116302827,0.9155383867267821,-0.3994795663401272,0.5588525572194558,0.35555651761912266,0.7491751344431008
1.4005065142231599,-1.728761451798353,-5.426129317688629,0.802488754402245,-0.19792035398596994,-0.5628848306145761,-0.08111117498084214,0.8984376657647544,-0.43154459564268266,0.5911283924420818,0.391965935016358,0.7049325708431928
1.6866427483102462,-0.8526189463455713,-5.863684501292386,0.7805123114262096,-0.20595986510451386,-0.5902381431915803,-0.11267914897446996,0.8823547704541737,-0.4568954677419677,0.6149015702521048,0.4231200692745416,0.6654813790622572
1.8267412042477589,-0.027167068722858012,-6.088555010327482,0.7615415346764212,-0.21258480074806851,-0.6122599067827188,-0.14160148356967964,0.8672796098835971,-0.47725789478124025,0.6324583075693972,0.450148620758811,0.6303671219340318
1.8958356302463486,0.6339949520653887,-6.169452729690045,0.7471824048935292,-0.2172889551395276,-0.62809550531101,-0.16491871651763515,0.8548725881634484,-0.4919295426673449,0.6438324865675058,0.47114580331474865,0.6029107407064526
1.7043124758250743,1.2800184523972147,-6.098573260923942,0.7388005091020211,-0.21681743936615222,-0.6380940414525884,-0.1824777738223264,0.84710498887942,-0.4991142152618433,0.6487493119930391,0.48518381650906595,0.5862772333855854
1.61007403708524,1.3326540311766986,-5.994979108326784,0.7387653802119821,-0.21338190677214636,-0.6392916977894574,-0.18568941482776155,0.8473996997533569,-0.49742656752413617,0.6478774222190248,0.48619122855128083,0.586406799976457
1.6608191699600743,1.2718658668727496,-5.861790697055884,0.7387160661442927,-0.2098109818130503,-0.6405294103559518,-0.1890246511693065,0.8476920474735743,-0.49566911735590446,0.6469685114985292,0.48723458883858356,0.5865442869627788
1.6782663255212096,1.0320689905641471,-5.753504226833291,0.7495074031846731,-0.19873105805869484,-0.6314622863910702,-0.17798746210704078,0.8582574899934784,-0.48136736927505697,0.6376198835545062,0.4731807766942422,0.6078987059230941
1.6733790286435304,0.7515950642968712,-5.640929422390073,0.7629864145914964,-0.18656126814967217,-0.6189076056853703,-0.16331443630416445,0.8707519987793212,-0.463809606968711,0.6254439431663446,0.45495697582101496,0.6339037972029602
1.6445572563456021,0.3967877213129465,-5.534053628061098,0.7806845960710165,-0.17176903744013378,-0.6008551899037923,-0.14372028532847872,0.8863616328930115,-0.44012218226344263,0.608174350858809,0.42995168741630096,0.6672821782764338
1.5496339761054692,-0.0076372103627622145,-5.331086192912492,0.8007336867406661,-0.15635062377009792,-0.5782560378979199,-0.12143279834660275,0.9029244323660762,-0.41228818188508903,0.5865830191920093,0.40035228472321793,0.7040159158090723
1.3356659031477591,-0.41890112186562845,-4.952922895644056,0.8249240632848033,-0.13855507352254948,-0.5479988881511069,-0.09494427913287021,0.9217518892918978,-0.3759774440664715,0.5572125928885927,0.3621822002638704,0.7472203022793168
1.1893629897303541,-0.7489135275626695,-4.507305780150783,0.8476465741869108,-0.12253893320841469,-0.5162165196091036,-0.07084610838739734,0.9381081563666054,-0.3390190494423725,0.5258099601524813,0.32394026734352216,0.7865027584171932
1.1826478901691786,-1.4028399859022054,-3.801538419492687,0.8926186234045286,-0.09242952011540584,-0.44123551190111465,-0.025852951591089038,0.9666499077789427,-0.2547932116148117,0.4500706811662274,0.23884040613388147,0.8604601340866239
1.042312931572677,-1.7382368677866267,-3.302997162244452,0.9180492573473876,-0.07545387990881684,-0.3892200831028823,-0.005043029528321617,0.9794210432291629,-0.20176468455375074,0.3964342681165257,0.18719276718560493,0.8987762452225307
0.88471313306728,-1.926867408929373,-2.622878698169105,0.9326297310322507,-0.06610221271940446,-0.3547284627265045,0.005293775070299345,0.9854778065707066,-0.16972173903803245,0.3607960098729137,0.15640968713665937,0.9194358319260768
0.5582209526206783,-2.1096389229120627,-1.7445103658691532,0.9589830741019704,-0.049634248386474206,-0.27908404643233065,0.020627336631196244,0.994159721781535,-0.1059290355415567,0.2827118260162402,0.09582739156614328,0.9544061684923211
0.24909255691519744,-2.050335435062331,-0.7275419129702302,0.9729485621942072,-0.04061071098638949,-0.22742441706510713,0.026224930214136345,0.9974799255281298,-0.06592458724679706,0.22952853495695807,0.058177042908495125,0.9715616724217441
-0.04700830809569909,-1.6898037630762246,0.3520170215999435,0.9852735518498595,-0.03157441797209689,-0.16804488732146725,0.028264223893388757,0.9993571620146277,-0.022054395883224054,0.16863321639838835,0.016979954646374237,0.9855326070036151
-0.25390080886368377,-1.1873024045568592,1.2089703146992268,0.9923838078592631,-0.02507429007707005,-0.12060538079156827,0.026831370025325367,0.9995558714909598,0.01296677872534785,0.12022668373249043,-0.016104028846192654,0.9926158394734639
-0.4151433996781463,-0.8235156370604179,1.8440123662515426,0.9982791423955487,-0.017585032067208003,-0.05594211745368817,0.02087437793873402,0.9980533443332587,0.058768888120069376,0.054799764631591696,-0.0598355121344638,0.9967029132514509
-0.6763316983050838,-0.5630319333173727,2.5059159787727467,0.999900440894425,-0.012865327746998495,-0.005795829629670832,0.013342189007218095,0.9957090431352176,0.09157230701061214,0.0045928522324937895,-0.09164051920800309,0.9957815628679106
-0.9913518432609615,-0.09779970580832326,3.286255025210607,0.9990565617969411,-0.009430899303967939,0.042391561292225134,0.004234697781227311,0.9926394449364683,0.12103305205985097,-0.04322098639753322,-0.12073934940415762,0.9917428879706098
-1.281996463482048,0.5282330495430153,4.012229247970171,0.9965963454472995,-0.007821495609043603,0.08206429459590711,-0.004096106957454618,0.9895607820036675,0.14405790720430425,-0.08233435582355189,-0.1439037279806484,0.9861606212602453
-1.5431524902136682,1.2174692679449688,4.54734519670956,0.9926052425385113,-0.00787814694547333,0.12113119864744873,-0.01258217850749597,0.9858390901393607,0.16722134175159564,-0.12073326496482954,-0.16750887485116678,0.9784499249205496
-1.846001605454274,1.7609029531563496,4.981622539563354,0.9890560703601132,-0.009144755242904895,0.14725645362888837,-0.018260632060941154,0.9828160404575339,0.18368227986420174,-0.14640573417917965,-0.1843610698355899,0.9718931818510369
-2.1136387488213564,2.1623458552642294,5.338177335423758,0.9855040437133535,-0.011517097395639189,0.16926055740250573,-0.02269349552491885,0.9797776309380716,0.1987983882586609,-0.16812728834275587,-0.19975772921456633,0.9653134540311517
-2.312167939092042,2.4353456524121144,5.475473374233487,0.982681630577459,-0.014913941451176332,0.1847008047519453,-0.024946023750184725,0.9770347180109119,0.2116148758957971,-0.18361511055651347,-0.21255760196174853,0.9597420262881015
-2.416243528647409,2.5091695538812995,5.3896868321559745,0.9806838838865988,-0.018991796992196146,0.19467519495842867,-0.025175066972604684,0.9747415151438824,0.22191258336996947,-0.19397251322808598,-0.22252705521355334,0.9554351750956025
-2.4535660946807645,2.3985318884469495,5.254373073421569,0.9799476157530886,-0.021728019932589545,0.1980670682613465,-0.024065441463791,0.9738538536523969,0.22589715857781262,-0.1977966756722389,-0.2261339533908727,0.9538028675868123
-2.4577358161777823,2.3112209138850384,5.16588044179832,0.9801679997911508,-0.025005472207089815,0.19658438021652247,-0.020513703295785335,0.9738746746364392,0.22615770178984132,-0.19710372944849724,-0.22570521584905961,0.9540478370480295
-2.4528793740541857,2.30737187081325,5.108490412683558,0.9811167081643638,-0.027075672478694517,0.19151217434029685,-0.016802067928148326,0.9744793978290928,0.2238472553327095,-0.19268548329871604,-0.22283808284598855,0.955623091683884
-2.477950447768999,2.2015277587778703,5.084209465109192,0.9839634528092559,-0.03060719462621518,0.17572456621884,-0.008086958763345238,0.9764997982364004,0.215366536728039,-0.17818676896348545,-0.2133338784192109,0.9605925940194268
-2.460782369279876,2.0030070244267013,5.073379612721335,0.9863216129320572,-0.032790791604790245,0.16153773506223107,-0.0013592773651246019,0.978361447679936,0.20689859849371903,-0.1648266611569532,-0.20428813396659037,0.9649344693254044
-2.423612034531027,1.1879369753853608,5.007130206712036,0.9927618905808439,-0.039181012090582626,0.11352830881284802,0.01881729172035773,0.9843578978618281,0.17517259617118908,-0.11861592701934578,-0.17176838244741383,0.9779702882239013
-2.41089848999935,0.7578972783882608,4.8266325335778975,0.9955939833096203,-0.043608579958627366,0.08301151818678251,0.030380559262814938,0.9875384529482079,0.1544176983623953,-0.0887110027931211,-0.15121539505835047,0.9845121950899268
-2.3978547711129976,0.2585162989913148,4.593318318554177,0.9976541765546413,-0.04938530637016938,0.04740501574521816,0.04282500353944083,0.9905073736647743,0.1306183822727828,-0.05340564647045074,-0.12828185464217592,0.9902987441649298
-2.446430863353854,-0.39219048239393983,4.374654974628764,0.9983487864971154,-0.05733241140315795,0.003563018725101827,0.05667831895487419,0.9932489249769474,0.10121334493330691,-0.009341769649586357,-0.10084427417973701,0.9948583636402604
-2.5365971869472848,-1.1676187403046134,4.119042744907793,0.9968134124645779,-0.06659573385878431,-0.043909326600766234,0.06952825394521585,0.9951882209152381,0.06903786537034359,0.03910041731302055,-0.0718708089795434,0.9966472516304723
-2.5839298033524334,-2.0435229379170945,3.6372181179653276,0.9919891477304722,-0.07782611564791884,-0.09950189198265355,0.08127361442829983,0.9962074148100668,0.03107066583136609,0.09670641334849994,-0.038908641721359286,0.9945521540958363
-2.4553263337153535,-2.9209185798809836,2.821041396345484,0.9834241624547586,-0.08940562127300437,-0.15774521097308908,0.08910592408961238,0.9959816228719365,-0.008985610358833742,0.1579146953019018,-0.0052193664531866996,0.9874389637955022
-2.1879568208605105,-3.706505815830659,1.636240456738896,0.9678200586190112,-0.09959326409647803,-0.23109633463407103,0.08815344609606207,0.9943379829073464,-0.05933755715513711,0.2356974842379146,0.037056139766032004,0.9711197343425569
-1.820483060671779,-4.268531776304098,0.3065167538775063,0.9486512345475785,-0.10821388173910029,-0.2972382730913212,0.07988914110416032,0.9911648049573392,-0.10587754505805372,0.30606953511415397,0.0766947534896404,0.9489148299305734
-1.4159186689885104,-4.551097480288248,-1.0657451058395915,0.9237609178144168,-0.11621234758176384,-0.36491157420421905,0.06304273934319081,0.9859925906210218,-0.15441575132269797,0.37774512536202554,0.11963821091098858,0.918147765207347
-0.9497487413100266,-4.477418243829717,-2.3599679883326052,0.8943759451727642,-0.12351458108964108,-0.4299253620741335,0.03838185912568722,0.9787676635922228,-0.20134719664370293,0.44566635680336036,0.16357875462440916,0.8801269734811832
-0.4194679943062076,-4.025486438301745,-3.582242768821042,0.861585578845225,-0.13027269077148643,-0.49061116616430045,0.007069389790412599,0.96949324861134,-0.24501604972944602,0.5075631133700805,0.20763397346337126,0.8362223502214485
0.14437212047068093,-3.274915427687289,-4.739888586718594,0.8290014269078431,-0.13585450288428347,-0.5424944130871986,-0.02711796635893044,0.9591389988365898,-0.2816327339129823,0.5585886233045887,0.24818528352182595,0.7914435007995677
0.7653162979229309,-2.3486545519988193,-5.745860948301971,0.7956745387127282,-0.1401179981530674,-0.5892953207330462,-0.06497931219501833,0.9475179890521598,-0.31302931078289453,0.6022289576489569,0.28736145708171923,0.7448111677149599
1.3763417857454359,-1.3986173546268361,-6.444114390118104,0.7659825544129919,-0.14327063112276409,-0.6266931087802325,-0.10083492567030543,0.9360063685543014,-0.3372304787394723,0.6349039644702271,0.3215052165727249,0.7025178656920507
1.8428917739913513,-0.4307425297911234,-6.773454687842744,0.7388741996694278,-0.14604836298118243,-0.6578258072874451,-0.1350078804827615,0.9243494021622445,-0.3568627956650203,0.6601801188088099,0.3524883805075263,0.6632602448034761
2.011004415089862,0.4905416855753071,-6.802528145029946,0.717972122494375,-0.1478545186298611,-0.6801875275551984,-0.16247267271853916,0.9145908410824334,-0.37030558195606744,0.6768446364865546,0.37638097020022093,0.6326284085705639
1.915649034776317,1.8672818432151834,-6.382690494040826,0.6855984053459803,-0.14979866672147485,-0.7124010008664481,-0.20596783281514103,0.8986993193279319,-0.3871908899818619,0.6982349736531983,0.4121891469798556,0.5852931134735284
1.9162469894631282,2.145890026569849,-6.208066871993653,0.6826862906664763,-0.14599552318069892,-0.7159781670883832,-0.21106072826608402,0.898674684983445,-0.3844960072012401,0.699566149495412,0.41360502630057605,0.5826989657611062
2.021967838567967,2.1629587769866276,-6.153388568170188,0.6868033286242539,-0.13924599053807438,-0.7133805028942934,-0.2079559579886621,0.9028044694806125,-0.3764284917787809,0.6964592646577847,0.40688406703249114,0.5910920813777131
2.0781905216398995,1.86133876717168,-6.146541928996593,0.6986811779743356,-0.1288977204008861,-0.7037257912140561,-0.19674515045960653,0.9110936552057424,-0.3622149875618989,0.6878487895715314,0.3915274308644224,0.6112039868699188
2.006934345622936,1.3244443673109558,-6.002239197259916,0.7133870620521554,-0.11895313349619056,-0.6906005008165221,-0.18271719757925767,0.9198254929282642,-0.3471822119119273,0.6765303580811255,0.37385988630864575,0.634456822805075
1.7452291282441859,0.6794451458572695,-5.716037304343227,0.7394829893794451,-0.10445477580667546,-0.6650218855267969,-0.15766009027619662,0.9335392685779159,-0.32194367513139827,0.6544525990112195,0.3429192818057729,0.6738680596476379
1.4754550797991817,0.2341985828769504,-5.323286941819825,0.7659585517457945,-0.09091510914742496,-0.6364290533407444,-0.13237855806305976,0.9464320058996479,-0.2945205859934309,0.6291131967878509,0.3098401218975373,0.71289247750968
1.2421300753637292,-0.050588718529636534,-4.957928522527582,0.7963420866226457,-0.07637761249574156,-0.6000047844667075,-0.103915492973591,0.9599686924659179,-0.2601185879658193,0.5958530451323926,0.2694931720744083,0.7565266543960812
1.140880775583373,-0.2788744718585765,-4.6331374980462945,0.8265563821865789,-0.06340808934221247,-0.5592709193875569,-0.07627161540069456,0.97185113208141,-0.2229080926217134,0.5576622523990677,0.2269026030658353,0.7984535183535393
0.989850887757699,-0.6406946361870962,-4.201450095719517,0.8593617010727378,-0.05136713537435579,-0.5087817647408386,-0.04753785673222535,0.9826088349578579,-0.17949938618298295,0.5091538263694732,0.1784412924919397,0.841974516376315
0.8819402350800241,-0.947755920047559,-3.6266800138361526,0.8888694249066131,-0.04261640165938529,-0.45617429539134674,-0.022837171595897182,0.9903057444952135,-0.1370145832139071,0.4575910937285438,0.13220580444665497,0.8792792595136808
0.7472652988494576,-1.2169048243756224,-2.8715684833465382,0.9178149352297417,-0.03592602616845526,-0.39537964706465023,-0.0003735409732106808,0.9958186114987503,-0.09135181147542909,0.3970083187243876,0.08399174743059315,0.9139637745705184
