0.3518222920382924,-0.11336718594334323,0.6037130744173336,0.9999946935962009,-0.0030151380795513,0.001233580885710891,0.003012945608865893,0.9999938851504024,0.0017753367460046608,-0.0012389262279761874,-0.001771610613238242,0.9999976632260881,-0.087297365,0.06085327299999999,0.14836302
0.4462588725583425,-0.11802382583387294,0.8139634319132757,0.9999763006922398,-0.006110246699402914,0.003172213601839684,0.006100220345546177,0.9999763980704536,0.0031607932196629053,-0.0031914519578156524,-0.0031413671090972962,0.9999899731732749,-0.06955862023461576,0.09819699356525242,0.15592136780631888
0.5776565129632152,-0.11193607955194229,1.0536240614104428,0.9999392249133906,-0.009389253762990282,0.0057782690645022845,0.009363092184977986,0.9999458676151661,0.004538099171234641,-0.0058205656377379135,-0.0044837209019439606,0.9999730082669884,-0.0652620459914968,0.12541340131294737,0.15656511917277446
0.7664817204035663,-0.0926554289683412,1.3108612635550463,0.9998764176452033,-0.012713670896885562,0.009247270371347796,0.012658703604858577,0.999902001955584,0.005978604206622188,-0.009322374163240924,-0.0058608069018510605,0.99993937030323,-0.06872958899456061,0.16926207630776166,0.16052812290192375
1.048981849869294,-0.10258885108515317,1.5466293334603367,0.9997596295975488,-0.01629366922392106,0.014669675190453969,0.016188108038866174,0.9998424165392077,0.007286099584764408,-0.014786080788835445,-0.007046873935196738,0.9998658476929031,-0.059686525267481534,0.25693479622981047,0.16724863621720662
1.3938999387081492,-0.16348584751657036,1.7762562565661102,0.9995692362015165,-0.0196345484939988,0.02181344871756012,0.019465854099774624,0.999779159588078,0.007919127320776875,-0.021964119915969825,-0.007491098637262554,0.9997306941759486,-0.03070093706136594,0.3840819912755187,0.17619972073663148
1.7272029228721542,-0.16400810135495397,2.0306493022585443,0.9991307690899522,-0.023539957514059212,0.03440314895408159,0.023281528251007166,0.9996977879553063,0.007893237584474817,-0.03457855838547918,-0.0070854186540879925,0.9993768659232005,0.005655113848939677,0.536165790997552,0.16198536090121135
1.9750857596915048,0.02032134464122661,2.276727236398446,0.9985387039232132,-0.026058628817048256,0.04734347506810943,0.025725599100284168,0.9996399221141388,0.007630181293404211,-0.04752525979182918,-0.006401092079798498,0.9988495260558045,0.019783458854421312,0.7073259899072817,0.13262387708740284
2.1530579998562733,0.3080596694580868,2.394809824650554,0.9974827610359807,-0.02749787797152425,0.06536060084714548,0.027089539336744822,0.999607613683205,0.007125694709378383,-0.06553089572529638,-0.005337169065288199,0.9978362672962979,0.028288006237643597,0.879753688916831,0.06498303863474898
2.3249292404877515,0.5149506871356024,2.3193458427889015,0.9962616480129689,-0.02711182591268525,0.08202242128932438,0.026705366317223332,0.9996250480980454,0.006048687861296424,-0.08215565779875467,-0.0038356369302541818,0.9966121290557292,0.06717629947463918,1.0730421756566857,-0.02973057326403812
2.5490395211452137,0.6281311543711392,2.0472322916819627,0.9936588177822506,-0.024504329629079634,0.10973464208265957,0.02423718821589537,0.9996991358264338,0.003767828986155941,-0.10979395498372055,-0.0010842773220280703,0.9939537774925562,0.09472517157704181,1.2962125772105917,-0.12467616998496416
2.7634519131357655,0.7035228573775129,1.6970079855411997,0.9896352201265032,-0.02035555701901398,0.1421540797290512,0.02028301198992758,0.9997923583842373,0.0019594747003760606,-0.14216444882523982,0.0009441477271225,0.9898426026774587,0.059980785588417684,1.51221578592902,-0.19217829323190863
2.9149229711649824,0.726288496634425,1.3092730822760008,0.9836954962139243,-0.01540204760747445,0.1791813261976215,0.015339274745410194,0.9998808395904031,0.0017358773792189826,-0.17918671094343513,0.001040936831874939,0.9838145348955696,-0.026382323091080403,1.724210576256767,-0.22600834873851755
2.9113112873337994,0.650614312207697,0.8697049873233212,0.9763251093267722,-0.010878721119747945,0.21603456743045757,0.01026975760477713,0.9999394975841,0.003941224428673364,-0.21606437229863995,-0.0016292937294421952,0.9763777611279038,-0.16162972766608796,1.9199031524213546,-0.23162283074075327
2.693652359836144,0.4078620865983346,0.32694201129239436,0.9663548622122325,-0.006632503812696611,0.2571269923052644,0.004487120213382609,0.9999500634116433,0.00892952603678804,-0.2571733773759788,-0.0074753311783216266,0.9663363665891949,-0.3022798432503067,2.055618780049837,-0.2158430560001648
2.30079179171248,-0.0004973829012069578,-0.3479722559386991,0.9547461258034076,-0.00354043986665297,0.29740090878969183,-0.0012020682274874923,0.9998750475674945,0.015762115463269954,-0.2974195526446781,-0.015406314856304965,0.954622572102288,-0.41546698605728166,2.1365798935988654,-0.18218771987639626
1.8264410265760271,-0.5905984405605235,-1.2136284305027927,0.9408261742410373,-0.0013534702627688217,0.3388868217874831,-0.006916337335130072,0.9997070581379949,0.023194011876832094,-0.3388189400562493,-0.024165389037293455,0.9405412058128214,-0.43715784803647256,2.155154168184974,-0.15048326086939992
1.2879612755028924,-1.247703703693372,-2.2450099748151917,0.9255592666884935,-0.00040539155237857014,0.378602534995142,-0.01154761347722436,0.9995039476871695,0.029300361443923527,-0.37842660645102527,-0.03149117678736687,0.925095459568637,-0.3667265359065901,2.116696637198433,-0.1061467866663375
0.5954342915069797,-1.6735356376913746,-3.2418388293760425,0.9095997916595397,-0.0012065363806164704,0.4154837701798766,-0.014769495743704895,0.9992698766448291,0.0352359990025084,-0.4152229292902778,-0.038187143126847525,0.9089178516738522,-0.3311604219996347,1.9772774645775852,-0.029497749497818818
-0.24638574667326602,-1.7995265938356677,-4.050433630636449,0.8944889637814625,-0.004328854852535349,0.4470690714965998,-0.015977161428011415,0.9990049265974054,0.04163996814138951,-0.44680445833257926,-0.044389386679456945,0.8935297187919115,-0.30787909230163046,1.7149028039743808,0.08173381026898
-1.1288056658755743,-1.7885925969627965,-4.762043053588005,0.8808775832010212,-0.009758402711334171,0.47324354933844803,-0.014859845840759589,0.9987245785898431,0.04825350870277573,-0.47311084155355987,-0.04953776031537373,0.8796090847117367,-0.2520204316867499,1.3967701060849673,0.18972501765621064
-2.054603441829069,-1.6556099806980416,-5.497191627766827,0.8711909633500866,-0.0162980534364257,0.4906736989398678,-0.011526154003662251,0.9984943339151656,0.053630335754993416,-0.4908089782706023,-0.05237784449070881,0.869691386789288,-0.15907888501410963,1.0363641350094226,0.28228143009951945
-3.0435600474619973,-1.3417080144776294,-6.218806551973115,0.8655830209928388,-0.02367358553260888,0.5002055528649616,-0.006368207381010301,0.9982807676639216,0.05826624105846807,-0.5007249541451516,-0.05361968165106277,0.8639441243714636,-0.07575030206814533,0.5881120642587095,0.3487557863066655
-4.719423403934078,-0.4112597679816698,-7.329197299751537,0.8640421749624824,-0.038207600549424875,0.5019674283719608,0.005900176412566798,0.9978158224684689,0.0657934065835882,-0.5033848505908821,-0.05388658174191741,0.8623803850411763,-0.00980235477660534,0.08310933545803147,0.38900805530787014
-5.349533933412404,0.15745600866043008,-7.688502173501489,0.873848043609277,-0.04702955250829272,0.4839192265979002,0.014323901756199124,0.9973689546931681,0.07106331017294312,-0.4859880888650658,-0.05516692310730142,0.872222556505021,-0.022555056881366782,-1.0555374181180928,0.5238175569037193
-6.04330733348267,0.6361964562416185,-7.908017054786152,0.8887201560395829,-0.058215412378623155,0.45473888112912375,0.02400203411048126,0.9964528931236913,0.0806568914847614,-0.4578213479159092,-0.060766747049781585,0.8869650589766479,-0.2061725867790244,-1.6830807878616252,0.6871686203752472
-6.684597698650603,0.5938104368265686,-8.075409245443698,0.9094628729481156,-0.07321200841859281,0.4092887544903681,0.03606564651823145,0.9945560658551797,0.09776247241088488,-0.41421800041787554,-0.07415007548197743,0.9071522553771415,-0.48649361032193145,-2.324836292752857,0.8746375077206849
-6.988424081092236,-0.30588798468387735,-8.295248177429341,0.9326274291173823,-0.09110794004257615,0.34914956926667035,0.05183507466287201,0.9913910083550318,0.12023723877188525,-0.3570983106829236,-0.09403835288854875,0.9293210342467297,-0.6813648939826158,-2.8800971124568115,1.0714518952551646
-6.900306238888271,-1.6807905694633272,-8.499799244258021,0.95332759321487,-0.10994553001056584,0.2812089622430979,0.07115030385506575,0.9869208998260619,0.14465397245788847,-0.29343505972612804,-0.11789452030188483,0.9486815839923913,-0.8270467580392995,-3.311063469460835,1.2734812026056455
-6.0865922886819215,-3.331175572245767,-8.223816300018576,0.9699224111137016,-0.13038370210523725,0.20554952358183015,0.09621125505494843,0.9810302150018667,0.16829471665546256,-0.22359318151530572,-0.1434566397164089,0.9640675711282589,-0.8183748347567669,-3.582230640356344,1.4798411965452347
-5.0277991991856075,-4.913645736431094,-7.367494619755849,0.9793862181273858,-0.14813367655778253,0.13732825496456247,0.12149597457092358,0.9751274192839019,0.1853786512082183,-0.16137336801715219,-0.16487246595532887,0.9730240007649402,-0.7284795790367277,-3.770401953841153,1.64300952168244
-3.2874046150274463,-6.440093145181578,-5.565597217258993,0.9837520081970234,-0.1705783324517202,0.055991239192531184,0.15625280357404703,0.967073277979341,0.2008838878395726,-0.08841406982813964,-0.18887113997718702,0.9780136219604222,-0.6097082780104788,-3.7913583999857035,1.8426363367023022
-1.4713050281716455,-7.5257453820734606,-2.9181223113618873,0.9807616757135731,-0.19400421570603796,-0.021654092910821397,0.1941266642057752,0.9576401202555798,0.2126975277741053,-0.02052738891928449,-0.21280922058304533,0.976878120309281,-0.588518880648672,-3.6735507987043885,2.0235439707563856
0.2536956803195711,-7.969974103471419,0.08935734314797505,0.9686964855384967,-0.22243229876963622,-0.11023153527653323,0.24222685347945846,0.9441118621639025,0.2235597082992562,0.054344000209840385,-0.2432625416817454,0.96843691867655,-0.631436764303199,-3.4872297594202575,2.13857400919782
1.8890277156335358,-7.84896965756697,3.1113112952136417,0.9518772833637654,-0.24729875193659634,-0.18103304865858305,0.2852433839476566,0.9308999250347264,0.22816998374990022,0.11209749921433873,-0.2688283036827444,0.9566428245740153,-0.5720064098195088,-3.1701394935758813,2.194632582382178
3.530766086618166,-7.273566181106664,6.061055155751565,0.9303851894191247,-0.27346455646924656,-0.24413220939609576,0.32876244948206024,0.917053318156029,0.2256733556926291,0.16216858857404037,-0.2902246509414638,0.9431177025513888,-0.3632848179216398,-2.703625832414464,2.193911092222598
4.907733579726196,-6.080043821726142,8.78923295118711,0.9084510955779708,-0.298802486681548,-0.29229040507021353,0.3672271029814408,0.9045458393495022,0.21665890092807646,0.19965185142904146,-0.30416097459803637,0.9314640303052659,-0.11516246229094873,-2.150350793568081,2.139261841532766
5.768679436630693,-4.148821852469541,11.144369509299818,0.8852275681094632,-0.325777551915767,-0.3320258112357786,0.40423545504947556,0.8919346073190317,0.20259899591949426,0.23014310665312146,-0.3135628213522991,0.9212559402932698,0.0569574943923723,-1.6204280800834185,2.010154267962412
6.256921443801024,0.22691437985733387,13.772950492830006,0.8449733814322398,-0.37220422819703086,-0.3840364529354222,0.4616583139220805,0.8701371990722631,0.17243217790568494,0.26998441780515625,-0.3229942217794755,0.9070739478341788,0.1663642082340432,-1.1346915724644,1.803507159943189
6.260642076558692,2.245793096381001,13.695674847485403,0.830668896450812,-0.39299375714984636,-0.39439205279827727,0.48215330934751727,0.861979231588858,0.15658860301668845,0.2784194151894368,-0.320230715501697,0.9055025776301489,0.2683027717030734,-0.2904996459359541,1.16084468515642
6.089687548568008,3.9594874860629403,12.501463110724456,0.8240001973105178,-0.4071586003959483,-0.39401211777792033,0.4922575233335138,0.8587853198936611,0.14202219916863712,0.280546262769233,-0.31098174939818246,0.9080661572746024,0.45998058273916687,0.14477670936475479,0.754458044054409
5.87829010360478,5.295429148728832,10.643957728479096,0.8233568422817995,-0.4176108693682458,-0.38429763472241607,0.4944047259148942,0.8602836127316045,0.12440286434996507,0.27865296923012134,-0.2924265163266765,0.9147891862545607,0.790006980607616,0.5872834129213919,0.39759365411633485
5.710955094685775,6.239840133948792,8.643299880722882,0.8285969016984076,-0.4253911602571718,-0.36396364553463095,0.4894096055913495,0.8660753133244682,0.10194012754966833,0.2718554992100033,-0.2625945780570891,0.925817841221641,1.1308496608025915,1.0667976107381083,0.08781752410571926
5.401935030505326,6.89211759959409,6.754930747953015,0.8388035168610044,-0.4278374743266223,-0.3366953454733662,0.47778881624700875,0.8749604808422069,0.07849843331974661,0.26101054992259193,-0.2267140324862798,0.9383358888494655,1.3850814417754398,1.467545346669635,-0.268977014511712
4.94974534356507,7.394492283264289,5.0041168559196665,0.8546471238269772,-0.42364415516629333,-0.3001731559079109,0.4581120163233311,0.8873753511663487,0.05194580486016197,0.24435972302007677,-0.18190826241772554,0.9524692697560985,1.5690939234259693,1.8127193940466215,-0.6491214810079924
4.5752459762502875,7.78298269555186,3.3880295306143484,0.8735220874814839,-0.41244256831129217,-0.2585542313070469,0.4327188329644228,0.9011999825792494,0.024351652861095866,0.2229654105010462,-0.13315299187004773,0.9656897568454142,1.747612015158609,2.1512246821603274,-1.0114991782399754
4.46927717176018,7.917856471792961,1.9432483673729015,0.8968014376357235,-0.3920480375614237,-0.20505003706104993,0.39833033113490185,0.9171703336177524,-0.011468497262461932,0.19256201274514215,-0.07139268432925477,0.9786842983678666,2.038212732183973,2.5601304434186756,-1.3350738914729712
4.054602391447551,8.062779415131162,-0.07076987712226213,0.9363476060106907,-0.33708474853686143,-0.09811744504363595,0.32860013268442795,0.9398716325831848,-0.0930766730453643,0.12359253018619708,0.05491071452147068,0.9908126462217344,2.443092693615536,2.9640480045509046,-1.5959043981897816
3.700207391950838,8.193136904505971,-0.5080102802460936,0.9545443977661056,-0.29410709611964836,-0.04843561401915471,0.2853546122553047,0.9486358265629782,-0.13661190953133845,0.08612629074776804,0.11658080705348556,0.9894398301406656,2.6888284246647167,3.14162228578786,-2.320303321976774
3.5574641897732056,8.201983069276249,-0.7615835908033799,0.9717712190121319,-0.23569081437617345,0.010513701459198783,0.2332357249590366,0.9530292643773483,-0.1932260796145324,0.035521746895521,0.19022371371378838,0.9810979279554237,2.688828424664717,3.14162228578786,-2.320303321976775
3.7366542275389767,7.740489160879443,-1.2544851490673823,0.9821173787385763,-0.18259080554091572,0.04589174339234896,0.18820662319020287,0.9584805917528542,-0.21422703428941425,-0.0048704586037234335,0.2190332234274438,0.9757052452805475,1.201225446696933,2.724477103577924,-2.729553513163184
4.416158583211595,6.280480613787439,-1.976877122829685,0.9889299561390339,-0.12375175560950388,0.08187212489251722,0.13901992010176503,0.9656217655918133,-0.21965442775015107,-0.051874884729983986,0.22860469986182083,0.9721362494708949,0.12080321562926738,2.5309023866279112,-2.63089613407914
5.326277910983361,4.049709100575951,-2.947460917169993,0.9905988041601441,-0.06810006893243072,0.1186439623743767,0.09223178860100929,0.9729975972564275,-0.2115867975670407,-0.10103121481974298,0.22054037350248454,0.9701312474544009,-0.6642434436710509,2.4438798854293564,-2.348692316883918
6.02986097882695,1.874897617363409,-4.027806077468898,0.9872417082348868,-0.016891291913994327,0.15833033120328127,0.04838525215809317,0.9791610296037111,-0.19723728217301242,-0.15169929760899445,0.20238172437963625,0.9674858969215331,-1.0139085478229048,2.429036941616441,-2.0348326372666046
6.239512751882685,0.33765402752284157,-5.024893879497706,0.9783461202686924,0.03182868311203533,0.20451357873391368,0.005446339681066394,0.9838040382554548,-0.17916459386925848,-0.20690385771966052,0.17639883572068035,0.9623275141120676,-1.1380918798500446,2.422770655456852,-1.7010757898894922
5.997174158642024,-0.38647431561420065,-5.703625709668767,0.9667653596187887,0.06559789763537287,0.24710656662050698,-0.027499434286000317,0.9875968310376709,-0.1545842179470407,-0.2541820618279462,0.1426513762645402,0.9565783105918342,-1.50489291201978,2.31636261830856,-1.2455328145681237
5.509721699504621,-0.7526505872700147,-6.126334390401108,0.95508649689035,0.08343248817268678,0.28433923994945853,-0.050582645550620614,0.9913645460454942,-0.12098649847445606,-0.2919780461384409,0.10116994000850152,0.951059127400529,-2.075600087129549,2.186185076967139,-0.6938177157405038
4.78694542662552,-1.2596166421395516,-6.515028803899985,0.9422683581260677,0.0871469110231073,0.32331989913016046,-0.06794928971489851,0.995214596890051,-0.07021965653727075,-0.32789210923968154,0.04419640297696336,0.9436807948995527,-2.6679499078917277,2.04333917187862,-0.03585760168114989
3.7899562220581595,-1.8478533827783155,-6.885216038931963,0.9324646422668807,0.07640352223954382,0.35308949674479356,-0.07493645115257785,0.9970286263053131,-0.017845072608307602,-0.3534037623041913,-0.009819374579372604,0.9354193501698123,-3.134717136768172,1.890124431827883,0.6869516264195358
2.452916262890531,-2.7993335582628838,-7.181282534039218,0.9213531224525159,0.05131939819367339,0.3853242052039301,-0.07796441276754305,0.9955015131283191,0.05383574742712404,-0.3808280111662131,-0.07964330937539058,0.9212095142707352,-3.225586099608791,1.6730005119388638,1.1221960054991285
0.882912686317457,-3.787622445373434,-7.363052785751158,0.911689370696497,0.02177319851692616,0.4103028383832725,-0.07863554943619938,0.9893824099099573,0.1222247819618841,-0.4032851865911941,-0.14369542368184762,0.9037215740973551,-2.8157704310142235,1.3281333633489676,1.1719883265895064
-1.1200487196514477,-3.9945164589439197,-7.4819417641732,0.9067295799999098,0.00038149908992131734,0.4217123702378599,-0.07989296248429849,0.9820455851341103,0.170890559318188,-0.414075576795676,-0.1886433756511084,0.8904802600418968,-2.4265310382917122,0.8455552392858974,1.0168190093232825
-3.556266596410252,-3.548848460586696,-7.274181052204331,0.9059023281668128,-0.019772750003456234,0.4230248339982552,-0.08265537888761078,0.9714427392425979,0.22241198869166473,-0.4153421001570824,-0.23644881630098455,0.8783979150174303,-2.2296702199185017,0.2635333171635831,0.881555013116859
-5.910982056983324,-3.1274228256929097,-6.606485367122274,0.9106845247407291,-0.037417723328190516,0.4114044365082729,-0.08427204727780997,0.9581199407285046,0.2736866844148822,-0.4044155269587964,-0.2839121222479591,0.869391734717613,-2.3642746387653086,-0.36351125578887233,0.98097992170745
-7.805217567099595,-3.3729568314828473,-5.591344410986365,0.9201653434953577,-0.054232511999185926,0.3877558191340664,-0.083001849410692,0.9408307137392767,0.3285548068119622,-0.38263093657528185,-0.3345091967750656,0.8612184180847647,-2.6897011992269366,-0.97642992733639,1.2275112046773453
-8.921366224086487,-4.375737061345339,-4.313748993910478,0.9336901859845534,-0.06919779736998967,0.3513321810413531,-0.07801845864413046,0.9182668303560917,0.3881998819919562,-0.34947926506006943,-0.3898688152531785,0.8519780221262507,-2.793167336270536,-1.494372103629439,1.3641601266261159
-9.23988187424933,-5.646020223688245,-2.858384256948603,0.947790677771474,-0.07933384511790287,0.30886724032875496,-0.0692052586837499,0.8943069105383367,0.4420698835409268,-0.3112932111370363,-0.4403649518094992,0.8421254336010826,-2.682453531636308,-1.855072419891333,1.4186602857240216
-8.909967671861992,-6.740858363097033,-1.229545185662984,0.961499093276212,-0.08559122030697709,0.26113911356858627,-0.05566321654272703,0.8699043220064574,0.49006946127931805,-0.2691116867643283,-0.48573718568877017,0.8316479342161638,-2.34684369177453,-2.0251689096524497,1.4128562695396814
-8.174029414207041,-7.523906445936564,0.5635459430122962,0.972890828318852,-0.0880909150740982,0.21383036934558258,-0.03909208376402796,0.8486652871201299,0.5274836864058372,-0.2279369324178214,-0.5215431153018073,0.8222150167208336,-1.8870443121805975,-2.0467779754565885,1.3458280273283898
-7.331556216106902,-7.9636124713390295,2.321978488317252,0.981829557671093,-0.09027595814184111,0.1669160599372045,-0.018275241005150277,0.8305234168054978,0.5566838148391985,-0.18888286118542247,-0.5496190549092097,0.8137826240656142,-1.446766607058969,-1.931507217150109,1.3606811143245678
-6.554652420974987,-8.15047948318644,3.872443655353029,0.9877656996149946,-0.0953319680889533,0.12341287827608985,0.006615548147387046,0.8162896432238754,0.5776049280331201,-0.1558048689444967,-0.5697218920014606,0.8069335837523839,-1.05447823829961,-1.70957585990523,1.4756707242974016
-5.757693039554728,-8.286369789592506,5.129380426041852,0.9911080775502253,-0.10554824917998323,0.08102064989703944,0.037566412213348666,0.8060980291542186,0.5905884625245394,-0.12764616440816087,-0.5822933405842143,0.8028953370291562,-0.609587497893673,-1.466495048543056,1.6842664278896486
-3.4813537518566426,-8.98516203439368,6.331941919651186,0.990742686843399,-0.13569498575565486,0.003974834222616477,0.1061244912044021,0.7924357431085829,0.6006522999294623,-0.08465530599396234,-0.5946700462312858,0.799500478600451,-0.24015390886521443,-1.1959030370020076,1.9050809379248839
-1.804059794339401,-9.475462542304594,6.410798562733903,0.9861427682620247,-0.1613257184546861,-0.03868401697848631,0.15217859060174282,0.786797888210607,0.5981561331874767,-0.06606146506837038,-0.5957542242170067,0.8004453680049715,0.09438161639071396,-0.82789995551503,2.0739305422497774
-0.1415184961202991,-9.612508385859114,6.2349850134040485,0.9783326574276053,-0.19315366401824574,-0.07454443967840925,0.19952279197733985,0.783449333587021,0.5885556874108159,-0.055279895913508834,-0.5906765644397773,0.8050126268136509,0.39282874631520465,-0.43118481393997565,2.177988785459206
1.1164036717199146,-9.180964493261651,5.65919971367457,0.9684682552072957,-0.2273059488983408,-0.10198649053263159,0.24387625785696718,0.7812672063877275,0.5745832603520536,-0.05092749266770845,-0.5813377312875363,0.8120670124269561,0.637676538179267,-0.08506601998803642,2.312118180644222
1.990187708858273,-8.276557598098918,4.5446325990187,0.9549940857295462,-0.26765931842220475,-0.12784672652575158,0.2925812989844478,0.7790681484919055,0.5544808414092999,-0.04881065156461548,-0.566931485514038,0.8223175852592994,0.8554998612744877,0.13164826542271912,2.4164383097789837
2.536857324460132,-6.948855771408362,3.038189963410585,0.9397387843894698,-0.3075258495688534,-0.14939500982682785,0.3386445276495356,0.7771481671099048,0.5304343599831522,-0.04702021913204439,-0.549061543184978,0.834458219917634,1.0765571786776456,0.262089077667907,2.4298794951249687
2.9584319347832695,-5.157456623728947,1.3613523197304376,0.9217874090471284,-0.3493024297229973,-0.1682135104912623,0.3851706113854729,0.7756549679766456,0.5000029707692626,-0.04417660746508095,-0.525687343620482,0.8495300136605645,1.314387388052324,0.3621424613862847,2.3723319691446987
3.943867348324723,-0.5722540181328927,-1.7612366801112782,0.8902418433668229,-0.41329539038723545,-0.19145856106088643,0.4540397805884526,0.7717142224527012,0.44531453660015496,-0.036295150668256754,-0.4833674369968304,0.8746648403183274,1.338709694788897,0.37751144044535645,2.059448621512879
4.2453599496472965,2.074131865595141,-2.900847273027024,0.8717583538767755,-0.4473935767536976,-0.19969066058679197,0.4889661149313637,0.768850372858715,0.41204519485602725,-0.030814134662254074,-0.45684580728572693,0.8890120344913618,1.2427017109785643,0.4001440443911711,1.6409182758371124
3.9736774600642955,4.7636214104846175,-3.564278305262519,0.8559282866407262,-0.4747818798173178,-0.20486320978986491,0.516474804844591,0.7655568120934089,0.383635951675696,-0.025308972500140265,-0.43417154910762007,0.900474609223646,1.1499820067497026,0.37293792176665075,1.4432379294857565
3.1938256195922206,7.205365480068365,-3.922385548412218,0.843248714695468,-0.49575072033445156,-0.2077566568182954,0.5371383399551961,0.7625287834166533,0.36059985886199813,-0.02034720901297108,-0.4156694332627679,0.9092881354864327,1.072589263885398,0.35242425462762383,1.2732654017380354
2.24984809310543,9.139987366546503,-4.217063395906737,0.831530641617586,-0.5144752634986905,-0.20945642816347254,0.5552637714198342,0.7593585440356309,0.33920015587954416,-0.015457561245806998,-0.39835888950548015,0.9170993724522409,0.9066317310318426,0.3064390339561706,1.0368103005169202
1.524179614594158,10.386063735228088,-4.444687935815682,0.8225601220503151,-0.5280790147476487,-0.2110151648477532,0.5685555796988048,0.7559672857041154,0.3244349175697748,-0.011806710207618715,-0.38684107476883123,0.9220708131514468,0.635058400273507,0.20592041068848527,0.8107011640452331
1.174716921895282,10.977850915980596,-4.3655229366631225,0.8155874141677564,-0.5370160835831552,-0.21547829548277816,0.5785863870573349,0.7520935656924742,0.3155836832853021,-0.007413674061640469,-0.38205888867684945,0.9241082420473913,0.3315212057734388,-0.030180168214499314,0.5951082329547661
1.2538951121325006,10.880433692366562,-3.4839068570202163,0.8067987197446888,-0.5433516186150258,-0.23204491885573292,0.5908114508347025,0.7447442491368084,0.31031892133778,0.0042018306634728966,-0.3874597036158504,0.9218770648481251,0.055248066949766556,-0.3458062769703267,0.4057561233885181
1.1836711426770314,10.455228848283785,-3.038254053965081,0.8076935174072333,-0.5360458506483655,-0.24553213219658754,0.5893697638260195,0.7457377504059516,0.31067424918575204,0.016566937737341282,-0.39563879185709344,0.9182567630852865,0.0033402064350170346,-0.6615539351359172,-0.07737438236673638
0.8602564899689522,9.981027672624915,-2.669584004200142,0.8125333908190945,-0.5234444124625064,-0.25650621018955305,0.5821517914894372,0.7511873906525899,0.31115397440847536,0.029812421398857133,-0.4021485436829709,0.9150889401276817,0.0934714735052867,-0.7360904856043726,-0.4352782434401228
0.6110901163435107,9.603621024966724,-2.436621408309298,0.8218454168478058,-0.5041022124167922,-0.265426204890837,0.5679881134474196,0.7612034294883683,0.31298377261063554,0.044267525215412,-0.4079832084432417,0.9119156144291327,0.14776084440934276,-0.7939999603154132,-0.8731803515648987
0.8009159158808137,9.22598413094248,-2.520713432814276,0.8483772298786375,-0.45007400216515914,-0.2787283057001685,0.523932972446225,0.7892455351199181,0.3202900649051346,0.07583083941980527,-0.4177617477322568,0.9053865505542809,0.19772674921023414,-0.8551135980786286,-1.3597494546583233
1.0431823106551348,8.996149530800901,-2.5638927721710094,0.867349302303762,-0.40932450742813575,-0.28312300403162605,0.488444602509367,0.8092665301927393,0.32635801413366394,0.09553563770993259,-0.4213562990255606,0.9018491066685381,0.27794078818265894,-0.9070409888901272,-1.901187638327356
1.4406428602374457,8.504553745429671,-1.8441942017711757,0.8909631840502467,-0.3559657013784373,-0.2819096027261294,0.43866619805319035,0.8351192781674601,0.33188515772570737,0.11728841099019613,-0.41936167048887135,0.9002106519988416,0.4817097984033115,-0.8107394429270132,-2.378195802792292
2.2635237781628215,7.607400449178792,0.09251004110322336,0.912387056403129,-0.3083846102063983,-0.26916313175448425,0.38838289339166626,0.8598650893945736,0.33134688192463424,0.1292617013223594,-0.4068549621527413,0.9043010850059521,1.046083212792762,-0.3411989743627214,-3.3046693182705544
3.9226865372437882,6.125542927685198,2.604926497560392,0.933457158624594,-0.253726177314452,-0.2535365061640931,0.33148761145107697,0.8802363001047774,0.3395585655410714,0.13701713931825873,-0.40100758462059827,0.9057699600946126,0.5056232201981429,-0.30985526702502164,-3.6468392537263346
6.046333836806171,4.028753091457672,4.622733318536615,0.9548980818556447,-0.1862279262089381,-0.23127648554993435,0.2619686064257783,0.8950515405808444,0.3609088374523276,0.1397930703423666,-0.4052183352265467,0.903468869569108,-0.18454966516687882,-0.2036586595059413,-3.674886761193343
7.8174193830047125,1.8788751866124533,5.883334063751229,0.9703203209754171,-0.12568909060595648,-0.20659314413796842,0.19905396182940088,0.9002481114002748,0.38720906265253596,0.13731713287926892,-0.4168400057850547,0.8985479478552798,-0.6603542611517904,-0.026041609373407715,-3.451518000016982
9.176992890840635,-0.20033455944188194,6.972112526137255,0.9820657743042915,-0.07035139835818038,-0.17492139860280403,0.1383861072715611,0.8990752110156609,0.4153469035052102,0.12804725789463897,-0.43210466982687395,0.8926866494237907,-0.8579444254612312,0.31280702660439585,-3.134268525832626
10.328929612639383,-2.395630388751072,8.139068149793893,0.9901432873825323,-0.026251336373877096,-0.13757593463210677,0.08478366360827488,0.8941986003058165,0.4395686449193971,0.11148094382660606,-0.4469001348732202,0.8876104261520527,-0.8485542474678052,0.7279688324216631,-2.769180650060906
11.258085227567417,-4.793170720841758,9.228881568338153,0.9956996292695434,0.0059002176346831785,-0.09245234288192562,0.036708430105757583,0.8911519995143674,0.4522174310226368,0.08505727148024683,-0.45366650878526027,0.8871031278126185,-0.37601442249970224,1.247222490661872,-2.348264705248886
12.032920577349115,-7.281160180558658,9.99149327045724,0.9985214390982682,0.02203550032030228,-0.04969278002645161,0.0029253459756798314,0.8910465528771918,0.45390250380075453,0.05428054911334177,-0.4533767498795081,0.8896646248203026,0.04454653701109596,1.6999701106697171,-1.8619439304888499
12.453729963855881,-9.873070894577609,9.715268277868603,0.9995851199595203,0.028772887041696983,0.0013072592693611843,-0.026252180797312917,0.8914633607700574,0.4523316254784062,0.0118495130236147,-0.4521782805220064,0.8918488614475363,0.12149237842840085,2.018565509148785,-1.385012610680382
12.34863151950078,-12.136977217012321,7.949649714023721,0.9982886954255888,0.022427585954974513,0.05400633271856334,-0.044503662762388554,0.8904810077290378,0.45283882218136534,-0.037935531974754244,-0.45446735665183646,0.8899552332290017,-0.05213459201428377,2.28898691690892,-0.8377980750940386
11.262297053134859,-13.583005322834481,4.60722669984691,0.993729501762566,-0.001112342319589421,0.11180536669268788,-0.04993479210579689,0.8902741400274803,0.4526792154889358,-0.10004096093137708,-0.45542366900820197,0.884636133019128,-0.012955956788638298,2.467361091697348,-0.21482000420817693
8.791412225971428,-13.84430076710918,0.9273195438334261,0.988865382467292,-0.021371883706716534,0.1472701529320961,-0.04616029784036883,0.8967670873128878,0.44008864790590213,-0.1414725494967309,-0.4419864632533263,0.8857953962624288,0.8897554756219368,2.517741478160608,0.12491251659191804
5.689596322838275,-12.803735896581369,-2.229875227077337,0.9804563068469914,-0.04599461655357069,0.19128493305027616,-0.03659002810070966,0.9126928712974736,0.40700478194532297,-0.19330442366264694,-0.406049526450729,0.893172537565723,1.8505748431931015,2.497901149927328,0.16098132904982587
2.6611444020440196,-11.101584189768822,-4.162150324739241,0.9696961776328898,-0.06665669941692873,0.2350451180241881,-0.02441718204122489,0.930803861357252,0.36470258143258655,-0.24309077379721594,-0.3593898386227252,0.9009693777201335,2.4314269918712927,2.5324995138891975,0.09370556605362979
-0.2897467470298295,-9.131312124251618,-5.384649865128165,0.9558646328581792,-0.08622965365452266,0.2808687424430129,-0.007733988229850051,0.9482460990928149,0.31744215375610907,-0.2937056163524274,-0.3056039633019803,0.9057280102421283,2.562904116111931,2.4973505556656486,0.1227873087433482
-3.3040130467254945,-6.892963463433194,-6.075845028912436,0.94113309376772,-0.10338895485658947,0.3218372629588785,0.011612739314785882,0.9614057646845744,0.2748892502752205,-0.3378367121862385,-0.25496995831848196,0.906011410664494,2.462132153320757,2.3719104041653307,0.21793495279091035
-6.147827557918829,-4.624207436492215,-6.210447694746471,0.9259027381202732,-0.12282439523511506,0.35723701862560264,0.03453210135160388,0.9692267860570043,0.24373545323946988,-0.3761803470645746,-0.213339178597687,0.9016511195344031,1.91445877028855,2.1056542490672654,0.4981886609206558
-8.557460485245684,-2.549924369884593,-5.68349298287231,0.9104357612668014,-0.14571047643031365,0.3871371613071925,0.0601434425497478,0.9725881465056738,0.2246220461017139,-0.4092547995134641,-0.18122018191996894,0.8942425592310455,1.3810301016774744,1.8542119062021696,0.7899901958222333
-10.04475541127717,-0.7937395190347616,-4.553771559740835,0.8950438737574554,-0.1701451906911093,0.4122463803769955,0.08727129416559551,0.973313970086303,0.21223486247433218,-0.43735590228543947,-0.15398223832482433,0.8860074971559599,1.1205010343515034,1.6319514262840045,0.9616957199491417
-10.796088555348469,0.6803916638464984,-3.126008205344963,0.8803820967680298,-0.19289803161049926,0.433264022382568,0.11421510075124497,0.9728954216144402,0.20107065763567025,-0.46030671779880733,-0.1275337131995033,0.8785515793320493,1.1194694443150812,1.4490288919846843,0.985975546291552
-11.164858598037629,1.931558895877787,-1.7410033486822847,0.866685034923824,-0.21419014709621112,0.4505326082826788,0.1413850019002664,0.9715667027707877,0.1899168852544682,-0.47840080630863513,-0.10089956865121397,0.8723255960759428,1.1456640958221471,1.2283062704551067,0.9771549402017755
-11.256176233542782,3.316508631952441,0.08781934784194806,0.843376265237796,-0.2529636912116521,0.47405257742377377,0.1930991144214003,0.9659971684879899,0.17193662344845073,-0.5014271704277883,-0.05346813445183837,0.8635461489434275,1.098078557548758,0.9439704666938886,1.0084846489876247
-10.967115760901109,3.114261332973867,0.3301757764499812,0.8322178178193806,-0.2761957631205701,0.48075919558360425,0.2237445065447439,0.9606516269665845,0.16458082329816126,-0.5072986295023845,-0.029399864637410993,0.8612686854079317,0.959690300913761,0.5503383559066144,1.048577683731645
-10.135218943283148,1.7282467406260738,-0.6693862092797275,0.8268972712458604,-0.31405017151149983,0.4664905064197423,0.27173984125110245,0.9494001284160073,0.1574701712721873,-0.4923396809957286,-0.0034475987679423938,0.8703963192590843,0.7285183444157768,-0.22062292557126456,0.9669788575968952
-9.899778391907438,0.9632118879958176,-1.5348699360372724,0.8275323199215948,-0.3311360421023633,0.45336429182939103,0.2934906489312489,0.9435635497130329,0.1534635678030876,-0.4785953389608989,0.006062117923730442,0.8780146651686311,0.6806721630776071,-0.5711468417668778,0.8724059053708841
-9.698904517434661,0.35264585877837007,-2.605727036329105,0.835354266647028,-0.3430998498470787,0.42949475227238576,0.3085530180406738,0.9392725114395354,0.15020713801965963,-0.4549486611174907,0.007045728420714878,0.8904897941349056,0.493442993253395,-1.23312923433002,0.6222507440273164
-9.261725598697458,-0.14953827880635195,-3.6184315495534296,0.8465225430626045,-0.35321590237139305,0.3982939999532798,0.3196026280717413,0.9355418356442827,0.15038495233553006,-0.4257390564846696,-8.443159146895654e-06,0.9048459845256865,0.23349125903558204,-1.6308484143121778,0.5276532931598047
-8.420462231788989,-0.6554158684150342,-4.478044774793823,0.8612599670777557,-0.3613714810947969,0.35727009637048546,0.3258915185343719,0.932227192710721,0.1573123622543598,-0.3899051003213267,-0.019055545703014674,0.920657862032025,-0.1831276762178795,-2.0960064969561594,0.4431658455255049
-7.197854711563842,-1.3068859403906694,-5.211154168015353,0.8743481379302334,-0.3686497666826475,0.3156147702861247,0.3324328597984786,0.9287753373332882,0.1639047482156608,-0.35355866192774615,-0.0383890907194302,0.9346242829552418,-0.18312767621787962,-2.0960064969561594,0.4431658455255049
-5.473327940372586,-2.3109346135543065,-6.025374106709879,0.891839882192637,-0.3708652613865601,0.2589991938738455,0.3303891453910563,0.9251265916602199,0.18703957338197033,-0.30897352174319115,-0.08123882876938507,0.9475946472842653,-1.16405584237923,-3.026927129071945,0.3179353582713031
-3.212606339841231,-3.768313710418343,-6.677166518202321,0.9102989590841405,-0.36484955420553866,0.19555205927412245,0.32459962517646573,0.9223002241205412,0.20975552417634846,-0.2568869175836469,-0.12746411017701215,0.9579989625209194,-1.1479608734533298,-3.2283124772246765,0.04799540545872433
-0.6790051061546232,-5.561384987394135,-6.831305049548225,0.9267559418140208,-0.3510324611232069,0.1337895195827825,0.3177118683058359,0.9224363954545769,0.21947725412529662,-0.20045596286970824,-0.16089533112725848,0.9664005894924894,-0.5483283547947936,-3.2761689611861295,-0.23996802951922414
1.963646452229624,-6.9625272863887435,-6.498846192141535,0.9391894466479799,-0.3346587651770708,0.07698502578566672,0.31154037240591775,0.9246706468030562,0.21892188401801466,-0.1444499209630894,-0.18162517950706675,0.972700629434764,-0.007399929393877902,-3.1018413018999405,-0.3401596179702735
4.823203493745591,-7.496224969341889,-5.6467606892595015,0.947277639323247,-0.31939412181012794,0.025543472577423294,0.30680732291035495,0.9271488572434227,0.21509129020207693,-0.09238149515328661,-0.1959142451823018,0.9762598362566675,0.18982843890038847,-2.8143294496142626,-0.285311670938191
7.613518755827201,-7.313571634184542,-4.098096626803299,0.9514986571063793,-0.30659620443410396,-0.025476910161126774,0.3047914031957451,0.9281428136040462,0.21366590297268098,-0.04186294378952383,-0.2110679629450299,0.9765745281111492,0.07121859103725936,-2.57318532052625,-0.10863236985429381
9.660519079595861,-6.472694954415027,-2.2161285371197863,0.951792549046075,-0.2986067715971211,-0.07017791345373278,0.3067420960260383,0.92690489903686,0.21623273264475626,0.00047969357577567345,-0.22733522405868323,0.9738164435848599,-0.142512350063683,-2.363760559641662,0.10988578644906977
10.74242267658017,-5.03943151870318,-0.4285240375312751,0.9487184856095049,-0.2943732960028946,-0.1152284585647129,0.3133876122460365,0.9236459657484719,0.22060447512980796,0.04149023443576205,-0.24540271505621822,0.9685329462075645,-0.2509652312502967,-2.1816615046896493,0.334713553805309
11.279686605047944,-3.3755269045742073,0.9344963846617985,0.9434842595234951,-0.2951176724221754,-0.15080786271119834,0.32324111810236056,0.9198706758295593,0.2221556195931201,0.07316168122273387,-0.25834763241219366,0.9632776698479416,-0.16681161103867714,-1.9082412130707858,0.566116742405954
11.813466919355177,-1.7356738287089275,1.8911300706495058,0.9369238683270397,-0.3006765993244774,-0.17823368811132145,0.33559674621346386,0.9163813794056005,0.21822005272115144,0.09771636961139672,-0.26427022173781695,0.9594856752513905,0.10465024796469441,-1.4679025181359808,0.766591043019944
12.208846601647512,0.08379955773716663,2.5477573866054697,0.927404546191587,-0.3153711932396964,-0.20115123210596209,0.3543348396285327,0.912985570909178,0.20224779043802057,0.11986504548281621,-0.25884040987877194,0.9584539702485427,0.5633512392493801,-0.8715846432301961,0.9794967659354648
11.863329594716465,2.577261015471949,2.83787911237367,0.9167184900984168,-0.33604886770860914,-0.21609805279881797,0.3764896654468534,0.9076162303537962,0.1857102856873533,0.13372636884098188,-0.25160273629299995,0.9585475060561596,0.5377227015379692,-0.4793232885005989,1.1806563122243632
10.827741413127017,5.672167054218543,2.6975169831867065,0.9064530973346067,-0.3566404253865452,-0.22616451824413616,0.3988202756106742,0.8990408911620714,0.18074253450787794,0.13887105563911734,-0.2540336257242552,0.9571738331708973,-0.022750079282380153,-0.29292147495575266,1.226037077493791
9.102439945426028,8.734944422355436,2.208805728184954,0.8954841829734209,-0.37580291896048534,-0.2384957948166039,0.4220247808297361,0.8871581453022919,0.18666951971172976,0.1414325366032749,-0.2678107378813907,0.9530342314237149,-0.5840597362420241,-0.4042517297901713,1.1610315230484167
