-0.11982864612228751,-0.914133100822218,-0.10390808057164196,0.9999909808315869,-0.003989667348827592,-0.0014563000812426782,0.003990837731906309,0.9999917152517104,0.0008016496365585991,0.0014530897007828977,-0.0008074542636587128,0.9999986182730122,-0.021027833,-0.03802002,0.10428955400000002
-0.13484373593965868,-1.1873249297138162,-0.15806960973686518,0.9999692532293154,-0.007451159833635537,-0.0024439339473236264,0.007454212974763769,0.9999714449784393,0.0012425524774479506,0.002434605703625923,-0.0012607318771114694,0.9999962416180382,-0.021186477428928624,-0.04657490520287498,0.1638751093176888
-0.11798029694612513,-1.5646486752413085,-0.1911139116031198,0.999856695384905,-0.016501947057608615,-0.0037781526286350745,0.01651263568220164,0.9998596928897889,0.0028155633830858453,0.0037311602490727935,-0.0028775471577673576,0.9999888990211595,-0.06774507596894802,-0.055672819344764604,0.3830789016655127
-0.06058947389226292,-2.1283857627601144,-0.18930847704062106,0.9995930155065591,-0.028140361942112942,-0.004682240945389188,0.02816310629705123,0.9995915036925747,0.004864687998096303,0.00454343418625065,-0.004994574594969045,0.9999772054554097,-0.10050141014008743,-0.04115922273239163,0.5577233180082515
0.027761947337971826,-2.868869678087577,-0.20113239563932048,0.9990616777214021,-0.04296100128475838,-0.00548784813094452,0.042998659135811655,0.99905103297326,0.00693893562333699,0.005184536721791488,-0.00716839477662343,0.9999608665819413,-0.11112787600461285,-0.037119744643362096,0.7668749790509614
0.466996403009704,-4.4884900407488235,-0.5317053493328014,0.9956283047987803,-0.09304598918593175,-0.008168389065074843,0.09310515666188421,0.995630328844995,0.0071887472464572735,0.007463811792440092,-0.007917839378196163,0.9999407979141107,-0.015016796256579642,-0.058911130393050765,1.272453766109216
0.8145841389330968,-5.179782219513147,-0.7068665312944068,0.9926117689835701,-0.12096310939717772,-0.009476404395869137,0.12101767079162798,0.9926356061913111,0.005410792675555598,0.008752110115668912,-0.006517628876754208,0.9999404587685952,0.08665259972802243,-0.06405247865553124,1.5906691401587
1.1653859347551188,-5.791457355750193,-0.7011348148041792,0.9875051090117712,-0.1572228517032827,-0.01070675384686526,0.15722487756282763,0.9875626084309308,-0.0006574986313772815,0.01067696356665433,-0.0010340848050154087,0.9999424649036628,0.2939606610932423,-0.05897611724269176,1.8892438855515767
1.411155141604643,-6.241340361976851,-0.5727561204044709,0.9803191325531282,-0.19709801533078208,-0.01125924966189806,0.19694149563605856,0.9803202513023317,-0.013647424048734012,0.013727550652410683,0.011161417436885639,0.9998434763071097,0.6487995922340161,-0.043563616946161454,2.0954845584174193
1.5793027855424424,-6.189769751504678,-0.5190059497903783,0.9693175941752324,-0.24558878715544727,-0.010466577561723624,0.24507687360733635,0.9688333298688417,-0.036045872969124246,0.01899283141590177,0.03237478276018164,0.9992953246143198,0.9678291775151101,-0.01963037132085793,2.201691743260325
1.5829647185413749,-5.389304101708728,-0.541634388668716,0.9563976671759875,-0.29195675030960544,-0.008047246049641785,0.290979774648027,0.9548494984734411,-0.059943356686140536,0.025184776475328036,0.054988100655260955,0.9981693422562202,1.0932422780928532,0.004913580653570809,2.244700604665807
1.3771064747257376,-4.205549454626503,-0.548478369778018,0.9430020966201818,-0.33274822368965334,-0.005066103169259376,0.33121216158719385,0.9399105529383243,-0.08286529123772118,0.032334962295938775,0.07646418839269893,0.9965478804888236,1.1696267353664074,-0.004797492296738343,2.218240535547759
0.8825476837588995,-2.4817704618888254,-0.5337803811732991,0.9277305863643022,-0.37323813100593606,-0.0030424804590162453,0.3707355803531716,0.922393608392122,-0.10837509242237214,0.04325608147237638,0.0994149322816062,0.9941054182807271,1.231617735863631,-0.10282491526343673,2.094350835347128
0.22146470820177158,-0.46313331822441994,-0.513771349454632,0.9133148137301043,-0.40724276465426673,-0.003062949215053015,0.4032457573980856,0.9053522884991617,-0.13315439478205338,0.056999211938314163,0.12037675999161997,0.9910905738086362,1.2785114244739286,-0.23058987088216953,1.886560532685343
-0.4409930265976773,1.7116937929251599,-0.4491858326096896,0.8992039699669607,-0.43750825462130066,-0.004329842246542483,0.43128481479418307,0.887992248122955,-0.1595718515324293,0.0736588686011676,0.14162024718155083,0.987176821377322,1.2894326703360879,-0.29792679391405136,1.593584427690705
-1.097371054975919,3.9157632189508638,-0.2435786157724631,0.8881260409337636,-0.45954817570604106,-0.006899972504863564,0.4506107279386199,0.8736119293837317,-0.18371763308147881,0.0904550014202941,0.16005521248520269,0.9829548421338449,1.2587041989635266,-0.34944403804198315,1.2322575167050926
-1.734114851446739,6.114158426158152,0.07928114491074667,0.8803437861365204,-0.47419793002922533,-0.011451697114997961,0.4618484044525537,0.8624205251102651,-0.20718805267960058,0.10812432434677308,0.1771077666973768,0.9782341076961191,1.1512556647421306,-0.37296608033962775,0.7442637805669416
-2.241070499652163,8.439431130671666,0.3904693941634654,0.8776808938417545,-0.4789013465410658,-0.018158988581198313,0.4631925127452928,0.8573973858220798,-0.22432658986880166,0.12299977529182708,0.18847605435868434,0.9743448220273679,0.9004754588178618,-0.3971314756242913,0.1970802015639665
-2.538118843661402,10.884516487086634,0.6126911144462237,0.8794217307271929,-0.47522774605287993,-0.02785693641245398,0.4567104981377869,0.8587681871040955,-0.23223419582111487,0.1342867842176689,0.19150924311751827,0.9722609060252466,0.4486325669499742,-0.4620436826784705,-0.3345412452308699
-2.494419097065006,13.094749934514816,0.6656782363822731,0.8867362980771144,-0.4600001912724436,-0.045810061141735026,0.4386261367756406,0.8685207150244493,-0.23082218201615018,0.14596523493548552,0.1845849170510279,0.9719169504579569,-0.026292789629975555,-0.5303372747685455,-0.8047720341728376
-2.0615594017454537,14.607717032983313,0.45738154682731147,0.8959595199541479,-0.4398277738423848,-0.06170954513188459,0.4171849043266352,0.8810921201226359,-0.22278561771302752,0.15235909623487737,0.17386260441696716,0.972912380731092,-0.34415736820562776,-0.5245091041950477,-1.2624424395719946
-1.1189088911532759,15.611322630549791,-0.10026864879733388,0.90881933365998,-0.4099179132500804,-0.07755464629877848,0.3874346766904803,0.8982354567198269,-0.20752695147635108,0.15473134803126462,0.15855714644261276,0.9751501634355625,-0.6502475220919616,-0.4199040191028751,-1.7410370025454809
0.3881738817748017,15.781154687967929,-0.9407979252343741,0.9251475449628745,-0.36891048119088193,-0.08948227152166782,0.34881357424041637,0.9191451510950854,-0.18303355332839663,0.14977019221057078,0.13812041154697327,0.9790258635190922,-1.02980094045344,-0.15020027098658845,-2.2200284973718705
1.9033402566026218,15.041250776278432,-1.6050442065598278,0.940417206584413,-0.3265023800817614,-0.09492983388226346,0.3100570005248418,0.938040487929382,-0.154740749095854,0.1395712505694048,0.11608720345564658,0.983383763954002,-1.4512700014289774,0.13322130148569944,-2.6790625925869733
3.4068235451784896,13.176703210185925,-2.177238249903856,0.9595601064745432,-0.2643469552018591,-0.09677339168422892,0.25460788815046553,0.9616272541143747,-0.1022147124244289,0.12008007892287158,0.0734418914513706,0.990043970349763,-2.14709127724091,0.3003754680061866,-2.9632444628052115
4.6707898346577155,9.67502277281023,-2.297978636542572,0.9737875902771643,-0.20857125630698295,-0.09075108850432519,0.2053276463019838,0.9777116431177408,-0.043823516245224105,0.09786872169534344,0.024041088879972985,0.9949089100813123,-2.9887770312922117,0.57383539376298,-3.187627080278782
5.785988232193059,4.136215316450425,-1.828377164455517,0.9877370136694571,-0.13982816765783174,-0.06945268430230436,0.14262723158549,0.989080843018072,0.0371020051334134,0.06350641414535481,-0.04655286783984512,0.9968950626110478,-3.417779663423209,0.9773293570710248,-3.170771096531083
6.174901292292967,-1.7726687783431958,-0.37190888367460107,0.99506215537854,-0.08945039527916038,-0.04301085581356911,0.09340976132120486,0.9904778816686434,0.10113447688653551,0.03355478242112798,-0.10465272432956324,0.9939425958610846,-3.376496559316091,1.2607077844643326,-2.897410213576193
6.126253724375106,-6.583819385112079,1.7747273254669487,0.9992580068793564,-0.038486160121184304,-0.0015003888236947913,0.038204626158141276,0.9855042647291373,0.16529292404939647,-0.004882850357360434,-0.16522759963096162,0.9862433767040357,-2.8751231935656087,1.5546014544186517,-2.54660774628693
6.176243632408272,-9.949916234632408,4.250585530962031,0.9991482772246577,-0.006337109825803365,0.04077451603703011,-0.002126651916498498,0.9789157220215332,0.2042534859694856,-0.04120919157935948,-0.20416623182621646,0.9780684803791908,-2.2074559357420287,1.9438146118584294,-2.151449929438219
6.34630317213613,-12.580952029899205,6.492509062303341,0.9961547651648038,0.013761076520882569,0.08652350323721611,-0.033536470145474916,0.9722623305297945,0.23147627481656696,-0.0809381801724981,-0.23348788706431736,0.9689852514794046,-1.6927628145254165,2.2846385087684,-1.6786929831659365
6.4980186890188625,-15.175491412265254,7.992048656627359,0.9893067503665469,0.021594129541597833,0.14424232128097186,-0.05819443498746857,0.9652874471225361,0.25462433537300966,-0.13373691119384976,-0.2602956741803407,0.9562220456501358,-1.2612734302073896,2.5726703938672135,-1.0378960999109328
6.667988777311471,-17.78364830141779,8.342719417771344,0.9798237301136682,0.011395909441229637,0.1995384453035161,-0.06566091747698487,0.9613116768015268,0.26752290361970504,-0.18876997065798767,-0.27522716670605846,0.942664258834893,-0.7082710523804425,2.769666359191596,-0.25372234025175244
6.8251414211364265,-19.958716022366964,7.092492205684854,0.9679433444354683,-0.012843399095559366,0.2508400467683584,-0.05696014111238567,0.961447175842419,0.26902578015702205,-0.24462466001516914,-0.27468959784511177,0.9298948330581013,0.027607049935092484,3.066665162110808,0.47183836600424645
6.725214908340271,-21.260660771123362,4.187586826517373,0.9529410636936663,-0.043238656470887635,0.3000562409165588,-0.03631095038277269,0.9663711193172158,0.25457489002627914,-0.3009731616086111,-0.25349019376730275,0.9193246856552545,1.1647971380735045,3.307336068280628,0.9018731318694625
6.206745386763416,-20.703361477833003,-0.0667824695483974,0.9321975041372089,-0.08187450258460519,0.35256826162727883,0.0030742158651024098,0.9758358326652644,0.21848335607845648,-0.36193695925833896,-0.2025857682884318,0.9099234275530077,2.487803747578131,3.2870227266133085,1.277053503012728
5.344174443934222,-17.661596581315404,-4.657262638402424,0.9072913977895535,-0.12456730314673492,0.40162831882703093,0.059886279812901864,0.9836569536880067,0.16980174013066607,-0.4162162334499322,-0.13000763226818932,0.8999233648287898,3.3644101478264794,3.051581778164681,1.6502118629656752
4.3299764574747,-13.467214051319534,-8.912926196911748,0.877098522758714,-0.1664764936404683,0.45053718874212423,0.12633840252284054,0.9849451324908288,0.1179902285386421,-0.4633970105886075,-0.0465689064483943,0.8849262949702326,3.8018315331092585,3.0497377019424388,1.86248139526935
0.5498028832795794,-6.783768348464038,-15.649287051425219,0.8039730495106587,-0.2588418828839802,0.5353767041304724,0.2886516726147774,0.9569883764753908,0.029214023818838045,-0.5199110958204518,0.13105009330813966,0.8441080058183936,3.9768999174250474,2.657362892489904,2.486328351643745
-2.3889287626906324,-4.105800088647227,-17.877160571702436,0.7483061488855811,-0.3044041514052705,0.5893861384078076,0.3885541905903823,0.9212594169130631,-0.01751364392856755,-0.537646304288129,0.24211402139537663,0.8076615950564173,3.9768999174250474,2.657362892489904,2.486328351643745
-4.934442704297366,-1.3357044822344677,-18.674472930392973,0.7033951672289142,-0.33287794075412447,0.6280346449665825,0.46775759161184066,0.8820575415484513,-0.05636780009006413,-0.5351990977276574,0.33341681114904287,0.7761411958108559,4.321619678130605,2.3773225852297424,2.368475187144243
-6.68940195576689,1.7294759998800262,-17.934053986277377,0.671548800237241,-0.34134272630813534,0.6576529115699645,0.5321310134366836,0.8398115104177273,-0.10748586655344217,-0.5156149662672433,0.42213951504973524,0.7456134631260385,4.868974082533699,1.9805218531740605,1.4075766838749426
-7.359897940337441,4.887661071479373,-15.839306545693058,0.6434323144304938,-0.3390535501631193,0.6863217517086307,0.596393507566511,0.7840987866583484,-0.1717669260754839,-0.4799058666854704,0.5198382276080626,0.7067238330763836,4.886190490337247,1.6717251362530197,0.8388136123929428
-6.800385285725459,7.736381851362885,-12.744707420448531,0.6267083839233126,-0.33325582969391243,0.7043984337683126,0.6473214236918323,0.7258908742535344,-0.23250250128766325,-0.43383358093837027,0.6016834638333203,0.6706455348391792,4.694534875456979,1.1211325878121852,0.46479414415780296
-5.779626360478516,10.131119283972673,-9.194166702625406,0.6199455056077245,-0.32994546652766965,0.7119013690074076,0.6854217236666742,0.6693430070017827,-0.28666530955736136,-0.38192228372090126,0.6656695336994557,0.641107979284115,4.281228357636526,0.4816956125298141,0.20420755516050926
-5.287573698053462,11.891930811676614,-5.896955830491361,0.6208422836996945,-0.3326066043739644,0.7098786554738556,0.7123818875069586,0.6173316158256935,-0.3337869417069253,-0.3272107961583351,0.7129337436458316,0.6202084907904509,3.684249093028956,-0.16810386667588484,0.02244782531957268
-5.643894661089858,12.877404808942238,-3.162684877470226,0.6317706253369156,-0.3461196923385751,0.6935899621079105,0.7275245844033784,0.5735800328139327,-0.3764491002059382,-0.26753290648085665,0.7424332323735374,0.6141816013340737,3.0437584787284173,-1.1236648079070801,-0.2722602458838854
-6.442082393444583,13.42621414247725,-1.4683790075148435,0.6541252142363848,-0.37230464909880956,0.6584143470183619,0.728848446355758,0.5429900419000773,-0.4170632525674626,-0.20223784597597488,0.752695863318489,0.6265371425528046,2.343930109592566,-2.260245915256624,-0.756647440966937
-7.109320692361543,14.21244540899722,-0.6053672548486482,0.6829323767261088,-0.410994215984461,0.6038933045220373,0.7184779521638585,0.5271814768460518,-0.45372802726396005,-0.13188176929984255,0.7437495848050839,0.6553195816001604,1.6074542650929073,-3.2873668039238266,-1.1427273713137636
-7.661478877030667,15.306861389572951,-0.5997842630549854,0.7064257575171489,-0.4456239397055144,0.5498926745080882,0.7033064935707984,0.5292325230893692,-0.47462923698989473,-0.07951493707141752,0.7220334070289248,0.6872736965116099,0.7522706054423793,-4.4150642649781116,-1.6166023582275604
-7.589359479079448,16.724656202376867,-1.1490538473452112,0.7361311557683323,-0.5038527239396117,0.4519329088325086,0.6767909334627817,0.5559029368191462,-0.4826240329888535,-0.008059397605055987,0.6611386824369624,0.7502204267385434,-0.7251665439502442,-5.858975217195645,-1.8726700484774683
-6.725103740100033,17.54319051379519,-2.66476934660417,0.7546115266585297,-0.5753646958420728,0.31546300989599657,0.6523069016741025,0.605680848594276,-0.4556823626984604,0.07111364048068533,0.5496418619652956,0.8323681119029656,-2.5504009398767327,-7.583371332650734,-1.7498273760357126
-3.3797036622449594,15.011482495126502,-6.405184830922061,0.758465003227196,-0.6361829416772916,0.14142879338521247,0.635105982739219,0.6728439796000643,-0.37936970069419085,0.14618901999952258,0.37756091407185743,0.9143722035346459,-4.6704242995537335,-8.753551506036695,-1.7658486722713302
2.7684286116538894,8.45091135252099,-9.621341250821704,0.7475958573564726,-0.6618248864942488,-0.05557205844950586,0.6278923725336306,0.7315697767184872,-0.26562535704663437,0.21645231016907496,0.16368714491046013,0.9624733326246155,-6.009443129571723,-9.598285257946003,-1.9150227970438394
9.346786303829358,1.0998072135987806,-9.403427432907142,0.722595214849995,-0.644325789156126,-0.250400544935958,0.6320998792235976,0.7625043139291509,-0.13797432342631455,0.27983191054882106,-0.058578568331521474,0.9582602220539194,-6.6738289574750524,-10.250416606738913,-1.9520684057034134
15.025003068759501,-5.156137788205685,-5.660077998706372,0.6839852840725918,-0.5794746420995052,-0.4431402377755668,0.6464369901871303,0.7629673729092693,7.47912627917513e-05,0.33805820340577497,-0.28651339766157335,0.8964522988260344,-6.551202660879733,-9.990186698300814,-1.88421863426698
18.302217162007558,-9.486651189904293,0.8294833971078237,0.6317298767977602,-0.4747967722217313,-0.6127686250526473,0.6706921439465376,0.7311390341110398,0.12493102435973906,0.388702213538184,-0.489901763506728,0.7803248370412894,-5.932960014933781,-9.51551643608521,-1.5644283985627636
18.535373020111443,-11.147549469821577,7.699572548780674,0.5793789732223145,-0.36197169000431956,-0.7302715255459938,0.6994353692286629,0.6808095125814648,0.21745935677857886,0.41846167047869653,-0.6367691129553991,0.6476225190079278,-5.467835063830286,-8.69466590572473,-1.2209014897210602
16.558507845050606,-10.693417608933064,14.1017636437278,0.5331973388060546,-0.24491542549100956,-0.8097635656453672,0.7309418082103674,0.6152892789530718,0.2952002307173364,0.425939750317226,-0.7492900223291163,0.5070895301006839,-5.471033877228092,-7.73789780509385,-1.1858233056804663
11.926289540697336,-8.49087783485897,20.210960314855082,0.4944734191600351,-0.10816942662825679,-0.8624357442077051,0.7671963898105936,0.5206848096797368,0.3745624493063459,0.40854098595584837,-0.8468687643972301,0.34045199174411184,-5.694304272819631,-6.764431537332135,-1.4217017677191317
6.886496455131589,-6.364907658845695,24.66396059038158,0.47338153144279044,-0.015480406308736164,-0.8807214558016596,0.7955780904843561,0.4366971643831946,0.41994176805950567,0.37810769316445375,-0.8994753713360887,0.21904024454346666,-5.3918597551338125,-5.233821505369096,-1.1441500938314602
2.224931256819919,-3.5451178072603673,27.274894678687883,0.45799391224439007,0.055292568406339136,-0.8872340774711643,0.825004354822886,0.34527061866630543,0.44738799090840725,0.3310730899217756,-0.9368729539082757,0.11251523170144971,-4.438861858332799,-3.2089232635599707,-0.5554019050710604
-0.03174863671304151,-0.01663271533354216,24.961394314502172,0.4494351617987083,0.06992387712584561,-0.890572112041837,0.844727725881249,0.2910316292885932,0.44914993029179134,0.29059095730332496,-0.954154726530932,0.07173320968854482,-3.6515525731672005,-1.065591215442376,0.25284429481014825
-0.6259409560111977,4.324837471792167,18.389754516123705,0.4448003467538709,0.05480481992086669,-0.893951387515606,0.8640951073094981,0.2362669321216414,0.44442950206935566,0.23556803062262852,-0.9701414167528724,0.057735036583580035,-2.743067244826948,0.6255600094877178,0.45124950894411175
-0.9352509895596102,7.383291159607505,11.379843077001471,0.45242234456829034,0.018537633587648032,-0.891611113813809,0.8714589911951803,0.20314548173983926,0.44642036234223015,0.18940234634346637,-0.9789730687764909,0.07575276767175493,-1.769206716411159,1.9329132521719086,0.016221118262212675
-1.8707157648828852,9.327878621282958,5.7947439022947815,0.4711875066221907,-0.03103590074348579,-0.8814868725444545,0.8705057570685185,0.17740666787609147,0.4590714553352978,0.14213395271267482,-0.9836481317311307,0.11060873576769784,-1.2836117693574096,2.574252449952038,-0.5614967235724576
-2.858847248375744,10.517039988915052,2.4075270685415995,0.5052081863368042,-0.08527163911402648,-0.8587743801611014,0.8573266886954951,0.1634815158661491,0.48812369622926954,0.09877062978788263,-0.9828542829600504,0.15569785213159398,-0.8212679742918948,3.1080948883183623,-1.588943953297744
-3.236991251942546,10.85501594093726,1.3899601824566576,0.555046855731053,-0.15137330795343054,-0.8179297705685419,0.8299364426440182,0.1668969609546982,0.5323071534325636,0.05593289831990187,-0.9742851359141858,0.21826585812310093,-0.13618112154049372,3.7042189541020507,-2.5268974515259695
-2.681561085835093,9.791395797685693,1.55135673640768,0.6098870984353252,-0.22745704881612666,-0.7591449256275101,0.7922210224091005,0.19986594912333955,0.5765756273327087,0.020581030470304736,-0.9530566055197804,0.30209191955412434,1.0994701178620074,4.596864140023687,-3.1986274438242357
0.9154655981532596,3.4013258828323303,-2.272229781402851,0.7243400460590164,-0.39618861148463397,-0.5642393834225858,0.6872308436420339,0.34940104031738006,0.6368929898909168,-0.055183921773290595,-0.8490898051178165,0.5253581993485104,2.659392294946348,5.682211077508171,-3.856678597723896
0.7928984507507038,0.3555719665150985,-5.813752228885912,0.7795950672406378,-0.4619311639093056,-0.42290794618150607,0.6182530565549985,0.4598438771477819,0.6374219691147287,-0.09997344244581863,-0.7583951532407699,0.644082372330157,4.082890457012112,6.445249813345857,-4.889064838722263
-0.5409563853605934,-1.2813598953786736,-6.565647001199125,0.8281020735127422,-0.48469913296504413,-0.28162689208744124,0.5434478974438123,0.5708898661642032,0.6154259853751046,-0.13751850278343106,-0.6626850769513023,0.7361638066206809,4.387014941771843,5.5568429568350926,-5.403628557824872
-0.7067073111434595,-3.08321651870345,-5.310296989349087,0.8674694632424942,-0.4794475244254078,-0.13276596575977911,0.46112905311939384,0.6747524783542878,0.5762543616528712,-0.1866995626963011,-0.5611053058714515,0.8064143531782629,3.884542248232913,5.082373801713876,-5.3974202598356325
0.04865282505729884,-5.939411403080079,-4.227415289101711,0.8932474589020601,-0.4485840569406126,0.029687051448624158,0.37267951054571774,0.7757979471274198,0.5091635568776363,-0.251433807560591,-0.4437452975430646,0.860157631672243,3.884542248232912,5.082373801713876,-5.3974202598356325
0.5780891459178927,-9.336699007347658,-3.5076411153268467,0.8994895042169946,-0.4013568578416967,0.17271741217058856,0.29814805506462705,0.8527452146600814,0.4288744992833128,-0.31941566815772365,-0.33427275021720243,0.8866991369103638,3.7221321846733852,4.949816413363081,-5.084934434727954
0.8901527318415043,-11.86824048754601,-3.3622783428516216,0.8905444936748219,-0.3590096747346716,0.27936098194336306,0.262094675804746,0.9068860681381107,0.32994551115571075,-0.37180221314599493,-0.22061213217750153,0.9017169186811558,4.905172264648151,4.672394067057239,-4.053186042660809
1.063629473624251,-12.662541208825171,-4.3882593485526185,0.8695788402915412,-0.3107364906271802,0.3837648679985213,0.2437384622971674,0.9460053293872145,0.2136948262546384,-0.4294463907337335,-0.09228624038117575,0.8983646516432392,4.997395571508981,4.582618180317958,-3.276882228487322
1.713766912822819,-12.300374982807096,-5.864084194882652,0.8398483630925254,-0.2756278455122634,0.4676366300762516,0.25005515610552387,0.9610893092813483,0.11738721604222101,-0.48179575124304214,0.018347489293330452,0.8760914471222653,4.547330357847372,4.43369067334513,-2.047551948162305
3.096986436116572,-11.868256245967082,-6.794418082034787,0.8101619257376962,-0.2627869553718275,0.524004456251464,0.2742950130648745,0.9599358392271509,0.05731867387689561,-0.5180732572645762,0.09729440196471131,0.8497846194498949,3.9127816201531433,3.9253243454926254,-0.5790708375469894
5.287083217700516,-11.645306793549558,-7.103701582490054,0.7732005676146043,-0.2702623297593659,0.5736890755047486,0.3228424768050182,0.9463919568343699,0.010723768442730895,-0.5458329574245723,0.1769195782050474,0.81900295813684,3.485437382498624,3.146786942630918,0.8624742179200664
7.440591033954722,-11.086712382582045,-8.448938570978928,0.7264780530704761,-0.28971216569656094,0.6231344152382683,0.3939192094685372,0.9185817467391515,-0.0321750053509212,-0.5630784091213348,0.26883905148816767,0.7814526662417438,3.8028410715909815,2.908559024313618,1.684651433991771
7.628430098090911,-8.995189692638847,-11.552409594892524,0.6714310384634051,-0.30218600495292397,0.6766564704475561,0.4754935375413437,0.8760188741008847,-0.08060290302114938,-0.5684067701429779,0.3758650697120042,0.7318737548416524,4.315175460889708,3.0233012459239967,1.7052600289942366
5.80531191921335,-5.368768134925471,-13.688852544991434,0.6173863045251974,-0.3043793458024151,0.7253877341350717,0.5567389565781483,0.8205236374598411,-0.1295480397302311,-0.5557660345981885,0.4838327957244785,0.6760398956928807,4.845448439635198,2.9703506015518766,1.6251896378411241
3.120244074251809,-1.4462852162486062,-13.57275663811605,0.5714291367818197,-0.3011705346253776,0.7633904968692288,0.6257215119784889,0.7617746237194192,-0.1678452028045206,-0.530981479040595,0.5735814952825811,0.6237490979434449,4.8525327981341775,2.667741604052136,1.5727952312153213
-3.4955539920232948,5.77263712165517,-10.306724445093941,0.4809669508618169,-0.30071393806884894,0.8235544424200567,0.7485841432854152,0.6298313974709532,-0.2072056736226754,-0.4563908112575527,0.7161588777714837,0.5280377725018947,4.357612667883258,2.0597227595155534,1.89214299224516
-6.186441528634858,7.2022418738946445,-8.348179271835528,0.4390757358642509,-0.32315253901099306,0.8383226912746754,0.8017147947831649,0.5620957896082919,-0.20322822424658027,-0.4055439384346091,0.7613282865067997,0.5058787939453154,3.0274534328638456,0.38918921219864006,2.0875585922623965
-7.89214889524809,7.773018471654572,-3.8053877740479116,0.39207633271543074,-0.3635818802772874,0.8450351268784337,0.8650719428598239,0.45819142055817774,-0.20423309184265007,-0.3129323936589949,0.8110911406623251,0.49417049541422536,2.581044175945365,-0.28393220835343297,1.5040961801905994
-8.063785797673344,8.593785063602253,-1.302810282467945,0.381552531102314,-0.3851202137763978,0.8402976180795937,0.8849948187580732,0.4146292788453068,-0.21181768551182384,-0.2668367230738356,0.8244786122544615,0.4990322446036681,2.2161125156035295,-0.8299785142916374,0.8646687834027156
-10.59227521591278,10.314181889471802,1.9712861730475835,0.40774896092650076,-0.45700264658422923,0.790499440783084,0.8931026804449816,0.37977654665079724,-0.2411169359376973,-0.19002206989017822,0.8043123495440097,0.5630037809159436,1.1960527013165638,-2.3759036926580333,-0.1571160141246264
-12.730621751625952,10.883939122349084,2.879080151925182,0.43304758435978924,-0.5087508297676948,0.7440714904435143,0.8896078876291534,0.37415799472820455,-0.2619228918001712,-0.1451468082602804,0.7753569424411256,0.6146169667851703,0.7757497427810528,-3.4902353868076657,-0.7091446160004407
-14.82938270182067,12.025220126054261,1.781390594345467,0.47622460569172015,-0.6026426399049342,0.6403373903671228,0.8743325413912024,0.40200581847319306,-0.2719079421019166,-0.09355603667410659,0.6893570703794297,0.7183551332869587,-0.8497877673678191,-7.8112361584854435,-1.6016048949761632
-14.534375207358812,12.768005817169726,-3.535139833109275,0.520423426609711,-0.7051512015204361,0.48158201796795896,0.8533590517123257,0.44971088555862365,-0.26370143774867516,-0.030623290098334865,0.548198780009919,0.8357872406893939,-1.8109296568751732,-9.227375100115836,-1.8033425680771247
-9.359390168747147,10.868527072254121,-10.257717986752075,0.5439216617173224,-0.7610190198592561,0.3535523685780131,0.8390144784015853,0.48604519573565713,-0.24457058845004676,0.01428043932035081,0.4296627969870597,0.9028764865351604,-2.3826860970687043,-9.582854986761811,-1.8143937896022158
-0.5365688247451782,7.518240633497407,-14.457443718302857,0.5612406708647232,-0.8144790860239184,0.14708068464947202,0.8234185293724633,0.5315295631035382,-0.19864100541693636,0.0836112124861558,0.23259437219460777,0.9689731797991069,-2.844805115425623,-10.433605866090394,-1.6363985901259577
6.970377885958386,4.682595087583112,-14.392559166894273,0.559966505612179,-0.8257720363598353,-0.06736509896538201,0.8147056713731026,0.5635932434230564,-0.13644531871919074,0.1506392433099282,0.021522080150618017,0.9883545003899176,-3.1912274531165474,-10.556582028037019,-1.4328953144264789
12.800518283195723,1.7850543481268621,-12.104380926957234,0.543848048104452,-0.7914857685113047,-0.2788899044731567,0.8095686961845163,0.5823438109015084,-0.07398791835705673,0.22097019421424297,-0.1855423513615613,0.957468646546791,-2.860500161721851,-10.387027086958918,-1.4142386738345687
17.265888921473433,-1.1355869607910947,-7.611100854650397,0.5125551341246689,-0.7211401439400756,-0.46609454757648594,0.8089656299895681,0.5875348063927398,-0.019428349714450364,0.2878573326806597,-0.3670963689212041,0.8845215723467938,-2.419104276561805,-9.933363624083084,-1.221330433793374
19.874050125777146,-2.817858117291273,-1.4525067829902296,0.4711630848178071,-0.6265507360007463,-0.6208377587759064,0.8131465546515197,0.5812592940268159,0.03050104532324509,0.3417572649752032,-0.5192030511508681,0.7833454943460766,-2.267605535723914,-9.1226534646783,-1.0337622130172148
20.300477253929486,-3.1034390921796984,5.042445251294886,0.42592331968347313,-0.5231618253158127,-0.738167345716428,0.8219586438605635,0.5647140357385795,0.07404083753409259,0.3781181211377123,-0.6382787497418929,0.6705422612298301,-2.20591242680626,-8.019655963049132,-0.80099973975381
18.97591849109259,-2.7533156401635868,10.740642520200685,0.38785805755628666,-0.43631642106143687,-0.8119076966631137,0.8334647206511697,0.5421523700978503,0.10680527621401203,0.393576786178418,-0.7181217085629867,0.5739325091611782,-2.001404218005776,-5.958598364829356,-0.49317879717711177
16.421577273266337,-2.3658854524285813,15.308944954475335,0.3655321131893816,-0.39015094837157954,-0.8450849139063256,0.843383583085309,0.5229589874031855,0.12336137676120852,0.39381519271035126,-0.7578232874351335,0.5202052085586201,-1.4566920066063958,-3.2761613230459417,-0.11002728682171548
11.090357289686516,-0.6491253096309837,17.444437585334708,0.34646805399920616,-0.36086060252264035,-0.8658749985448244,0.8566966470240266,0.4977444303485666,0.13535633355987242,0.3821396898200887,-0.7886888534802422,0.4816006123960276,-1.1058293734366758,-1.4587479117349635,0.1422801592056782
4.353794962176435,2.646777680868306,15.027842086765222,0.34178155230786467,-0.3555843122444427,-0.8699110111888874,0.8615024320808298,0.4884029106489224,0.13883859833805579,0.37549824236718016,-0.7968829234933502,0.4732638547616449,-0.8022177344055037,-0.5809285425939366,0.14571779222965148
-0.3151260836569989,5.471353630200396,10.918839398051745,0.3524955391223423,-0.37162609226905297,-0.8588602578089652,0.8613987992625354,0.4875020537969491,0.14259683086527108,0.36570343658203625,-0.7900859415839464,0.49196056893159545,-0.11184499704100942,0.9895886050839005,-0.13281117647401885
-2.613482660835177,6.476133019974215,8.506087549507441,0.3763035633226238,-0.3993130415731159,-0.8360291400784561,0.8553598021813819,0.4964818190897474,0.14786957809354248,0.35602701729352354,-0.770749569018993,0.528384201896797,0.32183269899769895,2.0728289070460506,-0.5017979159880532
-3.831848592526353,6.74267799664623,7.756439661940148,0.42113280431432193,-0.43269809411678106,-0.7971320596225321,0.8426589767516366,0.5117687578233229,0.16738753662043537,0.33551901589960526,-0.7422028684016786,0.5801395453734236,0.2507875286930261,3.041761058329612,-1.3355890275818132
-4.473125751128964,6.171157475517348,7.663151350501534,0.480699022109708,-0.4654731608856542,-0.743144122386693,0.8222094514839217,0.5338313598822461,0.1974732819820958,0.30479512468751674,-0.7059453347826522,0.6393286449591727,0.21537189340901275,3.903581549401957,-2.180632002528197
-4.714846519306667,4.046352905999946,8.036001522434221,0.5483514719934913,-0.49614140809164653,-0.6731674133077221,0.793201719243714,0.563529064639692,0.23079433679172046,0.26484277553179986,-0.6605139638820313,0.702552209992582,0.32263870829921837,4.539348923371669,-2.749498374729251
-3.9955555647833036,0.7587824461674393,8.974700475551847,0.6236237146020691,-0.5232595589746079,-0.5807692282891854,0.751815459407866,0.6049992842906705,0.2622010316591368,0.2141657712643552,-0.6001460655119522,0.7706865267209939,0.6190918857105396,4.945309085427829,-3.1191151577488636
-1.8718095126375562,-3.0814842445865054,9.919459000617895,0.6928927195451776,-0.5400036832875176,-0.4778029941693566,0.7030038602181136,0.6532314825708432,0.2812013561431188,0.16026619019530763,-0.530739721722629,0.8322440123341649,1.0444220099653627,5.1750800389343405,-3.344327649475645
1.254432809167998,-6.613179665254801,9.942737080050344,0.7532741267547253,-0.546989834703445,-0.36521255549748566,0.6498335916948254,0.7046311783372441,0.284975798305873,0.10146128851393776,-0.45199228228606486,0.8862328044520399,1.4717484547830066,5.490372433946158,-3.4530851687799426
4.331333854384937,-9.11400706313824,8.70019452781985,0.8035089618066246,-0.5444998403662243,-0.24061020788319973,0.5945167872307416,0.7546217674149327,0.2776612645732205,0.030383186094891962,-0.36615012219678444,0.9300596486344329,1.5079196108070172,5.663477983419252,-3.3418929767514785
6.547285432268439,-10.933591436692623,6.725419477448172,0.8369231763033862,-0.5344244840031671,-0.11811040540189338,0.5453849813179777,0.79618213013761,0.2620099956152944,-0.04598716254607977,-0.2836978789971596,0.9578103644947028,1.4074028492023691,5.655836339584216,-3.0228249148041364
7.941563860903729,-12.841274841386575,4.4530844154943985,0.8541531152315347,-0.520013558307114,0.002890487335768993,0.504983195821776,0.8307662907813761,0.23413530711744351,-0.12415485362195833,-0.1985277544277581,0.9721997238448403,1.566101880960586,5.507111302695817,-2.5012033373382883
9.02151093387131,-14.788041321772877,2.0257662126918086,0.8560569399086575,-0.5044103117474804,0.11285722412426526,0.478539503951707,0.8559579489231645,0.19579564048492848,-0.19536237813836865,-0.11360557679119154,0.9741290028174213,1.86262010255197,5.246867921795012,-1.898682160484256
11.204627979049311,-16.208738258167195,-4.348973156022872,0.827239938388224,-0.4705719532923144,0.30697902389268106,0.4597731831846352,0.8810062731042816,0.11151935605612069,-0.3229283269701114,0.04888745775309013,0.9451599399650445,1.981295503664114,4.968821703353336,-1.1785394052086142
11.752928220516786,-15.368590688158847,-8.046044525617859,0.7997657092123893,-0.45688468611405453,0.3893985027737855,0.46781950832119296,0.8808324189600267,0.07265780992532724,-0.3761910658191145,0.12405899122389243,0.9181991334641908,2.114548124431775,4.744137831443416,-0.3740458098862021
11.663675949214827,-13.207468711485975,-11.591487803723663,0.755517153020794,-0.4646488943266202,0.4618389724702794,0.5070050530721305,0.8611492323343932,0.036984805112521654,-0.41489722540730534,0.20621203808443073,0.886192353667299,2.7259403972776277,4.365846727559943,1.303646654990047
10.251434591380006,-9.990342499068047,-14.52485913557199,0.697172718843091,-0.47862547487778073,0.5337301330250629,0.5628802412316446,0.8265171599989497,0.005934497306079995,-0.44397751534502067,0.2962887764078983,0.8456340383657547,3.024100449772191,4.252968458061559,2.1043800912316666
7.580725675288192,-6.73688181159192,-16.768270309884464,0.6187577540987939,-0.4970092997541992,0.6083753756526122,0.6405073592046925,0.7675649521136064,-0.024379645023413266,-0.4548507057785527,0.40475399966483055,0.7932748799805003,3.4568189740769806,3.8684741451789884,2.688462143887607
4.404494170780497,-4.237488138071087,-18.100344329423933,0.547465021345722,-0.5050406537267079,0.6672450737819109,0.7104784635873986,0.7018150011986448,-0.0517306183129039,-0.44215653696560653,0.5023839589157341,0.743039672320892,3.9749475546010147,3.5562088903805424,2.721959251627684
1.29220920428617,-1.629428354916704,-18.58509503538798,0.4813396059546165,-0.5049426082837439,0.7164810856394356,0.7725638515440538,0.6305340153178365,-0.07464550096679046,-0.4140740018726987,0.5894572231017076,0.6936014007384603,4.253466157702892,3.3076444018229925,2.7029550704431826
-1.9481422477985335,1.4195766474682534,-17.730086755480993,0.41232170517777217,-0.5018416170532304,0.7603589960227297,0.8318966683341109,0.5476378121180203,-0.08967028467220238,-0.3714010563446213,0.6695131202089974,0.6432833257703126,4.163713424002125,2.842483208254539,2.7820489789883465
-5.08865225473831,3.94587308903215,-15.662722960213996,0.35117071244413806,-0.4994833438505502,0.7919567664572037,0.8791703106763955,0.4668609501405181,-0.09539611134140875,-0.3220849197752769,0.7297651967926166,0.603078819063967,3.89800296166269,2.168555003915933,2.754701940988482
-7.841290398950691,5.604113570567898,-13.039566320053977,0.2963810959813664,-0.4964528096424095,0.8159000268066192,0.9170555491104833,0.38654940578488817,-0.09792178885732994,-0.2667721233385414,0.7772478142043943,0.5698407404915341,3.5678786671131046,1.5830592276510629,2.449851321781885
-9.905887881384958,6.531342753763767,-10.21873979244075,0.2554382994988283,-0.49668257043235736,0.8294924347924179,0.9429469391695541,0.3174844524197887,-0.10027308902430324,-0.2135470558446451,0.8077809397976746,0.5494429981714863,3.18664413792202,0.8831664412692274,2.021673633303922
-11.374698558254398,7.211039413583568,-7.338120203796061,0.22351234782709103,-0.5054237870386943,0.8334200776704905,0.961349237357956,0.2553555477956445,-0.10296207088662492,-0.16077896068857273,0.824221050268344,0.5429638902306972,2.683918454030349,0.04767461916089551,1.6072084475590567
-12.346376444569373,7.786847399449922,-4.754404290642862,0.2032117616900592,-0.5237716071199074,0.8272655459318079,0.972331663148685,0.20737437518162802,-0.10755001328005975,-0.1152220323954332,0.8262319118099105,0.5514206299709943,2.1984338406954014,-0.7916188151737275,1.1704781783942901
-12.881853645523584,8.182454682391796,-2.7206296708797097,0.19324595556863408,-0.5538601803036011,0.8098733859872347,0.9782593537987189,0.17208478202119198,-0.11573877700248615,-0.0752637851936631,0.8146322657928436,0.5750735902191493,1.6850705710535527,-1.6555930670909615,0.6658683005223588
-13.222386849283797,8.517170901005107,-1.2046573087737418,0.1931997085630082,-0.5956894945288808,0.7796331821562597,0.9802252837972022,0.15185142531507215,-0.12688395341600475,-0.04280497185914776,0.7887301000581305,0.6132475549453346,1.1577853850258275,-2.5970149925073263,0.158942772624718
-13.236928012722522,8.74830426516234,-0.5472150192833034,0.20168225298551284,-0.6489891931600505,0.7335784184340175,0.9793550938441752,0.14410373937570078,-0.14176640102438323,-0.013706531003636129,0.7470255279837547,0.6646540389920467,0.7690143849648295,-3.5174558731489025,-0.3293665626494835
-12.744453062531047,8.750341236935403,-0.5656862816410779,0.21587032824876656,-0.6912265883203685,0.6896417946881946,0.9763944134403814,0.14750104238965678,-0.15778907407161474,0.007345119752769469,0.7074243748224606,0.706750877695154,0.5751921587693736,-4.117038689313775,-0.9666750433988273
-11.326929990724212,8.98975388378457,-1.6167403424313331,0.24810847690532858,-0.757732591804425,0.6035590302572459,0.9678196854596546,0.16684803508344917,-0.18837937685841943,0.04203855521413888,0.6308748310926197,0.7747449305218903,0.41780845272236,-4.524025139787632,-1.5063845729164562
-9.371341987969094,9.393870584720903,-2.2690036891252294,0.2782782943132581,-0.8046172840167471,0.5245495373895752,0.9578248011129626,0.191730840362967,-0.21403489254470465,0.07164385030842751,0.5619878211449286,0.8240369212588484,0.3204592484217246,-4.594538244629036,-1.8777071877189577
-6.902618285810346,9.759633000881948,-2.4431573742652537,0.31976703251245264,-0.8489735089993331,0.4207053909038246,0.9408347034593297,0.23194346471239818,-0.247047141136672,0.11215661230963686,0.47481176290670013,0.8729116130059559,0.3579304163592256,-4.4013256733244415,-2.212365435128934
-4.649227247993686,9.667847815258856,-1.6951762664362713,0.35035286485365175,-0.8693069905369684,0.34865201317703354,0.9258145930289022,0.26504920819936834,-0.2694740369082245,0.14184572402284804,0.41719812252267807,0.8976778470810053,0.4096250358567821,-4.038072373237868,-2.464910919143467
-2.6463656354339276,9.460604450329832,-0.29458163468395404,0.38854926975619375,-0.8825047619060832,0.26498077323650543,0.9042466042909785,0.30992166997928705,-0.2937458716398984,0.1771088467586029,0.353742708321087,0.9184217727762677,0.3987600859455134,-3.653647699343848,-2.6666110893858104
