0.04366828760608232,0.20689190399960936,-0.0431588032636185,0.9999996146108946,0.0008493833704593098,-0.00022209446679654363,-0.0008490270661099141,0.9999983603837458,0.0015994945642648472,0.0002234526867308818,-0.0015993053836235234,0.9999986961447433,-0.08920898000000001,-0.012425537,-0.04736572000000001
0.047480541454090225,0.24494600419589233,-0.13938617497250858,0.9999968003466482,0.002470743645861733,-0.0005428833228766468,-0.0024686208512515392,0.9999894384786788,0.0038767050686557567,0.000552455933618095,-0.0038753524914527434,0.9999923381884025,-0.10279889751051553,-0.014685495853390578,-0.0731720471012971
0.050517901071240136,0.28898777065174713,-0.260396501926398,0.9999883958853599,0.004735668570880868,-0.00088404627219906,-0.004729641562143908,0.9999663731918568,0.006699475816640417,0.0009157430416109344,-0.0066952168531631585,0.9999771674823235,-0.1373001382935987,-0.017186167973460436,-0.11013937611796404
0.03886191933685133,0.3815774810802799,-0.4009753695400196,0.9999684237212633,0.00785344495411447,-0.0012144804505805438,-0.007839265379684485,0.9999057636069552,0.011269863526176718,0.0013028732551666848,-0.011259987031274149,0.9999357555429931,-0.2349664219940161,-0.01843973818398537,-0.16023920327386817
0.015436628363976211,0.5498453127867564,-0.5582175081771541,0.9999222559371321,0.012358048843515532,-0.0016615385573890207,-0.012322694634794688,0.9997274717690985,0.019827591560851843,0.0019061160861836646,-0.019805575451060375,0.999802033355863,-0.4170833045486105,-0.025215768366680227,-0.21932946195362646
0.001991497579507886,0.7826751429194049,-0.7170772593327748,0.9998344360456031,0.018073639701895985,-0.002108090438530802,-0.01799283131883856,0.9992755756610399,0.033534786542171804,0.0027126589359515573,-0.03349130387463668,0.9994353275956749,-0.6996358289822545,-0.0305825606476454,-0.2911801173352466
0.017411790145014188,1.0082322176042346,-0.859686349950006,0.9996726496280299,0.025480325123327596,-0.0023122753477250223,-0.02531168872152521,0.9981207511089762,0.05580577586341175,0.003729879319601316,-0.0557289802280847,0.9984389659678748,-1.0840922736694023,-0.026032625708385108,-0.35972586327846007
0.04079934726435657,1.1907715810557005,-0.9699909093460236,0.9994229260748497,0.03390120656240791,-0.002126741544859549,-0.033601794940386794,0.9958799428792316,0.0842262355067713,0.004973350256102659,-0.0841061684091652,0.9964443879227577,-1.4604028681074679,-0.020765659453249923,-0.43173225856094766
0.07079943153166487,1.1147269597159095,-1.083708817515983,0.9990317141090965,0.04391874677077464,-0.0026034374056464844,-0.043295907303725935,0.9919284918651455,0.11917773045701364,0.007816560304105444,-0.11894961415751629,0.9928695234907707,-1.7153303485029812,-0.07298915662290328,-0.48488251655205444
0.08667108080709611,1.0129284292174057,-1.1555622768144653,0.9985132719401996,0.05436075015517072,-0.0040192787716860625,-0.05304541792336357,0.986028109706694,0.1579074111800296,0.012547087176437273,-0.1574594414787832,0.9874457427588497,-1.9928988037547448,-0.1454099502095736,-0.518098448254264
0.12532736307090597,0.8221542729511613,-1.124986301160673,0.9978887059253163,0.06470382692228188,-0.0056165263561438455,-0.06217157329381536,0.9766754245375397,0.20552326043197014,0.01878366473480636,-0.2047401521100028,0.9786361142187137,-2.358208341954516,-0.16838732981186,-0.482570078301805
0.18234808933051522,0.518046865129187,-0.9347473250837784,0.9972133320615711,0.07425790263865512,-0.007164792695323233,-0.06998260768366582,0.9644042598960186,0.2550036433390822,0.025845792316217545,-0.253791621985675,0.9669135471330552,-2.6059628405677446,-0.19050366844992161,-0.45992229121079625
0.20083271088864252,0.12610135709600903,-0.6762094134240381,0.9965230281257921,0.0828643682772542,-0.008680488754301888,-0.07608843578692494,0.9475530102514484,0.3104091537034894,0.0339470816787094,-0.3086693849953849,0.9505634152501713,-2.8213522088979746,-0.19049354865290125,-0.3839773223355982
0.15500723299491206,-0.3819388816053676,-0.3947654083500628,0.9959189605921566,0.0896466989937146,-0.01043519489847071,-0.07979270345421326,0.9286247143465797,0.362338604595481,0.042172839701716966,-0.36002723405912324,0.9319881127606887,-2.8051944078712396,-0.20082514008842423,-0.2964391772428606
0.026500764659193737,-0.8255191305762776,-0.07019270034218855,0.9953795005958783,0.0951414104003471,-0.012952290165557205,-0.08136759218354407,0.9074061066267878,0.4123026468489694,0.05098004252403593,-0.4093437060508519,0.9109548647330453,-2.620278453322328,-0.21581490799641606,-0.19908930295766844
-0.16914730745421253,-0.9752514404072499,0.24679237734412826,0.9950000324728471,0.09856093471777974,-0.01614551103530918,-0.08058604540382167,0.8877735907243219,0.45317098417552765,0.05899851409321184,-0.44960404108504265,0.8912773875594466,-2.3441182946957704,-0.22596459131609747,-0.08890924718345178
-0.348513262649113,-0.872421176566522,0.5392443683714784,0.9946686220705915,0.10105206205997184,-0.020562417698773088,-0.07815736932951177,0.8688055903963848,0.488946082626171,0.06727375333427965,-0.4847322217981963,0.872071622782729,-1.9658649365647598,-0.24618882497084812,-0.006476571719141538
-0.4352887300581736,-0.6299105366247868,0.8422815217470461,0.9944121726886767,0.10253191526223254,-0.025132392668506698,-0.07490305354151108,0.8530407301544266,0.5164407471024719,0.0743906135123455,-0.5116724724374571,0.8559540394033994,-1.6423807886157444,-0.24263790283296602,0.05176901198412098
-0.4628875801002899,-0.11587123940613375,1.0799902834458055,0.9942096713036437,0.10353889493629405,-0.02875459479234563,-0.07146889314907173,0.8369514968787292,0.5425904433221251,0.08024541605816178,-0.5373936072450293,0.8395050828278691,-1.5009138733288867,-0.1757231073365546,0.051158718802785746
-0.4975751107754726,0.3102119961613637,1.35612181522907,0.9940945814186979,0.10418602207481074,-0.030351869764661015,-0.06930968922443588,0.824800177761006,0.5611602567404645,0.08349928247353988,-0.555742691872452,0.8271504882769304,-1.3090585030576327,-0.0994828083683411,0.019713248661776858
-0.5972115252726551,0.5509906135106164,1.6449623310279997,0.9939626551834477,0.10503252526938593,-0.031723945785582894,-0.06726533991345358,0.8117682491464009,0.58009282336891,0.08668110605546253,-0.5744566809719612,0.8139323728293889,-1.022548863645554,-0.07159181181919705,0.0036009693590441094
-0.7135024103099485,0.5427381856277028,1.7388514677168496,0.9939368635701572,0.10500535442556456,-0.032609611746855144,-0.06550683852319027,0.8037185321564713,0.5913927419024883,0.08830835375555214,-0.5856708944537093,0.8057240458412395,-0.8018619490588351,-0.04038132524896387,0.030929097816904436
-0.7489058790568719,0.4508097894088324,1.5271945694818492,0.9938723342876526,0.10523748193408565,-0.03380614639064689,-0.06405345802933257,0.7975977601298411,0.599779098960896,0.09008294873114103,-0.5939384525622438,0.7994511723150259,-0.5448245011300511,-0.057393321226134233,0.02719335964699008
-0.7024897438782362,0.6029085900556608,1.0494133988843029,0.9937569488045555,0.10590665367045322,-0.03508429008811781,-0.06275240988385049,0.7906066021859659,0.6091004314837827,0.09224565982435029,-0.6030961625547684,0.7923167024336177,-0.5645244608847382,-0.06878742462507989,0.011262634051341952
-0.5670495357532261,0.8806048639867888,0.49830623799344986,0.9935259632624918,0.10757286119584399,-0.03652724815090587,-0.061805229315660654,0.781593481638442,0.6207187310606441,0.09532194895498505,-0.6144426002438611,0.7831819820788685,-0.6933159393651162,-0.10227825810148171,-0.020566980789786818
-0.27658120592742275,1.0074825546799715,0.10376054152008107,0.9928812665676222,0.11199384956028187,-0.040548343489513146,-0.061289049636567984,0.7722900611193979,0.6323066612735011,0.10212953977043514,-0.6253202692675688,0.7736563306465045,-0.5728651808612439,-0.2291050140347498,-0.03688014495734726
0.27031143185082984,1.0652944930609667,-0.1471130778106539,0.9923336563543498,0.11545066598550993,-0.044102813854783575,-0.06089925004007668,0.7673111698265482,0.6383767304687488,0.10754160037382599,-0.6307968867891752,0.768459557690657,-0.5270488274677504,-0.33370494933758676,-0.02929369750891403
0.9873584418561728,0.9929968992385396,-0.3594879207427393,0.9914539563920222,0.12052594830569431,-0.0499254257830553,-0.059740509746811776,0.7596681724438558,0.6475610699161914,0.11597466900059406,-0.6390444143882525,0.7603762967040579,-0.5627402307725975,-0.36436334187461905,-0.008637434060579957
1.5193843880699551,0.5998774812019533,-0.49422702950198416,0.9904785653243321,0.12517695846060448,-0.05729695195736971,-0.05715786010752926,0.7525572027173709,0.65604164171654,0.12524053122284792,-0.6465202129158508,0.7525466255523714,-0.548253390680552,-0.4213986884695704,0.05974227733927498
1.6862123482403246,0.015626070202918507,-0.604663200976673,0.9894287965777906,0.1291719316159821,-0.06591865126973928,-0.05321575631434116,0.746240143722248,0.6635463293375152,0.13490270487472847,-0.6530239352274874,0.7452254693966702,-0.5216858805128604,-0.4682552281384257,0.13436533278384305
1.521902959983201,-0.5316852576786626,-0.6314073391548471,0.9881109593240105,0.13312617412490665,-0.07690353585270876,-0.048059322351824446,0.7426030762136114,0.6680052190912609,0.14603778140901494,-0.656367346050171,0.740172191750127,-0.31270144922801174,-0.5327286473140401,0.20968786909749446
1.165801487404619,-0.804191435280928,-0.44752503030623736,0.9866145981436586,0.13644177237485677,-0.08930440907947902,-0.04268776875412877,0.7446485869685933,0.6660902613944075,0.15738293785738391,-0.6533621696095389,0.7405055612178033,0.0989755866807742,-0.590039340077789,0.29241828270825104
0.9281668658373645,-0.6353642097882922,-0.11034205539235414,0.9849311249447497,0.1389626341709515,-0.1029566191137805,-0.036928518901919116,0.7505596249142594,0.6597700614155476,0.1689584671059144,-0.6460260333398609,0.7443812199675536,0.3736294193943016,-0.5928691257803382,0.34931245492879576
0.9485407168288608,-0.2575752755787928,0.21897743927790986,0.9832373227960914,0.1406375434883285,-0.11604071881173009,-0.03201361123705908,0.7597049437367567,0.6494794278169961,0.17949789903042576,-0.6348775313582128,0.7514725706372545,0.6430796526992553,-0.5648966758582924,0.36678112513255595
1.0493548672558346,0.023709216641558645,0.41932314814450977,0.9815105796045348,0.1413022464860837,-0.12911489945918705,-0.02739667213141093,0.7713185369185859,0.6358593688559562,0.18943707261382048,-0.6205653791050195,0.7609285155490942,0.819414673315026,-0.520029593583239,0.38392162516330564
1.0186023740108463,0.020367667852436933,0.4575694789253437,0.9801583308366709,0.14053631795261345,-0.1397826520988673,-0.0229601649199412,0.7809534624149052,0.6241670612656673,0.19688188671972878,-0.6085731121882496,0.7686847792191457,0.7040748554702827,-0.39958421499547914,0.36600545943089513
0.6646929721307393,-0.32550995525441034,0.44904971009553346,0.9791662705322787,0.13811591579071947,-0.14885364777928473,-0.018102816089914188,0.7895073169885386,0.6134741106771929,0.2022515826922578,-0.5979984868098318,0.7755592221562626,0.6148369620890183,-0.28361225669610796,0.37014367613623844
0.054959282139102186,-0.7383272159077083,0.5256127179377365,0.9783482102591211,0.13410007532514717,-0.15764501032561853,-0.01243731458793921,0.7984135709449537,0.6019809655934039,0.20659160846611152,-0.5869863197117252,0.7827943330036747,0.6195072316180859,-0.21976656780111622,0.4036570671160048
-0.3965915298248808,-0.8616518210164685,0.7371661072486804,0.977996696418401,0.12884998226338581,-0.16407359283388442,-0.006997858436920447,0.8062886467214451,0.5914808941507718,0.20850297784921662,-0.577318196698168,0.7894493067887155,0.5939785113537152,-0.10501254505799552,0.4080858513668943
-0.4426893957658924,-0.7000412802218703,1.0323501985646621,0.9781949584920518,0.1214498923876532,-0.16847714034776476,-0.0007007695891855113,0.8131255142714535,0.5820879718416848,0.20768758292857997,-0.5692774557979705,0.7954803870727881,0.4941766963836479,0.03903458877696944,0.42161259720621314
-0.1162826559346956,-0.3800837983608703,1.168567923104753,0.978894818063327,0.11292094776732757,-0.17033436154838016,0.0062665098224777135,0.8165049884520411,0.577304369191483,0.20426861242836733,-0.5661876573966086,0.7985648818902125,0.219474607528742,0.17911136199772376,0.4099246569940833
0.39336729120141023,-0.14721882489343235,1.1138867834289314,0.9801238896882102,0.10267703439488994,-0.16974860079047432,0.014998943488889836,0.8148451365215867,0.5794846289431091,0.197818584962764,-0.5705127782048234,0.7971091376645626,-0.21688443854938705,0.3194074556366386,0.3911049872356936
0.776427865912961,-0.29813277523178416,1.1252918342337557,0.9816923844949291,0.09090656098365667,-0.16737998504834747,0.024945017357812044,0.8098297318830843,0.5861344141638413,0.18883275228010302,-0.5795789873074207,0.7927360147855178,-0.5123973907282009,0.454607275068894,0.41374739817102407
0.9247310611698658,-0.720092010956641,1.394751677232084,0.9836290300783772,0.07543914807049279,-0.1636547161724015,0.03785467744823402,0.801394806849177,0.5969366691286938,0.17618443342804488,-0.5933593333668624,0.7854194719537263,-0.7771613485813856,0.6071318053848391,0.5006814912177324
0.9843613451896909,-1.1637329346386005,1.8740725395124618,0.9856805460922526,0.056405580733078754,-0.1589096331801285,0.05304816498992277,0.7908170820117147,0.6097493214343725,0.16006171699216767,-0.6094479085702399,0.776500800703308,-0.9648529758195868,0.7902320653043836,0.6219156522534484
1.1230962021991335,-1.4338140559565402,2.4280598369463906,0.9877231150286488,0.03179330839254919,-0.15294519796174974,0.07174671754091069,0.7773713827643689,0.6249369102406392,0.138764031939863,-0.6282379475966632,0.7655466182012194,-1.1182098158839198,0.9864455467359394,0.7588187739814116
1.3111810550118224,-1.5317469677692512,2.789128857050443,0.9892139542019566,0.0010724925867120635,-0.14647389723695106,0.0943686763623696,0.7601262649534642,0.6428861596344325,0.11202814706020889,-0.6497745078775755,0.7518262985415644,-1.3186120777907373,1.186777769750168,0.9306368354570033
1.5205210412714185,-1.554102613040369,2.9729195004289934,0.9894662217676782,-0.03324171845960025,-0.14089564980739752,0.11900688012877512,0.740946293258244,0.660935664788096,0.08242547217220826,-0.6707410667766801,0.7370973225269973,-1.4476398295449147,1.3631660668483803,1.1222219232656254
1.5873166147249511,-1.6345862842451995,3.032149906904838,0.9842264082276638,-0.11610100005398498,-0.1334875841932008,0.1764867069525906,0.6967268754313627,0.6952870654058505,0.01228086382559015,-0.707878675224867,0.706227273294924,-1.4196205852761885,1.5229444298469417,1.3540189544573766
1.4959208789396707,-1.5589494367441477,2.9782100629216965,0.9797897324380741,-0.14966340608257714,-0.1327137712850067,0.19950522588744482,0.6831222739654503,0.7025251765281231,-0.014482577551218071,-0.7148040456600897,0.6991748216686868,-1.0913461494513217,1.8084668732298912,1.7363304423212202
1.4276226815755457,-1.057881111655755,2.7455776743565212,0.9676576708388291,-0.2148584524329138,-0.1321910643156562,0.24307269993279043,0.6539443592244059,0.7164303438478604,-0.06748551410603734,-0.725391356756277,0.6850204996415291,-1.0913461494513217,1.808466873229891,1.7363304423212205
1.0920424190401627,-0.41139831134324667,2.2977749301187522,0.9541652706194905,-0.26823273828040123,-0.13273972449207672,0.27784326937716924,0.6290854535309613,0.725985268319922,-0.11122838668901133,-0.7295907690413445,0.6747781529689725,-1.0314078325012428,1.9049812205474093,1.8323773531952872
0.5336244368490354,0.057351829433864965,1.6928147293741473,0.9403492988280074,-0.3123035333258378,-0.13494331871520027,0.3070149205564469,0.6080939566425035,0.7320953342636342,-0.1465777430218964,-0.729854946525034,0.6677025702238575,-0.9192746481558985,1.9056666211946436,1.9319196056053471
-0.10453693317698692,0.3388563675142975,0.9626772097536949,0.9182978770932247,-0.37083135437445663,-0.1386113831504574,0.34486810025153297,0.5773777338168123,0.740068203560631,-0.19440936797123448,-0.727405704614259,0.6580926519416983,-0.9192746481558987,1.9056666211946438,1.9319196056053471
-0.8657213236069538,0.4415837109913157,0.1436706997849213,0.9010740362966939,-0.40905411777892453,-0.1440149639450358,0.3707969781520329,0.5545082362283087,0.7450035012993496,-0.2248892663185696,-0.7247036254104668,0.6513290053510745,-0.8513804804530752,1.6451465843881823,1.880611480865875
-1.608036753541404,0.3528993039453358,-0.633443636902836,0.8790224637737091,-0.4517247696453994,-0.15252619666801165,0.4009417391259423,0.5272416293476619,0.7491742027789574,-0.25800238372515544,-0.7196950720768011,0.6445725507811395,-0.7110566328410458,1.4406517479942869,1.7850333682331045
-2.2323543912825303,0.0028212632516326774,-1.4655898567873011,0.8611884719872636,-0.48199834736782754,-0.16134437966946627,0.4240300686692595,0.5062455800428582,0.7509420174363742,-0.2802729323009701,-0.7151174769377066,0.6403546498602655,-0.5655677223732236,1.1812013253453773,1.6774753187997364
-2.65299260402133,-0.48642753066124667,-2.4338739488144974,0.8409777017113571,-0.5118840932310533,-0.17530310984493602,0.44971744938883196,0.48113644889009527,0.7525037762460935,-0.30084999740649176,-0.7116757637059514,0.6348282337877414,-0.524980155676452,0.8391087045860801,1.5631363326427525
-2.892700088463609,-0.9703520725627397,-3.5009826996226776,0.8257837592575074,-0.5309261634556387,-0.19025927547642782,0.4695758787392521,0.46039673733010333,0.7533480857890686,-0.3123774592585024,-0.7114437807824808,0.6294982682526861,-0.4923108361706739,0.4682948094253489,1.455631961115439
-2.9770942610225863,-1.4911069447905227,-4.589116772763809,0.8145221923134822,-0.5420397904036861,-0.2067521797901207,0.4858348208188118,0.44256785976218915,0.7537229042462934,-0.3170459353292369,-0.7143714405858074,0.6238231478284261,-0.48279403886131234,0.06979363796995008,1.4076945038414093
-2.7745151781251387,-2.139071113517939,-5.6380087761621285,0.8032462431304929,-0.5489090630763667,-0.2312883770736741,0.5048333499157652,0.42127998348266477,0.7534364368210972,-0.31613092494973427,-0.7219570735088544,0.6154991651504937,-0.4700430502300603,-0.3462822704159447,1.3974401500670321
-2.1454379092264757,-2.829325232820561,-6.526747714127877,0.7934862363561705,-0.5494754056568543,-0.2616416849272194,0.5247169188036379,0.39989203010971663,0.751504171229904,-0.3083046347924965,-0.7335960351807821,0.605627863735232,-0.4053909719927833,-0.7472038514813191,1.3928004715277682
-1.159901552712085,-3.405370920933021,-7.075047155790737,0.7851801934455129,-0.5446981450206148,-0.29461159962222744,0.5450778530186409,0.3821028844587233,0.7462489663891746,-0.2939084857050824,-0.7465261659844369,0.5969225121664627,-0.194934726144658,-1.0494569933076128,1.3718105086409325
0.02704536501295962,-3.644728303192924,-7.216581087732726,0.776944957360766,-0.5362429551085703,-0.32984848995880617,0.56792405910968,0.3708690033254892,0.7347914299015346,-0.27169614703941025,-0.7582213894825074,0.5926900777093821,0.23362858663410724,-1.2103828209725962,1.3315411037640943
1.1545531520483652,-3.1430230877429706,-7.1117646300050446,0.7698237049979832,-0.5256636178094578,-0.36200721558368093,0.589454412140598,0.3680255076883535,0.7190971573429493,-0.24477532398335983,-0.7669647883718,0.5931694986819869,0.6631630747707121,-1.3212326045301221,1.232100369128916
1.918876912819253,-1.5974433128305505,-6.907020593958512,0.7625030296143421,-0.5103970444743565,-0.3975977701406169,0.6119594085753685,0.36950627331907526,0.6992644680190271,-0.20998764745821044,-0.7765049716323063,0.594091926342444,0.8478077591738344,-1.4689287022120365,1.1286974158929972
2.1690864176065827,0.668707029648135,-6.392301660319212,0.7567357212745063,-0.4925110342766843,-0.42986501283875495,0.6296928749448073,0.3725263524308251,0.6816971468242528,-0.17560732157542583,-0.7865475178654455,0.5920346871162279,0.8254212991130392,-1.6308379894151026,0.9796553382413916
2.3033708628758633,3.084410038098787,-5.201042153621625,0.7515052762795719,-0.46788651276753807,-0.4651043225924655,0.6457976728814925,0.377617997208251,0.6635887385160156,-0.1348524579858007,-0.7990537274518276,0.5859419384380387,0.7408830403609978,-1.6997581350695823,0.7667651549881634
2.539559077291565,5.214688355541463,-3.4394816708684286,0.7489862008496819,-0.4440966561945187,-0.49172942854135426,0.6547842603927003,0.3825475492832299,0.6518550029564687,-0.10137673933769721,-0.8102070923499991,0.5773103361512025,0.5844417891038078,-1.692806758433048,0.49841526034871786
2.832845230751326,6.991676760992142,-1.4876986385641489,0.749259341187929,-0.4199692242025788,-0.5120901193787224,0.6583395133769601,0.3881150568693289,0.6449463448674654,-0.0721077303013836,-0.820361233453897,0.5672811665098545,0.45014361592566615,-1.603235542857206,0.1905413183542184
2.977916315034023,8.491189167683816,0.3545261474360395,0.7531744331179684,-0.3943955509293068,-0.5264792709163344,0.6562719126317326,0.39561099825296214,0.6424944472538116,-0.04511596156698434,-0.8294239491770544,0.5567948118862308,0.36334379967814223,-1.4363499833653912,-0.16272822715637092
2.9143371157463522,9.849801867540041,1.887720243648382,0.7613617171661988,-0.3678900437767295,-0.5338400990218816,0.6479344988504872,0.40310908684253993,0.6462847277356476,-0.022565921942256942,-0.8379498671131389,0.5452804777102941,0.18714956241821223,-1.2747508432959072,-0.5392616633025752
2.834182314308151,11.157745043619466,2.9676488269669283,0.7737861377274776,-0.3409756281616714,-0.533845140523491,0.6334060291906974,0.406914497838049,0.6581925201900127,-0.007198280743703683,-0.8474409787406787,0.5308408163521087,-0.17632888398927402,-1.1802445115730587,-0.9732373480418579
2.9652469142394966,12.230961289300947,3.5801135862027444,0.7931016794383843,-0.30849756930685585,-0.5251847063688881,0.609084959183868,0.4049352543107744,0.68194057828542,0.0022887918208517825,-0.860730323358035,0.5090560596672739,-0.6742100600739183,-1.1134951766905057,-1.4818756272414864
3.3075234354718286,12.600666905868941,3.9233042015893593,0.8165516886520284,-0.27549250763619504,-0.5072940153361175,0.5772492553540371,0.3975252753769131,0.7132720046586138,0.005161099953453166,-0.8752585524705416,0.48362777977949173,-1.0833131752778187,-0.9751334181969759,-1.9637011401190647
3.8524385045425418,11.969189370460384,4.264613075080543,0.8436401907713876,-0.2432251432653815,-0.4786572450081064,0.5368964484272931,0.388254069547645,0.7489999874137849,0.0036649940483750865,-0.8888758671283772,0.4581334528883465,-1.230086280393822,-0.7362640609247111,-2.413514513639374
4.44534624569017,10.585074714779592,4.555673583678569,0.8720103623727685,-0.21400194658920463,-0.44022845747468814,0.4894870482410587,0.3801405587548008,0.7847901536040331,-0.0005979287311116896,-0.8998312744318329,0.43623768754615183,-1.183584683823324,-0.4546590631456062,-2.820456230106283
4.875142843424155,8.928137163310213,4.389485071151505,0.9024775238844498,-0.18433877510452412,-0.38929877327876994,0.43068626823267686,0.37231612753034304,0.8221253186325177,-0.00660736249967004,-0.9096152577731811,0.41539911601618207,-1.1167317097969103,-0.25330898824665726,-3.183141708898502
4.980596851546445,7.315384989415489,3.7251607297633607,0.9309251051537667,-0.15548938511510704,-0.33045650199530563,0.3649783364087646,0.36385914975794126,0.8569698554148316,-0.013010094032638832,-0.9183842171193664,0.395475874358106,-1.108310094220158,-0.13744642534131613,-3.513722387909213
4.831735104363797,5.790344250511404,2.9970077076047312,0.9556202556012691,-0.12767565078131243,-0.2654973733996866,0.2939558405678236,0.35361976316328353,0.8879994520811407,-0.019490789635837398,-0.9266347669378205,0.37545721170522267,-1.154319622991622,-0.05219649949320648,-3.826590940928479
4.575879434175678,4.174555539042872,2.6191512383611677,0.9767724917420545,-0.09968679396290382,-0.18967878765274324,0.21260812919515581,0.34054111148246025,0.9158763752769393,-0.026707354345812652,-0.934930101397792,0.35382541277324825,-1.1838388204016521,0.0540874981850723,-4.079604861340581
3.7263520936904646,0.4709274376750421,3.166467154020994,0.9974103930999106,-0.05612700520975875,-0.04496962333024848,0.06048075680995857,0.3162295254811526,0.9467528533200512,-0.038917679683857925,-0.9470209324508864,0.3188052190725181,-1.0653233915900346,0.19500488454986886,-4.230159175019275
3.306107127477423,-1.4772607773675728,3.7010892394331476,0.9974357453102253,-0.03355847818298422,0.0632120441013927,-0.049906750846544584,0.306916661808531,0.95042699820883,-0.05129571324560348,-0.9511445690568535,0.3044548547096519,-0.5769104025988333,0.4739364338414451,-4.227754546970894
2.908154870751954,-3.0463894717540634,4.253967559147418,0.9896238436804274,-0.021570411825766647,0.14205409305205724,-0.1289548765751089,0.3026786761931071,0.9443284697527049,-0.06336629882417125,-0.9528485379700452,0.29675642513966094,-0.34855486329097,0.6592798822694789,-4.091927636637073
2.793848991169858,-5.397443372936356,5.079973883072342,0.9617823890487769,-0.02925418507769554,0.27224773418903986,-0.2513853672675448,0.29977635941119257,0.9202931769071918,-0.10853586153612015,-0.9535608669579563,0.280965549074973,-0.18035545628947025,1.3448512128742052,-3.534004450400075
2.48486427080696,-6.805490000276757,5.420596347465007,0.9309320031774649,-0.03502415568719361,0.3635091662921177,-0.33741593042262447,0.29828346453367766,0.8928479516036419,-0.13970001917331987,-0.9538345156808823,0.26586391507459023,-0.18035545628947025,1.3448512128742052,-3.534004450400075
2.0628666693598205,-8.269978189671363,5.732778934925824,0.903753519190012,-0.04806778472937634,0.4253458176858892,-0.3924382717246789,0.3037836344339998,0.8681634099268498,-0.17094379028620646,-0.9515277145313624,0.2556818903272297,0.16196706146071532,1.6954721198458282,-3.1267309083693426
1.759212307021551,-9.652399887183991,5.798875177293475,0.8811446065356869,-0.07199487604454763,0.4673338423401396,-0.42154376559836815,0.3281303847782154,0.845358683796675,-0.2142079271600759,-0.9418849125071641,0.2587813276361985,1.2940903231301268,2.098858757747731,-2.0882491210032468
1.6832257366777763,-10.722953471777078,5.523916397837592,0.8597735771251233,-0.10033864421799851,0.5007210326658571,-0.43741054330127466,0.3613373130008804,0.8234727456584012,-0.2635553313563441,-0.9270207671405183,0.2667790932660399,1.8376850234869841,2.248396404435571,-1.5187835680960444
1.6528112670601995,-11.377593649106846,4.72972877108058,0.8263748919695014,-0.13688348805362985,0.5462302157704801,-0.4556222725154369,0.4075117793381717,0.7914180276494241,-0.3309273072900797,-0.9028826393274524,0.2743903367300471,1.8376850234869844,2.248396404435571,-1.5187835680960446
1.691686247888014,-11.595313313644896,3.6375722319078307,0.808023139357269,-0.16799981168728248,0.5646898879351919,-0.44588025757648214,0.45210667497061846,0.7725220711090006,-0.38508363009449303,-0.8759997818036523,0.29040485552621026,2.881769839171736,2.3451409798260707,-0.5546744527492864
1.3208428432399597,-11.204276972210707,2.159294896920972,0.7788643786173186,-0.20908807375984576,0.5913141780242157,-0.4275120593545254,0.51285661322197,0.7444538490604651,-0.4589158079947887,-0.8326225265304111,0.31005807437737043,2.881769839171735,2.3451409798260707,-0.5546744527492863
0.7327135376348168,-10.398043289723256,0.8958360156891869,0.7646274403124259,-0.23504452342212867,0.6000824522767937,-0.4010906384811697,0.555268200276834,0.7285626434865375,-0.5044513626149046,-0.7977664431214109,0.33029914469368005,3.6016706485206624,2.1191739165127768,0.10354157699019911
-0.039080113519384785,-9.530024280987414,-0.5540305938471102,0.7419614742295041,-0.275734522128102,0.6111167188565262,-0.34165008475513536,0.6287815406006874,0.6985048273180602,-0.5768608067341623,-0.7270517502259455,0.3723269559774028,3.8712214415236232,1.8486343250373307,0.30574567024235244
-0.8611195689994766,-8.634010536969017,-1.2609015713009062,0.7326696720620292,-0.2916067286601931,0.6149476948819448,-0.3082158420494434,0.6634253637923073,0.6818135972439942,-0.6067933308386555,-0.6890807662945924,0.39619383030605804,4.114427641353167,1.4768612605779885,0.37241397063742154
-1.4704852881917916,-7.621963109217205,-2.1529819621596826,0.7211938794815526,-0.31137985871179114,0.6188068937778336,-0.251494605692128,0.7146452741463298,0.6527117246136125,-0.6454687068372159,-0.6263582966074126,0.43708744292755763,4.213356323709369,1.1293060374459323,0.40604728527449696
-1.897567516739859,-6.511851487835597,-3.0403650709588526,0.7124863068544166,-0.32786295199114085,0.6203782291929715,-0.19277970680823164,0.7586404378452889,0.6223348541652145,-0.6746845538382252,-0.5630013950049865,0.47731560003267487,4.1275105448694145,0.8520403065183714,0.48216512781656096
-2.381641401594162,-5.305149665855563,-3.9873660251774488,0.7069876493309823,-0.34363468105543526,0.6181291690814948,-0.12831267541080818,0.7971889544725096,0.5899369696806142,-0.6954885484480468,-0.4963919588822466,0.5195100597049812,3.9179399003633106,0.5338478526536126,0.6187358154233792
-3.03487809893388,-4.012648062498482,-4.8938454982324995,0.7065181663681842,-0.35754938302161804,0.6107294976440857,-0.06417607955272672,0.8270586552772509,0.5584401593225776,-0.7047790514799511,-0.4337423422169475,0.5613858469565965,3.638544767742833,0.1344134783193771,0.7440488566955572
-3.689551961648749,-2.6304512745899107,-5.652378684346667,0.7120505914185448,-0.37110152295325555,0.596043299536429,-0.0020062733003678793,0.8478307039643818,0.5302632103801878,-0.7021252951773946,-0.3787700583164316,0.6029538231034132,3.2480567652201615,-0.32851971248730094,0.9248687455417268
-4.19575223590945,-1.3205612156745778,-6.317266997667904,0.7225741425612966,-0.38432561596294246,0.574613286842995,0.04976167353002656,0.8579753301967857,0.5112749833711852,-0.6895000974251537,-0.3408403639365782,0.6390754743864632,2.7379573766776635,-0.8444675305340308,1.1804421628083244
-4.442236155732149,-0.3099432946628897,-7.126400807811,0.7396958251145673,-0.40100371121391687,0.540412906859878,0.10238335804541746,0.8607740560505327,0.49858366642485996,-0.6651073103668472,-0.3134709683893827,0.6777670821702685,2.1732387793958723,-1.3867291858039894,1.4661104999976113
-4.4538721795001,0.19578324293193328,-8.102924630558459,0.760037650489285,-0.41770913734766524,0.49785725505911355,0.14847712877304098,0.8574251204935522,0.4927237613287281,-0.6326905342029702,-0.3005681941305243,0.7136956274260577,1.69665636045525,-1.9395943448991624,1.6932630609412136
-4.25675896524071,0.3819427005667424,-9.168492334638422,0.7847730657287229,-0.43650189203121254,0.4399969699440121,0.19513302498188806,0.8478302561252149,0.49305877880843846,-0.5882638335544332,-0.30108130970191777,0.7505302839193222,1.223944995735455,-2.5012839452681277,1.9453359168678963
-3.9216822780847203,0.5129789778489715,-10.082623357032515,0.8086596990340773,-0.45403462291126906,0.3740615622540438,0.23680022992721048,0.8333010874608217,0.499534732268969,-0.538511970400412,-0.315375742305003,0.7813725096911412,0.7343725569226913,-3.063672620321571,2.213243484745433
-3.4170853481294876,0.7141141643741147,-10.632229787078668,0.8333426229625575,-0.471386829281522,0.28867720716017187,0.28109092869655994,0.811074676207694,0.5129773478615677,-0.4759495378276868,-0.34634134433315245,0.8084056597074977,0.21518477415040205,-3.6290116502341245,2.4842395992098156
-2.8879997837961744,1.0762258735668624,-10.66507160518154,0.8541609686285032,-0.48477252494254497,0.18816120411085133,0.3265021889182505,0.7815945839701478,0.5315131484169707,-0.40472874904459955,-0.39256274067893776,0.8258868774399029,-0.2867313318147444,-4.098519574898813,2.6970806445773903
-2.3574828938636854,1.5936136670292376,-10.132979419236145,0.8680619573944642,-0.49134746085122866,0.071035982709752,0.37502931788723504,0.7427550321904872,0.5546782606887902,-0.3253020886030777,-0.4548545205565799,0.8290270901965253,-0.7934888362140358,-4.394768906197912,2.8239358881671053
-2.10563769079578,2.1524978508232895,-8.976497046218379,0.8716606802409367,-0.4890035862496235,-0.03291126185537899,0.41590326204631645,0.7024886539951231,0.5775241706001156,-0.25929160252722955,-0.5170930125645916,0.815709924676496,-1.3577293729750874,-4.5074848589353955,2.8650717087368793
-1.8725301028551113,2.4479200830289978,-7.381669880303695,0.8667044543336552,-0.4780627696431257,-0.14240567797438225,0.4585239960269133,0.6511193416104722,0.6048134820324813,-0.19641571705367794,-0.5894909594403348,0.7835312851650541,-1.9238734356376481,-4.389522616595749,2.8238095263785636
-1.615634596179612,2.57979828306142,-5.478762994595697,0.8553630680795706,-0.4616392501093566,-0.23503877238441634,0.4955619381367454,0.5970230993949164,0.6308579747130398,-0.1509052260051143,-0.6560888823531125,0.7394423515169979,-2.4101714061570942,-4.032949280927116,2.6815236296366294
-1.4524737585823395,2.721900800811311,-3.5827006907602166,0.8392713106647832,-0.4399854860655841,-0.3194314310562558,0.5305777201766321,0.534395104751593,0.657958323049188,-0.11878951951743402,-0.721688744590882,0.6819489760851998,-2.793205461882003,-3.521629221460846,2.440083844076896
-1.59325937311369,3.0651223148287277,-2.0813450504309947,0.8227732172798063,-0.4153818069325503,-0.38794611403709794,0.5589957790713191,0.4679363372145843,0.6845139175317373,-0.10280054429566023,-0.7800599584542498,0.6172021624304864,-3.1461101874242408,-3.0059369184327025,2.096324013595158
-1.9434923888352094,4.076962523193805,-0.2808822623367835,0.7955103817139527,-0.3610130966528189,-0.4866546790389079,0.597341309956728,0.33240968369460044,0.7298542057186724,-0.1017181989837603,-0.8713055412604672,0.48008339042743686,-3.4368443840876033,-2.490114504562543,1.6507110202784572
-1.6625369804946608,4.5796898954314935,0.22306679137128427,0.793429869062286,-0.3292043826832718,-0.511950698116458,0.5956067554629924,0.24666409972368486,0.7644667518959537,-0.12538594708598474,-0.9114720491214352,0.391787018600312,-3.9350069276430037,-1.6794471724717144,0.4689894572740058
-0.9451173377369145,4.9307187218845305,0.9109713958286492,0.7966415013854647,-0.31424634809165836,-0.51634441120377,0.587962465002399,0.20469601005851618,0.7825596994571244,-0.1402228869286811,-0.9270106667008627,0.34783439422260515,-3.901583661070321,-1.331976897588263,-0.15828290270186873
0.12475128899479443,5.223925104558905,1.3568749052824067,0.8110674270886914,-0.28857647303140965,-0.508815534283773,0.5591815061687273,0.12715477629788655,0.8192360502465125,-0.17171392452157805,-0.9489759122745869,0.264497724088529,-3.6539603233057942,-0.9924051074788778,-0.7668654781740006
1.4481102886425188,5.294278472590691,1.7691224529706702,0.8244410271659451,-0.2754728335618969,-0.4943801277306156,0.5328727122307272,0.0835868328778543,0.8420569540888055,-0.1906401460485918,-0.9576679796979886,0.2157043703213794,-3.2811275775234576,-0.72548450184472,-1.310027240493452
2.7988513252721505,5.299947114733098,1.6929102987308229,0.8462092612516632,-0.2605706309086071,-0.46479332232703585,0.48992016678345934,0.03744602886980031,0.8709627001776528,-0.20954263611680607,-0.9647283250893853,0.15934598338033953,-2.8110239346890022,-0.6324375107406992,-1.8000922622060742
3.9032506154769724,5.01367585300129,1.3725549248821514,0.8721257032171746,-0.24443904584072354,-0.42384703686167746,0.43688796526639806,-0.0009643219037886591,0.8995154117015732,-0.2202854139368596,-0.9696641805036116,0.10595146745054546,-2.349486218829564,-0.7066499064463352,-2.179615309057401
4.684147435006803,4.5530214750093325,1.2992141030887838,0.8952665176746122,-0.2290148109922025,-0.38216498881631994,0.3865551682041486,-0.027222735793408063,0.9218644285308892,-0.22152418438047367,-0.9730422082325751,0.06415525490899304,-2.0139542926625023,-0.8651116803192876,-2.4710405276059015
5.244495889297309,4.235818401869702,1.5385070493147166,0.9260599473757776,-0.20576389669009493,-0.3163450532018463,0.3115960936242693,-0.05597233355584371,0.9485646906323296,-0.21288693784369736,-0.9769996503045533,0.012281490150318541,-1.7263377507481508,-1.0222094697284134,-2.7166083090939788
5.4249683587930155,4.194868013534098,1.8901405323703104,0.9412401168605536,-0.19239564456141733,-0.27758054392577125,0.26971644248587656,-0.06646671144357785,0.9606431267242986,-0.20327341947508243,-0.9790638856702205,-0.010668866445605893,-1.3665075469168835,-1.1660147614003755,-2.9217685126540016
5.501833755461382,3.945002052862365,2.0686990087533617,0.961149061066213,-0.17070663309810039,-0.21691410241809234,0.20720602320203127,-0.072986167155243,0.975570952495401,-0.18236816158621327,-0.9826150135329172,-0.03477914345361651,-0.8834983005266772,-1.29245840797336,-3.023287201446907
5.42258467011052,3.511094551625568,2.0359698527396066,0.9778449085999893,-0.14447053166083124,-0.1514846533702809,0.14190009422265348,-0.0745458552194119,0.987070047529154,-0.1538950875911228,-0.9866971069944621,-0.052393902928463715,-0.5466651598205625,-1.4329168608713463,-2.96599266393179
5.196177291893751,3.013643910486936,1.8044881128100783,0.9882216023153366,-0.11918718803309047,-0.09598165932131278,0.08718255933579844,-0.07697662325603273,0.993213874661322,-0.12576671286539923,-0.9898833333685649,-0.06567891788213746,-0.49658207954811273,-1.5226732453761525,-2.778832657176874
4.920319150810502,2.269988543117882,1.492974984927876,0.9947993646476785,-0.09225519122104586,-0.04316484436834103,0.03541633237619195,-0.08403683550141919,0.9958330651670109,-0.09549820677684985,-0.9921828409984087,-0.08033245004809828,-0.6097215495604309,-1.521499603993462,-2.4696194175780577
4.658471021425909,1.3819216662342793,1.157864511555707,0.9977033306709662,-0.06773514771853205,0.00011718194835752538,-0.006533044917247106,-0.09450611574727036,0.9955028445014461,-0.06741945781574976,-0.9932172692064463,-0.09473158321234773,-0.7023001718624807,-1.4395329330580486,-2.07801474270737
4.399386394765321,0.1390908580991434,0.9353070876705392,0.9983221940549971,-0.04788539724512324,0.03255434821791181,-0.03757134312622438,-0.10790684588937603,0.9934508074312968,-0.04405894952115727,-0.9930071003476669,-0.10952491783246718,-0.7933972198472321,-1.1998884364299163,-1.5732316333017042
4.258600429350346,-1.3434769976007461,0.7623702456419279,0.9979060133948343,-0.03259283015955296,0.05586855871256163,-0.059566145582391934,-0.12644832254130942,0.9901831628678321,-0.025208386122196683,-0.9914376072898778,-0.12812497071388718,-0.9392716216336444,-0.861535189993713,-1.02597479911813
4.3321638417504476,-2.7406562816871696,0.5376056557496045,0.9975208417671769,-0.023342065989671815,0.06638763586268509,-0.06913959874581306,-0.14932496393981323,0.986367969385482,-0.013110534900250144,-0.9885126216188167,-0.15056862480251884,-1.1110026552787367,-0.504867600479775,-0.43489153002998615
4.585162516587033,-4.022096343945504,0.3577330315908112,0.9978197517440983,-0.02016788486537711,0.06284106499258763,-0.06542858859055471,-0.1774737954133248,0.9819481410627726,-0.008651174740675668,-0.9839188525288277,-0.17840641472200391,-1.3861402215247818,-0.12426744135999529,0.1963261201500171
5.019621650309802,-5.1293398102264085,0.18561854651018805,0.9986783495625811,-0.02177828630261853,0.046553843672463985,-0.05013624529659088,-0.213482242666508,0.9756596173736185,-0.011309775529122799,-0.9767041713394072,-0.21429197527131297,-1.8496740963976253,0.24241492719487706,0.7970230624252844
5.43427571323671,-5.933199088017721,0.1481471448543501,0.9994962505973181,-0.026708223843403545,0.017143973315236472,-0.023546367288985886,-0.26185393283929154,0.9648202352998643,-0.021279417975948012,-0.9647378859751105,-0.26235090572528597,-2.408859525657846,0.5779287276969293,1.3437639052186878
5.619887124650628,-6.344220560233798,0.4567124410552681,0.999221650852077,-0.03189756703420384,-0.023208569230954525,0.011889014239817693,-0.31746848792933774,0.9481942894324259,-0.037613080289374996,-0.9477321902252541,-0.31684215597357934,-2.7711937074162747,0.8104683156581486,1.8048752632891878
