0.17606699292407216,-0.16551270903587498,0.05933155612608784,0.9999948253184214,-0.0027278864032847746,-0.0017052777341601158,0.0027632089018515675,0.999774261157842,0.021066357133021577,0.0016474261575489383,-0.021070960159946552,0.9997766253643827,2.0240555,-9.153107,2.7301621
0.29702835376946746,-0.10026364906834537,-0.16473680593036408,0.9999570694317288,-0.007125333264220183,-0.005923590075494565,0.0074149838666786195,0.9987012689126945,0.050406284195830334,0.005556735351408788,-0.05044804355024797,0.9987112283308858,1.9929886,-9.230682,2.4724457
0.554341944365076,0.5445795087967331,-0.38456601788682004,0.9998463410295729,-0.014009268594829382,-0.010537301514748961,0.01491573361407416,0.995689955003576,0.09153706569325351,0.0092095179314002,-0.09168017178438834,0.995745916828714,1.9416336,-9.310161,2.1219254
0.9128405396956577,1.3101066037055844,-0.5904569822843415,0.9996319000194854,-0.023991615210733872,-0.01266755157928059,0.025603760161097878,0.9886544548221478,0.14800951464664353,0.008972843977615358,-0.1482793692996503,0.9889048066983248,1.8537277,-9.3763685,1.6042114
1.1774338621741272,1.7252620212965775,-0.846199128386615,0.9992529935642678,-0.03707238472794206,-0.010912980501814988,0.038582878242138914,0.9730730507874666,0.22724480046356343,0.002194620559875615,-0.22749610133309078,0.9737765182621945,1.750975,-9.393985,0.9133911
1.1556668448715577,1.7274196117415257,-1.1738817097232475,0.9987071058260103,-0.05059683353055623,-0.004906853300801999,0.04953560463126422,0.9469712595883191,0.31747701867619893,-0.011416682812861342,-0.31730961843346894,0.9482532707052249,1.6600876,-9.323657,0.08034668
0.7297672307770015,1.3390420477839735,-1.4654146949892888,0.9979519289318987,-0.06393446742013233,0.002081205613797988,0.05713683418318983,0.9055330793960915,0.4204107804266616,-0.0287633398725797,-0.41943083577049506,0.907331496358546,1.5970367,-9.12563,-0.84920806
0.09137361790442447,0.7123703217666253,-1.4475164476435076,0.9969607729635723,-0.07765547340366809,0.006232545413297548,0.06274486886751682,0.8477984705558291,0.5265936144257686,-0.04617681888864511,-0.5246021166309274,0.8500943010182317,1.5407898,-8.779849,-1.8378799
-0.32362317468623575,0.18025961780535316,-1.2032807418135465,0.9957007005574702,-0.09226111751642671,0.008246278189786146,0.06642377419079482,0.7732255475917946,0.6306426363429765,-0.06456002735140015,-0.6273835658877186,0.7760295510625848,1.4827942,-8.332464,-2.8405426
-0.35989339840963935,-0.10913365552968773,-1.0015858999051805,0.9943510544610284,-0.10566555789637996,0.010038444435647607,0.06583304046929848,0.6881581160859568,0.7225679331714041,-0.08325858078785939,-0.7178253249499307,0.6912270333151892,1.4442459,-7.822525,-3.8548203
-0.2676947795839604,-0.2503354986039359,-0.8030435159835011,0.992715273876328,-0.1198033618976053,0.012788255967048965,0.05986208209184946,0.5825542998428932,0.8105843687502156,-0.10456058597901989,-0.8039139519952294,0.585482230001164,1.427829,-7.2750106,-4.885405
-0.5329836999577924,-0.6970838538548176,0.47304138004357926,0.9902821213984265,-0.13705406376209714,0.023611515091738533,0.034273668983180565,0.40504701040338337,0.9136532356302981,-0.13478366241152423,-0.9039652111500622,0.4058081583425346,1.4572235,-6.0957427,-6.7951813
-0.8800830308519015,-1.0280484588837953,1.5027411855690969,0.9890700018542866,-0.14442097019827269,0.029717247499582797,0.013643239470710118,0.2903216084213769,0.9568318690869205,-0.1468141459420946,-0.9459682590079935,0.2891187636606778,1.5259842,-5.5007963,-7.5177064
-1.1207388123164357,-1.2505056319675412,2.352034013197992,0.9884360058172555,-0.1481919758521667,0.032146550313547795,-0.0004925514775134619,0.2088557446407541,0.9779463356051795,-0.15163779145408504,-0.9666532037000586,0.2063675458480338,1.6093597,-4.953897,-8.062169
-1.0337752112649707,-1.3756953200687076,2.990201701590975,0.9880557270568493,-0.15091485252869558,0.03115425358443094,-0.007682896094675286,0.1536768371305219,0.9880912927645693,-0.1539053388864706,-0.9765286155642348,0.15068181591167348,1.6764603,-4.497525,-8.4416275
0.14731759521557014,-1.5632287573696546,3.312551161020248,0.9868803351995056,-0.1589248862940377,0.028461983643779998,-0.015439706976044368,0.08258127359579699,0.9964647252661735,-0.16071347001731207,-0.9838308867725811,0.07904408129184098,1.7203324,-4.021701,-8.763677
0.5528523519433375,-1.9108999883297058,3.029720847948429,0.9861661265214554,-0.16312754086092496,0.02942407711953444,-0.01539348108928955,0.08661606349598941,0.996122832929962,-0.165043665863379,-0.9827955346648285,0.08290672711699124,1.7133758,-4.026082,-8.7621565
0.5632037832006218,-2.3546658732263137,2.8040088193571706,0.9852342114915857,-0.16844312714455423,0.030666943511168516,-0.015309375356171122,0.0917266803264798,0.995666530090516,-0.1705261608456529,-0.9814342204315313,0.08779350450457672,1.653154,-4.1884336,-8.667212
0.4813481919673189,-3.12270773590235,2.59479659697549,0.9843046472662236,-0.1743747514707838,0.027162610692234017,-0.0035883836631121994,0.13410774682125426,0.9909602594177093,-0.17644116547110472,-0.9755042584694488,0.13137715492112553,1.5338196,-4.5146484,-8.442508
0.5777335850222394,-4.259631780165549,2.2426306444368405,0.9831536032572856,-0.1813541774448108,0.02279593660133543,0.01516296478249569,0.20520971894242307,0.9786005598560515,-0.18215124732271473,-0.9617690125882037,0.20450254160741207,1.3674347,-4.9965196,-8.025505
0.817177416186434,-5.51569620064275,1.3708239306615901,0.9815247858841134,-0.19034359121208133,0.01945281418288447,0.041100445971524,0.309043148549085,0.9501595053862331,-0.18686853142272927,-0.9318055857416593,0.3111567166952306,1.1685089,-5.586197,-7.353836
1.0242968888746442,-6.587165725104957,-0.06805886922440596,0.9796795463033331,-0.19970193558131097,0.018631250091542643,0.06803023168618354,0.418241936025204,0.9057845055677506,-0.18867928909029694,-0.8861110652028716,0.42332883907597507,0.94538575,-6.2007647,-6.402402
0.9982757458030906,-6.864738939229202,-2.515449679855675,0.9774033872070442,-0.21001269098204098,0.024026824648273402,0.1010058521345996,0.5638590522171049,0.8196711456842877,-0.18568908559945163,-0.7987225042900137,0.5723302583560729,0.720578,-6.759204,-5.182463
0.8450108944185566,-6.5342134408542645,-4.9941541525756845,0.9755431034407082,-0.21709354891074722,0.03443899462250743,0.127468643882399,0.6863811322228872,0.7159837191970293,-0.1790737226844134,-0.6940830874972862,0.6972670001471322,0.48992005,-7.194098,-3.7429168
0.6302182411491887,-5.164505241023585,-7.340626903420859,0.9727679099168443,-0.22517346879713218,0.05494999896161556,0.16067235703340468,0.8259751403883727,0.5403234782477428,-0.16705384497623726,-0.5167803947619104,0.839661262931892,0.2397232,-7.435298,-2.121292
0.4394037107303985,-4.018042259858291,-8.826550021047932,0.970421278468622,-0.22972336078765068,0.07422748684788047,0.18717879984373756,0.9101323967248137,0.3696256448367798,-0.15246848587292852,-0.3447987789136937,0.9262111869737069,0.00843811,-7.4058275,-0.36769408
0.07248005729742565,-2.1914433009665606,-10.190559546565717,0.9681183221472263,-0.22968657590637107,0.09995494570678654,0.2148585706794429,0.9665550896974999,0.14002518768223704,-0.12877386741271168,-0.11408477299037645,0.9850898211043033,-0.16893768,-7.055229,1.4316117
-0.5082090237363918,1.0016890193725194,-10.51381230961245,0.9654515823802702,-0.22876514246015764,0.12477881100017199,0.24251981240465126,0.9639924924972488,-0.10909910632152539,-0.09532776442697918,0.13559123867022693,0.98616815671833,-0.25321046,-6.42583,3.180162
-1.1036980145943294,4.594600653468049,-8.941002959833934,0.962759633051336,-0.22372569015281307,0.15179164842805012,0.26375097891803906,0.9005955731915859,-0.34548955797172254,-0.05940799682394144,0.3726585959204046,0.9260649333605069,-0.2791504,-5.621643,4.8110094
-1.439527369566644,6.709773343993043,-6.5040247483422355,0.9603157111395327,-0.21766849031497792,0.17439656895298294,0.2770548006367502,0.8165410584653859,-0.5064596107137855,-0.03216166013601915,0.5346785278690613,0.8444433074239321,-0.29982454,-4.699855,6.2592254
-1.7765687267045913,7.701958823054136,-3.5287528430870228,0.9569316106406967,-0.2082934499286454,0.20222693013895507,0.29022659955994157,0.6693354200984961,-0.6839288093869451,0.007100243973011053,0.7131647314038976,0.7009605212971207,-0.29138643,-3.6911788,7.457582
-1.9744900629996247,7.2250509294924194,-1.437365485105913,0.9548584968576481,-0.2017415594061883,0.2180495223271834,0.2949632224565041,0.5568094402888091,-0.7765049546547269,0.03524128795643499,0.8057689435648555,0.59118056565617,-0.2449234,-2.6599655,8.376216
-1.8721737642354532,6.161181527442297,-0.2972431035892189,0.9534642325852016,-0.19919595056607092,0.22633367062545603,0.29543218534818283,0.46731543613919846,-0.8332683283351342,0.060214458737997245,0.8613577981443663,0.5044174486819226,-0.18487091,-1.6991119,9.0262375
-1.5619373559791905,4.977781536375455,0.6892179293615699,0.9523977879553321,-0.2005469349495198,0.22960701291585936,0.29158232981487925,0.37940106563230963,-0.8780857454353739,0.08898425949300001,0.9032362693555999,0.4198166781859215,-0.11090545,-0.89527285,9.453949
-1.1145755746354418,3.3668601292679012,2.6555251952137215,0.9523580819051216,-0.20606886827088894,0.22483261631612336,0.2785296855003462,0.28736375088737853,-0.9164296421280885,0.12423887525680694,0.9353917340908526,0.331069487675068,0.09304199,-0.070394896,9.769094
-0.8785430866287613,2.734980470855915,3.812893958187349,0.9528721768071629,-0.21592277861509832,0.21310084078181118,0.27338175836803463,0.3066323667047004,-0.9117230971521327,0.13151816930896343,0.9270134547913585,0.3512107996309474,0.16687623,-0.15682831,9.752268
-0.4840892494584004,2.317813407304289,4.128482189901832,0.9537347867467666,-0.220018131507327,0.20489504229513406,0.2731751303703055,0.34955395840434106,-0.8962072183993077,0.12555996454390564,0.9107162302121784,0.3934852517335973,0.18161622,-0.53671265,9.686571
-0.10624234509439145,2.205323397159601,3.6334712509938734,0.9552651236942993,-0.22391055248437827,0.1932164794717471,0.27224173426966486,0.41047565471551917,-0.8702839622834104,0.11555510190017924,0.8839535063406938,0.4530708742049447,0.17201385,-1.1042144,9.556531
0.11831348728093927,2.277207307137841,3.137908751153632,0.9573043088197113,-0.22825015532868614,0.17739877932963827,0.2697002650904708,0.4842642129301044,-0.8323160091487594,0.10406837812392801,0.8446241996696624,0.5251473450442626,0.18139496,-1.8099778,9.316607
0.35991803491969987,2.619894991001015,2.986721333885802,0.959288812876615,-0.23297669884136027,0.15964595606139556,0.26859046550440163,0.5777988640813523,-0.770718907583322,0.087316294755926,0.7822214075715915,0.6168513063995364,0.17703399,-2.6549866,8.915477
0.5720112079923546,3.305465811585874,3.0068975416204236,0.960493788645246,-0.23837975804198777,0.143620238579891,0.27024014344242697,0.6755744837340232,-0.6859805987050404,0.06649772060843841,0.6976920580624034,0.7133048754007857,0.14005737,-3.6163573,8.305081
0.5022000316688948,4.23998950044458,2.626054691923778,0.9613182486621136,-0.24481259949754583,0.126230011948272,0.27248583500669377,0.7783199188275683,-0.5656585309857469,0.040233002745401855,0.5781737585566318,0.8149211068604043,0.0863327,-4.6271377,7.4453645
0.17369064024956238,5.132568586601419,1.566480390556132,0.961988634529587,-0.25108685909249656,0.10739299896625201,0.2728953951703267,0.8690295202259005,-0.41269334410767183,0.010294189173111697,0.42631336146900994,0.9045169691621391,0.037457276,-5.5922976,6.324591
-0.121804305693759,5.663136131714907,-2.7004456246113118,0.9641633180027569,-0.2574782867877058,0.06398459229207133,0.2600264884074856,0.9649599620919613,-0.03519228446624473,-0.05268132064011234,0.05056879860496327,0.9973301735449824,-0.008221435,-7.052376,3.3919036
0.2040683806648309,4.1050150328094475,-5.307033846498931,0.965723093702348,-0.2564574345046373,0.040105991787581126,0.2448759024905065,0.9513529338483429,0.18698499308129285,-0.08610864456850845,-0.1707547350601176,0.98154374420355,0.008023071,-7.477252,1.7205048
0.5342180458638798,1.316475019516699,-6.642105634838428,0.9672345053993224,-0.25303920782583195,0.020701953236432424,0.22490978709358184,0.8918234329896346,0.39251312339857247,-0.11778369681092371,-0.37499616487833426,0.9195133914696915,0.0659378,-7.7029114,0.018273925
0.5879066793976622,-1.3534518658369292,-6.203577664480208,0.9681519452155023,-0.2502275104465645,0.008246453246897541,0.20287468120244098,0.8033893343336306,0.5598280461052078,-0.14670949083970897,-0.5403256152494358,0.8285677732104192,0.14701691,-7.742119,-1.6475449
0.5290826078721191,-3.0311992088015645,-4.86525154338121,0.9691826156101715,-0.2463368235516581,-0.0017963745449413072,0.17702242118304096,0.6913652615756769,0.7004835026500558,-0.17131293003600284,-0.6792144318614528,0.7136663334875789,0.2399292,-7.616324,-3.2129853
0.5620888161464243,-3.874637096413855,-3.718533711803103,0.9704130595583988,-0.24132410558455844,-0.00782111899411478,0.14910295812290247,0.5734660583024017,0.8055463908764704,-0.18991261600406414,-0.7828788897645155,0.5924810901991502,0.3579422,-7.347974,-4.613107
0.656444758245843,-4.441486634213844,-2.965846631818325,0.971636298674941,-0.2362396764609095,-0.01066388123084708,0.12474756189119587,0.4737246693081527,0.8717929705446613,-0.20090034569274134,-0.8483959882946922,0.48975840793804737,0.5064621,-6.9715576,-5.796344
0.7473989772853451,-4.893246883735791,-2.243471233122384,0.9726539426146376,-0.23200229832110403,-0.010919775177476894,0.10500370920731515,0.39731152318840957,0.9116566100206879,-0.20716787629578753,-0.8878730129446625,0.41080772134377164,0.66854703,-6.534732,-6.726474
0.814154898201589,-5.1184192262009125,-1.1549614104052008,0.9736734303265161,-0.22779105145411663,-0.00844321938734635,0.08106919696987289,0.31142944959828733,0.9468048812852461,-0.21304421226321726,-0.9225632416264683,0.3216974181133715,0.8227173,-6.1010637,-7.395448
0.7776650783396981,-4.797377244822057,-0.020261392364658848,0.974102267109853,-0.22608411876277898,-0.0032778735030364672,0.06335443075496801,0.25899423752286543,0.9637988384687256,-0.21705066071117626,-0.9390463014001007,0.2666103045863654,0.9540863,-5.744223,-7.8116655
0.5492833696644344,-3.906267809212632,0.8292601021629739,0.9741475766514106,-0.2258996944825973,0.0024139048972823935,0.052475050706036246,0.2366552782490497,0.97017557603264,-0.21973362955538414,-0.9449675165366984,0.24239126373052944,1.0558945,-5.5244446,-8.01313
0.1925035284131758,-2.7415751891799016,1.0571756307345288,0.9738860040201268,-0.2269249916492026,0.007148380146483826,0.046795002204108496,0.23143879125234257,0.9717233730194892,-0.22216273076829685,-0.9460132842981992,0.23601395507238393,1.1132247,-5.4489336,-8.070743
-0.02585696562018508,-1.9554866860898859,0.6088230071710476,0.9732284134056622,-0.229658439114412,0.009135462956467133,0.048152233857643334,0.24259833961376465,0.9689310646228474,-0.22473944405559043,-0.9425513497736757,0.2471621640247707,1.1079849,-5.5093536,-8.023076
0.06772093468613302,-2.084990432340962,-0.13317879606803645,0.9721616725505128,-0.23409069831650098,0.010160087867853947,0.055686290396518394,0.2729454586984959,0.9604164792618582,-0.22759771414859195,-0.9331143132208197,0.2783827562489731,1.0489594,-5.6949873,-7.8718934
0.2924200911358307,-2.9707179256314724,-0.7462096266490486,0.9708543714047486,-0.23945698265615645,0.010106581098443312,0.06718889922534593,0.31240405340199046,0.9475702397389302,-0.2300596473638445,-0.9192736594046503,0.3193876919663749,0.94589233,-5.986716,-7.596855
0.4385965965499172,-4.297038651835559,-1.2004343755221523,0.9689022077751278,-0.2472647285183073,0.009416251868480425,0.08722004500859241,0.376886876565162,0.9221436688616673,-0.23156246569161834,-0.8926457507341453,0.3867329675358617,0.79519045,-6.378424,-7.1238494
0.5606713241521879,-5.561598702603229,-1.6595746194994034,0.9669116471786262,-0.2549576001626128,0.008859383140880953,0.1084485842004284,0.44222226846116075,0.8903248675972094,-0.23091290811740733,-0.859904696693993,0.4552396527856239,0.6033859,-6.8190675,-6.4150634
0.7491134467503271,-6.35442528204936,-2.8442773706290936,0.9635646001303264,-0.2672743977221735,0.010375822759357854,0.14465434475196212,0.5533453398959118,0.8202951026062872,-0.22498529267502038,-0.7889064146891753,0.5718463840422602,0.39157256,-7.2468233,-5.441635
0.9500140042196004,-6.649366144411673,-4.521352282247536,0.9607608398687066,-0.27686003675471377,0.016944870107375894,0.17699961950277565,0.6589677429397286,0.7310490055124852,-0.21356437734474776,-0.6993640209598289,0.6821145233142686,0.18538971,-7.5896025,-4.2040405
1.0223245894649633,-6.027789250264441,-6.938907277483334,0.9573506147550733,-0.2866049497632971,0.03657052363941362,0.2167928132215138,0.796226868041137,0.5648217867123265,-0.19099915330593648,-0.5328042580353327,0.8244021749460853,-0.012792969,-7.7544312,-2.7221284
0.969632915693518,-5.288404925247317,-8.941280254815817,0.955402786441931,-0.28990576982119964,0.05621530292875078,0.24001009223383304,0.8732128706955276,0.4241396445483306,-0.17204845621190668,-0.39173195820108325,0.9038503203733714,-0.19996643,-7.629402,-1.0484375
0.4829224855910923,-2.8916316819008356,-11.102099116249775,0.9528679882501487,-0.28846830113971667,0.09396082271712974,0.2708314972946567,0.9483713387732818,0.16505182176064842,-0.13672196985579266,-0.1318250470545734,0.981798991610713,-0.35696715,-7.1485,0.70292205
-0.4370292597237854,1.1284162779525855,-11.850388850521126,0.9505160680621553,-0.28004293110385214,0.13451825561767766,0.2991691493765535,0.9418096063149201,-0.15327258565786042,-0.08376768121996102,0.1859317675699877,0.978985369344881,-0.4322098,-6.380502,2.4150848
-1.250139361553997,3.8719205898350966,-10.830872516877964,0.9498012446821078,-0.2717385917869055,0.1550346197917994,0.30873821430158027,0.8942416234322554,-0.32405652894382075,-0.050579745256274414,0.355654406207649,0.9332478945676208,-0.41077575,-5.437773,4.035095
-1.7970296614606611,6.815321716788927,-8.369924130847682,0.9490862917209675,-0.2555478236164275,0.18420239062577165,0.3149509198634143,0.7816636307751136,-0.5383380781633953,-0.006413185209490149,0.568944002664916,0.822351258822588,-0.35147858,-4.404321,5.5403733
-1.9414181014780387,8.374027568677961,-5.325104050904395,0.9485505260326149,-0.23739499436154304,0.20951256815602273,0.31489343244011064,0.6381745798039632,-0.7025491668902059,0.033076060365988535,0.7323775135434729,0.6800949579922997,-0.27259827,-3.2952332,6.8500795
-1.977159841083893,8.550290554771474,-2.6850882407159995,0.9481892457152509,-0.22025114915319394,0.2289685253624194,0.3107143702391099,0.4925072655001119,-0.8129533649333874,0.0662852505226966,0.8419774490604258,0.5354252896874071,-0.16539764,-2.1398194,7.918442
-1.9368870299221281,7.708304525013092,-0.7540060974556426,0.9481600372736517,-0.20471696843822035,0.24307099076338157,0.30279763468096266,0.34978541205858077,-0.8865459705749189,0.0964683168135606,0.9141887815678312,0.39364036315739415,-0.02646637,-0.97669524,8.71353
-1.7569144828789554,6.267274918279967,0.5575043061451781,0.9484205956095747,-0.19533394158184997,0.24968585280243222,0.29259940290320685,0.2362720648016692,-0.9265857223241918,0.12199984936165405,0.9518509140934079,0.28123988709868253,0.12741546,0.09302521,9.2439375
-1.4475136324633002,4.616230863234256,1.6571640707972608,0.9489990126709732,-0.19192528902108577,0.25013108040323684,0.2803984366311719,0.15106431888300723,-0.9479220897812275,0.14414433975814844,0.9697134911893244,0.19717544046128538,0.27711183,0.92566985,9.537892
-1.0541883890587003,3.038628898004179,2.542017822687267,0.9493709608103312,-0.19594294517893185,0.24556290641030154,0.2704306543357841,0.11191345311048728,-0.956212654281676,0.15988133088509157,0.9742082637955269,0.15923636138432462,0.40613708,1.3839859,9.639925
-0.6479103374625215,1.7432135730414107,3.1418290207986326,0.9496736394447319,-0.20521657339154867,0.2366561567955253,0.2639673990270718,0.1175435006188263,-0.957342539383452,0.1686451623814923,0.9716324837446025,0.1657984491411703,0.50154877,1.4110596,9.643435
-0.1870910245109988,1.044505701637899,3.2009996865108676,0.949975563520474,-0.21311648979150577,0.22831511227447165,0.2637699799159766,0.1559920958083234,-0.9518885773768135,0.16724779941476955,0.9644935602813925,0.20440241135232087,0.53233033,1.0939316,9.633197
0.22633730186206324,0.9010138285679893,2.8009517481012747,0.9504952061838425,-0.22005283044146046,0.2193983018080046,0.26666757735957347,0.2151756101142022,-0.9394614733969447,0.15952199286214566,0.9514600404781511,0.26320434108617413,0.5021927,0.55365145,9.608423
0.32976686451745785,0.9168092642468347,2.7617754698581196,0.9514402503795635,-0.23813380195284073,0.195073684348142,0.27569408703627163,0.3772574415574535,-0.8841208023583444,0.13694604897882273,0.894968778872767,0.42458999577484213,0.4065338,-1.0364685,9.245512
0.2540922789037222,1.345373374901741,3.3882708210020027,0.951328323435018,-0.25109552298386223,0.17867696932670973,0.2843982256008095,0.4919711433178283,-0.8228499519460771,0.11871002613692061,0.8336158782556937,0.5394372041438767,0.31799012,-2.0753188,8.758769
-0.035153429466380004,2.606147001269562,3.8772187951827792,0.9503978573335131,-0.2674813053405142,0.15873772100292166,0.29691685798275735,0.6281846410420278,-0.7191831729153202,0.09265145558227303,0.7306420519325693,0.6764450456069979,0.19225922,-3.2345932,7.990039
-0.5293729266382361,4.592159511455437,3.1934051937521164,0.9502996848733776,-0.28335853253683757,0.12899011965312954,0.3062486573847276,0.7761705343585608,-0.5511542991246638,0.05605594330319006,0.5632648077344418,0.8243727843568555,0.052542113,-4.396074,6.9082656
-0.9480274236920074,6.166972089209205,1.3052434873078829,0.9496045023693852,-0.29484877144862914,0.10637429696607018,0.3121443575559958,0.8585774433134298,-0.40670711068203647,0.02858652000062836,0.4194150400362505,0.9073443861432364,-0.07661285,-5.415671,5.5401278
-0.9160425272841257,6.5645937718133265,-2.3156010961335314,0.949937235540789,-0.30489496624747525,0.06825179917096486,0.31207695949853276,0.9364546806330103,-0.1601892707726676,-0.01507381448983382,0.17346956700666186,0.9847238645626752,-0.17048493,-6.221072,3.9696975
-0.3404522333504545,4.975859644399472,-5.4876849507276715,0.950493074363617,-0.3087758575393409,0.03493401476560473,0.3063838076909611,0.9499802835919194,0.06055099645262263,-0.0518833111085534,-0.04685008631221582,0.9975536032920505,-0.20811768,-6.83282,2.2982178
0.1932513756960037,2.4056339538581293,-6.815319275651749,0.9510831186104155,-0.30866807993937956,0.01284203725357843,0.29528932513890055,0.9205055817868493,0.2558782686323088,-0.09080262085038092,-0.23956938520143262,0.9666237084413523,-0.19142456,-7.2942095,0.6032623
0.359736784039402,0.14479689609367608,-6.631240197114585,0.9523061164992079,-0.30499898510152085,-0.009416982809704143,0.2740240179117823,0.8411996528340955,0.46614802550185896,-0.13425311201487694,-0.4464960953455712,0.8846566219474551,-0.16689911,-7.628839,-1.0573165
0.3254650621983076,-0.9986368505345009,-6.317206818595928,0.9540891178607019,-0.2986388025828075,-0.022996103402386815,0.24998806524540262,0.751662369973428,0.6103356853411007,-0.1649846126602313,-0.5880633870237448,0.7918090239619133,-0.11768188,-7.7978716,-2.6325562
0.40375739231493013,-2.302666056988958,-6.337094150384292,0.9565464007483057,-0.28974265109101277,-0.03268301323642439,0.21860381004492854,0.6384482258962452,0.737967639591181,-0.19295428849678706,-0.7130449207368996,0.674044200006209,-0.016267395,-7.7703643,-4.05654
0.6070137145866124,-3.7922010263958397,-6.0225493668122985,0.9585193402517354,-0.28261292156478124,-0.03702176289691966,0.19299407256453877,0.5479390411215951,0.8139509169290872,-0.20974737738129262,-0.7873326766871603,0.57975278688619,0.12364807,-7.565787,-5.2598524
0.8713658664765536,-5.115474996113636,-4.91409979444957,0.9601989786802407,-0.2768096426270985,-0.03734090371268106,0.16881355277000498,0.46860837938818567,0.867126387078809,-0.22253068494612238,-0.8389175218791411,0.49668650650241475,0.27933654,-7.2577147,-6.1763854
1.0662319287292776,-5.62187369571995,-3.454802662622039,0.9610963136974515,-0.2741650633213147,-0.03357668612577072,0.14970735354721146,0.41489287719833123,0.8974695586725949,-0.23212407046891798,-0.8675813613166855,0.4397965409195833,0.4217499,-6.940465,-6.7787905
1.0244888608138933,-5.181054244661163,-2.070923499784126,0.9617144260783533,-0.2728748746443651,-0.025390263106243923,0.1327067217196802,0.3826338141573643,0.9143195777592235,-0.23977966695113576,-0.8826837865573451,0.40419678903424333,0.54837495,-6.6989393,-7.1074357
0.6463253397297735,-3.982133224258754,-1.148252413626894,0.9620036595709917,-0.2724923400469667,-0.01723031014656453,0.12154052138973905,0.37086734064245114,0.9206982770186485,-0.24449306867952086,-0.8878092927315683,0.389894599997418,0.6473587,-6.5774918,-7.238365
0.10221270642825998,-2.6436159193873388,-1.1561294001400269,0.9617876906847472,-0.27353477656999753,-0.01196511822346537,0.11756699039380174,0.3731261116196893,0.9203015308024411,-0.24726997556728084,-0.8865413869833577,0.3910267616782559,0.69273835,-6.5699186,-7.2443037
-0.1432227800119137,-1.9696338877604855,-2.1218445761883986,0.9610306300432092,-0.27625145448074856,-0.010259727872720248,0.12013450733936212,0.38392558100662383,0.915515618870075,-0.24897354932819687,-0.8810710993705332,0.40215157539032786,0.6743469,-6.6438994,-7.172357
0.05193468572935145,-2.2964834771241316,-3.229524540312524,0.9598876935614106,-0.28024520790774227,-0.00884529219986023,0.1259931374549337,0.4029359801182029,0.9065143822579136,-0.2504822250452449,-0.8712664456817629,0.42208226160957485,0.62523043,-6.7730727,-7.035179
0.32887996624693944,-3.105225357467648,-3.594543400726911,0.9578776796916355,-0.2870376497606725,-0.00892963428351013,0.1375795580482049,0.4313809242576198,0.8916178348339066,-0.2520758139049209,-0.855289357940641,0.4527006717883908,0.53197175,-6.9605255,-6.8066587
0.47063830524572925,-3.840773126346655,-3.2964172711154935,0.9549225674013768,-0.29664159529806805,-0.011254075109912574,0.15743238379503388,0.4739235869677368,0.8663783689868119,-0.2516702898638921,-0.8290960123258669,0.4992613218998376,0.3790497,-7.2176056,-6.4299164
0.6611270187245502,-4.478858438648529,-3.1612381814915933,0.9515906638794235,-0.3071066538368269,-0.012677207368534093,0.1827819666361156,0.5322395057712399,0.8266267967886243,-0.24711527894922106,-0.788927507230884,0.5626077027950426,0.19169769,-7.535222,-5.8177733
1.0142308466231484,-5.136611913359726,-3.8782960377481697,0.9479392452593869,-0.31827614153055783,-0.010558647142684027,0.21453500700886835,0.6137557554355375,0.759788525471041,-0.23534212981267968,-0.722498560830522,0.6500845418351824,0.00017242432,-7.843933,-4.92121
1.3886328615830776,-5.868203967828184,-5.510729080317114,0.9449373679377641,-0.32725099131730395,-0.00039919505503796353,0.24356939514070763,0.7024909972909884,0.6687154465659543,-0.21855736186557495,-0.631991445675459,0.7435183199944747,-0.17222595,-8.033284,-3.7025452
1.4805830067414276,-6.005875192004357,-7.976248116942351,0.9424616927786449,-0.33358285061956294,0.022100665540587514,0.2709411418965259,0.8008639384255449,0.5340485462552379,-0.19584906247571648,-0.4973323173714468,0.8451649015578746,-0.3237961,-7.9781065,-2.201285
1.1387289784933616,-4.926085698145796,-10.490184110073738,0.9399897586272723,-0.33663954814582253,0.05561536028848682,0.2955425902952426,0.8847662683376198,0.36033765794529804,-0.17051050113532587,-0.3222770004764555,0.9311625550710688,-0.46518707,-7.565198,-0.5325821
0.22187746918357976,-1.7577007775253561,-12.31829474457497,0.9369066403446444,-0.3327780873421814,0.10707330135467924,0.32526835149310934,0.9420784135953427,0.0817848528435351,-0.12808765278146564,-0.04179721548815668,0.9908817013056472,-0.55511016,-6.797746,1.1443847
-0.831079970661843,1.4872789462985128,-12.408164569576899,0.9350668140459932,-0.3231457221094231,0.14569452821659007,0.3440407831769674,0.9263230286193144,-0.15349783764118888,-0.08535802704405686,0.19365559359832976,0.9773492304633113,-0.55621797,-5.801718,2.747226
-1.9573614976239153,7.194066172961486,-8.751437261664082,0.9352219266723217,-0.2824567855920599,0.21349030925152307,0.3540366950272072,0.7388112289657709,-0.5734247871589615,0.004238684409331256,0.6118628377562159,0.7909525278595366,-0.43893892,-3.562198,5.699202
-2.062534943299156,9.025649695993987,-5.737365573993626,0.9359930742739959,-0.24616232265624988,0.25163679344562034,0.34859137123685513,0.5486526166698199,-0.7599107593135983,0.04900021234976748,0.7989896226646761,0.5993451109868493,-0.34613648,-2.355362,6.98114
-2.177733106471523,9.313824517089731,-3.1797733134698465,0.9368860994995803,-0.21679963895033913,0.27430339610632676,0.3404991004748553,0.3875886860545783,-0.8566419164495167,0.0794027653188223,0.8959759634016361,0.43694653433370606,-0.21540375,-1.0871979,8.029701
-2.2844456134998086,8.424776488749846,-0.7626225593867941,0.9374583437390475,-0.19112103239448852,0.29093745845199476,0.33118041987191404,0.23230691788921343,-0.9145233870132998,0.10719786960338251,0.9536803693467121,0.281073602238306,-0.060682677,0.18218079,8.7893505
-2.0410185020298655,6.481553860850364,1.0386542872390472,0.9377484690699974,-0.17513059922950341,0.2999284614210373,0.3216893079281476,0.11240862132744286,-0.9401490791443524,0.13093432675041664,0.978107138847673,0.16174865382325992,0.08698578,1.3206253,9.229634
-1.4288851849799151,4.1195926357240475,1.9521147599184405,0.9377745104577513,-0.16957680607611392,0.30302256413796713,0.3115664376235306,0.025618503933275458,-0.9498789645016906,0.15331445620784373,0.9851839417577041,0.07685882135739895,0.21299286,2.1786423,9.399904
-0.7707975034079426,2.110929559145517,2.0673237109099145,0.9379841850326679,-0.17201827030690667,0.3009906698042669,0.30318776435398054,-0.013992922426548687,-0.9528280944997374,0.16811557980935704,0.98499437196493,0.03902869486389857,0.329657,2.6498215,9.407808
0.18700248877008496,0.08277526078415717,1.5536039846295493,0.9372123008054072,-0.18305920866756528,0.29685422237360737,0.3051508793900325,0.01828819853003409,-0.9521283960695724,0.16886694178116707,0.9829317717504776,0.07300060312727079,0.4200836,2.616774,9.422327
0.42279085240656755,-0.19467423994139182,0.9881007496260452,0.9371625685684957,-0.18886824955335135,0.2933515031233896,0.30724400429126775,0.048373179581295625,-0.9504005246864419,0.1653101385310846,0.9808102873684854,0.10336217050248672,0.39421386,2.345897,9.474278
0.26801004945539236,-0.35358066987744613,0.5530920223081167,0.9377476657434901,-0.1958682861763978,0.2868186358362295,0.3080206631305118,0.08744276527073688,-0.9473526449461401,0.1604761243215779,0.9767237978426295,0.1423307284130809,0.37548828,1.974089,9.519394
0.03157700412572223,-0.5143725261578869,0.6155073032080984,0.9388463334720912,-0.20504237119416371,0.27663186392945593,0.3091092853590077,0.14788121975358295,-0.9394586710170048,0.15172017608364965,0.9675168064996439,0.20221824178317693,0.35484773,1.4639816,9.539564
0.0346993476577048,-0.5337556498983503,1.2837608073468574,0.9400760833047883,-0.21377313003155773,0.2656275709990193,0.3096651106927307,0.20923541511884275,-0.9275387109332446,0.1427041583766466,0.9542125496641503,0.2628952895079277,0.30139008,0.75854796,9.498561
0.14839747631673317,-0.12224064774291699,2.2125735471434615,0.9405677652186707,-0.22508860440832004,0.25429785527422333,0.31346821254290713,0.28734504503492353,-0.9050803858326802,0.13065205224836596,0.9310037299922029,0.3408256093428107,0.19430237,-0.16670075,9.330136
0.045130614761700216,0.793962399150423,2.8765603344336004,0.9398621200807478,-0.23983360720549274,0.24318518888312854,0.32155348306533377,0.381243539569032,-0.866750668338611,0.11516315715485345,0.8928231652414039,0.43543569311948904,0.04662628,-1.2695954,8.946172
-0.4286360325221975,2.2140268593891648,3.0427183686663595,0.9379367405296543,-0.26055606813503335,0.2288781468874199,0.3343414912367993,0.5039999802308657,-0.7963666160537124,0.09214357276642043,0.8234649690699055,0.5598348030558135,-0.108155824,-2.4643707,8.280708
-1.0855418625525304,4.039061071713073,2.639107403660106,0.9357631094565031,-0.2829044741725255,0.21050525284054747,0.34638022967987675,0.6255465561155115,-0.69907956816012,0.06609190167646564,0.7270877282867532,0.6833559072018033,-0.24596405,-3.664357,7.3134813
-1.533988141083899,6.081007697467907,1.1583422859684256,0.9337382853774576,-0.30788801942548577,0.18258636837019548,0.35633650635139064,0.7510265100150693,-0.5558628207533501,0.03401629994061915,0.5840925857677342,0.8109739469240147,-0.37892455,-4.786139,6.0634966
-1.4618122676599556,7.295581275584178,-1.765230883701836,0.9306933159484756,-0.3337859180606392,0.14965598067984642,0.36579660139543263,0.8511018646301272,-0.37658792124903917,-0.0016727391850092643,0.40523151028460014,0.9142125710227813,-0.49810487,-5.758443,4.592729
-0.9062613873562625,6.353858169275291,-5.372517091359542,0.928065613238539,-0.3554019089852944,0.11128207678589737,0.3693582533444065,0.9166079073881022,-0.15298504763529758,-0.04763085355673252,0.18308311556015655,0.9819429080075106,-0.57178193,-6.5627656,2.9963303
-0.3564604527869586,3.912979188723159,-7.404936320096732,0.9266071520771366,-0.36758216069537536,0.07926248077127443,0.365276934534237,0.9299338589299803,0.04237663404362166,-0.08928575931674629,-0.010313736186065708,0.9959526494914902,-0.59948885,-7.221727,1.3637604
-0.03382617445612235,1.2631205728300134,-7.816416897896453,0.9259622154059312,-0.3752641107503324,0.04208114569853889,0.35133786814679296,0.8970029657741089,0.26823009115034124,-0.1384040391267753,-0.23358622942120635,0.9624353460769096,-0.6089264,-7.7304063,-0.25068206
0.05376472861668824,-0.09350420896502332,-7.578117259908641,0.9264020179981252,-0.3760021495664104,0.02004207001383671,0.33651230111051544,0.8506378189163608,0.4039489723102696,-0.168934224626943,-0.3674747400171292,0.9145619406027347,-0.5879639,-8.04915,-1.8032715
0.22611519195184748,-1.568848548901969,-7.451910788192828,0.9278683238339643,-0.37290221694275044,-0.0020761080730031696,0.3137003830181404,0.7775258965041002,0.5450188528480164,-0.20162451071191903,-0.5063570053476883,0.8384212186100155,-0.51962125,-8.157499,-3.224446
0.5208296650596715,-3.1418005395768933,-7.113151706976558,0.9294901561339063,-0.3683914288650012,-0.018324977188768982,0.29113267059010456,0.7022404259197602,0.6496923520552691,-0.22647255411029324,-0.6092176452983272,0.759976343639672,-0.4113632,-8.079936,-4.427942
0.9006094144584269,-4.42064417487283,-6.344832023492954,0.9307633043822235,-0.3645879993363504,-0.027482029681254842,0.27150836299367076,0.6388811994172747,0.7198013766697324,-0.24487319175438754,-0.677426308738496,0.6936358671442516,-0.28814238,-7.883948,-5.351294
1.2521249230083604,-5.086857287981598,-5.3107502748555415,0.9314143244017469,-0.36280088867905347,-0.029032248843763205,0.25536167038230034,0.594576954371125,0.7624097734357285,-0.2593410372440091,-0.7175331076016273,0.6464429332096964,-0.17341156,-7.656349,-5.971881
1.288335757431187,-4.9255172145193145,-4.135166957757671,0.9317762932466316,-0.3622440333775883,-0.023920694511314074,0.2423455868131841,0.5716031813599726,0.7839250089207078,-0.2702990120139923,-0.7362398137437945,0.6203945363740442,-0.073466495,-7.4823747,-6.30522
0.8961950797205323,-4.030986013365474,-3.2139426949318564,0.9317452069630856,-0.36274036387249936,-0.01644073352874776,0.23437699907977758,0.5662110174083571,0.7902357281645466,-0.27734147112120555,-0.7401516818754398,0.6125823995294725,-0.004003906,-7.416185,-6.4081316
0.29031110058471254,-2.7069876329301117,-3.0314392582138248,0.9308900148858023,-0.36514849122179477,-0.010505215102869793,0.23380935310188594,0.5734724757636551,0.7851512630974885,-0.2806723473874622,-0.7333456885398272,0.6192149340189249,0.009318543,-7.456824,-6.3552885
-0.02697555071559632,-1.8399048406997123,-3.709763817797546,0.9294887112864355,-0.3687853527187191,-0.006935359486796116,0.23935561173626066,0.5887539161278071,0.7720606953954666,-0.28064145581407174,-0.7192817180106159,0.6355109624658398,-0.036502074,-7.572119,-6.194101
0.11703704785695779,-2.047463087542498,-4.6469989031213625,0.927676257622623,-0.3733716025850124,-0.003226054305868263,0.24931104559044026,0.6129582419174472,0.7497507560596881,-0.2779582047536756,-0.6963302665033124,0.6617124725751682,-0.117449954,-7.741333,-5.9242234
0.4625793167282123,-2.957122009953762,-5.31424990728439,0.925175489138962,-0.37953423270886094,0.0020200244004935945,0.2654021892940354,0.6507466916730335,0.7114003241456495,-0.2713153003691744,-0.6576340239667503,0.7027841050471242,-0.23458862,-7.965266,-5.4824295
0.7332142262755263,-3.7914830264480637,-5.932027317979274,0.9219869848146114,-0.38705569246778687,0.011308879729827763,0.2889777237835667,0.7072127136226861,0.6452457305920787,-0.25774381658796447,-0.5916401512902251,0.7638913904423534,-0.3781418,-8.212283,-4.7952375
0.872633948027316,-4.265039941623128,-6.930420258469413,0.9191215444522473,-0.3931664364406591,0.025213880706252533,0.3132459902976946,0.768103351164375,0.5584748799117769,-0.23894044464286998,-0.5054081471312186,0.8291381481558178,-0.52587736,-8.400907,-3.8223832
0.8141341547907422,-4.128810840884807,-8.560065464446508,0.9167963242682431,-0.3962922443147569,0.04936554369407524,0.3385620597206766,0.8368327909112923,0.43021693571186925,-0.21180234069984075,-0.37770800514629244,0.9013747452211426,-0.6530762,-8.415669,-2.5590134
0.4898786397164993,-3.109197330469549,-10.31892707378695,0.9150188190791325,-0.3941711461565381,0.0858467720340779,0.3607062811965962,0.8947057632434408,0.2634247063665335,-0.1806420201291815,-0.21007309384262915,0.960852619191433,-0.7670242,-8.142981,-1.0728592
0.011022434304709117,-1.171452077710804,-11.716839285104255,0.913252687527379,-0.38515965342433595,0.1327462620869792,0.38158229040566854,0.922845835620315,0.052445393763482534,-0.14270418484677758,0.002757725927008209,0.9897615422792153,-0.8611511,-7.5332594,0.5140503
-0.6326219133273265,1.3459245311367063,-12.293674193246675,0.9124602890651575,-0.3665991434772048,0.18171760751481644,0.3972378124709755,0.9001547677782037,-0.1786715265212743,-0.09807314220724661,0.2352157776339598,0.966982521418899,-0.89496005,-6.6309433,2.0877717
-1.4751183687844198,4.357871241031789,-11.677972824666776,0.9129931336317995,-0.3388754760435141,0.22717163044154282,0.40530402279396727,0.8170046004559718,-0.41016110486101093,-0.04660672749951563,0.46654784810355754,0.8832671840285522,-0.8560425,-5.545236,3.5905395
-2.1449833508827862,7.117432995241481,-9.588786690329867,0.9151613174689018,-0.30434617627987604,0.26429749902789906,0.40307310406897306,0.6853592631603019,-0.6064773311316516,0.003440317541470915,0.6615558067043081,0.7498880441979514,-0.7579498,-4.3579774,5.002284
-2.3696155343934904,9.039747827945467,-6.428444910221096,0.9185121711590455,-0.2637208642322493,0.29459582006758284,0.39235419228548307,0.5157335642700676,-0.7616279134073923,0.048924219244684326,0.8151504133924544,0.5771795425319677,-0.6310455,-3.1144853,6.3070116
-2.3214541929849037,9.665344932765171,-3.2503547048368095,0.921591424598406,-0.22586674702866594,0.31567936057551965,0.3786614914021253,0.34431426233739326,-0.8591060258665253,0.08535057724349714,0.9112803637398028,0.40284411082508964,-0.48601836,-1.8371063,7.4490767
-2.2221626526844815,9.094365503485253,-0.6369353824974235,0.9241525843745324,-0.1905668916226672,0.3310985663079006,0.36375119629463776,0.17411348657517972,-0.9150789916651211,0.11673503325091501,0.9661101146401023,0.23022636339480923,-0.33786163,-0.5523361,8.351446
-1.9789728265722484,7.501828156252261,0.9806404863661958,0.9261472296526359,-0.1638198029605757,0.3397269214600249,0.349111457958623,0.03147694609759136,-0.9365523967116705,0.14273226309686313,0.985987968497755,0.08634365668027094,-0.18298797,0.68388367,8.960277
