0.14693001606623418,-0.8947859318288266,-0.04162636013928576,0.999985373380323,-0.004804370109981266,0.0024841604743680084,0.004817037414668159,0.9999752975234121,-0.005118641764103128,-0.0024595072599569194,0.005130533189625839,0.9999838140956224,0.24967897000000003,0.12043212,0.234386,1.166304,-9.721667,-0.51081693
0.22710628563224702,-1.079072187400645,-0.10214227096886237,0.9999298574884239,-0.010648523831834546,0.005185464625580526,0.010704775653835555,0.9998828133497045,-0.01094382684809014,-0.005068321357347503,0.010998568456066489,0.9999266691165587,0.3013817546498576,0.13679363119456095,0.3023111601306291,1.11212,-9.72975,-0.45308074
0.3363771007159953,-1.3159614702351086,-0.16868685896119345,0.9997885806665981,-0.01862007281107296,0.00872277806548001,0.018777932368186718,0.9996547360610892,-0.01837927981749684,-0.008377542876350048,0.018539189818985682,0.9997930361910962,0.36300521975529926,0.16570770152087455,0.38876213393762743,1.0419846,-9.7387295,-0.38345948
0.46192426357312927,-1.575318089058861,-0.20816593082181808,0.9995233902520682,-0.02808299079800831,0.012819437072313273,0.028414100214733347,0.9992469770555157,-0.026421918068163193,-0.012067777260088532,0.026773577894122005,0.9995686791205236,0.4227149952573968,0.20148762180446175,0.4957594525569267,0.95181733,-9.748199,-0.30173033
0.6032000878812238,-1.8644733681178192,-0.22194069099038405,0.998993434861147,-0.041068808825058985,0.018040788397909346,0.041703949260738,0.9984679520382581,-0.03636659687934067,-0.016519616229960482,0.03708236365467332,0.9991756605249136,0.48843747410372385,0.2314418103590341,0.6327669686932617,0.83606416,-9.757503,-0.20810394
0.7720695359631611,-2.242267584758151,-0.27133600497886956,0.9981471208376277,-0.056001439126950166,0.0237942005384679,0.05708314872159107,0.9972380376472182,-0.047516422440604326,-0.02106749381352813,0.04878662813964238,0.9985870145456435,0.5943852500525385,0.26520136587299403,0.7862014895647372,0.68987274,-9.76515,-0.096443176
0.9840754662239775,-2.6782440481344603,-0.41373345856455496,0.9967151276695114,-0.07469707064877171,0.031293799884993354,0.07653523986773152,0.9951144260053736,-0.06236694809259305,-0.026482283382261412,0.06455715911103745,0.9975625603812392,0.758397580109575,0.3180195211035058,0.9418878596454109,0.51214755,-9.76829,0.043762207
1.2132103186900367,-3.0295968299160303,-0.6249571712220887,0.9947768220576368,-0.09413711832403969,0.039462352319073316,0.09700688434839153,0.9921803317366691,-0.07853568427110484,-0.031760646812158976,0.08195359826486344,0.9961299458632465,0.9392098415827723,0.3758842474418156,1.112938328491622,0.30005646,-9.763124,0.21731262
1.441254485757554,-3.1776242172880043,-0.880189733776259,0.9908998720495744,-0.12398410392063247,0.05239642685465237,0.12887598937147077,0.9862407683410166,-0.10353804240782861,-0.03883842086982509,0.10934847432460401,0.9932444252182941,1.112837162345213,0.4251204961223326,1.304618601502043,0.049360655,-9.745401,0.42260742
1.5790533718887918,-3.148044873659144,-1.1035242177354605,0.9871397287013381,-0.14713929579000914,0.06249146864868026,0.15390150770484223,0.9804563270463993,-0.12255495371815907,-0.04323750623735311,0.13059639500807035,0.990492352148804,1.2640684647380205,0.4537939760847436,1.5010735839374936,-0.24102783,-9.711377,0.65432584
1.6775975003127745,-2.9302376068514864,-1.3814496089677433,0.9801954064994636,-0.18200713223640438,0.07804081555462869,0.1920455973235012,0.9698064873782888,-0.15031255964703766,-0.04832653128470045,0.1623230755440048,0.9855535325490562,1.396790506498505,0.480621232996901,1.6964145348270596,-0.57055664,-9.65745,0.907724
1.7001184535858758,-2.601097705998118,-1.6754655546753792,0.9717751264402575,-0.21612512299743747,0.09456762047003281,0.23007405345625742,0.9568644208926481,-0.17741592362576689,-0.05214435308093068,0.1941659373811981,0.9795818267008893,1.5411603777523406,0.528590628936702,1.8661121257450268,-0.93575287,-9.579463,1.1806595
1.6253411094051535,-2.178791108641077,-1.941207112523327,0.9625481088740114,-0.24737948903458093,0.11092577026126246,0.26563708040541534,0.9423624081061689,-0.20344540619544338,-0.05420405535337325,0.22529198874645273,0.9727823190158814,1.732548037126144,0.5655370029184895,2.0031810217478223,-1.3290284,-9.471535,1.4791428
1.4540279246210877,-1.611415953308822,-2.198534319100725,0.9501836705925842,-0.2829763723617546,0.1306727394072124,0.3069710675740259,0.9222665109959639,-0.23493242936596456,-0.054034764843259656,0.2633417083948397,0.9631881378048736,1.9199315710607014,0.5657382787848252,2.0949588882542116,-1.7423111,-9.329737,1.8040543
1.1864381551441148,-0.8685176529274122,-2.4275553460848514,0.9345617720707612,-0.32085737788944874,0.1537687784885681,0.3521699165299521,0.8957619200285628,-0.2712691145671191,-0.05070151945696802,0.30767048230314487,0.9501411633247473,2.0926481564278907,0.5664203051331729,2.1269335145469594,-2.1624985,-9.153775,2.1535676
0.8290948252368616,0.027229708888369952,-2.4957852801690783,0.9193251267220809,-0.3524263345478149,0.17503425406080325,0.3909186178319005,0.8688245172068753,-0.3038529126611034,-0.04498828302821275,0.34776376610772913,0.9365022249694558,2.2147753630540135,0.5584420936819597,2.119086266130493,-2.579387,-8.9440975,2.5191789
-0.041477731836033815,1.8849145542555015,-1.8955704719961095,0.8853215085935995,-0.4114954556041586,0.21651170046600055,0.4643479276016965,0.806682840185661,-0.36557324503032806,-0.024224544444894722,0.4241866162046141,0.9052507310570457,2.1596155993673554,0.4293459287406355,2.0183344524945857,-3.3764527,-8.448153,3.2249863
-0.6693518916294168,2.9584496562477574,-1.0180528857289848,0.8446084034576167,-0.4670423866417887,0.2617404322773188,0.5353376224910785,0.7302543557042439,-0.4244316269089504,0.007090469263389844,0.4985980195056142,0.8668043263567061,2.0595892164783822,0.34615364656991066,1.8929875332257347,-4.0668044,-7.9083633,3.8382232
-0.8501464996640254,3.264046276846998,-0.6643834471326246,0.8243137149859793,-0.49010952746426073,0.28337175295849926,0.5655784048596847,0.6907646943696587,-0.4505165978837694,0.025059274578248494,0.531635954484975,0.8466021761467784,1.966069858317635,0.29457032635241837,1.7248079442950799,-4.3518248,-7.639056,4.116748
-0.9717995013299564,3.5228956656904327,-0.3187087031100535,0.8106711119587245,-0.5039038404126496,0.29814974065557737,0.5841202190974168,0.6610850262500063,-0.47092478986523256,0.04019848103088571,0.5559204148845505,0.8302629549952221,1.7723810722821758,0.2412843430487142,1.3016561981985824,-4.5919313,-7.37818,4.377539
-1.1248555599318042,3.7691093149182486,0.13612150371676157,0.7954482471697257,-0.5180485731663049,0.3144642458451617,0.6030669796828021,0.6254857591247263,-0.49505331344050874,0.05976875513906151,0.5834322933918892,0.8099595390737778,1.581344766993883,0.1843595167694743,1.0515735156858392,-4.7848387,-7.137741,4.610176
-1.1988482946414143,3.9555484472738374,0.5529323265321249,0.7852802969475482,-0.5265879737403992,0.3256377759688684,0.6146465158065554,0.5997905718772087,-0.5123094089454844,0.07446150571155426,0.6024586091999934,0.7946691817152449,1.3652169301659975,0.15526154364540853,0.8224192655766401,-4.931839,-6.9268265,4.809607
-1.1985412162848363,4.046918347055216,0.9379855261684291,0.7782549820859781,-0.5319003627449386,0.3337681635059831,0.622057019963825,0.5803944877136964,-0.5255352533800947,0.08581518963492918,0.616623258354206,0.7825672562052175,1.1155113160108547,0.13445766586937086,0.6024845487054599,-5.037721,-6.7528563,4.972583
-1.1606064772085796,4.03358076527597,1.2274707187041285,0.7735596067248005,-0.5348230791829252,0.3399555983022877,0.6266056393796802,0.5653280799726959,-0.5364415482528978,0.0947148749740691,0.6279876081322613,0.7724381247005916,0.8481861598948292,0.1248623725956432,0.3836765969181627,-5.1046247,-6.6215467,5.098349
-1.0777751392447117,3.85393142620495,1.3466203234964849,0.7699347132967092,-0.5347325333540021,0.34822644218026466,0.6293558334381799,0.5461784711788261,-0.5528112811241218,0.10541239100811423,0.6447869379830597,0.757058803811422,0.608558521504132,0.14995979210528734,0.16765959969020028,-5.128412,-6.482956,5.2665863
-1.0719193920191548,3.7877835663130655,1.261614282212847,0.7727668413307931,-0.5293279428159517,0.3502047085546699,0.626168025733436,0.5457137308731085,-0.5568753249028386,0.10365815206108576,0.6496217767984568,0.7531577089962606,0.24119509776170406,0.3444343960124152,-0.2365100968915529,-5.0870314,-6.4683547,5.325305
-1.1063586310590023,3.7301463294203234,1.222163499670698,0.7772569687934916,-0.5206268303519822,0.3532977610735759,0.621057253920636,0.5448916784631348,-0.5633657303157379,0.10079430447456386,0.6572980771760063,0.7468599238988614,0.24119509776170403,0.3444343960124152,-0.23651009689155292,-5.013776,-6.4870043,5.368875
-1.1408030640894622,3.6524409094072796,1.2011209732944659,0.783384974022261,-0.5098596562196016,0.3554590179412687,0.6143299501100472,0.5483368600858844,-0.5673847021809264,0.09437528741110086,0.6628497709366594,0.7427809140623428,0.06742383395586704,0.45648756702497406,-0.4140442245022653,-4.9078856,-6.5366564,5.3999267
-1.1629117347279112,3.5704378457120196,1.1838346759019607,0.7917359338983342,-0.49634242050036464,0.3560876473369613,0.6050532391782801,0.5569790425426073,-0.5689331453942458,0.08405229761287555,0.6658967996470315,0.7412939116746051,-0.24472869267217823,0.6624847082052325,-0.7933165476123084,-4.767221,-6.6155944,5.420427
-1.1209492857053223,3.490744683922415,1.1288391919775145,0.804777598344835,-0.4741952111717722,0.3570320978624728,0.5897542122477536,0.5706290687861947,-0.571465165160774,0.0672531511406805,0.6704635467778676,0.7388881147397692,-0.2447286926721783,0.6624847082052325,-0.7933165476123083,-4.592621,-6.7212996,5.428847
-1.115077843924282,3.4378296449313694,1.0321052586121153,0.8171525793045201,-0.45380100352363006,0.3554241288051736,0.57416853163131,0.5863452637521948,-0.571427798553512,0.05091325387671889,0.6710170496167102,0.739691800484073,-0.56926434451433,0.780098741340423,-1.1752219090487799,-4.3805785,-6.8540435,5.4221406
-1.1340431982712833,3.4453966248109023,0.8131186075543979,0.8361567724069947,-0.4214141944727957,0.35107254044536484,0.5479023376862373,0.6121093942132837,-0.5701974376247246,0.025394493810144733,0.66912791468649,0.7427132377111878,-0.7317112595671611,0.8180988950254418,-1.3869767270322015,-4.126836,-7.0105453,5.3996825
-1.224093746047499,3.4644703180747447,0.5561039263336651,0.8500005215241501,-0.39673163845288545,0.34655897111337675,0.5267385135321848,0.6316643743954564,-0.5688116177448377,0.006756609399481708,0.6660361290276112,0.7458888811742254,-0.8653331347494094,0.8398324338731281,-1.5964001124811498,-3.8298523,-7.1840196,5.363353
-1.209020385626793,3.43459874347396,0.3200751132812578,0.8693673041217275,-0.360457467004521,0.3380397979599514,0.49380067289251905,0.6599842362215523,-0.5661993495138863,-0.01901015452370341,0.6591594817794386,0.7517628559627341,-0.9895535763703376,0.829435171933239,-1.8040399886795064,-3.4875717,-7.3696885,5.312642
-1.0979496419902413,3.2803884323715122,0.12069156686822935,0.8866702006333325,-0.32626883976368026,0.3276653773411351,0.460545174002638,0.6865639283170357,-0.5626083140487337,-0.04140166677473293,0.6497527349177851,0.759017315649078,-1.1386712092404052,0.7559130065736441,-2.002570158838897,-3.1013398,-7.564911,5.2403626
-0.9101448181191892,3.0457592331975265,-0.15812837400256474,0.9064346234263547,-0.2847448302312454,0.31192411755185273,0.4171572814946595,0.7190224149917799,-0.5558656035728173,-0.06600057537558227,0.633977245960742,0.770530191267107,-1.3147663343590081,0.6291867377961924,-2.166140177918735,-2.6760254,-7.7684298,5.1368227
-0.753706073958776,2.7328395028607098,-0.5360447196786131,0.9224815923189622,-0.24767067844059223,0.2961198184408622,0.37639688831331886,0.7474337693197765,-0.547419531025776,-0.08575018542675664,0.6164430188762031,0.7827163663665591,-1.4821777031968222,0.5237502126830075,-2.285246340425954,-2.2181778,-7.974887,4.9991684
-0.5795328069116985,2.2695926345392703,-0.8959295737842075,0.939563959188865,-0.2030132852664413,0.2756903563759016,0.32539579032261423,0.7799184261267705,-0.5346445812203289,-0.10647603595958187,0.5920412608875049,0.7988429127012813,-1.6049489249106812,0.42573718081390843,-2.3704402355863086,-1.7351334,-8.176043,4.8334246
-0.39787292076748043,1.5966658770297604,-1.0768386163838142,0.9530035492158374,-0.16321018669406798,0.25523845741052603,0.2776430157154666,0.8076452172150594,-0.5202149161010852,-0.12123774579906389,0.5666318364413756,0.8150029269423733,-1.7260537940512097,0.2617479120604812,-2.418191713102839,-1.235315,-8.368433,4.637146
-0.2357227016174404,0.8204027052182866,-1.1472702163928117,0.9649693303751629,-0.1229175725526061,0.23178753588811707,0.22680542669618936,0.8349183573868807,-0.5014684784904742,-0.13188438063876143,0.5364723728731675,0.8335489807368031,-1.8517188586449536,0.06914919917515117,-2.4113385671964354,-0.7301239,-8.550505,4.4019775
-0.0845866974546434,0.024369509921145505,-1.2407485093802033,0.9746741050015651,-0.0847618993134926,0.2069439766317629,0.17638623676894838,0.8602410818547995,-0.4784069152591455,-0.13747103155896767,0.5027929012168454,0.8534055389837006,-1.9695270737767603,-0.12172147473549855,-2.322808137475168,-0.23570862,-8.718724,4.1241546
0.1486275180276579,-0.9526628485807057,-1.3857752880470287,0.9820599068398658,-0.0501681866385975,0.1817731895166863,0.12863578762933148,0.8830761244020068,-0.45125313589172067,-0.13788101217591853,0.46654014999839544,0.8736870806649362,-2.0513027357552205,-0.2988627227581855,-2.1456777161870124,0.22976074,-8.868797,3.8086288
0.4673907199147006,-2.252104289331397,-1.475033791034994,0.9872885545888714,-0.02013967392479623,0.15765691710806728,0.08558207454314161,0.9032209082099937,-0.4205564165355287,-0.1339291547599298,0.42870314263662235,0.8934632600161991,-2.099477183238847,-0.428868219981394,-1.8945376461058852,0.65123445,-9.001112,3.4624786
0.7724575888438202,-3.6593020356093158,-1.4158679327769217,0.9904532515051916,0.002452557236370786,0.13782721627384065,0.05215605282204035,0.9188462124408382,-0.39115391348821943,-0.12760134300554288,0.39460818902568084,0.9099463030404893,-2.060429492989933,-0.4966238358284858,-1.5928925594019638,1.0157363,-9.115862,3.1036668
0.9460563477435664,-4.8754659865631895,-1.1289102537853528,0.9927530734155087,0.023893814197144442,0.11777275095357984,0.019771373867062694,0.934203389423366,-0.3561925321582449,-0.11853450130434758,0.35593976011820605,0.9269608725116305,-1.9120400613735802,-0.4867352819631851,-1.2535141331946857,1.3145096,-9.2120285,2.7545762
1.025450642838753,-5.760333991651198,-0.6201859534749377,0.9938917269163877,0.03830163292360783,0.10349985547113522,-0.0024180480252319336,0.9451748807914987,-0.32655565798883757,-0.11033307849828308,0.3243106992317095,0.939494109695708,-1.6980742254305945,-0.42789603355114986,-0.9219433788215269,1.5453644,-9.289886,2.4326797
1.101596746034486,-6.347605488666123,0.0740230415686618,0.9946165758310276,0.046982675689944464,0.09236068030918365,-0.017199722989433428,0.9537958832468763,-0.29996263539047113,-0.10218628387043156,0.29675923117288816,0.9494692844439084,-1.464930414998798,-0.3942143038448489,-0.5849287605762742,1.7072433,-9.353328,2.1466172
1.2296921089659856,-6.663215226651088,0.6668977296029672,0.9951951208901781,0.04947209030810152,0.08449368992374903,-0.02426694931702268,0.9606627168022377,-0.2766554892225841,-0.09485666306184609,0.2732757889508135,0.9572473852908042,-1.2395309665345122,-0.34123578479548866,-0.23118058220484808,1.7977784,-9.409579,1.8979523
1.391500738510772,-6.781963099181844,0.8790974235100397,0.9956209215965738,0.04629851250254289,0.08121224180652176,-0.023766989192096775,0.9655611958496455,-0.25908822299391365,-0.09041078864788087,0.2560234848787377,0.9624333039159725,-0.9763567101197547,-0.21719149670967858,0.11793416004822282,1.8156891,-9.460963,1.6932281
1.5558819314217716,-6.8392357920336995,0.806672541417373,0.9958979882446732,0.03735302829009219,0.08241327737550568,-0.016043553661106606,0.9692783299633196,-0.24544270909815155,-0.08904943231787395,0.24311369838221047,0.9659016141734041,-0.6564405716383945,-0.05389156005251726,0.43934550081202195,1.7634048,-9.50491,1.5451965
1.6642664949746955,-6.851173913784737,0.7104966200689846,0.9958573489138269,0.0251962238499409,0.08736870674347563,-0.003571620835290789,0.9709395232089798,-0.23929831966674267,-0.09085914449813323,0.2379949423294989,0.9670072508966236,-0.2903531779086456,0.10401107742618612,0.7233298996041607,1.6477982,-9.538834,1.4648834
1.7195550980084122,-6.613502165400533,0.7509173382915024,0.9951982205629594,0.0053572817325494735,0.09773331735266487,0.01825651208162672,0.9708188639269569,-0.23911803196368264,-0.09616237078468892,0.23975410940380068,0.9660594005903872,0.08470426395870637,0.2386153834752068,0.9716155876218597,1.4761918,-9.561869,1.4561768
1.6676706824887986,-6.027849651852789,0.8266083896978227,0.994028965870664,-0.014260647847077612,0.10818063104400553,0.04046740152903783,0.9689013541376088,-0.24411586462947085,-0.10133510953063211,0.2470360295043789,0.963693102446586,0.4185506036603474,0.30323956235596583,1.2074509162433873,1.252243,-9.573877,1.5127395
1.5836141570130884,-5.2619065041104065,0.7136715730736085,0.9919389976096569,-0.03893508652149842,0.12058641738899048,0.06867832152555985,0.9649233392862486,-0.2533894975193438,-0.10649090652999522,0.25962859691920953,0.9598190863325141,0.6817044992536714,0.31267770877489565,1.4345376788558781,0.97856903,-9.574331,1.6183732
1.5389928153926842,-4.551415647714703,0.3015943006208497,0.9880647006169666,-0.07177168399955763,0.13629736890553298,0.10648688482454507,0.9575983387900546,-0.2677049960439483,-0.11130449566422433,0.2790237389943626,0.9538118589756253,0.8930343831991283,0.29834780872938454,1.6246134367081746,0.6609772,-9.560556,1.760315
1.52410994451387,-3.9664212191538306,-0.3416093668749025,0.9824481380310469,-0.10704518132141226,0.15276447635230644,0.1474557789713276,0.9472537564547148,-0.28454720896608604,-0.11424731649928309,0.30207888049033926,0.9464121198687259,1.0956961076108136,0.2796402869442196,1.8018451848234593,0.3029236,-9.528612,1.9318832
1.5365118415903805,-3.4882496398037586,-1.0691696665278168,0.9753075117975603,-0.14186782741141074,0.16925949597235976,0.1883548956861906,0.934489011897299,-0.30208065134042034,-0.11531561343675588,0.3265023831287832,0.938135652829019,1.2691180360274916,0.27256212207286634,1.9519409146608766,-0.09011383,-9.474451,2.128714
1.449531152239153,-2.9763755024307756,-1.698965807115795,0.9657268716621107,-0.1794221850615869,0.1875614268911336,0.23305995272720093,0.9174957786123187,-0.32231126983611486,-0.11425702509914748,0.35497771160496816,0.9278664540111322,1.4392642051481856,0.2598266281517858,2.053213794108191,-0.50824434,-9.393625,2.347528
1.3628371773100048,-2.448988029422927,-2.152749855577767,0.9544177960125043,-0.21615669053657569,0.2058226318724641,0.277262348186883,0.8973906741120471,-0.3432427250425277,-0.11050909886759745,0.3846638313553797,0.9164177409426726,1.6006166939247073,0.2284552573050253,2.1353743790382365,-0.94687045,-9.281774,2.5844436
1.2098657095863414,-1.1168895283649316,-2.4369074795211714,0.9280553463060438,-0.28355934089078405,0.2414691996639582,0.35970848860185467,0.8505008748733465,-0.383742185676061,-0.09655608432687024,0.4429925078748574,0.8913105859049394,1.767021722155785,0.19316322109066975,2.1971925236672107,-1.8638855,-8.954478,3.101668
1.1133423362778405,-0.35655084180484065,-2.526225502319988,0.905565551833689,-0.32967249246543445,0.2669589463639937,0.41662711376592787,0.8096163523107714,-0.413452790710224,-0.07983031634171404,0.4856309398943071,0.8705111778777762,1.9761954570806106,0.11921141673147545,2.251548613860291,-2.3289323,-8.741537,3.3670166
0.9345224911559021,0.33491515492884716,-2.632043961350648,0.8863449513871933,-0.36299066945895897,0.2874550417650907,0.45852753508738114,0.7744270608750015,-0.43590736051504825,-0.06438265851239454,0.518170340014018,0.8528507325509155,2.04262882356612,0.11861452524883914,2.219789839622571,-2.7842972,-8.497052,3.634088
0.44329549495035425,1.6709174853792919,-2.46089980993669,0.8412737450959371,-0.4256095287675051,0.3333391888670727,0.5399829492904142,0.6912227322520131,-0.48023905390303967,-0.026017307467942286,0.5840099857368566,0.8113294252470785,2.0914794554249867,0.1381445381727539,2.163746170768832,-3.6358597,-7.921304,4.1646986
0.25646309516661225,2.2416973051785094,-2.1095919977578754,0.817171852343802,-0.45300778039051026,0.3563903963951083,0.5763789624103803,0.6467081473148394,-0.49955566645504107,-0.004177969331181127,0.6136387561931455,0.7895758490924077,2.091767403923767,0.11807709282797774,2.111694865625074,-4.02975,-7.6004195,4.4120255
0.09851873078702122,2.710207578357238,-1.691603709878432,0.8002255444336009,-0.47089476114907813,0.3713451251306513,0.5995698975191094,0.6153605180649164,-0.511710241050344,0.012450543155660491,0.6321309648555666,0.7747615292758792,1.979357957061839,0.033209109188198804,1.9708713653495797,-4.398833,-7.2683,4.6387467
-0.09793258441905561,3.1400643428007986,-1.2403427902816535,0.7691440954091682,-0.499853371797716,0.3982009131075246,0.6376254737650948,0.5582735045614411,-0.5308148917565555,0.043024594164850646,0.6621761856236906,0.7481120126624148,1.9793579570618391,0.03320910918819875,1.9708713653495797,-4.7394714,-6.933623,4.8414507
-0.34687828351827477,3.4766024812284386,-0.879944820931065,0.7506293640930188,-0.5166947299767285,0.41180348927077504,0.6576001483598319,0.5236971707626468,-0.5415748500552118,0.06416854867017441,0.6773240209452742,0.7328810053563188,1.7836664826669713,-0.13051498829233926,1.6851672706779612,-5.0431657,-6.604155,5.0234146
-0.6429344780937617,3.757281485018076,-0.5771315301204241,0.7238519568398951,-0.5385416279974267,0.4312902265214637,0.683451232990758,0.4740444355005068,-0.5551362763271893,0.0945132620454212,0.6966023170252069,0.7112049319377969,1.7836664826669713,-0.1305149882923393,1.6851672706779615,-5.3056517,-6.285849,5.188156
-0.8013519700989362,3.993005963022806,-0.31318771132580525,0.7090225826133947,-0.5499898021437353,0.44135948486707105,0.6959189081221885,0.44458379732416003,-0.563952232440701,0.11394670097134171,0.7070052791137593,0.6979682547530528,1.558191944020021,-0.15134968352923858,1.2861331561209783,-5.526465,-5.9847517,5.3393035
-0.9388968458840998,4.1688755072620856,0.1224625392922567,0.6872931465191723,-0.5653108160166675,0.4561269692118024,0.7123246295341161,0.4016082233743411,-0.575590529002336,0.14220320990350144,0.7205099001489671,0.6787073971016271,1.558191944020021,-0.1513496835292386,1.2861331561209783,-5.7061567,-5.711261,5.475821
-1.022553589289161,4.296518827067742,0.5706417997221471,0.6767460097909188,-0.5727331697055552,0.4625922119438426,0.718921832394843,0.37870808135308465,-0.5828649826708636,0.15863870000132532,0.7270191919316111,0.668039562769299,1.2039209484296012,-0.15313403068580117,0.8340594066145757,-5.8451204,-5.475827,5.5948915
-1.138421529896126,4.379882938463897,0.9512829154334872,0.6671670896546452,-0.5795969664750552,0.46792673671704643,0.7239421808718345,0.3565125615308171,-0.5905984356779714,0.17548730220811493,0.7327797417530378,0.6574481400384887,0.9635900493308784,-0.14461747516135165,0.5909203698695502,-5.9440856,-5.287732,5.6929717
-1.245608076748788,4.4242400840062395,1.180155008299968,0.6622555783075754,-0.5825620160967956,0.4712101934399717,0.7257801549815386,0.3424947090296967,-0.5966075267054858,0.18617388548202055,0.7371016698447372,0.6496309819248361,0.7254380953089903,-0.048098639200604046,0.3416809092935716,-6.0028353,-5.149759,5.7736754
-1.3549174894420875,4.406681579460197,1.353415669141779,0.6616638807318092,-0.5821001748670425,0.4726100880796777,0.7251688752546579,0.3365690081267596,-0.6007090852737813,0.19060695500641175,0.7401896305598502,0.6448164851450802,0.4981390528229489,0.07916048451086242,0.07740389980652954,-6.0187087,-5.064058,5.842125
-1.4521976447865037,4.3318316873392595,1.57572981817465,0.6653454570016489,-0.5776605724241386,0.47288866122363654,0.7214243665229326,0.3346084906262642,-0.6062870948550679,0.1919955891010309,0.7445437670596871,0.6393686516387224,0.27566081240884477,0.2002275107160152,-0.19091612708396807,-5.992012,-5.0307436,5.9014893
-1.4506652828977353,4.255988419402052,1.7979424416015637,0.6730768847257692,-0.5697696778939988,0.4715188452229903,0.715222485296538,0.3392171790459413,-0.6110552364282275,0.18821345269161005,0.7485280352750205,0.6358313271876591,0.03722059714692634,0.3101099677507563,-0.4324267169072517,-5.9260345,-5.0502243,5.9485397
-1.2811603229511042,4.191512196590926,1.9054511905853608,0.6845858099806592,-0.5583994889871574,0.4685427189403396,0.7066049707407072,0.3504942795264443,-0.6147057632264096,0.17902984136073227,0.7518934570257411,0.6345112648205944,-0.21219702041540592,0.40739250791668485,-0.6482058418744878,-5.825212,-5.1207933,5.9788485
-1.0241267806693601,4.092815045658083,1.8080321134452446,0.6989314350160767,-0.5437219956365403,0.4646086962244524,0.695981941809442,0.36755061718102455,-0.6168595305942887,0.16463288195717773,0.7545017795014572,0.6353133706350023,-0.46780548388303045,0.5341121458220918,-0.8602407280420948,-5.689012,-5.2406435,5.9921846
-0.8594084644727452,3.9592697730489865,1.5665581683180718,0.715377929637535,-0.525903647937618,0.4600649637534026,0.6833673370538336,0.389241723353437,-0.6176568330786912,0.1457515023437694,0.7562514356262421,0.6378403136191546,-0.7144024609086705,0.6733324279567768,-1.0721270952216042,-5.515054,-5.406352,5.9901214
-0.8499691918919231,3.841876336624742,1.3050762856564508,0.7356676192872448,-0.5026311218955947,0.45404306980088666,0.6664586915095192,0.4174540486781964,-0.6177094217782347,0.12093786191121643,0.757029769919359,0.6420903059634099,-0.9255657206743297,0.7994130432013502,-1.3015596442477597,-5.2979813,-5.6119676,5.9752593
-0.9243993557279745,3.741953955472611,1.028950152703552,0.7562895127005814,-0.4776868512076665,0.4470362906548206,0.6472222658734273,0.4464868639299636,-0.6178614884386727,0.09554847741739735,0.7566140049730051,0.6468428989653715,-1.0679482300844616,0.8954173546521572,-1.5458328238461323,-5.032773,-5.8477006,5.951503
-0.9416001868463026,3.6322814949087983,0.5953396731605605,0.7814320473207902,-0.4455091727540279,0.43690448888980243,0.6205829880274941,0.4817991073951121,-0.6186649942288152,0.0651207370267306,0.754580146243787,0.6529686765104433,-1.1651498740188984,0.9579653298913554,-1.8014589624871546,-4.7151704,-6.102353,5.9236574
-0.8943745110829391,3.4839982030507084,0.046746892567602005,0.807657197098446,-0.4090760456361453,0.42467239239415566,0.5887292573880429,0.5191587880695477,-0.6195740587415531,0.03298050136678629,0.7504205098855261,0.6601373681838819,-1.272133442481334,1.0132060772270604,-2.0421842648243165,-4.3428254,-6.3694167,5.8908477
-0.8243727757957451,3.2992171144907205,-0.40142147509906057,0.8296742647236076,-0.3760215659526543,0.4126116774812053,0.5582171332353509,0.5510687177210997,-0.6202555122783908,0.005852060991366662,0.7449369438333265,0.6671092137681928,-1.365090368420979,1.0254670571536149,-2.2612602961846204,-3.918393,-6.6419005,5.8508425
-0.732131977121421,3.0654610392841546,-0.7257299298019373,0.8559631461801536,-0.33357294001584636,0.39503947406627227,0.5164245854784766,0.5887531590009697,-0.6218322645856856,-0.025154321592040525,0.7362735982334038,0.6762162735764944,-1.3687537656465056,0.9733877325575344,-2.472502510762872,-3.4460664,-6.908374,5.8056273
-0.6790093104406696,2.6841550507436978,-1.0681569497772454,0.8851062776841395,-0.2814696999832177,0.3706233737846058,0.46181194299690975,0.6297504376145272,-0.6246151740309628,-0.05758998619156755,0.7240091120391159,0.6873821347509592,-1.327932403840936,0.8849768233770307,-2.683189403012024,-2.9282517,-7.1587725,5.756528
-0.5869419388720203,2.038667925790601,-1.4496913565980691,0.915428221313756,-0.22089026492666944,0.33645008914095675,0.39266301560208117,0.6736646601923264,-0.6260923907749051,-0.08835682090597989,0.7052541502668265,0.7034270791850461,-1.3691597133157931,0.6696663944825039,-2.854446918349766,-2.3733292,-7.3979874,5.684901
-0.3971083928585101,1.1745999245172187,-1.7146291203468615,0.9306922315969892,-0.1882028307045939,0.3136744563393601,0.35170316117063904,0.6961569354881798,-0.6258357672698844,-0.10058258530975607,0.6927807847266583,0.714099382331284,-1.3946438836553132,0.37130869549566503,-2.9852210048249836,-1.7886139,-7.623671,5.5827775
-0.0405207989153856,0.2529282316978868,-1.905711706712008,0.9509196798874172,-0.14077251743957805,0.27556280724461846,0.2883205964661259,0.7264161347181471,-0.6238516112622964,-0.11235210748458713,0.6726832074274417,0.7313510144854531,-1.3540431693608679,0.1260273564922183,-3.005795370717224,-1.1943299,-7.825444,5.461221
0.2976935587583237,-0.635215115934485,-2.081439446321301,0.9665226343677921,-0.09653306573334763,0.237729603698958,0.2275287602180911,0.7507090702606667,-0.6202149265391661,-0.11859452149387285,0.6535420866696244,0.7475413569984959,-1.2487119383430918,-0.021358611914560788,-2.9131624829788354,-0.6109085,-7.9920044,5.3354645
0.5226469891168687,-1.5279107749903806,-2.122308136141503,0.9776169288926875,-0.0574185172117498,0.20240616152586158,0.17250284859049608,0.7695159381347235,-0.6148885981905993,-0.12044877571230618,0.6360411424097034,0.7621966659541133,-1.1681681166715152,-0.14238912229875678,-2.7638658333127903,-0.053974915,-8.124922,5.203479
0.6669434476344184,-2.4758549115721564,-1.8284958702949354,0.986067005715986,-0.01965368654151994,0.1651835126265219,0.11735292945608256,0.7859694408202098,-0.6070258050897356,-0.11789889815593813,0.6179528871217403,0.7773249507841117,-1.1134249148808613,-0.29028729323314373,-2.588671233782545,0.4682556,-8.231789,5.0556703
0.9543959617617781,-4.19018448714221,-0.9628872959883983,0.9941380549492848,0.028463207208076345,0.10430423547048445,0.03901293230271348,0.8052935646026176,-0.5915912997355122,-0.10083411533204442,0.5921926381212786,0.7994625448012963,-0.903458649931544,-0.5506581833982916,-2.1006245227957345,1.3723145,-8.371605,4.7488832
1.1042860725469292,-4.971864699937812,-0.8097692507698675,0.9958386679933383,0.05073623322923872,0.0757045703175262,0.002853704562387635,0.8129303565691419,-0.5823539230902779,-0.0910889878060109,0.580146593548627,0.8094026972369199,-0.7870022933880061,-0.5176289506485635,-1.7833195819372776,1.7337646,-8.410925,4.612723
1.2818466093444967,-5.594622889319121,-0.6044378893677336,0.9962845558745157,0.06958040938961363,0.05075086556002564,-0.028059108699056902,0.8193811268093476,-0.5725620101331008,-0.08142340047512492,0.5690106639227573,0.8182891262856001,-0.692842498701966,-0.4598725029555426,-1.438818176083577,2.0269713,-8.440832,4.4843383
1.4661034948892122,-5.860782007435497,-0.2713624288632861,0.9959670760809036,0.08367740999746807,0.0323677991060605,-0.050783819660568844,0.82319214217323,-0.565487135773158,-0.07396341679193529,0.5615628087047464,0.8241217293920233,-0.48263995349011307,-0.35232741405587586,-1.0938049501967422,2.2499816,-8.456568,4.382924
1.5847047387199342,-5.734578359025905,0.06407746286776428,0.9953754244104713,0.09371577965545996,0.02109779901417455,-0.06579246844233975,0.8251176070294748,-0.5611169981975376,-0.06999368240017818,0.5571339939489616,0.8274675807610482,-0.27924919348871335,-0.17672625057509184,-0.7097806047291053,2.3980377,-8.460231,4.3182282
1.5990795088773693,-5.49617752291903,0.3311691738436777,0.9949692165273951,0.09887895515718116,0.01610001210821993,-0.07308006448135565,0.8263007447043694,-0.5584678893870297,-0.0685241733861973,0.5544817684361024,0.8293698849932467,-0.17261339917551585,-0.06388445349610908,-0.3645306075880861,2.4787736,-8.461767,4.2808595
1.5720272601092737,-5.429799338770135,0.4970055508183253,0.9949235125231197,0.09954372394537443,0.014773329067751962,-0.07453184970005891,0.8275194988437911,-0.5564678628758422,-0.0676181011929859,0.5525418771970201,0.8307377843427183,-0.11939420911141807,-0.0358224372268248,-0.06342019845445365,2.4997559,-8.469113,4.2577333
1.6275742862918823,-5.501876603067262,0.45549509393890375,0.9952789030445017,0.09542634393516453,0.017712087333241415,-0.06949365886811867,0.8280628591542948,-0.5563115428124197,-0.0677534982982745,0.5524542643263615,0.8307850199034433,-0.004215551577419702,0.006745714548485146,0.23994626805946195,2.4630356,-8.479057,4.2550035
1.9239153135339546,-5.248009167278857,-0.10289896940539656,0.9963954683285916,0.07683641809381576,0.035947677932775264,-0.0434456760957435,0.8261892794394653,-0.5617150058240207,-0.07285975516586628,0.5581285151233617,0.8265494641480094,0.16307009873702616,0.10450447272448768,0.5687549983469911,2.2029204,-8.487417,4.348085
1.934932784387939,-4.843932627534241,-0.29673490224185484,0.9967111423006074,0.06378623317549262,0.04998214952460206,-0.02429625654439601,0.8236323625761508,-0.5666034091277213,-0.07730841307223241,0.5635255520156199,0.8224733196242562,0.33422841219930804,0.20477758017968162,0.9051896308429023,1.9878861,-8.486849,4.4271345
1.962279452009588,-4.3685878561599285,-0.4658681977372494,0.9967393673973639,0.04433271811278006,0.0674184217038293,0.0022782413241527483,0.8197437289799313,-0.5727259627557884,-0.0806563270721616,0.571012109243586,0.8169698452209967,0.51842260555049,0.18100443250617337,1.4411165980182292,1.7182815,-8.480954,4.518811
2.051965683231057,-3.8755262982395093,-0.7411395352141308,0.9958217248589866,0.020704829694189714,0.08894044257933151,0.03483129895698613,0.8142054557035207,-0.579531066048741,-0.0844148856058089,0.5802075369468724,0.8100823051753455,0.51842260555049,0.18100443250617337,1.4411165980182292,1.3918015,-8.464902,4.6235795
2.152174785790355,-3.3604862984987536,-1.126504501100135,0.9937863223843341,-0.004724089959099396,0.1112044442271931,0.06943585663847449,0.8071641897110825,-0.5862291639460901,-0.08699084580978471,0.5903081007593488,0.8024767528864549,0.7436202904925743,0.19312101268237525,2.0067470900465776,1.0097564,-8.433542,4.7383637
2.213663162779996,-2.806686367991934,-1.546352270429156,0.9889593816084787,-0.03987883940604077,0.14272007460831354,0.11783283127528178,0.7956495019434645,-0.5941862451544688,-0.08985969843164542,0.6044431720391449,0.791564075974289,0.7436202904925742,0.19312101268237525,2.006747090046577,0.5742691,-8.383577,4.855086
2.1749924503944382,-2.2790254825465848,-1.9095868555706266,0.9830616076123372,-0.07094307665416957,0.16898803363992276,0.15963486798604323,0.7844109148716909,-0.5993464987411156,-0.09003657346726085,0.6161709150105973,0.7824492436786411,0.8976195611150055,0.13726030901097674,2.509134026128127,0.08867798,-8.311798,4.964995
2.1108533185049643,-1.6762005623143663,-2.2045834013491596,0.971627414601906,-0.11455831536216965,0.2069216266497955,0.21905284598231847,0.7658007431935949,-0.6046197750579971,-0.08919651260594291,0.6327919200697166,0.7691673212204344,0.8976195611150058,0.13726030901097674,2.509134026128127,-0.4416321,-8.213527,5.0647764
1.9426761486236739,-1.0212964155268134,-2.373440366342466,0.9594707382725444,-0.1508923085986747,0.2380071713299852,0.2682271862608388,0.7480105215070534,-0.6070703717571284,-0.0864296184726721,0.6463062516489437,0.7581676266698283,1.0330621207434738,0.09227605226940594,2.8989138903794114,-1.0056473,-8.084726,5.152875
1.6702136551148703,-0.2809755472811162,-2.4392275308657227,0.94145772696377,-0.1951153710359244,0.27493151933840715,0.3275564248983128,0.7223694087769844,-0.6090067534691425,-0.0797755404121278,0.6634096993929944,0.7439915549945775,1.1485245986163224,0.013391484792682373,2.9897274731818886,-1.5898743,-7.9181886,5.2352476
1.3101369298838683,0.44920845895828476,-2.4158731690261,0.9195486535682397,-0.23975078794864374,0.3113676820076897,0.3868916845532232,0.691208866224555,-0.6103647496998278,-0.06888467278289256,0.6817256507793801,0.7283577684936327,1.2787982216850982,-0.07606799871533809,2.9869795189550716,-2.1756942,-7.712697,5.316574
0.930146928134561,1.1596641639693828,-2.310693287479638,0.8956430734489248,-0.2814702615396484,0.34438056979418236,0.4414682317376297,0.6568059098900801,-0.6113197175782188,-0.05412287270104695,0.6995573519035201,0.712523842442006,1.4011940485749115,-0.1793565865010498,2.932231811630908,-2.7501495,-7.4685593,5.3996444
0.5879398812222305,1.8290791999178049,-2.094760060533197,0.8749946060238898,-0.31317166813414227,0.3691990597322484,0.4824868380357874,0.6269127960630185,-0.6117080980783847,-0.03988596935421003,0.713374973215718,0.6996465229229316,1.4613692984751374,-0.24447898938925317,2.8238741803618,-3.3006866,-7.194316,5.478223
0.2504492171895329,2.452887044913977,-1.7011781228900829,0.844741142373229,-0.3539124183458261,0.40144539170674376,0.5348689550047305,0.5836788222845921,-0.6109289921002423,-0.018099816411194132,0.7307975318493353,0.6823542804795765,1.4490497004006655,-0.2816721014080811,2.689476822969892,-3.8193557,-6.901323,5.545621
-0.05179658097449452,2.9133479146548114,-1.199185033318353,0.8152992646655448,-0.3886484300721649,0.4292312975986993,0.5790241141838628,0.5417505578548804,-0.6092925473510387,0.004264297059781871,0.7452910376935759,0.6667256444027171,1.420899691672307,-0.3153365571230795,2.49317688824255,-4.2962737,-6.5992537,5.6013746
-0.2697657365570433,3.200993929651364,-0.7296595575635536,0.7947490156036063,-0.41045247304336274,0.44710487535888704,0.6065658302203425,0.5113318302762317,-0.6087837489252355,0.021257841052286404,0.7550288250914307,0.6553469138363659,1.4304023922990765,-0.3104766442169314,2.232976535574786,-4.7203736,-6.290999,5.6554704
-0.49498260941656547,3.4250374086985724,-0.27993584173015496,0.7672106313394187,-0.4363119030342081,0.47012739808528275,0.6397230456285983,0.4676443358074245,-0.6099698353844243,0.046284684847576134,0.7687266734398518,0.6379004855701709,1.445007559465398,-0.25207642905656247,1.9239871511024809,-5.082364,-5.9810243,5.7180634
-0.6927546049530301,3.6604565746664077,0.15887329011483153,0.7446445191038765,-0.4546586138770663,0.4886615239569622,0.663874294777504,0.42870906397437303,-0.6127637874416919,0.0691047096964211,0.7807010204256182,0.6210720214308253,1.425098022377546,-0.17964442556318352,1.5993654451019041,-5.3801527,-5.678618,5.791443
-0.8461814339184905,3.8719263291343435,0.6325404010786286,0.7276913526511495,-0.4666861677469653,0.5026622286490119,0.6802183669741851,0.39684329266646695,-0.6162940647909957,0.08813778138637152,0.790391941949871,0.606227935345279,1.330612886757025,-0.11242993849032537,1.2817513212000895,-5.6158447,-5.3978577,5.8707976
-0.9458420825190923,4.011616435516096,1.126660852458212,0.7142985968302296,-0.4749666382784017,0.5139885281685563,0.6919925341869171,0.3696582080680912,-0.6200799479401463,0.10451721004663368,0.7985984608865722,0.5927197070063267,1.1422632515106912,-0.05421781469144005,0.9729534990095038,-5.7923293,-5.1552935,5.9463134
-0.9900854271048705,4.088729538620212,1.5331679770435525,0.7043444844490646,-0.48016978771794044,0.5228152849612271,0.7001071063599117,0.3482378244258878,-0.6233622199519907,0.1172556474142334,0.8050884377520476,0.5814496715515765,0.8975725701298035,-0.004626847923500821,0.7043315334384964,-5.91866,-4.9608903,6.009772
-0.9869415354289635,4.087604617338812,1.7686760307577292,0.6978784257345083,-0.48229494928813044,0.5294877569741191,0.7051757247202761,0.3333959877948343,-0.6257589892183237,0.12527130620998575,0.8100856110396398,0.5727725575016468,0.6159426221428459,0.06521344331922432,0.4556305596937772,-6.000951,-4.822571,6.055928
-1.0110165783471867,3.8734568197439714,1.8019587343711008,0.6931291330754098,-0.48040239916500777,0.5373876996718805,0.7088261349470548,0.3188700680011957,-0.6291958281401193,0.13091033304574876,0.8170284050199342,0.5615399096167907,0.3492361014854284,0.14211392258348404,0.2021360014606741,-6.037834,-4.7148695,6.114685
