0.46839075658084556,-0.5810137861780962,0.702909698797651,0.9999992736456258,0.0002952711867955135,-0.0011685560093891872,-0.00029496797450280417,0.9999999227905094,0.00025963988360065655,0.0011686325833421408,-0.0002592950084109187,0.9999992835317353,-0.013912349999999999,-0.0626587,-0.015823977
0.5870774000065511,-0.5504298632899319,0.918850214783408,0.9999986638680041,-0.00010616836888171129,-0.0016312542671797772,0.0001049479570868981,0.9999997145833792,-0.0007482105895023883,0.0016313332378905926,0.000748038392991426,0.9999983895939181,0.04786799481601522,-0.021992832549557723,0.019071667313727267
0.7354670020099097,-0.4771217611338828,1.0862052702303902,0.9999992905151128,-0.0009422407050705753,-0.0007288015676229864,0.0009402031828434827,0.9999956630913,-0.002791024286236356,0.0007314282235684859,0.0027903370844932396,0.9999958395071995,0.09285970653188698,0.040975026176622714,0.03809601509107409
0.8659532341776369,-0.35568301308781136,1.260373142930741,0.999997212783838,-0.001708401226380871,0.001629659413962086,0.0017175146943237038,0.9999828037774036,-0.00560734275370477,-0.0016200517987388372,0.005610126088818631,0.9999829508133811,0.1255121219413843,0.1049489742658537,0.034581312442519614
0.9721109448507637,-0.2139723755240561,1.429495358039612,0.9999857501315439,-0.0023092804868904216,0.00481318579391063,0.002351925221808483,0.9999578662042672,-0.008873233004928009,-0.004792492212289615,0.008884426815590839,0.9999490481912333,0.17085795461354927,0.16621038605546937,0.032620670485551076
1.0656744124442759,-0.05555482721502089,1.5784393185270367,0.9999548072828023,-0.0028384043453456944,0.00907341461558846,0.0029553719835447795,0.9999123732161436,-0.012903939929263168,-0.009035992942279757,0.012930172080505193,0.9998755729997185,0.2145688539242288,0.22622920202241642,0.030606312109501706
1.1441862678931518,0.13677683617647543,1.7213036709636254,0.9998798172983755,-0.003493942891356893,0.01510441400516258,0.0037567237564978162,0.9998414743919947,-0.017404399221438185,-0.015041209591810718,0.01745905062464077,0.9997344365206698,0.21581316872506037,0.2880869798702226,0.035748116754235226
1.1947425002449665,0.3692604976408803,1.8520752632321682,0.9997340028110049,-0.00428720321622482,0.022661498451525486,0.004766259264466294,0.9997654159950474,-0.021128079725165467,-0.022565602055110073,0.021230470292290977,0.9995199151267864,0.18072748501800362,0.3641673135879634,0.04535743583173281
1.1956210860205287,0.5940155920971226,1.9383764952898692,0.9994977981150419,-0.004812687040553213,0.03132075360895085,0.005550524422497951,0.9997081153233566,-0.023513311873419984,-0.031198449349577738,0.023675350051713066,0.99923277296039,0.1253241999704815,0.4504585532828266,0.03749363018776753
1.1534167219190412,0.7586089896201623,1.9416178189933206,0.9991131154980832,-0.004797797476253441,0.04183256601131419,0.005840199572284277,0.9996745804388439,-0.024831940990909,-0.04169981425222407,0.025054228461418478,0.9988160046412617,0.06744014789488176,0.5337449744051495,0.0122526551568354
1.080503591991456,0.8774367554643312,1.8445424955439587,0.9985857347991841,-0.004240454915810427,0.052995743203401884,0.005571538103111065,0.999672066451008,-0.024994349776213464,-0.05287237670787568,0.025254268939668388,0.998281890891337,0.008212642304510858,0.6143557379350646,-0.015160792777784558
0.9737263082954288,0.9685758178216068,1.6618485087421906,0.9978056425745504,-0.002905985570301603,0.06614722136457653,0.004482914288905626,0.9997089754681356,-0.023703751769024693,-0.06605908813984197,0.023948269589145987,0.9975282839387654,-0.06983919236718425,0.6812493734072473,-0.052108767520126234
0.8455353333560468,1.0300080428903067,1.3895877328414885,0.9966556895819623,-0.0005754776256918008,0.08171355609325895,0.002229870751799243,0.9997943517294988,-0.02015643634723143,-0.08168515226364037,0.020271237635922736,0.9964520123038408,-0.17233517268839363,0.7282318766471888,-0.09231760244965179
0.7214566127750843,1.0459681779025012,1.0089808179841688,0.9951066437837849,0.00257109985341044,0.09877326026266267,-0.0012027826319332491,0.9999025255751127,-0.01391016399795508,-0.09879939681654039,0.01372329384854375,0.9950127388102296,-0.29033103391696863,0.7637062620526036,-0.12690030282844073
0.6061121020036084,0.9593364371810991,0.5360382859996456,0.9934496862450584,0.0058834666833325,0.11411882280930577,-0.005149458100724498,0.9999641234296511,-0.0067256921455615916,-0.11415429900299191,0.006093986655228477,0.9934443413426749,-0.3967959757109165,0.8113521918602471,-0.16572360266284142
0.4876063533691807,0.7469100790705259,0.021951713135996722,0.9914634637207773,0.009633285448440332,0.13002845810924762,-0.009911132892274247,0.9999497736156894,0.0014898626519527754,-0.13000757497773413,-0.0027658737134716007,0.9915091428680876,-0.4751085265739254,0.8723613923742893,-0.2024963168082977
0.34283773716181476,0.4906954979581407,-0.48399632204343684,0.98858374090655,0.01448108488707586,0.14997494922721272,-0.016510226217275475,0.9997881180780033,0.012293550353646198,-0.14976514830048443,-0.014629324336296292,0.9886133638708295,-0.5357878302353024,0.9271370889296277,-0.23157417471579314
0.164572034333455,0.25946670718825904,-0.9795079752309584,0.9852934956483642,0.019052975750709463,0.16980492203723138,-0.02339339015464098,0.9994478111108785,0.023597079538474917,-0.16926156306173018,-0.02722236177695181,0.9851951412228872,-0.5970149786721226,0.9738506254133295,-0.24306252511634885
-0.0008012823661324654,0.029022917295375587,-1.455516649480057,0.9815911921222255,0.022924233820827523,0.18961331981640114,-0.030217560604052836,0.9989069395159325,0.03566265859484463,-0.18858852186495642,-0.040735803547249254,0.9812109680033905,-0.6647918974770844,1.0151040789923276,-0.23107525184011155
-0.17886801554992285,-0.17166946746766934,-1.9044326156393974,0.977168530435531,0.02534819416535057,0.2109481741542726,-0.036769972227418755,0.9980520419919543,0.05039931168264213,-0.20925972443081453,-0.05700517983696702,0.976197099566934,-0.7741891250525138,1.0625841751845624,-0.1711807674171344
-0.3940558568723329,-0.4372942064953638,-2.303811150455987,0.9724132864349251,0.025751825594745727,0.2318388316123224,-0.04227250268677693,0.9968855379969025,0.0665752179810293,-0.22940234497804365,-0.07453903414428538,0.9704733363196598,-0.8672223817968752,1.087328894096849,-0.09230210768842936
-0.6543475980985176,-0.8119945494293002,-2.6467258750725797,0.9671423298362706,0.02370815427878405,0.2531277093871084,-0.04669816449719328,0.9952684854940508,0.08520518302879541,-0.24990997433368686,-0.09422613864035201,0.9636734091617684,-0.9271861527651977,1.0627846867819815,0.00895434406034494
-0.9512560629319784,-1.2326548768633467,-2.9478094041962475,0.9616699592578464,0.018968034792570018,0.2735527428433512,-0.04938040557371325,0.9932747510486006,0.10472270276647291,-0.2697266486767451,-0.11421682269021197,0.9561391386237489,-0.9378774317389288,1.0277645940888835,0.11988391246840603
-1.312999893867077,-1.5915347042739074,-3.167743820377219,0.9567788837585365,0.01177474235443494,0.29057791216170636,-0.04980872216500133,0.9910507323181287,0.12384481082382688,-0.2865192119039477,-0.13296541435345682,0.948802898285916,-0.9358269515833689,0.9286892877578928,0.24888560417118177
-1.7484674360688957,-1.8206525675844403,-3.263288349199725,0.9527152256633774,0.0013758546674918146,0.3038614911651598,-0.047651462188557585,0.9882938574892952,0.14492960153198522,-0.30010504317733966,-0.15255608238566404,0.9416281669463088,-0.9640070717717228,0.745743714868419,0.40675893131316193
-2.2068497088384738,-2.0178859211803077,-3.322720519411927,0.9502471814181025,-0.012330427295987639,0.3112527184935913,-0.04245020625560659,0.9847680584797728,0.16861153871201823,-0.3085907876068382,-0.17343538151333587,0.935249642739047,-1.0227009062216956,0.4782602644673962,0.590593455404093
-2.8822189410509274,-3.0435564722380417,-3.673804151923019,0.9537977189479444,-0.05010997029583276,0.2962412905161087,-0.01720709795430869,0.9752646596447936,0.22036959733119899,-0.2999563753442981,-0.21528547216399618,0.9293429605723799,-1.0722039195328474,-0.19544754633831538,1.0122986451905405
-3.1878831699486234,-3.7782235683572685,-3.887121384825399,0.9551311216119507,-0.06818032880765468,0.2882290465792401,-0.004779936741036829,0.9694691313739359,0.24516679122143947,-0.2961447158621089,-0.23554414889091463,0.9256442411586677,-1.0722039195328472,-0.19544754633831538,1.0122986451905405
-3.4758021761946116,-4.505464488070718,-4.118232478806511,0.9588670964431156,-0.09280036389398652,0.2682573089775805,0.016427170913495256,0.9616069156356426,0.27393847458413645,-0.2833796736086202,-0.2582638810651782,0.9235776785536903,-0.9962923421332491,-0.5991347593411149,1.2869552743643733
-3.7744601059947294,-5.088094475340023,-4.466300744875238,0.9648353097759904,-0.11688644097345427,0.2354365836611388,0.04333539326075157,0.9541669353172221,0.2961207578645493,-0.25925830497865476,-0.2755050262044203,0.9256792705012341,-0.9334102744738437,-1.5687439500278617,1.9809366289050556
-3.8395736425064184,-5.801399245074796,-4.90417220021231,0.9721594729533661,-0.1514037245202298,0.17883755575503818,0.0865863735911238,0.9413151880193168,0.32623383747320817,-0.2177355254784398,-0.3016664200827791,0.9282179765222545,-1.0003903984694107,-2.07760379771345,2.340532707069331
-3.5576739353670495,-6.654576127482681,-5.262413896800987,0.9760092651046501,-0.18318236849980224,0.11768659354694658,0.13162788783263057,0.926984056485746,0.35124728919374,-0.17343590624378197,-0.3273297708611809,0.9288569359881884,-0.9980073723934068,-2.507184826590315,2.6359035142849816
-2.6280780848803897,-7.495573128401424,-5.2312268960343955,0.9750318369292867,-0.21779195233688273,0.04335415172265364,0.18636663249025473,0.9087010605823935,0.37353696040776824,-0.12074930752821796,-0.356130661406346,0.9266016170597455,-0.9142322265376773,-2.760354848388841,2.850910222621316
-1.1574358318976488,-7.9532470690891,-4.651290106835214,0.9678563693193659,-0.24961526974775727,-0.030761428391584113,0.24170271986061836,0.8893448715427928,0.38813077006662555,-0.06952584828619918,-0.3830899588468574,0.9210907880609807,-0.7871630997036142,-2.8689564948536486,2.9890320997639743
0.7222185991500776,-7.768616210341225,-3.626989180604357,0.952852343841162,-0.28306492818416373,-0.10930076517801392,0.3029330558860531,0.8667219691817006,0.3962632859467701,-0.017434864150388196,-0.4106912155986402,0.911607783502406,-0.6694962703803309,-2.8222211072154466,3.1245408458818993
2.516079440184557,-6.776891499047325,-2.2421029037312494,0.931992913574961,-0.31440274771255944,-0.18038880585238348,0.36142637162640473,0.8438984710291967,0.396492557922031,0.02757148779134154,-0.43472552584978963,0.9001408391110785,-0.520613683448212,-2.6285356631508803,3.1749309928284197
3.8649268099555782,-5.069656569710316,-0.4355277727531197,0.9057816484709974,-0.34445188482731476,-0.24680458734001187,0.4182645982685632,0.820134106259135,0.3904289609977293,0.06792886815191741,-0.4568730094779507,0.886934451964834,-0.40282527318690087,-2.409803610250785,3.132274756364885
4.635012164149682,-2.920110065815772,1.7468495108384747,0.878256146734224,-0.3696215940742645,-0.3033908665691068,0.4672636005599683,0.7981993422599375,0.38018750322378636,0.10164087915444327,-0.47566552030791787,0.873734195550861,-0.28907990755960866,-2.177145918000859,2.928360112360328
5.029198346642209,-0.5217141796197895,4.108287561552189,0.8467996277603093,-0.3934986548218783,-0.35789551419146726,0.514660257597834,0.7761010458414395,0.3644063472185329,0.1343696754269107,-0.49277375670503754,0.8597201957779471,-0.12448019705301827,-1.874724461349477,2.595266808698929
5.303210524385798,1.8796568334233967,6.30135429390954,0.8250839995122418,-0.4087509131744624,-0.3900757422961943,0.5433595168346236,0.7633101033632002,0.34945403355649507,0.15490909984286874,-0.5002802985154454,0.8518936516391994,0.14400778919748658,-1.4504866196060164,2.178985653358141
5.4155995828723285,4.290549208202393,8.149555570146138,0.8016884337112717,-0.4262113981787458,-0.4190936641325984,0.5714423735403885,0.7521655158808742,0.3281777726205483,0.17535469476491153,-0.5025842026786916,0.8465576473233994,0.37963176015019995,-0.9560536188583748,1.7475850784678393
5.344533019432787,6.502398274746992,9.38738980000712,0.7843682595641913,-0.44084302499309524,-0.4363758250673143,0.5904568985482548,0.7461997705443955,0.30748423276042375,0.19007126122856519,-0.49884198876440644,0.8455942205931608,0.5396520041051691,-0.5109969568791679,1.2953586118424154
5.099413044274919,8.31790718981567,9.892206876986569,0.7714210043321078,-0.45458804499944055,-0.4452632293585778,0.6032355507146961,0.745151387859279,0.2843523861783588,0.20252531799550286,-0.48795401270506655,0.8490491016754242,0.6683799535405358,-0.1326825756586658,0.8309894941912874
4.735288887593759,9.669208991938495,9.688350031772703,0.7679517466230743,-0.4614067657464619,-0.4442453279236145,0.6055742657608135,0.7489690190981003,0.26893348077076595,0.2086382599304863,-0.4755514745583473,0.8545881297669428,0.7987848638703863,0.18953654681090504,0.38081804109793094
4.187250647601512,10.499454932107998,9.110130668521444,0.7714184294709246,-0.4643376756123579,-0.43509094414791655,0.59949622777908,0.7595818760510219,0.25226899621923893,0.21334919627518098,-0.45544033262516614,0.864324142823173,0.9834393742376499,0.47693031517300954,-0.1083588915149467
3.6089918871383455,10.924952684053594,8.270943945363296,0.7809882945697623,-0.46139066090912195,-0.4209227266029461,0.5859316393357967,0.7745977622830744,0.23808070205566528,0.21619758964956143,-0.4325701847005832,0.8752951716637214,1.1390663611257263,0.6791571160278713,-0.5926936435593531
3.2939400883687373,11.045984218531515,5.744033350907504,0.8106899952891897,-0.4432104101862,-0.38255230209815033,0.5441845282329999,0.8114504609608552,0.21309938676176915,0.21597437526206925,-0.38093658489175775,0.8990230183488985,1.241387375816707,0.8889358470452984,-1.0715584204183075
3.690695800943933,10.759870631283018,4.326304720566522,0.8371194903656418,-0.4220359015820122,-0.34801818433212195,0.5068876042556923,0.837660351449261,0.20344555109862758,0.20565970801762065,-0.34671433974636534,0.9151465735675075,1.2966298417795703,1.4472271586669816,-1.9106626349008007
4.082506636025376,10.316450749158612,3.1184628943459405,0.8652396827866213,-0.39502558565716855,-0.3087314010714142,0.46465822495956105,0.8630930933223501,0.1978965543830574,0.18828973766176735,-0.3146825367500834,0.9303342817266252,1.1375594284954982,1.7107512664663058,-2.3175384452964605
4.448883577364532,9.654246400101364,2.383939128645153,0.8943652839500271,-0.3614759313370083,-0.2635258809472612,0.41532836414678026,0.889820946050837,0.18900008969403306,0.16617186524844366,-0.27848489192994946,0.9459561703200725,1.1375594284954982,1.710751266466306,-2.3175384452964605
4.850202105192019,8.596878451618716,2.103193000601453,0.9225245569014063,-0.32121862349242236,-0.21393232068927187,0.36113144847522094,0.9139963560707495,0.18491819275447216,0.13613419422045564,-0.24784926268001034,0.9591862301727038,0.8928941368445884,1.980337485495854,-2.7360621237903873
5.294761115818519,6.884748460665972,2.2056082203321354,0.9488419509513903,-0.27365001509387926,-0.1575265734848536,0.30071647972125154,0.9352838912889291,0.18658414058943032,0.09627331374174933,-0.22440969661437957,0.9697276613186949,0.5089202713517682,2.253351807194072,-3.0792777838339616
5.814370693036299,4.352257433191513,2.443168952658178,0.9692975218628148,-0.22515929875861643,-0.0988210721108313,0.24076298905984644,0.9507119664903929,0.19539687784337287,0.04995495180234052,-0.21319016617681455,0.9757327789082054,-0.04204055240477644,2.4806693016276,-3.2294913085595502
6.423994754603924,0.9396383059649429,2.340968784927439,0.9841480899489989,-0.17441829909348583,-0.03210598061222042,0.17721910013579248,0.9602622987483879,0.215614721551015,-0.006776990246181662,-0.21788660937239124,0.9759505611758246,-0.7903304050567974,2.6420473493804137,-3.1661672825930864
6.797383575392914,-2.6595557448142952,2.1298900699104046,0.9894375593006379,-0.1411126378796095,0.03317438282552841,0.1277817299524461,0.9571018276953918,0.260053688519315,-0.06844812441226275,-0.25306780682812835,0.9650241133835181,-2.354213258120519,2.847435258529736,-2.4845051399973985
6.89749137249418,-6.331387947749656,1.6121281990820662,0.9884926509190443,-0.12241078391344495,0.08887001215672427,0.0905171166007838,0.9493645855646794,0.30085467468178856,-0.1211978988321188,-0.2893483776648843,0.9495201870741767,-2.671068956179309,2.8888557878277368,-1.9929597742133947
6.755480143196888,-9.528470024964097,1.1154276076205276,0.9797639178063197,-0.11424249752597487,0.16435120055490596,0.04879684509328972,0.9326708015954746,0.357412987676996,-0.19411731832516332,-0.3421605290069012,0.9193718720495887,-2.7905763788293236,2.990306432436402,-1.3768376175835364
6.5697237558582025,-11.90233847070719,0.7697318108792617,0.9655682046078957,-0.12545387657494836,0.22790209982052045,0.023628912065018333,0.9147124309996937,0.403413984746754,-0.25907473200779063,-0.3841386382895479,0.8861815783507034,-2.6040127962265376,3.1324008512868313,-0.6445797892631828
5.993575736603897,-13.791291428615407,0.3558443204438282,0.947240932227995,-0.13931566966306386,0.2886620177615527,-0.004245636135609077,0.895065895522275,0.4459136881131952,-0.32049429150242753,-0.4236132515151525,0.8472515696386274,-2.6040127962265367,3.1324008512868313,-0.6445797892631827
5.038947032013429,-15.467673127997362,-0.3189318874404865,0.9197981267919005,-0.17471133926586108,0.3513507561996132,-0.022172994345656297,0.870835228809886,0.4910747016344673,-0.39176493496975767,-0.4594800890088303,0.7971187386660658,-2.28812313162708,3.24743377811469,0.06418644604348556
3.9256514028429934,-16.862853848282644,-1.4561833705532825,0.8927278669550178,-0.21717169057156033,0.39480807030281756,-0.023672421686111143,0.852376148020841,0.5223930691889663,-0.4499739681508911,-0.4757009134944389,0.755798960628485,-1.7022438057235054,3.2945032374312335,0.7067685486412172
3.0160505881420825,-17.477461798833218,-3.55389913238745,0.8681551135479284,-0.2628970543100791,0.42094160836827116,0.0010340986742231884,0.849128021454784,0.5281860787830516,-0.49629187930140034,-0.45811215004119593,0.7374466953781256,0.3426560938017492,3.075596669579636,1.4587723488039028
2.0313495685105596,-16.839260960848463,-6.114686365762722,0.8420389031707993,-0.3059860653612515,0.4442330619749697,0.035660865362575456,0.8533190366808996,0.520168169267953,-0.538236739946754,-0.42216009930205556,0.7294395535812201,1.5217953370025747,2.9417276399911483,1.4809678354584892
0.7155161467632611,-14.571570672750443,-8.637791684890788,0.8077566868810458,-0.3520855919439582,0.4728264700124441,0.08825859077979864,0.8652452190998766,0.49351913030638495,-0.5828718177717297,-0.3569123796820154,0.7299821896986264,2.5780101370526807,2.7928014125201113,1.3109667009969195
-0.9593954873458679,-11.41936477400154,-10.491522439741637,0.7771915717448019,-0.3845988361240614,0.49805320605419445,0.14035529346983533,0.8774954477396187,0.4585871027310325,-0.6134114870165386,-0.286505627254097,0.7359625487400131,3.4229937234572594,2.663256673377492,1.1173236212403335
-2.681832496516375,-7.5421479498046775,-11.402538498858027,0.7397978956461667,-0.4173735328421228,0.5277294834291419,0.2085378591674732,0.8879565996028416,0.40993296831995113,-0.6396960488320612,-0.19321597062521648,0.7439466068233697,3.8747221442239903,2.54000515848335,1.0764479908734674
-4.363769673743383,-3.969614652039636,-11.405366744533755,0.7058580443203022,-0.4429361992764441,0.5527856226774143,0.27596035068387487,0.8906765798016691,0.36130473985713735,-0.6523881560227405,-0.10248294279215081,0.7509240576236123,4.05522424281303,2.2437721094388263,1.075235019231816
-6.016746207552468,-0.9626476602164273,-10.91015290104247,0.6753129909618614,-0.46483458000114325,0.5726090965687726,0.34498598168107236,0.8853017009940003,0.3118101516318485,-0.6518719480708557,-0.013027334811484749,0.7582171535028854,3.9783368783524367,1.7524133050816693,1.0791737592337163
-7.333722126752172,1.645272874723442,-10.065466271866127,0.6527755708174312,-0.48199094370076706,0.584438862785853,0.4061661102686273,0.8739046577906568,0.26705755926587854,-0.6394631693954164,0.06305060889665653,0.7662319986169536,3.8481086075480753,1.204939475731786,1.0482972357275033
-8.22456203681526,4.265132020149459,-8.941754081106888,0.6358439994897016,-0.5017034857432504,0.5865117396148287,0.46681801051049454,0.8551441237955594,0.22540956634745724,-0.6146408328251263,0.13046892323843762,0.7779424828951296,3.5112709004105973,0.5027750069656993,1.1665732616547635
-8.923621116023197,6.653951380445835,-7.850406907484297,0.6263654008758935,-0.5271694816300535,0.5742462209048327,0.519207103490573,0.8316094708188703,0.1971032007078726,-0.5814553880311981,0.17469409172109818,0.7946015391674185,2.8734588058668082,-0.39504787928825613,1.4443851221939648
-9.677154019825597,8.399199246369355,-7.253969351204772,0.6246271890236168,-0.5584632110281482,0.545856864627152,0.5635458189027508,0.806238183553805,0.17998917016612137,-0.5406079769386347,0.1951892243644391,0.8183178978626378,2.194087303315198,-1.4017254597780737,1.6149002602190792
-10.366528678375367,9.357488990699695,-7.5069852845603116,0.6308949071524208,-0.6039600920894113,0.487035751554738,0.6098363006080447,0.7740888722754199,0.1699591253215413,-0.47965748465945296,0.18978573440256039,0.8566855154766239,1.4908424683258859,-2.3889864165105217,1.6610719266715361
-10.629786548992588,9.757346375897471,-8.210067027009755,0.6394204473505786,-0.6321969208315553,0.4375711882666481,0.6316589558454542,0.7564175289200464,0.16982192273885433,-0.4383474136004647,0.16780815008095262,0.8830016816270471,0.8421076072591198,-3.292806798571715,1.5656803199251312
-9.95915626760054,9.619653109122206,-9.304332336416753,0.6560778172921642,-0.66744442933151,0.35224967198208257,0.6540221779359263,0.7357331937110643,0.17593083424932981,-0.3765858314184131,0.1149547799182481,0.9192216871619442,0.29635214424508227,-4.022308850137575,1.376508434998153
-8.447797381016839,9.304562138513312,-10.128200445031235,0.6743869068712591,-0.6913251010304133,0.2593682797219133,0.6673227415683363,0.7210001184038374,0.1866525859648669,-0.3160421782394489,0.04720629139152252,0.9475700014387984,-0.20105900912080354,-4.538967266171426,1.0579478937037476
-6.556737644868937,9.044745912204709,-10.428370762697002,0.6926080006684752,-0.7015016730510276,0.1678974690596229,0.6726616794138046,0.7121888014476813,0.200781911886293,-0.26042354436229087,-0.026124965054985537,0.9651409553752546,-0.6204189601121759,-4.847967235991309,0.6686195834607154
-4.5273324045816965,8.760357425091623,-10.469591729285092,0.7132411058615029,-0.6977404480068108,0.06667377388985757,0.6713738907531934,0.7074054538528942,0.2209855711898399,-0.20135596272368017,-0.11285296218724446,0.9729953675127061,-0.9800826319813769,-5.0010840537824075,0.23332271824885448
-2.4718899098897396,8.352156488663182,-10.150337089291146,0.7343101840616467,-0.6783388084317147,-0.025397136822734007,0.6627611159065874,0.7083543480028681,0.2428617320775066,-0.1467523656559111,-0.19516807792483126,0.9697283973018024,-1.1512689775435385,-4.894332688540661,-0.32777344927125607
-0.19286122849329068,7.876464319296214,-9.056311597231918,0.7578883281809756,-0.6436019721853614,-0.10668544139740786,0.6454759798413481,0.7160326972017323,0.2658156052338986,-0.0946891834102396,-0.2703214344759318,0.9581024374293063,-1.1053098186118928,-4.4008116017062395,-0.9605151083017628
2.043627106018573,7.556856456866944,-6.648088132976875,0.7830473455414579,-0.5985144327799535,-0.16916656996749596,0.6199509829965993,0.7292352980435669,0.28961467291706827,-0.04997632761645637,-0.33165698219907974,0.9420753753477338,-1.0414096952583876,-3.8005285543670757,-1.5836079690991676
3.809299287412929,7.438774507839144,-3.026406510356741,0.8123272359559308,-0.540887327115359,-0.21809484425405545,0.5831023017997505,0.7463485201886185,0.3208669382284376,-0.010778096308287483,-0.38782055873594673,0.9216718759199009,-1.18829943538693,-3.316072032536822,-2.229682334845869
4.927173469404275,7.353612462050829,1.1914836752164655,0.8428601252056112,-0.4778580014881528,-0.24746421913507102,0.5378036378415341,0.7640754970463868,0.35630868911342745,0.018816388144218953,-0.4334055436044463,0.9010025406790717,-1.2759323391683726,-2.698090574479326,-2.813429562994292
5.80359172146961,7.15562502364587,5.324069392381212,0.8780884729999082,-0.40248062673860985,-0.25878558438364696,0.47655574745877183,0.784273959278705,0.397251779557141,0.043072649659629564,-0.47214796610532994,0.8804663792297244,-1.2369012740931389,-2.0975989677360527,-3.5001075214328514
8.007017266259616,6.524580889582033,10.996513520196604,0.9371928165689061,-0.24813954897638138,-0.2451456481470541,0.3392376291311077,0.811936943168824,0.47505392462242735,0.08116314159238963,-0.5283797541082208,0.8451197429331488,-1.190625133887512,-1.6431884107177095,-4.076303974138731
9.461982726813343,5.539672159697,12.607731813357908,0.9657340529991867,-0.15259164766737332,-0.2099369618240691,0.2428689468131184,0.8165253926326947,0.5237374894543166,0.09150089372050475,-0.5567782972136935,0.8256061495653787,-1.3047820430404324,-0.8724824588287015,-4.530955234948157
11.97528900672052,3.61645703209516,15.092405944559978,0.9916608319132475,-0.04165563920319316,-0.12195737850454133,0.10601015924409482,0.8017860794992285,0.5881334277681373,0.07328465450671219,-0.5961576053727998,0.7995157715580117,-1.4565778666377063,0.28439701851156407,-4.209793391552759
12.950510321086796,2.2332468856133874,16.00743750079278,0.9978948335831899,0.034672166118310595,-0.05480640477756911,0.007197348526075745,0.7806594982815451,0.6249151509741148,0.06445230238069534,-0.6239940613815739,0.7787665324590919,-1.456577866637706,0.2843970185115636,-4.209793391552759
13.684588113012127,0.23298668877164008,16.058382833241698,0.99771468036567,0.06735248790439378,0.005390635947452052,-0.0551640311884163,0.7658919843518802,0.6405984685968137,0.03901725574502676,-0.6394318655483388,0.7678571111056406,-1.0160926690618606,1.443388035640718,-3.531686742667327
14.086329538898713,-3.0491697696171034,14.871704657270026,0.9927303098795724,0.09142660054359224,0.07827968165144239,-0.12035789648011341,0.7579277471839624,0.6411392257564079,-0.0007131628782970703,-0.645899920081809,0.7634217606520158,-0.2023061349068842,1.9003644421838364,-3.0929383323622677
14.031140863952936,-6.676270565506318,12.71079488243793,0.9845682946514408,0.10351019735420432,0.14110603180179065,-0.1698089578261843,0.7600260062707377,0.6273160189522805,-0.04231064888582304,-0.6415965311906286,0.7658744676218258,0.5828224798734897,2.170748504898431,-2.694942271712454
13.256327279655492,-10.361741434123827,9.188385464903453,0.9700766998513299,0.10676337700080914,0.2180659939947912,-0.21862458185186934,0.774770620486935,0.5932400676289364,-0.10561481248219173,-0.6231629537782823,0.7749280253176287,1.3382942175538877,2.441006758482641,-2.1886915144127275
11.380118324093218,-12.988999953852316,5.508224647481214,0.953873546666056,0.10341860290288137,0.28183301712953396,-0.24869280105731364,0.7980628568514487,0.5488602437928727,-0.16815810320346614,-0.5936331098310818,0.7869705097646882,2.1364974623581,2.582702614545317,-1.795160803410834
8.66380098764638,-14.29993579574876,2.2441538473915044,0.9349155209444426,0.10037953015367743,0.34037761181268794,-0.2679399654641492,0.8285765764128759,0.49159844581425216,-0.23268249526823592,-0.5508037826177715,0.8015447894220907,2.884558646862571,2.5405841936783893,-1.6053553605569864
5.692256428681531,-14.43478655278189,-0.5669170415602283,0.91401010129036,0.10185007724412212,0.3926984803950134,-0.27829670354570235,0.8617247226127298,0.42424220350362296,-0.29518888789177367,-0.49704835197733116,0.815969641752583,3.5114092511725072,2.391229648396954,-1.570604525613159
2.7994926034059557,-13.8206282150616,-3.191770020211206,0.8897236262129464,0.10970476731502218,0.4431215781101643,-0.2826314275338293,0.8946564527126772,0.3459903290407973,-0.35848479065181527,-0.433075854381108,0.827002998315846,3.8460057517126414,2.248465312135644,-1.6296852539192097
-0.10522835572201172,-12.666228140096203,-5.55701939781815,0.864568248015416,0.12475971229878194,0.48678204435936184,-0.2833410451730183,0.9210502070972643,0.2671785323081711,-0.4150175859452425,-0.3689194088052462,0.8316603111625398,3.861378211523648,2.0360957697018756,-1.7437538376826236
-3.1495972967483445,-10.880911695952275,-7.592043790013635,0.8385737962888937,0.14713609437601377,0.5245426178199502,-0.28235515481517626,0.9408089638534509,0.18749416012850684,-0.4659072383285454,-0.30533500170266986,0.8304823791076487,3.6270708746832026,1.7456723467908808,-1.8188899489583754
-5.922640157235451,-8.491721862453797,-8.992570399708205,0.8141417706700906,0.17272873138558725,0.5543807018683963,-0.28096843564123286,0.9527071293121885,0.11578369458195473,-0.5081632763428396,-0.25002782067532986,0.8241699906359473,3.1935040587848134,1.4870287622515508,-1.7976527201974473
-7.9658409736695095,-5.682896370952786,-9.573060392624173,0.7913363042398267,0.1991443294405538,0.5780383980703401,-0.27945464936739617,0.9587348945095685,0.05227332968801707,-0.5437756454081033,-0.20290130137926396,0.8143335369242772,2.690216815226753,1.260630577578195,-1.6691763442115262
-9.411954029702422,-2.7059605373649713,-9.59143546259478,0.7718093126641736,0.22506509559417365,0.5946899088012522,-0.2785800124307652,0.9604110962021383,-0.0019243091959975228,-0.5715798820453112,-0.16418352242838755,0.803952865163174,2.214522296546705,0.9724095770692953,-1.524676021437505
-10.014477310807223,0.1433776398746529,-9.181881126052245,0.7564647357137481,0.2499662668290404,0.6043823037358742,-0.27984065221936416,0.9589272055196882,-0.04634462082747654,-0.591143225442846,-0.13407266672127835,0.7953453382344519,1.7000547069100056,0.6372926003655508,-1.374510283477556
-9.960368334145684,2.586381251050042,-8.862947464727073,0.7461008307151471,0.27212208701926466,0.6076866957260519,-0.2837466783135292,0.9555947703470805,-0.07953903086755065,-0.6023465555244816,-0.11308494436303469,0.790183790270468,1.1497952671513696,0.29589032253024067,-1.1668070245327908
-9.587475852677397,4.373574980863173,-8.87814373739804,0.7412790467277143,0.2908223268740108,0.6049196219945566,-0.29051163738456043,0.951479632092305,-0.10143716408513065,-0.6050688914715366,-0.10054294557590002,0.7897991850263766,0.6124223777648665,-0.06099729165065798,-0.9331413472094616
-9.282735447634877,5.246565195778464,-9.128356483789227,0.7423493371341833,0.29947648081403133,0.5993590735908498,-0.29617600844533126,0.9490778963963643,-0.10738211486669179,-0.6009968666123235,-0.09780073625027451,0.7932450959893004,0.08886227922091666,-0.4989938036785148,-0.717479535862231
-8.958038429283107,5.261603601135507,-9.544148364077744,0.7524480904428298,0.3142756240115458,0.5788373721012601,-0.31055467084676336,0.9442860267651239,-0.10899401851200223,-0.580842205426051,-0.09774830846766627,0.8081259806413307,-0.3463599117185196,-1.0761945353607392,-0.5942265408026557
-7.9659721386575235,3.261182888600949,-10.141108580529018,0.7816507702582743,0.3377700283327239,0.5243409971714567,-0.33883396605157684,0.935760906256317,-0.09768863686281794,-0.5236541003414436,-0.1013061413857413,0.8458861914661612,-0.6636483394179139,-1.6333122151170916,-0.46877944787974557
-7.001728156771815,1.8871866795979189,-10.36969029057297,0.8097294434114766,0.34385248887586534,0.47550362182260353,-0.3520082978930645,0.9329687069044841,-0.07522998173203721,-0.46949801563688137,-0.10646528932402458,0.8764911610975801,-1.1565535336586228,-2.5025309757839027,-0.009134428116363447
-5.985123798745582,0.23583344421772912,-10.318229303416642,0.8383580023384664,0.3440984171900823,0.422790892998343,-0.3599672240910177,0.9318953702307445,-0.04466112988618699,-0.40936469986463686,-0.11474884849001404,0.9051260930251395,-1.4678703278679244,-2.8343937432128694,0.3236854863300123
-4.899412869967253,-1.990007872932674,-9.915200264319026,0.8660729395781271,0.33945307025749294,0.3670003765982582,-0.36151399233957404,0.9323211480283528,-0.009214677519955458,-0.34529016301250876,-0.12469518848719172,0.9301751519444823,-1.7095711536831657,-3.1594194616667775,0.6631927378882845
-2.061705488850275,-7.591439862029822,-7.7312256842283995,0.9269431716427956,0.30439209759616714,0.21936683310336666,-0.326297268877083,0.9426104319855119,0.07082136567056088,-0.1852200012637722,-0.1372261798385878,0.9730686135616325,-1.6243996137032264,-3.772167427140799,1.4476211934579162
-0.3486187582817384,-10.272029894268266,-5.605567740962705,0.9500243426081182,0.27916249720176506,0.13972132481510263,-0.2947077708622787,0.9496372999245668,0.10647219536275701,-0.10296153769927723,-0.14232813758373009,0.984449908835665,-1.4569821532169838,-3.8585226179297907,1.8905975143708114
1.5764228094584776,-12.231535782634337,-2.924601718759812,0.9674403992453589,0.245551742057346,0.06134668597881417,-0.25186964833528064,0.9578934168762903,0.1378473146366218,-0.024914938399334716,-0.14881042933097322,0.9885518205773994,-1.3486664540931659,-3.6717812353030594,2.316317013438552
3.389894643737401,-13.083337565752977,-0.027394086270185802,0.9776119629044131,0.21041079663942583,-0.0014651429085910106,-0.20741834544539184,0.9648328310475047,0.16147828988924015,0.035390393595951065,-0.15755921042712734,0.9868751771377705,-1.3258498371200838,-3.3339226968116034,2.681075922784085
5.177626654859846,-12.79099485824365,3.25828858464462,0.9844356046405673,0.15648926853588896,-0.07998530583215381,-0.1393031164157788,0.9722874460546768,0.18775453124046376,0.10715027798756488,-0.1736900431158244,0.9789538226339447,-1.2974903661841357,-2.9856788139084083,2.957415656845575
6.427769789964975,-11.77039241250333,6.41308902429115,0.984785316876442,0.11421261638661555,-0.1309708285179948,-0.08628394894760116,0.9755827115523147,0.20197389206093214,0.1508408426739045,-0.18760024301252196,0.9705942452967002,-1.2377247320830322,-2.5867529310789914,3.148971301305859
7.496220319681674,-9.960071349228038,9.422986680232725,0.9795082093584512,0.04928545029143825,-0.19528085464010853,-0.006040255444132879,0.9763490063667919,0.2161160176404057,0.20131364363492668,-0.2105078672072586,0.9566395636446795,-1.181938756871472,-2.1398181533490352,3.278393332650415
8.24265190195926,-7.839354368338355,11.585623882734849,0.9685962767127303,-0.01676854819183708,-0.24807270815181295,0.07356442261412635,0.9723809794117819,0.2215028365588897,0.23750690192852572,-0.23279614831375986,0.9430781647703406,-1.035927755754357,-1.6733035703827017,3.3679979052614097
8.764769764607129,-5.590620283718802,12.810764842147044,0.9557075144384458,-0.07685001232217123,-0.28410776556083517,0.14308319721470042,0.9648760480266974,0.22032115336299826,0.2571970946972518,-0.25121362930873153,0.9331352350698319,-0.8950870279234497,-1.1225417465435825,3.3773748952636398
9.045230021711422,-3.049706390850927,13.451253780498064,0.9415612348879944,-0.13593918387428064,-0.30819308759897607,0.2086572085455369,0.953649487110303,0.21682902263359646,0.26443261954263436,-0.26846451166187846,0.9262840793730461,-0.8378480230580785,-0.5358956458012494,3.218618592652107
8.935815999447936,-0.10257083001513845,13.645317349300509,0.927659268621325,-0.1897319583741509,-0.3216365422529884,0.2679462780047861,0.9381158153018267,0.21941629197480061,0.2601020442909484,-0.289724871303964,0.9210898031699043,-1.1182764406892447,-0.052728818162579905,2.867978979903987
8.436643235366615,2.955460010861281,13.236639369684864,0.913761116772692,-0.2371458551523902,-0.3298521863780273,0.3218950299131995,0.917975203056065,0.2317436434756234,0.24783908326069845,-0.31793610986834764,0.9151461188522194,-1.5494490627240272,0.1658555287455837,2.485711000239038
7.948393873356338,5.4981133282727,12.319183168063809,0.8996565599695764,-0.2783367757942369,-0.3363728784313285,0.37057355512086715,0.8941819359739644,0.25122481092227883,0.23085344777323558,-0.35066694257988135,0.9076008930322238,-1.8712203169386212,0.22296152215895731,2.192804111194491
7.8091488651410765,7.354880120656068,11.020069833778283,0.8856545653108464,-0.31468965597510345,-0.3414475235908554,0.4143375650968391,0.8675265313151057,0.27517648811990447,0.20961959138801678,-0.38518584850257975,0.8987165788053932,-2.048431685104495,0.28465249529429637,1.9374560800924356
8.01309918801618,8.52687137059544,9.187470852463607,0.8749739620658744,-0.34260212186315464,-0.3421174532256587,0.44664619742381895,0.843903853197013,0.2972094562527878,0.18688964667308183,-0.41285599505650755,0.8914158329939589,-2.066327003907219,0.48940947366263293,1.666601926229973
8.362872128279248,9.28858751963355,6.7400038427426,0.8653823281677584,-0.3740125848892144,-0.33350863922759044,0.47750877479153203,0.8173196888754399,0.3224498351273333,0.1519828809176898,-0.43829569073975927,0.8858883063834394,-1.819828065663642,0.905535806959402,1.3006731641377598
8.660022803500699,9.677092551441042,4.36062398331574,0.8608099196701596,-0.3998779930824206,-0.3148076759639602,0.49564246974428144,0.799115934033479,0.34022384713536713,0.11551980082757718,-0.44890011653170275,0.8860834390702619,-1.3553012062107577,1.4163839328285888,0.8743437155386731
8.15226909127576,10.441450687089828,2.267263327930748,0.8594874048873187,-0.4248232119456773,-0.28426508655165766,0.5056801379595275,0.7878577562891508,0.35152205326018787,0.07462572554619697,-0.4458759855017799,0.891978478798408,-0.7755888182044796,1.8470227560134407,0.4784441059916219
6.772755774899492,11.792266975522628,0.6056011953964693,0.8610169775119145,-0.44436366044734776,-0.24736754376854375,0.50736467189777,0.7840664885287263,0.35752039281179576,0.03508353098415411,-0.43333668069996933,0.9005489809075453,-0.35943067475600793,2.102832110904865,0.07567907572766175
5.246971766109115,13.002600576778988,-0.8839171341183363,0.8642091672520896,-0.45823566276479966,-0.20775608921992014,0.5031326858751879,0.7869888090077415,0.3570799838979998,-0.00012506586225369612,-0.41312067470302355,0.9106762830399452,0.09110152546888994,2.2273903237220063,-0.25946706714164597
4.171448197220846,13.222050719098132,-2.5642879707499326,0.8684322649713663,-0.46720832319463346,-0.165957174880637,0.49495194314220153,0.797267177300632,0.3455251394310422,-0.02912001264529719,-0.3822060056262085,0.92361820798791,0.877367655581932,2.5204533683103554,-0.583342033973745
3.3981275885577196,12.651248672188396,-4.476842433946145,0.8755989504474606,-0.47201141403635316,-0.1026240858410356,0.4788724292632909,0.8203858378775678,0.3124872373416153,-0.06330619611681279,-0.322757342332166,0.9443622310871492,1.866703504972022,2.9522657623287905,-0.9972719367971454
2.2979994842951035,12.014225291420516,-6.236441229612073,0.8841327460147098,-0.46605961645618343,-0.03313187790036137,0.4577122025520295,0.8496873087855932,0.26178429464669073,-0.09385535178911918,-0.24661693209796173,0.9645575471391697,2.822244874592008,3.277800203053536,-1.4820224524695977
0.7468888264502871,11.654461532640182,-7.215630334596002,0.8940833186074952,-0.445824215950787,0.04307885629487839,0.4308379204949866,0.8823300985803529,0.18939979778959504,-0.12244878787217364,-0.15077919488792169,0.9809546007525463,3.65402900734566,3.4093572358790922,-1.932763412413038
-0.7851672746591776,11.496011292929852,-7.112961810525606,0.9048141881259697,-0.4099135605874895,0.11524824429217773,0.3994671847337293,0.9108772039659766,0.10357937833387798,-0.1474355902991262,-0.04768219942085887,0.9879216338209926,4.055391887578574,3.2231925013029,-2.305058410035965
-1.7982976932183838,11.19409919274008,-6.18945323016119,0.916503842218281,-0.36149134661229415,0.17130298749163456,0.3644617481000661,0.9310990328971812,0.014907216701225925,-0.16488887582542724,0.04877086489251111,0.9851056092453565,4.034135942271251,2.6320499343753223,-2.577073720596724
