0.1076930378544163,0.255484606406291,-0.10669068541415024,0.9999986783589647,0.0015812203019994447,0.0003781833952852535,-0.0015818910000654537,0.9999971649653043,0.00177979836440385,-0.00037536806981497075,-0.0017803942570586676,0.9999983446461808,-0.08379273,0.017735595000000003,-0.07444702
0.1283001045313741,0.28397372149139494,-0.16191622132060873,0.9999941867288282,0.0033364166039865834,0.0007034435259186483,-0.0033392783514154716,0.9999859905890903,0.0041070482889475875,-0.0006897308469846766,-0.004109373407299702,0.9999913186230959,-0.12458232376119398,0.01712812021274247,-0.09397157119034669
0.1446539648687723,0.36692776868546934,-0.22511969828888545,0.9999834870542281,0.005651934108554455,0.0010398363809269167,-0.005660544650273017,0.9999480821316938,0.008472973233148473,-0.0009918937084214007,-0.00847871935966415,0.9999635630686207,-0.21380983612955878,0.01575276520767607,-0.11344434307548919
0.1631379047583727,0.5010111127243452,-0.3182568208925158,0.9999648629034409,0.008269048366473384,0.0013768796663879783,-0.008289366163992389,0.999845972391232,0.015469903090551268,-0.0012487462120250384,-0.015480772982791048,0.9998793858764932,-0.3635777574659434,0.015875952911059688,-0.13612372507538684
0.20378997999217685,0.6817179447890099,-0.4583645784211129,0.9999297509984656,0.011690162537630893,0.001957847795550023,-0.011739525262841425,0.999554138711275,0.027453730744004416,-0.0016360362923470647,-0.027474786350487897,0.9996211579894881,-0.5825378457421048,0.024647704552086237,-0.16675998669575282
0.29375901477014366,0.8907728741068575,-0.6354944411631728,0.999874318750494,0.015585163177526657,0.0029067837837328365,-0.01569978931049655,0.9988726084894299,0.04479987304812296,-0.002205293368584568,-0.04483987843707632,0.9989917527101546,-0.8806332572299771,0.040950243768952455,-0.19913375131568758
0.4719121902317415,1.0745803977086938,-0.8276916785720145,0.9997775605469591,0.020568238310277747,0.004666583287945986,-0.02084450912271296,0.9973312054631025,0.06997123015174313,-0.003214944199336863,-0.07005293842749705,0.9975380944863552,-1.2477509277413195,0.07273544434704973,-0.2510504974936628
0.7749386465742617,1.1890948352506088,-1.0248648563675942,0.9996085446670442,0.026793496551981582,0.008053941342788466,-0.027480755827382512,0.9943090426927678,0.10292878935724287,-0.005250284543708829,-0.1031098257292235,0.9946561206519061,-1.6530738425744929,0.1415481617562232,-0.3242468974609433
1.1969324521610056,1.2116135446839436,-1.2115496115264914,0.9993077627011534,0.034450220241019056,0.014041998809312266,-0.03612057374501216,0.9888361921345927,0.14456240616802885,-0.008905029901498614,-0.14496953973198742,0.9893960445606951,-2.0689418567696216,0.24569946315192182,-0.4105616337677002
1.7039184562719303,1.138039393532083,-1.337231394935832,0.9988269363872558,0.04277048201556846,0.022703237993838696,-0.046344120164474714,0.9802613799521229,0.19219742324115707,-0.014034730971047309,-0.19302412502719873,0.9810936313543446,-2.5023093949203954,0.36802387789696944,-0.4989243938116322
2.2846773080143254,0.9577884834165257,-1.382174966512651,0.9980102498504891,0.05184146076498673,0.03588877455579753,-0.059216405628110376,0.9661437441861129,0.2511168709476247,-0.021655449610932045,-0.25274241534770375,0.9672912244956826,-2.9636613287977176,0.5285105995266303,-0.5751107222303832
2.9160866339521685,0.6441866592309209,-1.3436717768656747,0.9967655303414403,0.05953532801891795,0.05398168430891563,-0.07366854680158812,0.9453247269143235,0.317701284064925,-0.03211577081886417,-0.3206504411380713,0.946652983866142,-3.4548270374637875,0.7465137696489472,-0.6202899169167697
3.51669547883776,0.09144033228857618,-1.1562369373706278,0.9948466167970998,0.06445788927528878,0.07826486796474891,-0.09006214349260366,0.9163537280149852,0.3901085175467928,-0.04657273190272005,-0.39514684063422956,0.9174366217782588,-3.828300267746335,1.021527669843011,-0.6502290030396118
3.96042738875517,-0.7312431340828276,-0.6304439309303218,0.9919124853953838,0.0657516762178505,0.10856490404958657,-0.10883843677996992,0.8806844726345637,0.461030426696192,-0.0652979019268267,-0.4691178708330383,0.8807182337552862,-3.9770540514935893,1.3308558951505716,-0.7113068353777899
4.1443943068371905,-1.5358971972327466,0.3268233761465005,0.9874487055299304,0.06241207718948323,0.14508544574890705,-0.13055314717003835,0.8395275189975673,0.5273987301935676,-0.0888871740537597,-0.5397205549788548,0.8371384549894081,-3.938777008635159,1.6558929501956627,-0.7789728418037433
4.0380083747202615,-1.900615518648,1.4993342825656493,0.9812312397735128,0.05390923480792528,0.18514601938729167,-0.15403299096637102,0.7967500785903316,0.5843484833215999,-0.11601332590047261,-0.6018995818811672,0.7900998680830079,-3.807311519412355,1.9819880021327076,-0.8429112920080987
2.8713789862067616,-1.1953318118604732,3.422015131146318,0.9619051321674895,0.02149826751353371,0.27253686210081973,-0.20774103715532857,0.705519576941511,0.6775586971133198,-0.17771375352367377,-0.7083642784939025,0.6831089742949797,-3.5928103803299525,2.331099279868216,-0.9037821928311119
1.8058190606480387,-0.5404406463147877,4.035567807456385,0.9454257723675727,-0.006020738581562626,0.325781920385572,-0.23966391232425183,0.6645251802441694,0.7077905720980517,-0.22075171136961091,-0.7472416179044004,0.6268162780265056,-2.738920706058121,2.845964683987681,-1.0622185124855918
0.4768148981055421,0.13311641877517433,4.518063275193384,0.9256182134753167,-0.037649130876208414,0.37658128714399675,-0.26971539739834915,0.6323986093451713,0.7261718827554148,-0.2654892225477594,-0.7737276923068986,0.5752051206903733,-2.1047329900673444,2.922036078856296,-1.0309447204791846
-0.9328229962625302,0.7427669195982456,4.8671699140038385,0.9022942097433853,-0.07254342638165621,0.42497365842175333,-0.2966767716303285,0.6107410976814931,0.7341513500483471,-0.3128067330454473,-0.7885003252324082,0.5295462065484184,-1.376832734288684,2.8714095737481524,-0.9574446284643705
-2.30061658326548,1.2333632483978239,4.952888390337762,0.8808621552843853,-0.10105338122189614,0.4624608929751459,-0.3156185768628394,0.602730632464782,0.7328715430603645,-0.35279849394069585,-0.791520055862279,0.4990282796004159,-0.6613790528816542,2.70289552530886,-0.9257659051773051
-3.5411511640185473,1.7320470770833827,4.600644687413747,0.8562373021833872,-0.13039730752100515,0.49985420328430447,-0.3318797208763831,0.6026540707491725,0.7257161441503593,-0.39587060161210297,-0.7872767068831155,0.4727386736650049,-0.1305709820679909,2.4712920017633637,-0.8583453628404173
-4.7902544217543355,2.288903121761135,3.6853313143370108,0.8324245720203706,-0.15795734551518914,0.5311485751599995,-0.34206516553089084,0.6076217010761001,0.7167895722676986,-0.4359595788912392,-0.7783606782072053,0.4517675289280891,0.1829804496839063,2.2247607532735123,-0.673936913064618
-6.070230549395934,2.678703683385419,2.337114287607551,0.8123889634977972,-0.1819414081599927,0.5540049602519215,-0.345813140116633,0.6146501375878952,0.7089559087036761,-0.469507661396114,-0.7675301507823257,0.4364172585157597,0.36449748500563883,1.9076846957467202,-0.43081099112604604
-7.195005081934905,2.5748202322328426,0.8950316104818101,0.7960257320265196,-0.20219260453585802,0.5704920548286799,-0.34408662836402737,0.624255671066858,0.7013624236597954,-0.4979431956887441,-0.7546012243641487,0.4273518059578173,0.5498070084830359,1.4652553751257495,-0.22742103777848155
-7.940063625522326,1.9581341028688248,-0.5327775719913728,0.7860313631118364,-0.2150878991498733,0.5795618102013297,-0.33753801196638106,0.6361043003085636,0.6938583498140927,-0.5179022945327922,-0.7410185657378944,0.4273975883757675,0.7383876296215751,0.8919776485950226,-0.07708258416746372
-8.174694164159991,1.1236073802618494,-2.095778825999077,0.7839290202595195,-0.21986385269922593,0.5806162049677934,-0.32773280232580576,0.6477335774344838,0.6877735259106736,-0.5273011487514737,-0.7294526022574587,0.435720552172143,0.8332679135004554,0.2589283566834906,0.08373701292166355
-7.847288805114205,0.3887068148470023,-3.9104685892139592,0.7896032231056676,-0.2184503543226114,0.573416247378348,-0.3147884006132281,0.6579421266723406,0.6841201800774801,-0.5267210010057573,-0.7206882825786769,0.4507475861868696,0.7251939033803355,-0.3298686314087811,0.2672677225903868
-6.976120069498572,-0.12814847386392847,-5.917760786327815,0.7993802082952162,-0.2132192752959101,0.5617195236309518,-0.30532300811119445,0.6610394047730944,0.6854230562617256,-0.5174641468776632,-0.7194195201546311,0.4633210665582257,0.37633309980180885,-0.8135425239151728,0.43439122051725476
-5.66080799406735,-0.5180695651897667,-7.907913223662064,0.815010993037122,-0.2030867428354618,0.542690386973205,-0.2974859903738814,0.6570655332833952,0.6926521280572799,-0.4972516131295251,-0.7259618859523481,0.47510017194755283,-0.11081749663682186,-1.1713965371115262,0.5398838171558924
-4.238800054088492,-0.8328676014362468,-9.477123595787516,0.8311943172678395,-0.1907208004076445,0.5222466689539698,-0.2933188173467921,0.6475416844566422,0.7033163145280605,-0.4723135381628702,-0.7377772991783642,0.48229096869540156,-0.5562355412215847,-1.4760363596359916,0.6076106129834223
-2.5634882750125154,-1.2801822118123294,-10.253363369587916,0.8516435657555178,-0.1709321642938791,0.49546486466452583,-0.29122222675192044,0.6316381644726813,0.7184864952295451,-0.4357669693229164,-0.7561847819094166,0.4881513331495959,-0.8616835560518536,-1.7461923292937978,0.5823209194571275
-0.852941457671472,-1.7170404146775526,-10.407045627360784,0.8721715503879265,-0.14537701834260525,0.46709989213414954,-0.2913494188260606,0.6126568303669346,0.734688453941164,-0.3929787562243499,-0.7768636500329736,0.49198634779209865,-1.0713655301405647,-1.9959119588717265,0.5080630711661119
0.8338296563233055,-2.1134747744419307,-9.971337127792534,0.8927632197183383,-0.11388044422452652,0.43589571911337954,-0.2926478551836537,0.5890270232745579,0.7532625031877802,-0.34253622636817993,-0.8000490049212845,0.49253479405003353,-1.2667622460140036,-2.1417862432927537,0.46198666538204125
2.2342533009602663,-2.346109235587182,-9.190359004085579,0.9091353585426302,-0.08354633203826556,0.4080354276904336,-0.29471568958771355,0.563211015603869,0.7719689204969957,-0.29430521938695153,-0.8220786837678068,0.4874126337470008,-1.5278478375630111,-2.158823825918173,0.42607542337724946
3.228882939290802,-2.443615287611985,-8.133991976714862,0.9232008221897681,-0.05177115254759245,0.3808149021139142,-0.29746216017057037,0.5311563782720983,0.7933405101767623,-0.24334441677341626,-0.8456906346795859,0.4749640462608135,-1.8146695872040701,-2.0850164164689797,0.3884894240759369
3.682304333939598,-2.431677991905657,-6.758822270352598,0.9335769837427981,-0.022991996918969117,0.357638621381105,-0.2996560402266839,0.49729371988795784,0.8141899125607374,-0.19657129236326287,-0.8672775358774576,0.45737228029359317,-2.04081187482609,-1.964318459572065,0.36059841699532913
3.6737148080206437,-2.454652676148717,-4.9478895235069364,0.9422837422342644,0.008142750833911567,0.334716364598218,-0.3008446418306359,0.45935549209332993,0.8357541704146566,-0.14694846240361592,-0.8882151921086189,0.4352929150637092,-2.0640403347681224,-1.8690559782566019,0.31738491719732187
3.249157484340207,-2.529823595080593,-2.860321693570018,0.9483846507187519,0.037294770284558076,0.3149216638951549,-0.3000992687738972,0.4265338963357771,0.8532345891711097,-0.1025035763397707,-0.9037023488881955,0.4157103335876007,-1.8727878319364164,-1.7989424630935544,0.2872454301666937
2.5489303455050707,-2.544106166344255,-0.8321924479340602,0.9531238139553968,0.06663148697395854,0.29515290988698933,-0.2968656564929737,0.39461202532995077,0.8695700842715266,-0.05853013980945113,-0.9164287175818056,0.3958947187387736,-1.7204939058815636,-1.7050718648105028,0.31080679309906345
0.9524535855375913,-2.0044305332946224,2.1361416008820826,0.9585505883946229,0.11862224584800701,0.2590550757624664,-0.28422637555854063,0.33458734749477137,0.8984802025271721,0.019903188819324583,-0.9348690120473495,0.35443446980850246,-1.6655991339513425,-1.555058175607352,0.36583488752363436
0.05545089105360734,-1.6628981855858145,3.3065026333798593,0.9603939337642962,0.13594419526315163,0.24323377183893416,-0.2746217148030669,0.3139692354830103,0.9088488504304975,0.047184804199695216,-0.9396501981825297,0.3388673771671866,-1.4054619111550908,-1.3097202419474832,0.5560583602970065
-0.8250273885181402,-1.3551554017091694,4.2127105856317995,0.9621888355843902,0.15564002139030536,0.22353708510755127,-0.26137057108490275,0.2965699044050498,0.9185487011432388,0.07666856753264081,-0.9422433207737819,0.3260359722633193,-1.0592848632344247,-1.2954826966338238,0.6467267936993726
-1.5367104627190384,-1.022290508689301,4.66598057720597,0.9636872604094561,0.1758677658085823,0.20094126772272194,-0.24530836398500033,0.2857443194063055,0.9263768080462883,0.10550199374191709,-0.9420301018951168,0.3185099942544276,-0.6963996079437066,-1.286404446391865,0.7528067228412573
-1.9307273920295929,-0.6452646791733689,4.614637639201176,0.9649942505532102,0.19568373867970884,0.17462522960780696,-0.22569740927873833,0.28044577011317456,0.9329581177472512,0.13359182551381465,-0.939711681550229,0.31479386860916864,-0.4312086927551718,-1.2285832038679034,0.877800738555085
-1.977555624585813,-0.3182313368581149,4.259372101091347,0.9659930187723574,0.21249824743535323,0.147315927584124,-0.2047107582520837,0.28046968539918193,0.9377794309046987,0.15795883368436336,-0.9360455386406084,0.3144324354326191,-0.21400247283845292,-1.1380355228853836,0.9889311430751371
-1.7623147747192902,-0.08864449364686888,3.772281384597877,0.9666449640772274,0.22606262585878653,0.12038771787007878,-0.1837537069706166,0.2846944541977615,0.9408419861611168,0.17841549427864187,-0.9315818573474197,0.31673830596004454,-0.02616333288864614,-1.008815875811632,1.034326350943951
-1.4028820629635228,0.1578590397900813,3.1879643707143224,0.9669705133727722,0.235626641572918,0.09720139941721312,-0.16541156472165477,0.28996139877277904,0.9426353491557947,0.19392534781180804,-0.9275788230672369,0.3193594941022861,0.04738710535850976,-0.8429784716667549,0.9959219903866786
-1.0588402895321827,0.45616395856219316,2.6266575971488884,0.9673119109239284,0.2425665964530741,0.0739534534005619,-0.14649157092146062,0.29645389707958736,0.9437453610774931,0.20699731069185462,-0.923729686213178,0.3222973474523841,0.08991498893378624,-0.667452048175689,0.9637031539927231
-0.8064491088295844,0.664616563833878,2.2892928256069442,0.9677371439335126,0.24590135483973327,0.05493035535467951,-0.13067382766927743,0.30342124380194857,0.9438537490373909,0.215427878914656,-0.9205802911738126,0.3257648791516209,0.17008419833440994,-0.5103969399712387,0.9490466272469033
-0.582701732288558,0.6701258596905523,2.179078953894106,0.9682751438447581,0.2474953062421228,0.03448650751425468,-0.11395518564014856,0.31451215186774123,0.9423886257766706,0.22239033584697904,-0.9164213985474369,0.3327376726585481,0.344791997998232,-0.3973207244395377,0.9274261889305744
-0.22866851076089303,0.6094306757131841,2.044249665204567,0.9691460469888581,0.2458982746694289,0.017028743948629275,-0.09941470111721494,0.32673057408259326,0.9398743794579323,0.22554967702846457,-0.9125684470078157,0.34109554778404555,0.43830607840982305,-0.21136153490279175,0.851942487568467
0.24412517636177078,0.6620839875414122,1.7749632647009048,0.9705463604547102,0.24089554639171992,0.003016278626104086,-0.08638357957502175,0.3362894772210377,0.9377884967785681,0.22489472956901732,-0.9104277693694515,0.3471939477770927,0.32041386878309586,0.0026163727909266077,0.737118863471018
0.6713510630639106,0.7217500616807663,1.6180607583217956,0.9726006985573458,0.23236995729020388,-0.007216932500133531,-0.07463519025169388,0.34148953581779784,0.9369175445593053,0.2201759967431875,-0.9107080211988323,0.3494759370575463,0.12139608039599664,0.2331659813838462,0.633372015334596
0.9757337738817582,0.6959945842084743,1.7047432101428743,0.97521029315329,0.22088663997940602,-0.013190011617958894,-0.0647344914100803,0.3417860830171252,0.9375455823999644,0.21159945592971605,-0.9134502535630596,0.3476122905131939,-0.1110202457308006,0.4766407313714937,0.5164504664513168
1.1882873902556363,0.6631283723120978,1.9275150680930102,0.9790276059928438,0.2030899060364787,-0.016107041007419998,-0.05451553215754989,0.33733668873957584,0.9398042430122334,0.1962982512848741,-0.9192162142261807,0.3413334850936657,-0.3089175698059043,0.7158970233265987,0.401046038350131
1.3336430901796326,0.7187062161432466,2.142095461836636,0.982955817452561,0.18322149030556695,-0.015091269872809189,-0.046517525969275504,0.32729489983211296,0.9437765457573017,0.17785944089045339,-0.9269886374892051,0.3302394362459475,-0.588443908647862,0.9442835706510839,0.2842294933401819
1.3713610059553905,0.8551586545984624,2.2732707866365374,0.9859500573780023,0.16659149934910183,-0.012237512040090662,-0.041607973606879116,0.3158813606454164,0.9478859332900395,0.16177534079284892,-0.9340590122371376,0.31837478036103783,-0.8499993845661341,1.1239754046811548,0.18484801707383486
1.3070001059927348,1.020393001880477,2.244587095638098,0.9899777507953349,0.14110494420853203,-0.005783394342082904,-0.0365683052154109,0.29568455546927286,0.9545854611875306,0.13640678862828465,-0.9448068788788766,0.29788109983561056,-1.0491761835899973,1.2775508702354412,0.08722108840099446
1.1318760917136574,1.2071431172856253,1.9984328762696943,0.9932648729946155,0.11584250031186741,0.002325337929109858,-0.03393174123200006,0.2716333889553779,0.9618024427820822,0.11078596035578765,-0.9554034839407431,0.2737346413261109,-1.3145704261754045,1.3919725769638305,-0.025414044431164767
0.8776300954666114,1.5217458642441999,1.5152852592689823,0.9962151977099027,0.08594134845264496,0.013014010832935984,-0.03298438708466297,0.2352543506479315,0.9713739860166467,0.08041958754226387,-0.9681267867006674,0.23719868214678408,-1.769518718735705,1.4982082538626722,-0.1251819251025219
0.6029856133838047,1.9192787297975715,0.8927326938885344,0.9979738645720633,0.05972370234887435,0.021937297209170585,-0.033179830468791464,0.19432496063123395,0.980375901644737,0.0542887141233119,-0.9791174031000628,0.19591285426287108,-2.1552620510390748,1.422377777119754,-0.155692548407256
0.45853441256816463,2.1415521282600314,0.13404439838047766,0.9989400444988912,0.03493612452754239,0.02997089754326216,-0.03482854125732557,0.1479548468340127,0.9883806635159401,0.03009585038571668,-0.9883768666360612,0.14901479553467414,-2.2637416804565995,1.245100851147673,-0.17525800266018332
0.406976587225566,2.022433997109643,-0.6250136953691849,0.9992020970023967,0.014153990894155059,0.037347474985341036,-0.03859236103673506,0.10133657833476012,0.9941033787091828,0.010285864845641111,-0.9947515078818274,0.10180195750183813,-2.4219356235596567,1.1129803107942586,-0.24350000617543122
0.24130154159023937,1.712507159663958,-1.1339195952706567,0.9989834358952647,-0.005252582665757363,0.04477170068503536,-0.04448675047422517,0.045560572559509606,0.9979705222401578,-0.007281746983728595,-0.9989477687063458,0.04528058698245794,-2.7213213155293636,0.9687562066752493,-0.29117100662837
-0.025994402973630565,1.4881420471546538,-1.4519905165540834,0.9985229322176933,-0.01995164203508547,0.05053598535185803,-0.05081096563867245,-0.013524447185762782,0.9986167108050941,-0.019240571879365936,-0.9997094684499199,-0.014518232858430659,-3.1262059114434155,0.7815075923652205,-0.2929044348646149
-0.272830820760741,1.210831309283432,-1.4199292443992995,0.9970500148485844,-0.04624751480585673,0.06125712419563446,-0.0677003295097431,-0.15384629066367703,0.9857727852975549,-0.03616536014903668,-0.9870118977111207,-0.15652341838198158,-3.5371221910661794,0.633496039273089,-0.32434417014954164
-0.1718643502132954,1.1003199592206607,-1.0282553773188277,0.9961799998440273,-0.05734302911782632,0.06585730728131507,-0.0772968961412842,-0.22816946677370809,0.970548239027368,-0.040627549245271455,-0.9719313100439725,-0.2317302975411911,-3.6923468730645546,0.48545448172059685,-0.32412322015594575
0.1317773870357379,0.7908161231612785,-0.8002116268600254,0.9959732402196962,-0.059029435122204654,0.06747466602683135,-0.08179467133587273,-0.2902077176333468,0.9534616470352124,-0.036700633609456336,-0.9551413541540309,-0.29386741411300954,-3.3194998854839874,0.06222058840884977,-0.10351236640901348
0.6063779649698985,0.19011814764110496,-0.6926291281642204,0.9958398886294029,-0.05785208988792397,0.07039923231241797,-0.08614208056249824,-0.345839208900913,0.9343311958524956,-0.029706197517391758,-0.93650861036212,-0.34938397866339993,-2.8391451999674464,-0.0987788213719172,-0.11552560868111286
1.0414721676342769,-0.46066974357557827,-0.40581136254040073,0.9955483614507586,-0.056654875174932916,0.07532386827309309,-0.09158200983376029,-0.3925944345580942,0.9151406151126826,-0.022275445843316928,-0.9179650511173735,-0.39603531337439835,-2.4688906199317278,-0.1432177777323936,-0.20170816679165066
1.079906368492514,-0.6635448067219684,0.3934255763478728,0.9950184653367907,-0.05654519052798349,0.08210295406970283,-0.09870055979384701,-0.4429823055379386,0.8910807351057891,-0.014016174057099918,-0.8947453930635494,-0.44635661578647406,-2.2597753963391978,-0.11898849734028241,-0.24753656458729217
0.9293995601702043,-0.5434784822774696,1.0932307033520527,0.994659630418018,-0.05621374658347542,0.08655769354448242,-0.10288802913239178,-0.47390903355311276,0.8745423268075746,-0.008140827841431691,-0.8787776980623725,-0.47716190576182016,-1.9360341201193205,-0.12942377193662827,-0.21048542119947625
0.7879642583967039,-0.475578809951991,1.2072947005234762,0.9943195274499962,-0.05544623182158253,0.0908536884688961,-0.10640399536587972,-0.49680150979424753,0.8613166953196332,-0.00262051555876787,-0.8660912049218272,-0.49987914304885944,-1.4161518559471227,-0.14810640064941621,-0.1815793204619417
0.7862259996729196,-0.5936283394920545,1.0338797968933766,0.9938248534907514,-0.05494852096128342,0.0963992771147872,-0.110931812444766,-0.5116677063886038,0.8519919549072894,0.002508699225774621,-0.8574245262897442,-0.5146036223589967,-0.8202999740006172,-0.15160149805726342,-0.21293802928416916
0.758953506566291,-0.8356075818212183,0.8473923054329472,0.9933955229414634,-0.05371846362169004,0.10138866635862917,-0.11455278896980395,-0.5148185378506241,0.8496114003617095,0.006556945866470661,-0.8556145158606591,-0.5175720304551171,-0.1896456549587703,-0.17604703895832008,-0.1775788217440381
0.6292439190955845,-1.2236592179868357,0.5139868127367535,0.9930353993009821,-0.05199510600093241,0.10572229985717649,-0.11741246244049691,-0.5109873486836147,0.8515317041361107,0.009747276481041022,-0.8580142413953519,-0.5135333992682067,0.21755913380334524,-0.18807494275887726,-0.14402417571581355
0.44490998570761725,-1.607714201854391,0.06490926150494225,0.9924642946681477,-0.05051690501457438,0.11163631181924828,-0.12185146769299736,-0.5029200964401855,0.8557006464983282,0.012916796426297027,-0.8628553870170497,-0.5052857978072782,0.4456098712446768,-0.2097694913479165,-0.21349542633924717
0.15314952661312492,-1.6618330997943942,-0.2862016141467085,0.991754719337991,-0.04992737282790525,0.11802471823023326,-0.1272373154920983,-0.4933909693806945,0.8604510543197346,0.01527226954931258,-0.868373542190273,-0.49567544725024476,0.5551577300369852,-0.19284755599606265,-0.2737120407546629
-0.26753894344694384,-1.4092284464158498,-0.5556388744653173,0.9910524029896197,-0.048476215480781196,0.12435912134283066,-0.13223023584728502,-0.48345337018461837,0.8653253744025456,0.018174137015863893,-0.8740268276144589,-0.4855376456609027,0.5383889714966711,-0.21200360193118473,-0.2344689172861827
-0.689395691627188,-1.0839585443910167,-0.8302283688031402,0.9904706503313745,-0.04590855412950924,0.1298472005469567,-0.13600566777221268,-0.4745066145668512,0.869681511282228,0.0216875348063858,-0.8790539672796224,-0.47622869867740764,0.536859751252042,-0.2628137882258743,-0.19352092177481467
-0.8250976266095404,-0.9660233347870463,-1.2805934802385064,0.989632353899258,-0.04235261115355048,0.13723724146269267,-0.1411305704384193,-0.46403342961731886,0.8745027948985156,0.0266451910021234,-0.8848046295799229,-0.46519974341178905,0.5406639023045388,-0.30845270949939885,-0.22743680653077708
-0.8011578643139605,-0.8623835488445923,-1.6240863418351026,0.988662858035766,-0.03831227909803925,0.1451823763783474,-0.14664384766443134,-0.45416802668546563,0.8787644653027347,0.032269723933142924,-0.8900918900916599,-0.4546373193110455,0.5477252393321366,-0.36598691059713795,-0.26433660600535525
-0.6302422911689378,-0.729744183852729,-1.6146852500470739,0.9875169776891497,-0.03276033388465971,0.15406809955163414,-0.15249145332225042,-0.4438424919263738,0.8830346533541334,0.03945345915575168,-0.8955057804862857,-0.4432976671225465,0.5639801385206195,-0.4467529897685173,-0.2736990566992652
-0.4427080484596374,-0.6522098903491294,-1.3996549649599224,0.9863437946484924,-0.02632933573874649,0.16258131761665587,-0.1577575725724632,-0.4346045580083128,0.8866969191637258,0.04731244080002188,-0.9002364379639134,-0.4328231610110394,0.5315160491207614,-0.5014522394328267,-0.25666705532320677
-0.20191920570668848,-0.6593083045453302,-1.2413059678271834,0.9849294683643213,-0.01817284445146899,0.17199909904449232,-0.16331333338019044,-0.4251387308603518,0.8902728877499866,0.056944687968458724,-0.904945748234109,-0.421699531971737,0.47387697136499657,-0.5241081829300822,-0.23271859686206026
0.15297193495353895,-0.6759586469307932,-1.1246461426010113,0.9838584734548195,-0.01221407941448895,0.17853100704137587,-0.16712639665022544,-0.4193217709533308,0.8923217020488037,0.0639630499105752,-0.9077555115055036,-0.4145945725374581,0.39853713434432425,-0.5136814658761064,-0.21826584330271104
0.6049353905854522,-0.6268827531974386,-0.8660750556405329,0.9825670619934258,-0.005321702543453663,0.1858323119579731,-0.17141220586664593,-0.41290585043375166,0.8944979677771834,0.07197099669684308,-0.910758166671932,-0.4066198931125271,0.36314312346036315,-0.48390856163052043,-0.20042248336740465
1.6958760103176098,-0.44953818182557026,0.1231457616511688,0.9806592582195636,0.005338278269346169,0.19564999885860881,-0.17689901788484746,-0.4035700069618541,0.8976847926483914,0.08375056262277285,-0.9149331955208136,-0.3948203274838318,0.2569382622035999,-0.3470662117076983,-0.12004680682800328
2.289801276586084,-0.41535270892897913,0.6255241389392705,0.9800118588524502,0.008785348286100484,0.19874499783404964,-0.17860150418292986,-0.4011812190605258,0.8984181276981812,0.08762567667162034,-0.9159565749142269,-0.39159327580952874,0.13592682460278255,-0.229638338879178,-0.07818019841886488
2.853910579433195,-0.3515524002102289,1.124747813514626,0.9796962455610136,0.010174782229754264,0.20022921924691767,-0.17946720964978313,-0.40067618426658275,0.8984709878577563,0.08936882618773676,-0.9161632328183379,-0.3907149136361151,0.02710445966966107,-0.09106741511000063,-0.0403195656678733
3.3526764365086925,-0.20040235501197823,1.6587037666134217,0.9797445982801292,0.009178736618535795,0.2000406782006972,-0.17962728325600402,-0.40126301816354665,0.8981770590280898,0.08851305695192437,-0.9159168854477837,-0.39148652301280545,-0.026361340836739956,0.04090631822754852,-0.009141090912745037
3.75780055154891,0.010685635038961139,2.1600632511671667,0.9801359311053938,0.006006519682613063,0.1982359157102072,-0.1791422303184466,-0.40206820626114986,0.8979138148121312,0.08509769604809868,-0.9155900170028306,-0.39300547437925193,-0.040266422260205735,0.16635663135900483,0.01901239774213216
4.041396957436212,0.18911336714721294,2.547103231459846,0.9806120255975924,0.0018175489445443165,0.195950891218234,-0.17857035518713077,-0.4035203582213821,0.8973761467462958,0.08070119888655876,-0.9149688612279226,-0.39537235548473754,-0.09493750769496458,0.28534150468760416,0.026835110227871453
4.190617547561755,0.2613640763403208,2.814716440300303,0.9812597267933484,-0.006068222299109146,0.19259419838502687,-0.17837352737269754,-0.40666932229950914,0.8959927159486731,0.07288506915729692,-0.9135552741780798,-0.40013063831122553,-0.15538118429279307,0.387715037780507,-0.003112470774904952
4.172440986602317,0.22723488104276013,3.055357082465032,0.9817110711182526,-0.014448219460684655,0.18982787413409044,-0.17903296936536614,-0.4091184202320802,0.8947453906598385,0.0647346022160638,-0.912366903817331,-0.404222790172331,-0.14111304503490227,0.46095349215647746,-0.04510939852803847
4.044074114615973,0.1849494096581321,3.3268088254916894,0.9820494080260558,-0.025143680060274388,0.18694051339583664,-0.18063614722843305,-0.4107205453649212,0.8936885452603774,0.05430969075717732,-0.9114145209333502,-0.4078897259329912,-0.08440648523521058,0.5147916171236249,-0.08190576555450452
3.865855707594605,0.2077100159763492,3.571107258233911,0.9819975421254749,-0.03594871967641538,0.18544141072897294,-0.18367608867052446,-0.4108691114276763,0.8930003738662876,0.044089927537054485,-0.9109853252540668,-0.4100753777801323,-0.014032227352642103,0.5489899101949501,-0.1632297489924454
3.581547796934612,0.28417336501651147,3.627094317592048,0.9813524318935721,-0.04882913467483451,0.18591159195563214,-0.18942866017155532,-0.40982419163477585,0.8922784961302788,0.032621881033746976,-0.9108566558783051,-0.4114316046683943,0.043077423232251555,0.5662789775091889,-0.2864786075985875
3.1144432716552215,0.39695624962730136,3.549755735465133,0.9803492249604,-0.06028833700150731,0.1878316095366655,-0.19594770557265265,-0.40765360444568094,0.891864919964485,0.022801179801814113,-0.9111442559792805,-0.41145625647887235,0.1216827760629184,0.5889535485931061,-0.4033813709889332
2.5620226341644323,0.5200423480919327,3.506954181119731,0.9784204009350359,-0.0749514747316635,0.19255076076108082,-0.2063411451908923,-0.4031820165724609,0.8915534719319278,0.010809756492781208,-0.9120452499454796,-0.40994708343450054,0.21438575713504,0.5925729034590199,-0.5480903243248323
1.5111939726947001,0.6317309098207469,3.8425405314422525,0.9703394596926144,-0.11235426088199009,0.2140510523802805,-0.24110276593403523,-0.3852050902747653,0.8907785890362249,-0.01762921502511268,-0.915965915571137,-0.4008686222311818,0.39954999217182147,0.6367870023186822,-0.8918918978119853
0.9708002350309367,0.6543702200798763,4.119201788952507,0.9640012247021889,-0.13515512438092886,0.22898631209365816,-0.26356431496142096,-0.3718577430958738,0.8900874511971055,-0.035149546961453754,-0.9183980135285672,-0.3940933875303988,0.5212370420408314,0.6939443292919691,-1.0782208637071105
0.3448634568221668,0.7546873336934767,4.328088117615873,0.9567341942194122,-0.15807778313182388,0.24427667938519781,-0.28606844301925394,-0.3576926002537863,0.8889436706744834,-0.053146284158636745,-0.920362655806836,-0.38743780697850805,0.5212370420408314,0.6939443292919691,-1.0782208637071105
-0.3335299025993156,0.8447222258728733,4.373580999676004,0.9477837127899473,-0.1829257193854502,0.2612359373390588,-0.31005058970659677,-0.33675365972575905,0.8890813261360846,-0.0746636832247964,-0.9236531566819995,-0.3758858610784442,0.921044784871385,0.8788540933915998,-1.3626461979458386
-1.132000365498626,0.8106618907851744,4.072784336068008,0.9377353329562403,-0.2078313076492721,0.27831383883350325,-0.33340926801617454,-0.31383517859996074,0.8890139147808931,-0.09742025111015859,-0.9264521726640418,-0.363587219852003,1.0827328364220503,0.993655219062555,-1.4980371197995521
-2.0955108158228177,0.7284157535763444,3.431392349740206,0.9226056935701881,-0.2421203696191812,0.30029395732738595,-0.36294645500308576,-0.2812060566138726,0.8883653665718674,-0.13064687134625141,-0.928601572440595,-0.3473190387356976,1.168381246187785,1.1267903432164381,-1.5336920704177461
-3.190375455473106,0.7456393616044834,2.660983514985817,0.910972600715438,-0.2670831919317147,0.31431749765693384,-0.38157584340263534,-0.2563474493354028,0.8880798730693094,-0.15661671838382193,-0.9289523958776355,-0.33543799682785225,1.2494657295776128,1.2343092376754523,-1.4451212204106687
-4.320281562639385,0.7706807408778775,1.9359332372733733,0.8965517177505602,-0.2965178082364216,0.3290474233255551,-0.4004552280271242,-0.22514903666828803,0.8882249273878132,-0.18928979831005818,-0.9281083453379836,-0.3205998620862562,1.2940524922942782,1.2559800003466903,-1.296893624496331
-5.585334438814128,0.7706285695704547,1.1143486349636285,0.8829129559838639,-0.3238333296496512,0.3399951275589911,-0.41380650079110365,-0.19448671633205306,0.8893475682057034,-0.2218758483000277,-0.9259086843627696,-0.30571917859818165,1.3013698434620713,1.2346907346635259,-1.0505650747338413
-6.965967148090244,0.8451717035092645,0.12933899970673934,0.871107516496434,-0.3482478972262729,0.34625871365337907,-0.420894153369631,-0.1661562071063564,0.8917624271628019,-0.2530213555466719,-0.9225592213606171,-0.291315424788691,1.2773978570262576,1.1900950996842379,-0.755011742728941
-8.279116883655696,1.1594321831992613,-0.9410937439820177,0.8611745009910695,-0.3719680998278367,0.346436446629464,-0.4203734680355491,-0.13800210746162095,0.8967951637402582,-0.2857702332548764,-0.9179298181487618,-0.2752094161521977,1.2218783964049407,1.0875446534142041,-0.3533149627008279
-9.45420341266689,1.4682423205858872,-1.9349718793682258,0.8567128437900126,-0.38676511385915124,0.34125628197404045,-0.41329679597438324,-0.11891169072263955,0.902798852594969,-0.30859173955654956,-0.9144795003229982,-0.26172195507152496,1.1866189798994793,0.9106426468861087,0.050392478267806795
-10.35232946703064,1.6084829926598776,-2.545159739959536,0.8557875951786109,-0.3997820895736871,0.32833195518332503,-0.39673656948638597,-0.09986592313884933,0.912483913188501,-0.33200555171650803,-0.911153707258946,-0.2440721929628508,1.0904260684729623,0.6700311673110779,0.43081206127758165
-10.986969015306196,1.5879741687784819,-2.898886138624729,0.8584851381649174,-0.4043947048379846,0.3153857800360703,-0.38085002919793465,-0.0908729775198353,0.9201605062251978,-0.3434479914192161,-0.9100588028559902,-0.23202683580660907,0.9828748548173281,0.4071037593437856,0.7969294732893719
-11.398913502151679,1.4377555806511317,-3.0376221904568643,0.8660390982395818,-0.40494040325206593,0.2932567989568607,-0.3544042932802273,-0.08347031426411686,0.9313593847388841,-0.35266680765974195,-0.9105251102801629,-0.2158011731302282,0.8912531001639235,0.13633993125757318,1.1214129756366296
-11.55846634653674,1.1377214162133162,-3.0057013548107516,0.8763993410210433,-0.4006278449487653,0.2672480587573787,-0.32344475963589564,-0.07851718644976712,0.9429838486931209,-0.3568020214656265,-0.9128704077160786,-0.19839338747630178,0.8559238815566753,-0.10614676502264804,1.3497064805887524
-11.452695049157448,0.5857367363654069,-2.791875473480817,0.8876365078266039,-0.39294472898761845,0.24019964599107296,-0.29121626487854263,-0.07484457402684394,0.953725000620688,-0.3567835717120122,-0.9165111727085417,-0.18086667259844216,0.8381270741490442,-0.2930745437407215,1.4730635736669175
-10.976740024891251,-0.14018029908374796,-2.5138846705479505,0.8987479535551244,-0.38341746650717184,0.21270440135948288,-0.2584441431948304,-0.07135682957301374,0.9633871639800784,-0.35420155396153274,-0.9208144488714913,-0.16322380316830568,0.8313678338517161,-0.4012696440723822,1.5153881248540813
-10.09305706454646,-0.8860495479310486,-2.330341295789631,0.9094450879664435,-0.3729757096747916,0.1838443688729453,-0.22442871951721158,-0.06807043133249394,0.9721101615733031,-0.3500591119076478,-0.9253407677017114,-0.14561278034442965,0.7813823111733396,-0.42745177957877456,1.4922120079093624
-8.971070757561384,-1.5606701771978657,-2.3708832305112155,0.9192860174531795,-0.3622524097477574,0.15390389776420058,-0.18980712373745026,-0.06547156767367832,0.9796360189401305,-0.3447991790790505,-0.9297777505717657,-0.1289451846643334,0.6969023902311494,-0.4168779320628792,1.4400967120337216
-7.796604002810365,-2.266721224205129,-2.6030946272240794,0.9266187056750921,-0.35323972096780754,0.12883894529062587,-0.16061961952108061,-0.06205002638661361,0.9850640243407148,-0.339969281138633,-0.9334728136137682,-0.11423394471905035,0.6672307669396232,-0.37887927746175853,1.2766202098757893
-6.528983192027493,-2.8771750508857203,-3.0156094315976407,0.9317005089861817,-0.3460298485011658,0.1104423175288737,-0.1387321858249192,-0.05800153956804793,0.9886299621314221,-0.33568965156991143,-0.9364289430351859,-0.10204554118076396,0.6255522082978762,-0.34986928659948624,1.046540934784665
-5.251156645865288,-3.346759495179741,-3.768509332437552,0.9358606833950966,-0.3394850462710356,0.09441760764610571,-0.11940261634793546,-0.053427701573798565,0.9914073309764305,-0.3315234478653494,-0.9390928516727688,-0.09053628804284516,0.5349827183688467,-0.29081317873103324,0.8150518720954189
-3.9661199507653686,-3.6776825065099876,-4.825694150409187,0.9387603420561295,-0.334613659740245,0.08223575194461834,-0.1052756398220974,-0.0512788934704497,0.9931200907969263,-0.3280945897796936,-0.9409591775415579,-0.08336525869694626,0.3502340655337624,-0.22960637891278107,0.6498037037142793
-1.1694807611516096,-3.9765647458679103,-6.740467256913739,0.9427027903056142,-0.32717658705775177,0.0653217424082427,-0.08694361843962908,-0.05188614029634272,0.9948611137529567,-0.32210597070317054,-0.9435376565492175,-0.0773591255830793,0.1503091285655736,-0.18844831926672964,0.4779152958171861
0.22082883551950427,-3.7051545055993746,-7.4680930472034905,0.9448509831321362,-0.32200824373682896,0.059726967441491786,-0.08115875135109368,-0.05353565632905981,0.9952623727342199,-0.31728516629897086,-0.9452219974518892,-0.07671700450157518,0.014411037575014246,-0.2295048845397562,0.2689795015456627
1.4127512515608247,-3.194475729576742,-8.170645652008039,0.9469201593205987,-0.3154142546937895,0.06209718035637281,-0.08477468563183435,-0.05868032432616913,0.9946707355768544,-0.31008944604464433,-0.9471380403473068,-0.08230472634538498,-0.3428293021459226,-0.40106437476462015,-0.10295678078121989
2.4333691126143937,-2.598861346268782,-8.711558099282499,0.9496065154284643,-0.30593620594898346,0.06819460202501045,-0.09305706441986196,-0.06741511243279019,0.993375853027057,-0.2993122927936075,-0.9496621717775301,-0.09248735522988193,-0.5270842687955355,-0.49906798690325094,-0.25215694723566207
3.368847838289473,-1.9741496912840544,-8.943050510113878,0.9524187276138988,-0.2949145813965248,0.07696724608580739,-0.10406334909560985,-0.07729022598289123,0.9915629280799682,-0.28647755001976355,-0.9523925717093901,-0.10430245772486738,-0.6580191485701523,-0.6258814951013533,-0.3925392607615993
4.285224684461623,-1.3862658428901895,-8.972278068566643,0.9556739141071581,-0.28082215958701434,0.08846629064218955,-0.11836477841574986,-0.09132490938014316,0.9887616194802973,-0.26958699732311564,-0.9554049798967942,-0.12051628629655148,-0.8487373785039646,-0.750875055409439,-0.4722040909855344
5.191275824834149,-0.9257779686314986,-8.907570218504269,0.95868088124845,-0.26619302791200067,0.10036054912033295,-0.13345287757613036,-0.1092518687516926,0.9850149027506713,-0.2512395219613039,-0.9577083590870987,-0.14026190337847158,-1.0544355107170398,-0.7983152447610448,-0.4836854371436648
6.122535762059586,-0.6155814003258464,-8.52498305278166,0.9614247637914196,-0.25062873268097174,0.11334752720435382,-0.14962426713809748,-0.13073057540394642,0.9800622915600525,-0.23081378263006563,-0.9592156978538678,-0.16318775302919536,-1.2287193209702743,-0.8544845109110718,-0.5114498053744019
6.938632319148794,-0.28003377510087946,-7.6555844447187305,0.9635958164813114,-0.23488428824135352,0.12772029438216345,-0.16605580143989265,-0.1513785335263339,0.9744280426976497,-0.20954372638632937,-0.960163481249297,-0.18487162034060722,-1.2643793930973524,-0.9368165565788242,-0.5946528282082795
