-0.10211371294139023,0.008146589807104341,-0.13186913943595577,0.9999947329622311,0.0032423757179356268,-0.00014507756537020385,-0.0032416858970150436,0.9999845024920563,0.004526173688640076,0.0001597508726927384,-0.004525679553214674,0.999989746299551,-0.18606445,-0.006265870000000001,-0.13328247
-0.16199108420050992,0.10764853914275392,-0.20774599024219145,0.999981205293768,0.006126284312472382,-0.0002402077137180573,-0.006124133825647655,0.9999483281273291,0.008113942336803022,0.0002899036193859933,-0.008112318773455654,0.9999670525772383,-0.21101737224350398,-0.0066679587072605954,-0.16960546263096649
-0.24855907108091393,0.218832739093721,-0.2915365486837027,0.9999388389916278,0.011040706333353094,-0.0006489065695929198,-0.011030996575185336,0.9998489297636252,0.013432600831253517,0.0007971139401951662,-0.013424621193694818,0.9999095679886116,-0.2311591304158206,-0.020070046318979167,-0.21347026230267221
-0.35339973561255195,0.3343536266543763,-0.37006611432822734,0.9998647469270752,0.01637981089557288,-0.0014797457487931338,-0.01634942831082332,0.9996928278116737,0.018626492310916665,0.0017843896337539954,-0.01859978002355567,0.9998254168287133,-0.2620980704123467,-0.0462848393050022,-0.26900504805641473
-0.4561865204501747,0.45495278810523,-0.44099882280321084,0.9997273012000715,0.02315539969859651,-0.0030250123999427704,-0.023073452922600015,0.9994266040610378,0.02478061470687162,0.00359708290843184,-0.024704059581779222,0.9996883366503432,-0.3040194889178025,-0.08377287813843246,-0.3338000325440246
-0.5333995718845344,0.5687901668100631,-0.49886631418477856,0.9995046759876286,0.031013544105746457,-0.005344413987198711,-0.030828644223691,0.99901978145458,0.03176587725488767,0.006324347728796247,-0.031585381815713826,0.9994810484853432,-0.35669668608422805,-0.1302973112499886,-0.39962758370234797
-0.5703075628644052,0.6611314954138817,-0.5230302429656739,0.9991329021141045,0.040709819718155564,-0.008726654087480586,-0.040319353030181096,0.9983442297857007,0.041026194374130937,0.010382373730264939,-0.04063876760079739,0.9991199612076689,-0.44315703921112387,-0.17984257619014538,-0.4612064412596879
-0.5762985718283873,0.742784945271644,-0.5069430895063131,0.9986189483319581,0.05098997639974684,-0.012657738310110314,-0.050266832278433704,0.9973783673261786,0.0520541829487161,0.015278795929843051,-0.051346029023867576,0.9985640408598813,-0.5643524379611117,-0.2274513771877211,-0.5213232888158496
-0.5712342151122752,0.797813313175029,-0.47755015088746827,0.9978614819543166,0.06297846156800978,-0.01749789160047275,-0.061687991384139516,0.995880247064785,0.0664614566886224,0.021611444906010024,-0.06523991787786078,0.997635553979691,-0.6968944224083264,-0.27099266573706243,-0.57210252127309
-0.5723037984062573,0.7828597925453168,-0.448697998596286,0.9969020739151632,0.0753059726631488,-0.022699460454023376,-0.07320133149212138,0.9939011401617919,0.0824747758582658,0.028771862842493223,-0.08055764436940613,0.9963346053621873,-0.808984563177872,-0.31239466789348763,-0.6106979217737317
-0.5675832543374677,0.6984137771994169,-0.4082349431185547,0.9956241262850885,0.08896764346949373,-0.02858946614645282,-0.08565195625586552,0.9911400441065638,0.10151431109938297,0.037367653774319554,-0.09862135359000126,0.9944231931463983,-0.9129797772548023,-0.34643972410879476,-0.6375366030008953
-0.5334685468421593,0.6104205762378093,-0.3368719500855692,0.9943881109848346,0.10037701277208638,-0.03341766058485437,-0.09573754812202301,0.9882084939412401,0.11949181721762157,0.04501784770061147,-0.1156219175128079,0.9922726266400109,-1.0641332357553925,-0.3637214139344543,-0.6514384789252651
-0.4551098930444396,0.5585364380963134,-0.24380889090764152,0.9924198482501912,0.11633241424408479,-0.039618356795934354,-0.10922458600397532,0.9827064697337216,0.14952586450425978,0.0563279203532981,-0.1440651371416024,0.9879637653522746,-1.2767968292378986,-0.35646344475952246,-0.6472732604386693
-0.3556638873674779,0.5299404435465358,-0.13045262110628142,0.9906938942748118,0.1288551184433191,-0.04384023605737063,-0.11922423825186092,0.9769299507216014,0.17718197537095207,0.06565964407359573,-0.17030628242683052,0.9832011906553418,-1.485108817363406,-0.336019491620314,-0.634749560687255
-0.2530483790454254,0.46697066636208223,-0.0032892846826700073,0.9886457898246082,0.1425558008776989,-0.0475115343700289,-0.12952141391951721,0.9687507956299038,0.21153273813458998,0.07618205561919206,-0.20297718985774185,0.976215424380853,-1.6727317437456957,-0.30585845041385357,-0.6248954902797905
-0.17267592436970908,0.3101376087675478,0.11608810417813939,0.9869423414799887,0.15326889880437017,-0.04953240609230409,-0.13711329699484193,0.9607933048194054,0.24098997738787625,0.08452667260221158,-0.23105166104899694,0.9692627979785968,-1.8032722334941202,-0.26818297994577733,-0.6121065757695179
-0.11908276582871237,0.06792804104292788,0.18022961967963572,0.984790084659005,0.1661699302119495,-0.05075473820901439,-0.14586422683670724,0.949402839800735,0.27813283716172255,0.0944040067297961,-0.26649915960778464,0.9592007513767415,-1.837864714769,-0.22233054763208446,-0.5974441905289674
-0.07978149573538723,-0.16999091692085527,0.19750524093578511,0.9825995439337099,0.17870457044229074,-0.05062423099960722,-0.1539871233413469,0.9361958418837857,0.315951438491054,0.1038561606565642,-0.3026582596635119,0.9474238099980031,-1.8295025186727962,-0.17165657428510722,-0.5715044849347518
-0.038231244914346846,-0.2541012128416052,0.17001753625619825,0.980640584142332,0.18959533027320657,-0.048965860265898886,-0.1606978388926979,0.922091239202218,0.35202833857764065,0.11189391988934136,-0.3373445676531803,0.9347076512828417,-1.8811736794856357,-0.10645668959971269,-0.5473595356292873
-0.0037024105469128828,-0.12300684413533582,0.04627156511224974,0.9789125776222536,0.19910295541180348,-0.0456965919871589,-0.16600163931226758,0.9056941101279596,0.39007901074674955,0.11905301809948085,-0.37426754070558704,0.9196467728729311,-2.0476588625009526,-0.027868308295702,-0.5148938738274137
0.004038615631036916,0.08331200204984966,-0.16503200215391334,0.9774953923489792,0.20697014747071152,-0.04081808413518893,-0.169417755747945,0.8854759657068755,0.43270074900883354,0.12569957030095652,-0.41604768021397226,0.9006130944055429,-2.2980208775111803,0.057391031842604356,-0.460489409451789
-0.023740277327383902,0.09627290318737539,-0.3440955779743218,0.9764953780203884,0.21265061869861046,-0.035163774995258086,-0.17071829750858306,0.8626671812172069,0.47608885446577043,0.1315752241137742,-0.45889546611168064,0.8786938668168531,-2.4439972081506123,0.12200439141468303,-0.38895423283532804
-0.09042126256256686,-0.21250114815852217,-0.37271574098243887,0.9758010531883554,0.2166902240441504,-0.029285685926619287,-0.17042521409645314,0.8376046247952555,0.519012272419234,0.13699471156462512,-0.5014617027503644,0.8542649528559806,-2.3858282902396066,0.1482009979652308,-0.31367820231378346
-0.13000230457584722,-0.631903505956311,-0.268406836839939,0.9755389845285455,0.2185120271530452,-0.024003825830095166,-0.16836072473947808,0.8128884057917941,0.5575545767855135,0.14134481253379075,-0.5398749241433076,0.8297931731769345,-2.318999475223684,0.17604526098197917,-0.22325473801620763
-0.05682575825042541,-0.9388842445679668,-0.1758712894385175,0.9759696315695223,0.21714051380507987,-0.01825583519089279,-0.16366212996836416,0.785752928804011,0.5964956345943673,0.14386794454731547,-0.5791738358562001,0.8024086754212884,-2.346992296747407,0.2719721628220656,-0.10588494494237366
0.08090340175484276,-1.1074694581151907,-0.13672695346680613,0.9772638514891742,0.21173277582856648,-0.011162267353706777,-0.15633041324783878,0.755116179675215,0.6366791633833074,0.14323465525600154,-0.6204585295026883,0.7710480184145839,-2.431867790445166,0.4292799358408786,-2.029556376986763e-05
0.14739232326738946,-1.142374162798237,-0.07131275692860578,0.9792682891598623,0.20254106524147972,-0.0032763908135883518,-0.14703661897934822,0.7218484790269418,0.6762506976008323,0.139333594387853,-0.6617491142550453,0.736664278526945,-2.556250183459232,0.5904809978755252,0.09329891600792135
0.08473240224653028,-1.0919196232362505,0.077508992486153,0.9817365309525454,0.19018197064923834,0.004919535875929467,-0.1366071097748576,0.6867093382197876,0.7139809397740957,0.1324080109065247,-0.7016132145575034,0.700147852818292,-2.607361646922401,0.7278222907784584,0.16680620462508022
-0.07130917624228739,-0.6857229895885426,0.44361825893686335,0.9868880958612969,0.1601240512736211,0.020302079967010184,-0.11555068897454798,0.6130811641724582,0.7815238476300325,0.11269394182817204,-0.7736225011856015,0.6235449471646473,-2.558399053452715,0.8306172595842091,0.21862902774282128
-0.0252784669576359,-0.2566783101543824,0.5653039895743547,0.9889948413657627,0.1451060671775842,0.028869240034417615,-0.10860829147077808,0.579550685839014,0.8076665410720729,0.10046612750429346,-0.8019134815002069,0.5889323606429762,-2.502838159603849,1.0039184573875013,0.13876216194183727
0.0033608163796193177,0.3548868915750715,0.6080073951683655,0.9910258092163317,0.12745274106199508,0.04029446938352221,-0.10318986775420702,0.5378394296034781,0.8367081923566149,0.08496879815546923,-0.83335739437506,0.5461645874463357,-2.649169457563543,1.094453749574229,0.035479413387063924
-0.05677066196120106,1.068625028841859,0.49135845261683064,0.9927218749214843,0.10757945265234622,0.05412892405539958,-0.10008346740440008,0.4869865586406328,0.8676562633068844,0.06698192744827543,-0.866758762903713,0.49420913419820467,-2.920808859743379,1.1876314319429224,-0.0703082300014255
-0.21885461714553847,1.6269933983310871,0.3147415987002519,0.9937555754224974,0.08771316428532237,0.0689656227968539,-0.10038525360513137,0.4330021717142708,0.8957856440853237,0.048709928919424376,-0.8971151097277211,0.43910343055239687,-3.1226199414566156,1.2601663510728984,-0.1974690731087576
-0.47166276814184677,1.9799801091289249,0.22466379445907647,0.9940254270455801,0.06683584151138716,0.08629264555173716,-0.10511183573911541,0.373140616418242,0.9218012705385945,0.02941007266917678,-0.9253642799830125,0.3779364985776244,-3.1164733209125637,1.2521813577695204,-0.35023698261983716
-0.7436873277666348,2.326382131240418,0.1401829901449585,0.9935043314480742,0.04696151086517288,0.1036521099214881,-0.11315225288573545,0.3110700570397443,0.9436270382307684,0.01207108366297803,-0.9492260195077621,0.3143632498060976,-3.2465899834370857,1.2193917424664014,-0.4678839420451578
-0.9293699189086809,2.7046885358693205,-0.04290822830804608,0.9922931357537231,0.02694464322943706,0.12094758756288795,-0.12386373263073047,0.2430979525443741,0.9620608926713089,-0.00347972338369728,-0.9696274396230603,0.24456189371036807,-3.378053501991578,1.1545053861113754,-0.5321252573633489
-0.9317603507543708,2.8422022889814214,-0.1563897730522038,0.9904963974792774,0.004664117598972237,0.1374595671010107,-0.13623261459960817,0.17067445484964397,0.9758641837782197,-0.018909291365066357,-0.9853164346892828,0.1696878376056199,-3.378053501991578,1.1545053861113757,-0.532125257363349
-0.6500769991995861,2.569414869267295,0.031369361118925854,0.9885285747419197,-0.015985250236279246,0.15018564742875187,-0.14771145541675276,0.10510263150606028,0.9834301006117138,-0.031505283007370696,-0.994332896280408,0.10153574994670912,-3.1974286176041757,1.0726338907042383,-0.47797911610612986
-0.14524519019048687,1.9304100296486448,0.27891167830552893,0.9870978824285233,-0.031637027055042025,0.15696136156470047,-0.1551881984536292,0.05234383295783645,0.9864972104430901,-0.039425798227088756,-0.9981278583780738,0.046758793437772006,-2.74564378107782,0.8356049822652079,-0.2928385610627778
0.32821622589962957,1.0193575530446808,0.29876845765999577,0.985576952249158,-0.04582344040886468,0.1629057503722845,-0.16288516642902623,0.0042079311841316525,0.9866360604967453,-0.04589655491047547,-0.9989406917451328,-0.003316718725617819,-2.344593659152856,0.6956561743551938,-0.27639426559444635
0.5644128257782357,0.11057931552130612,0.35785094548758506,0.9843572769411155,-0.05568964443105488,0.16715087447038854,-0.16897418395837419,-0.0297883452373314,0.9851702287643604,-0.049884631788502394,-0.998003666321504,-0.03873248662507088,-1.8770761039577681,0.5379390803290076,-0.24726131032324256
0.6193219871758284,-0.39044664188729133,0.6983285074711856,0.9832283327059744,-0.06411113751433202,0.17073900494863217,-0.17455194317581116,-0.05948533771717535,0.9828494868138362,-0.05285513123414861,-0.9961682873105787,-0.06967839305644839,-1.3722709394254902,0.37756582146531326,-0.1874276985869223
0.6550745086037427,-0.39549393276057904,1.1077676372447784,0.9827075382091334,-0.06817832945416036,0.17215577172951718,-0.1770044269503039,-0.07292481177102664,0.9815046635997987,-0.05436292106703099,-0.9950043654281121,-0.08373162838533264,-0.8217556776398912,0.23952829482570864,-0.10576634651020919
0.7964507314413363,-0.1688825671838583,1.1970015459280694,0.982552445384652,-0.07198311063511603,0.17149088562350465,-0.17721220632971024,-0.08248391121232407,0.9807100684294379,-0.056449322373236424,-0.9939893541554707,-0.09380105452068402,-0.44958386558843816,0.1805856032351063,0.015435796981933595
1.064040712642366,-0.10603626988709881,0.9471085580685836,0.982829239091999,-0.07428743423576711,0.16890252780970966,-0.1748946866673928,-0.08330752144876197,0.9810564231712555,-0.058809313559654026,-0.9937510925703329,-0.09486954545011611,-0.030430686541074684,0.11748215996249402,0.11179880444396471
1.3658100404268199,-0.36935880752854655,0.6946003651343146,0.9832678341914188,-0.07516912594480936,0.16593362754189067,-0.17163371814596196,-0.07704288443680268,0.9821437067726133,-0.06104287869940315,-0.9941901208835011,-0.08865534669572442,0.3143383186045654,0.054101500272006775,0.14071250032327848
1.5183124568729431,-0.6503084418215087,0.4933079933126557,0.9836608069955044,-0.07459204217016738,0.16385189661959398,-0.16911644481968538,-0.0707605257896316,0.9830526822513248,-0.06173366077355615,-0.9947004449757015,-0.08221909688531391,0.33568975511465693,-0.021766337710746667,0.11164899311373523
1.3411482152066359,-0.58770203332324,0.2347332591443221,0.9840385662327344,-0.07263711843831851,0.1624559915534143,-0.16710812112917908,-0.06332784883372411,0.9839026676530395,-0.061179866126864,-0.9953458859045283,-0.07445529795540623,0.3669593766886866,-0.08993230067912962,0.07582391056703308
0.9765248285757807,-0.030881105170424823,0.24162309963661954,0.9843865097101748,-0.07129053644115782,0.16093743788986062,-0.16508746994549509,-0.05671636647380255,0.984646830615426,-0.06106821405294344,-0.9958418113274521,-0.06760000032871749,0.34846150116387786,-0.0646558509918714,0.08420815699702769
0.7903288863075036,0.8671563282287617,0.7713219774967404,0.9848984412521244,-0.06987453231809668,0.15840647130866786,-0.16199120570594883,-0.04899346034882568,0.9855752077426562,-0.06110572553427052,-0.9963519411213965,-0.059572642467453904,0.38422891358104105,-0.06197330646544754,0.1283118502780718
0.9533504663387856,1.6437710503818712,1.4328133024150724,0.9853285229555913,-0.06886813004739219,0.1561565961268669,-0.15917343902287392,-0.04070896867252029,0.9864109671831767,-0.061575304788408974,-0.9967948437534149,-0.051073685071857736,0.4763756997659383,-0.05086092134813596,0.13110941818158947
1.3400410778101721,1.896775332424985,1.766422930976725,0.9856785143755342,-0.0687021413272932,0.1540061105134647,-0.1563033691299201,-0.0293874476566607,0.9872718140000056,-0.06330184118236126,-0.9972042888482135,-0.03970495190340189,0.518866969538312,-0.004046671403830655,0.09845419897479231
1.7488524490636517,1.6165398538384506,1.7866883353225054,0.9857649591233324,-0.07008303698971032,0.15282608838439476,-0.15472272843960758,-0.022451806541482478,0.987702786108871,-0.06578998912281007,-0.9972884659461988,-0.0329756428579913,0.41244488565465554,0.08293167491578282,0.06701324760401174
2.055386904345711,1.0508524587723858,1.84611957580125,0.9856349922713694,-0.07432859013423417,0.15165395708281354,-0.15326248628108188,-0.016403853609584244,0.9880493529605165,-0.0709526060772969,-0.9970988788858466,-0.027559996651443396,0.24617884803082235,0.17148685608686642,0.04230746710789536
2.259844218813772,0.5824739742174473,2.1771941059380717,0.985291830418668,-0.07947818501004754,0.15127202985926014,-0.15280962894858002,-0.013598643522174735,0.9881620789096053,-0.07648023411855902,-0.9967438462322531,-0.025543664328066398,0.13704240688460972,0.25005619426627956,0.011978384647365014
2.415668621743518,0.3258809936156667,2.4236062940737653,0.984897035036215,-0.08493185006157764,0.15087879646256444,-0.15231293470305543,-0.010629603222652956,0.9882751547304377,-0.08233225552003957,-0.9963300619676426,-0.02340528403024099,0.13704240688460972,0.2500561942662795,0.011978384647365017
2.6104750400233105,0.24546091132443884,2.4435715643330846,0.9835526382803184,-0.09462574242365114,0.1538511508003741,-0.15571003243476772,-0.012540585780491947,0.9877231998426707,-0.09153465754013765,-0.9954339267771894,-0.02706850365193415,-0.1319845398414384,0.5784310057937947,-0.19424787861243323
2.7640255718057283,0.21427233715216865,2.3447596826099733,0.9806443427310588,-0.11168804666366419,0.16081807517199742,-0.16404578074563583,-0.020276611244470326,0.9862443109372008,-0.10689085503038089,-0.993536430770858,-0.03820609692154256,-0.3990877009751504,0.7931491158444193,-0.35495938507040187
2.7600152062367864,0.153631751338817,2.2673358822642067,0.9778923290527266,-0.12592480030449626,0.1669417187167672,-0.17178974593605487,-0.028598708848806033,0.9847184354135986,-0.11922615472731339,-0.9916274797122425,-0.04959904745541755,-0.6780984080623073,1.0443461358820276,-0.5043447813694634
2.5706248244188554,0.12591440502375506,2.104015000468513,0.9711963982242605,-0.15672743770904166,0.1794827745088196,-0.18928887003662484,-0.04993863808050695,0.9806507309470179,-0.14473175103094385,-0.986378549389545,-0.07816698502369317,-0.9943415578043518,1.2829607197299868,-0.619183585115262
2.18661487384289,0.2242076248554761,1.7994476237034505,0.9641887172540479,-0.18614723035621744,0.1889161881647646,-0.20520594188402982,-0.0723474434976655,0.9760411716904359,-0.1680197575747674,-0.9798546096488304,-0.10795510647697479,-1.3062083904351138,1.5257145539533437,-0.6497514703393904
1.4324057553916172,0.8899607811135085,0.6777468181465008,0.9449517783783459,-0.2569724837293055,0.20256179093203863,-0.24091474649996183,-0.1274870928874262,0.9621367501898941,-0.2214186565275433,-0.9579729556480732,-0.1823776159193699,-1.5688658618656959,1.7697920643879068,-0.6183082984233073
1.176954111963743,1.4663928647834197,0.0540301160188289,0.9304279062292954,-0.30315830145491235,0.20591006670083795,-0.2634507731278257,-0.1627290593418937,0.9508485386138279,-0.2547500764437999,-0.9389431811907872,-0.231274946864556,-1.8285014258267385,2.070593331110014,-0.6032153914481936
0.9539722177910829,2.0618643631393585,-0.4882850124245389,0.9158922214764337,-0.3439359980137782,0.20700113021244915,-0.28397918019177737,-0.19067322243567142,0.9396805560740319,-0.28372039732203064,-0.9194301232373583,-0.27230678402707076,-1.7416235068635535,2.1084141141040074,-0.6201758349617263
0.8808277025229706,2.6751308869341117,-0.8393147687204142,0.8997441758712132,-0.3843757206496243,0.20667782503431417,-0.30457720861136567,-0.21388122233954887,0.9281635344728039,-0.3125590215948679,-0.8980590894287653,-0.3095104681816698,-1.5104047032496364,2.0574486576862285,-0.6237919576973125
0.9162631875244936,3.226776032163227,-1.2252554338753987,0.8828833404733486,-0.4219783409355546,0.20603710077532028,-0.32388425550955713,-0.22949747058739006,0.9178398008514387,-0.3400235229328149,-0.8770776423870736,-0.3392916342574492,-1.1915013875176845,1.9808802641477843,-0.6610438385515278
1.0668270245002764,3.5968168182286893,-1.8119646750963747,0.8651387531494347,-0.45705643961038106,0.20648086790239217,-0.34187743347691746,-0.2362112623250758,0.9095735594387233,-0.36695334618760306,-0.8574984842910668,-0.3606127994958649,-0.7600278740049958,1.842100634956858,-0.7300034387036123
1.2259241070045885,3.6236810230118,-2.601838832403057,0.8466372626095213,-0.48907884703876375,0.2097789954697358,-0.35928464491001827,-0.23451035471131174,0.9032825900376112,-0.3925810610471931,-0.8401230712892063,-0.3742637246576962,-0.36676233354113763,1.6181702430496283,-0.8343382087813385
1.319301098809156,3.2370398539413223,-3.508185193829895,0.8274267033528506,-0.5175529407527011,0.21795413301166497,-0.377064608188567,-0.22440579909133687,0.8985901838912884,-0.4161578208207049,-0.8257003032895229,-0.38083024737716475,-0.02623713182482118,1.3669379774327095,-1.009471924717177
1.4764718957394294,2.6161515359917944,-4.313850289268032,0.8084150801800142,-0.5402836060061911,0.23357800242850318,-0.39661655540865404,-0.20678128688317488,0.8943918645485941,-0.43492570183114826,-0.8156807736338314,-0.3814505333733301,0.2233365263217552,1.0218440694754543,-1.2907707150968475
1.7235979547850073,1.991592398666191,-4.867332274067017,0.7901029392425399,-0.5562824179452057,0.2574630398432682,-0.4192707003136676,-0.18404239785660037,0.8890109536162522,-0.4471570476452178,-0.810356876490987,-0.37864535843581154,0.32941139638033123,0.6131105727259176,-1.6287433923534418
1.8754508037942188,1.4188184295334383,-5.2398937976313515,0.7716342709163215,-0.5662885678440182,0.2896511865617146,-0.4462655692551557,-0.15750082391579323,0.8809316274054511,-0.4532412091202764,-0.8090183856965288,-0.3742481235225807,0.31979469444779585,0.21838036505369127,-1.9396808461836161
1.8523080111449786,0.8072964667364563,-5.538822129226151,0.7518510598250924,-0.569994316872344,0.33140075825670134,-0.47962633473066135,-0.1279303327034872,0.8680970043763572,-0.45241414972646266,-0.8116281837809758,-0.3695688412456831,0.19979416965361185,-0.1745415969606584,-2.2613503490316247
1.6025845320674241,0.0908049682773936,-5.8210254108777475,0.7307377289791046,-0.567290260837365,0.37974219071040316,-0.5186971885218332,-0.09974631352118389,0.849119484853856,-0.44381933043301247,-0.8174548506786221,-0.3671402579886665,-0.07534545311115459,-0.5155021624276465,-2.528488657473155
1.0222473807795698,-0.7981685773384717,-6.012996931238431,0.7077477430659939,-0.5596055029898795,0.4312015923074001,-0.5626777876009054,-0.07744274484695311,0.8230409033645403,-0.427184783817897,-0.8251328997767657,-0.3696875142339041,-0.5061618216443591,-0.7394812331344269,-2.654684964495189
0.1830984255653343,-1.9144568349490783,-5.728945507310214,0.6846795903845116,-0.5486476281955023,0.47979124479959906,-0.6069112497220356,-0.06466935127014517,0.7921342120923284,-0.4035747681306838,-0.8335488318519493,-0.3772582026232383,-0.9971422632755345,-0.9109475858171978,-2.6809213659379156
-0.7019126425928799,-3.1754052082706035,-4.617073129068499,0.6579416553366525,-0.5327006908258121,0.5322994948020989,-0.6558867197166055,-0.05803082222910245,0.7526254277997813,-0.37003430796651443,-0.8443117893675994,-0.38757220393447434,-1.3774931372011314,-1.1179161383416099,-2.730486996090341
-1.4611810347436338,-4.253567624768254,-2.809622252577243,0.630785078397793,-0.5122119555867295,0.5828800025946249,-0.7015625835956844,-0.05550910617156437,0.7104425947468105,-0.33154204283806765,-0.8570633883710429,-0.3943630587982456,-1.5346762810968164,-1.3986989839616755,-2.742455881742175
-2.1762156454797354,-4.963491108653876,-0.8442373888451615,0.603160624526846,-0.4857915833281811,0.6326166284471864,-0.7439143805717519,-0.05651033665971245,0.6658813529669914,-0.28773017811646373,-0.8722460200070309,-0.39547215475044917,-1.5675384762809823,-1.6844661175807105,-2.6167012539247323
-3.133075614594528,-5.359824618050564,0.6669981308949842,0.5764225690195229,-0.45656133858811276,0.6777084668436462,-0.7800747851114784,-0.060461102271042996,0.6227582072887112,-0.24335231981268224,-0.8876351723646387,-0.391003131986158,-1.509434597196304,-1.8268618317479939,-2.398029399936908
-4.352800248065312,-5.568969048661904,1.6008845021904115,0.5512207517383264,-0.42511850542442503,0.7179344950611712,-0.8099958476050726,-0.0662363500678445,0.5826829951116027,-0.20015596347741949,-0.9027109184425509,-0.38085507481065917,-1.3497716799291064,-1.8848766857122594,-2.093098122746385
-5.594364782594978,-5.707952706049339,2.2765401700906747,0.5298558787937784,-0.3925135071747736,0.7517884638600364,-0.83242015479216,-0.07109499094719346,0.5495654539342996,-0.16226346971351494,-0.9169943560063923,-0.3644062533065998,-1.0528753342256043,-1.9419262438929896,-1.7428490925242586
-6.693271236534658,-5.7831354431275335,2.8829858971551037,0.5130518626683876,-0.3577106282007901,0.7802697563565407,-0.8485099900942912,-0.07405446599104726,0.5239720725162409,-0.12964791908350656,-0.9308915310276368,-0.34151482330689475,-0.6820504081592483,-1.9208793499940686,-1.2990066889971625
-8.065738841588535,-5.932517048536163,3.6017703241941184,0.5112733086514911,-0.29727288215464365,0.8063674332436981,-0.8532718671248746,-0.06357119626726812,0.5175768771674185,-0.1025998276498904,-0.9526738878234359,-0.2861568430521852,0.19843514731369633,-1.761128730586918,-0.2970025016903769
-8.414990992859344,-5.878499157521463,3.448268235952404,0.5178729843054329,-0.2639309169759932,0.8137247957330522,-0.8501232216429503,-0.05272003484880427,0.5239380745364381,-0.09538385686265602,-0.9630997191307622,-0.25167608321064616,0.6123787605710578,-1.7049664260126922,0.1838745854283086
-8.487175498631041,-5.667172415330097,2.826887117711073,0.5327727901363773,-0.23489967281768823,0.8130038731767789,-0.8410124833162218,-0.04016358433216956,0.5395228349197765,-0.09408058777761129,-0.9711894924286076,-0.2189516220530997,0.8441254266345695,-1.4842687131192693,0.7254671416754526
-8.374861217827668,-5.182905832364397,1.956398791911912,0.5517530363569022,-0.2168863263945094,0.8053129256966105,-0.8283288993586967,-0.030020064117376455,0.5594372442353089,-0.09715874308650002,-0.9757351675395756,-0.19621687355670642,0.9534382194148109,-1.1120805501651503,1.2966613879019888
-8.0696430840262,-4.598008197633005,1.1554549271354824,0.5855781401841997,-0.20265717682193857,0.7848747100149019,-0.8035052440721941,-0.017146553560127793,0.5950506856138318,-0.10713339575919799,-0.9790996192336977,-0.17287675126960197,1.044642803086301,-0.654557286941848,1.9135149309773263
-7.475453990275036,-4.00094018793434,0.9272878413318633,0.6274526776068444,-0.19696707949514286,0.7533306757056668,-0.7691085299624486,-0.005743631576697607,0.6390923875585677,-0.12155330724831126,-0.9803932783793786,-0.15509291797349223,1.0916734452892145,-0.2537708147936103,2.564817294484796
-6.320769799142546,-3.555944151696534,1.4395773409629127,0.678077514676243,-0.19844817990146424,0.7076928740522166,-0.7214860164955249,0.004008191328670928,0.6924174047521408,-0.14024554214629634,-0.9801031855351096,-0.14045972238340265,1.049676576563058,0.06958207768479158,3.020151383917968
-4.545715545666298,-2.9042390361851,2.5371132212655945,0.7248294181709024,-0.20570957646840066,0.6574997222077156,-0.6705700965057242,0.008191094827900947,0.7418009514942819,-0.15798120212966751,-0.9785788042435377,-0.13200554404627693,0.9035270592587543,0.34234771258492,3.364552471004315
-2.4737273025701048,-1.7880102646783218,3.7853204982375734,0.7709361776962028,-0.219847662448218,0.5977661877651028,-0.6118652481986013,0.004966955495720467,0.7909464251135885,-0.1768568007344729,-0.975521570581173,-0.13068793886510335,0.6335004819106145,0.6724280879108109,3.638742522283869
-0.524607725420247,-0.3163141299092458,4.931004401416049,0.8101743497804179,-0.23922012607466506,0.5351553552368689,-0.5527103568314831,-0.007634041255319184,0.8333384563701142,-0.19526593253584248,-0.970935349389924,-0.13840434565422557,0.23266367248886055,1.0453137394434686,3.8548650031892633
1.276684216271285,1.1897645693479593,6.041542947374725,0.8477117669384774,-0.2663566442461109,0.4587361968059599,-0.48360176422826673,-0.0326959621074577,0.8746772591631576,-0.21797727824099783,-0.9633198389568332,-0.15652729488120645,-0.18397138371929356,1.4172922951433156,4.008624871059703
3.0680843355827934,2.8720258790718587,7.005391906358475,0.8767161156696005,-0.29550890756368053,0.37953041785307395,-0.4152009098079868,-0.06655817656380969,0.9072916915893801,-0.24285192406038036,-0.9530186224219447,-0.18104819329987903,-0.5650208877107248,1.7495399872017448,4.152097997674261
4.868175916661521,4.420909090429013,7.599432318989024,0.8989642981680596,-0.32879698032496263,0.28940583330056696,-0.3415510694416416,-0.11252132402918508,0.9331033268625656,-0.274237228658839,-0.9376734492177464,-0.21345361334401053,-0.9306237381977756,2.095270696465448,4.257140953817639
6.576553152775428,6.224907378578108,7.603149083482538,0.9113042500488558,-0.36233425284043586,0.19554654960253615,-0.27044606072998223,-0.16865775030308353,0.9478467658320807,-0.31045690856949676,-0.9166615801271842,-0.25169039600311593,-1.3616982168877454,2.412857518151602,4.272897075770754
7.95553055763815,8.211802616905537,6.950541742470091,0.9138456649542563,-0.39281197603767654,0.10288271052849689,-0.20760095255906424,-0.23421181504905844,0.9497613753927839,-0.34898129626225516,-0.8892938643512626,-0.29558159226568004,-1.9353342976185866,2.653915365229904,4.201679000439018
9.085898311984565,11.747718883027488,4.124439572107706,0.8910125152337245,-0.4437836920719307,-0.095669913493633,-0.10669091767328502,-0.40953132582010965,0.906035949208448,-0.4412638052037644,-0.7970822591320352,-0.41224522604157066,-3.020685202905949,2.992310703719747,4.019460884327479
8.668547004580848,12.26799363019428,2.403772208695571,0.8692114603092524,-0.45378839575819657,-0.19633524681590078,-0.06261566740106728,-0.4949147863407189,0.8666825442209144,-0.4904596981026853,-0.7410367373730689,-0.4585998674231171,-3.0206852029059488,2.992310703719747,4.019460884327479
8.473666699918695,11.6696497112898,1.1410575016503115,0.8503129563744574,-0.4592131568020852,-0.25708199633890183,-0.042406770329133626,-0.5466889120492877,0.8362612625684727,-0.5245660511813395,-0.7001817693015358,-0.4843304118943881,-3.152216061593962,3.2089571357515303,3.648049142664804
7.96781638280785,11.095144696120652,-0.5601598282947551,0.8109432768674025,-0.4654040138261204,-0.35464081211571963,-0.016072601877901903,-0.6235834368833731,0.7815915613116562,-0.5849039862853006,-0.6281264213191924,-0.5131710491330446,-2.82304540334863,3.305059861054041,3.284474278820513
7.093235758653682,10.564314478189859,-2.3941606026224003,0.7599686433545394,-0.45922773042120646,-0.45995385934901145,0.005018274276333647,-0.7034982922193024,0.7106792312765375,-0.6499403649883193,-0.5424021058741489,-0.5323321120335869,-2.8230454033486305,3.3050598610540405,3.284474278820513
6.539694297913506,9.675928999133149,-3.6005212070237276,0.7205958402902893,-0.45940991978223333,-0.5193112366991642,0.009536480768354026,-0.7423449419507699,0.6699500299982534,-0.6932897594014266,-0.48771560644066786,-0.5305495233654669,-2.308733310213534,3.4722870646507493,2.458853539978082
5.543156988534116,8.847645811356637,-4.887596822117364,0.6643209830692218,-0.4613736498332265,-0.5880578089724782,0.0068575266239322905,-0.7829594911747071,0.6220348941241509,-0.7474159523200894,-0.4172634544493554,-0.5169725367932472,-2.0484532948931617,3.493518615497244,1.9568610834998603
4.9734556081124115,7.880176193006125,-5.591455458228328,0.6302687737626117,-0.4650536320226901,-0.621680297389486,0.0010842975575460767,-0.8002173145936717,0.5997091576116685,-0.7763762600173848,-0.37865204181014916,-0.5038477290952338,-1.7616556589503178,3.4647324415980476,1.380702636298275
4.365136514716989,6.890883866457777,-6.370801080302031,0.5743273991272884,-0.4779806709924668,-0.6645919927062597,-0.013442187490296877,-0.8172356215059203,0.5761468966655168,-0.81851533046557,-0.32196337850665724,-0.4757859147698873,-1.4060768426807893,3.391451244674056,0.6975000946533185
3.745746991771657,5.830398934642911,-7.05856903369965,0.5159974194690239,-0.49927451159793684,-0.6960399594635006,-0.03284885354800232,-0.8235063916431937,0.5663551674906716,-0.8559600550971356,-0.26937369023615926,-0.44132776831586656,-1.0513662613528845,3.236761163614587,-0.03975380744193335
3.097803105911942,4.795660581096147,-7.581657716166212,0.45928178744681847,-0.528642584169231,-0.7138608113088536,-0.054667866413059735,-0.8189324085751098,0.5712802592136467,-0.8866068261081124,-0.22335337111457446,-0.40502050258012307,-0.7333449583936767,2.9795121149293475,-0.7641226004937154
2.5374227838678056,4.045495208746792,-7.927912763567872,0.4135091848673718,-0.5595534705794856,-0.7182687989832054,-0.07466568029109841,-0.807055503748217,0.5857358193386992,-0.9074332979437061,-0.18857711269441632,-0.37550430403771384,-0.526021914016265,2.624344471637965,-1.3638296731943904
2.02243151990739,3.5763544329630754,-8.307778856450112,0.3694463222377828,-0.5976169334456476,-0.7115921696055956,-0.09724507717933621,-0.786428287353153,0.609978642097549,-0.9241497767945209,-0.15615553051302872,-0.34865834328298084,-0.40266972290037084,2.1471208663590717,-1.8387791949251668
1.6224116522630703,3.316473374657633,-8.730208911878726,0.34217124268842974,-0.6306776896675729,-0.6965375025313644,-0.11462175377390997,-0.7637625993569485,0.6352389671496143,-0.9326203376716864,-0.13752215668425372,-0.3336269805966874,-0.2578041167810864,1.5419340154773893,-2.3330286164452168
1.3507796146976632,3.084957920449824,-9.050390856970957,0.31803721204723645,-0.6790303546279101,-0.6616419796590282,-0.13634916696568966,-0.723381179413838,0.6768519586568434,-0.9382223811128069,-0.12504977714389542,-0.32264735674615136,-0.06515972297732797,0.8322607788928116,-2.9471936890421184
1.2808713380768182,2.7070571847568115,-9.090528064769222,0.30540247572986523,-0.7298755980828747,-0.6115643376957465,-0.15630155243402014,-0.6719620308230274,0.7239038982067344,-0.9393078049951389,-0.12549358730770838,-0.319299556873883,0.13871813664071642,0.10635798766442547,-3.569815174956794
1.4358994212014842,1.9422856512994804,-8.868709176095752,0.3038430622216004,-0.7799740806252783,-0.5471012950931069,-0.17631783191937145,-0.6103664970083644,0.7722465677987754,-0.9362646077295961,-0.13817804775900375,-0.322978964377647,0.25202106588435613,-0.6532604970047933,-4.167603518143272
1.8480359483929032,0.7194965250631953,-8.444965609668147,0.3139375770793999,-0.8302575478957298,-0.46056009581778584,-0.2013050589881524,-0.5322621481585064,0.8222975610224481,-0.9278574626111996,-0.16543702668949883,-0.33423213381846695,0.24548997445075704,-1.4791947687671434,-4.69113797909489
2.415258658607717,-0.8594109690521387,-7.795473988133044,0.33451529582092304,-0.8722356573521841,-0.35679752648420343,-0.23329747655889252,-0.4434715539361576,0.8653931293237199,-0.9130562985342661,-0.20624727608589927,-0.35183839587806987,0.09063550198192827,-2.3061781961809205,-5.110766107270186
3.075708500917036,-2.621920214658176,-6.8406143178262075,0.36470319405000423,-0.9057925626982984,-0.21571141279537426,-0.2808629543324832,-0.32789305350781434,0.901998972474442,-0.8877542346468169,-0.2683765616103084,-0.3739872190929443,-0.08901197941961847,-2.9632419571336124,-5.464413317780991
3.8086361529735804,-4.225266273576197,-5.605434382958754,0.3902933251171902,-0.9169991090587004,-0.08236354991450473,-0.32803427925739204,-0.2220883946348414,0.9181885735515338,-0.8602700924715748,-0.3313448037227533,-0.3874867598317128,-0.16521699937572754,-3.4539633800380303,-5.77424258680035
4.367542904014534,-5.8867389192488515,-4.083647948011887,0.4116021018703431,-0.9096013920153745,0.056648189552808315,-0.3790484492254738,-0.11433345466564686,0.9182865208005505,-0.8287979143770093,-0.39944107048213406,-0.3918428873112382,-0.18913881513151454,-3.856133452901629,-6.122459335987595
3.92670637678679,-7.831135532188936,-2.4767849292825685,0.4266155518723195,-0.8795239588149479,0.21080032440952307,-0.43804845550511323,0.002978787199626909,0.8989464263549871,-0.7912728489783171,-0.475845282310651,-0.3840033147935521,-0.1902174681336617,-4.095453609914648,-6.363105985790776
2.2116847721516306,-9.510655491818468,-1.1786964373887083,0.4301182714460059,-0.8270493753148783,0.3619220957051001,-0.5005722395150785,0.11513855772625259,0.8580038144155162,-0.7512827068388839,-0.5502112715275744,-0.36447476056491374,-0.2875660875722348,-4.127297101538958,-6.427758327581515
-1.9086854188553137,-9.935571152019483,0.09993614153622965,0.40740461469203115,-0.706969029895062,0.5781144096948929,-0.6004175323643685,0.2696369859823865,0.7528576775326231,-0.688128088917406,-0.6538277193264075,-0.3146252480067502,-0.4190466840550431,-3.7252590504891163,-6.040218054289603
-4.562144823865508,-7.45361870025722,0.9643867812206977,0.34782805058749405,-0.5126372360441633,0.784995994541059,-0.7015887431861947,0.41308419146345055,0.5806330047434449,-0.6219235344147381,-0.752704799362931,-0.21597824510142635,-0.2583594290749254,-3.5567148451678694,-5.667726598881853
-5.240068205970985,-5.79311338812993,1.0523888064157925,0.3096707333092901,-0.40567753087161296,0.8599591722155185,-0.7407740984397717,0.4640805627491894,0.48567784215376475,-0.5961189243870976,-0.7874356940247941,-0.1568032390075624,-0.09747096079952866,-3.107774360314115,-4.863412878515849
-5.425268357082926,-4.112115480359791,0.9621560229924578,0.2834427561901881,-0.32364490193296397,0.9027259724944848,-0.7621829784487599,0.49526785215066815,0.41687751437207454,-0.5820114357349748,-0.8062032821062364,-0.10629655024904344,0.1657791765618477,-2.887527809216262,-4.073771410178871
-5.5053734394830975,-2.1934540645102225,0.5521557530676662,0.26431199309742454,-0.24031162289913705,0.934017930344194,-0.7776747529601216,0.5196772380500072,0.35377612534076985,-0.5704043731540641,-0.8198694360398493,-0.04952735541517019,0.2923503856273082,-2.881565769645514,-3.3641311833461978
-5.464637184748077,-0.17518268346558896,-0.07472490451026925,0.2658446291059232,-0.183826264133016,0.9463268662520548,-0.7848303056698235,0.5287623730224457,0.3231899506140028,-0.5597928406810374,-0.8286243162559087,-0.003703786128336821,0.1446108234368266,-2.6248942777687283,-1.7909010942098875
-5.323698846577219,1.6518352850867615,-0.4908052436646506,0.27998410524084844,-0.13115210357847995,0.9510036942827419,-0.7895224144634717,0.5320961894425323,0.3058234821600603,-0.546134834882606,-0.836464446888018,0.04543095002388759,0.026388539086223295,-2.5049749138155346,-0.8878847409055906
-5.31794236717329,2.732659379594863,-0.22300621245907815,0.30619940109637134,-0.0900520243718334,0.9476985594980926,-0.7901809807294832,0.5311449528493709,0.30577615465570496,-0.5309010684314125,-0.842481852605251,0.0914788695230272,-0.060438811211980956,-2.5672463288595826,-0.006976640477659224
-5.697285973064912,2.9591343085303716,0.4512450815511575,0.3495935765336549,-0.0502034681371106,0.9355554195414696,-0.7861905529383802,0.5274161433831741,0.32208170728754676,-0.5095966500251463,-0.848122528580527,0.1449118035127716,-0.14113492753342227,-2.711376660752936,0.7953273476804595
-6.140229739998093,2.8236876707823035,1.1539231093448228,0.38833316259904105,-0.0266153777421169,0.9211346136659248,-0.7788225927929854,0.5248258008756816,0.34350145223915585,-0.4925776322378418,-0.8507934534320568,0.18307860556634797,-0.13549178184412475,-2.8031045234251817,1.5219478749941677
-6.154223147781174,2.7912565668406017,1.432247944198876,0.4586870094781421,0.0032613497588826895,0.8885919147357522,-0.759240105307718,0.5210099452140274,0.390003973672576,-0.461693285448602,-0.8535443752880267,0.24145664121297256,-0.1589033407635527,-2.7723780476586657,2.119828538843263
-5.4940924285416814,3.23706955684801,1.7383074645190466,0.5190063878902639,0.03225882108162592,0.8541614237317944,-0.7377128839075381,0.5216567979622043,0.42854858074276836,-0.43175464125580015,-0.8525453381505556,0.2945409583603487,-0.008351851569202581,-3.1520725663938025,2.2833078900036963
