-0.1727144107095349,0.6320386080510094,0.6191960122219013,0.9999946170152005,-0.0032155655172064674,-0.0006527472916587946,0.0032151258490713337,0.9999946046664242,-0.0006735011630395874,0.000654909456985102,0.0006713988729027235,0.9999995601584816,-1.7400513,4.3263884,8.6265335
-0.2006336523265987,0.8215195286921712,0.7928083505789095,0.9999694997190635,-0.007575405305230142,-0.0019007540786538817,0.007570048284054361,0.9999673988632735,-0.0028099073999150437,0.0019219782993348225,0.002795432896798399,0.9999942457606126,-1.7126526,4.3496428,8.619739
-0.22594917305089243,1.0013629612103285,0.9704619093771141,0.9999098515632158,-0.012912600300978133,-0.003681507883335635,0.012889138760384302,0.9998969151624166,-0.006326859465706625,0.003762824583134589,0.006278837643260248,0.9999732083156059,-1.67462,4.3872604,8.607054
-0.2549343596049575,1.1469969465049024,1.1316813531287275,0.9997830392169912,-0.019896757217542367,-0.006163890513497423,0.019823527427119313,0.9997347751542018,-0.01172207779039897,0.006395487032467211,0.01159734450657097,0.9999122958269957,-1.62509,4.439978,8.587791
-0.29373486747201094,1.253169201591515,1.285795471781861,0.9995750480555343,-0.027717525472480294,-0.009025634961525843,0.02754629558057089,0.9994479669022611,-0.018573181061005126,0.009535455131462391,0.018316665543145785,0.9997867646947605,-1.5639007,4.5088806,8.560877
-0.352465370125171,1.3304664994357742,1.4822044482738892,0.9992188071340632,-0.03742849328172468,-0.01268398045724155,0.037059571505887935,0.9989159531926567,-0.02816924949313565,0.013724562994127519,0.02767718099565837,0.9995226910994837,-1.490361,4.5965605,8.524287
-0.4352133061516509,1.3882697679679938,1.7647246373847323,0.9987111887526405,-0.04784947956704449,-0.01692302471340985,0.047146646019911934,0.9980970989179814,-0.039741350009565864,0.018792424786621124,0.03889226705493892,0.9990666826263233,-1.4023895,4.705348,8.475856
-0.5388151880394573,1.407991193935704,2.128316900576326,0.998054201588458,-0.05843972360255886,-0.02173958134100601,0.057229389359047,0.9969715148519025,-0.05265544195516618,0.024750912815819374,0.05130884211478366,0.9983760789580367,-1.297046,4.836174,8.4136
-0.658556612338027,1.3291358570390726,2.5218768088416614,0.9970669516629765,-0.07109413682008611,-0.028339329761066165,0.06899424353101817,0.9952121869360846,-0.06922786529627427,0.03312534167494929,0.06706956600205051,0.9971982676755985,-1.1713302,4.9874268,8.336723
-0.7842148155160943,1.1189453153418987,2.8807395530248723,0.995558096414832,-0.08637905761799977,-0.03745310491671162,0.08272183047421315,0.9924882372820015,-0.09013433097250756,0.04495748464795902,0.0866357735689609,0.9952251339833799,-1.022229,5.156244,8.245089
-0.9154506959934612,0.8136094325228269,3.1741965245913653,0.9934094306805937,-0.10354277727138282,-0.04915888841081999,0.0973862123612293,0.9886510156669345,-0.11439009949586104,0.06044525355056589,0.10884880566946167,0.9922188815113023,-0.8468048,5.339429,8.138354
-1.0634945464543473,0.4618932176082694,3.4106187117465234,0.9907078238486865,-0.12065165695040556,-0.06277886141147772,0.11098137245602009,0.9839628707670448,-0.13964313058526934,0.07862024378477864,0.13137825781687804,0.9882098009229741,-0.6431793,5.53407,8.015076
-1.2408695201474724,0.07284135461668195,3.6113807565084945,0.98742521146802,-0.1373405211833981,-0.07828814085420949,0.12297001771769055,0.9784980024723003,-0.1655899571237025,0.09934700045721989,0.15388060436192505,0.9830823633355253,-0.4116394,5.7368865,7.8740034
-1.3477112289228401,-0.3488192224196516,3.6728381022094196,0.9830583331029571,-0.1550648655318374,-0.09773024708056549,0.13383420163993995,0.9715648310331569,-0.19532072488835817,0.1252386529320525,0.17893201663510908,0.9758578857777694,-0.15360108,5.9471817,7.711952
-1.42351735680408,-0.7775764484545024,3.6545123102696047,0.9779042796772023,-0.17190634352886747,-0.11895977825949079,0.1420289865104549,0.9638742763362684,-0.2253311927098612,0.1533981316047404,0.20345660095403775,0.9669924636461261,0.12859344,6.161952,7.528459
-1.4121376351887225,-1.2205185595106152,3.4244150956812383,0.9711012380402276,-0.1898398575250588,-0.14464858786591228,0.14812933326023825,0.9546164561310027,-0.25838947794320777,0.1871365440116239,0.2294956430496046,0.9551500739237968,0.4331619,6.3744445,7.326738
-1.3232341908139607,-1.6669652647797384,2.9732723885619987,0.9631648068917372,-0.20699649863446515,-0.17165664658927277,0.1513131241813028,0.9448721876056118,-0.2903805908456691,0.22230135675631013,0.2537104622250687,0.941388925015504,0.7577774,6.581215,7.1056533
-1.1704153924279077,-2.132541204798242,2.324151125621782,0.9534987845092674,-0.22431988605399622,-0.20129743331714842,0.15137424951336015,0.933955590743681,-0.32374803644638467,0.26062598589476194,0.27822211134154073,0.9244817749620806,1.0961807,6.7812576,6.86174
-0.9637829577918519,-2.5652253591423637,1.5426609146834136,0.942470467075339,-0.24116528632735545,-0.23149238294474633,0.1481653310992106,0.922114934680222,-0.3574228334899043,0.299660563556591,0.3025613192566675,0.904798427683543,1.4368896,6.976651,6.5913696
-0.7525941389462535,-2.8910356688060626,0.6589040362964909,0.9277703218580664,-0.2604964625220161,-0.2671775119520652,0.14017626896967103,0.9068641168965257,-0.3974268323895956,0.3458219823798402,0.33126887342308664,0.8778770358107546,1.7717636,7.167343,6.2941284
-0.5223753738634414,-3.098205937962377,-0.2661679769791173,0.9145317321969922,-0.2758080069229938,-0.2959081852905306,0.13023525541097322,0.8933207111082812,-0.43013589172845634,0.38297583351016773,0.35483524405301314,0.8528900635633125,2.092862,7.3528185,5.971205
-0.21111115795165103,-3.238768195265308,-1.2701758470180549,0.8997387369197332,-0.2914943268665317,-0.32480957912400144,0.11647569375402722,0.877630994250146,-0.46497016108135275,0.42059911798600036,0.3805192443702795,0.8235906061953782,2.390686,7.5345902,5.6208434
0.18193362693265347,-3.2539629249242243,-2.2884024788985418,0.8848564219837597,-0.30627880504685445,-0.35103049162881855,0.10013741286281339,0.8609368874760305,-0.4987586333370362,0.4549742970973653,0.40617849446044824,0.7924755009579807,2.65618,7.711792,5.2496614
0.4559021375825245,-3.102858069858259,-3.207243597178235,0.8682881398867164,-0.3217769307213111,-0.3775384920609277,0.07943050250792545,0.8414395480400597,-0.5344813207825688,0.48965957705676005,0.4340957196860079,0.7561708832974741,2.8846297,7.8795624,4.872574
0.6355757987801547,-2.793056264618805,-4.002881817524454,0.8555484864427436,-0.33281844089427576,-0.3965711446212828,0.06134576247794181,0.825764231575137,-0.5606693600306014,0.5140753687656421,0.4553518631254599,0.7268983395060425,3.0732682,8.036405,4.503255
0.7445748286923616,-2.3439749083701065,-4.6660786232549345,0.8421824804586842,-0.3435176901548581,-0.41560109018039104,0.03970792067223805,0.8082045664427032,-0.5875616221444777,0.5377285101650702,0.4783314492397856,0.6942960996749303,3.2198257,8.18321,4.1537566
0.8366692320609137,-1.8633563262102004,-5.190266616654008,0.8336771783718258,-0.3495386343501175,-0.42755713695206427,0.023466467375077554,0.7959287789871068,-0.6049352888442107,0.5517532846942789,0.4942874890959197,0.6717500956102095,3.3215804,8.317378,3.8389802
0.9921525112266167,-1.2635869134227011,-5.605326363844542,0.8237005608741146,-0.35498533378277425,-0.4421569843560108,-2.6569543042691268e-05,0.7797597253050448,-0.6260788848749504,0.5670250305848312,0.5157132765319644,0.6422790912827051,3.3779006,8.434423,3.5747955
1.12914552803645,-0.7234858498886392,-5.870081079919439,0.8197085942829913,-0.3553609964129672,-0.44921752268470766,-0.013333855359126009,0.7722234386678994,-0.6352111216542008,0.5726255572010953,0.5266778170763499,0.6282598572563958,3.3921952,8.528799,3.377411
1.2885663457145604,-0.24176062292037281,-6.002137551111409,0.8178616892094072,-0.35129959196241894,-0.4557311203007465,-0.028514666434379544,0.7662877353574068,-0.6418644875976192,0.5747079006953636,0.5379513949492611,0.6167001909765173,3.3662581,8.598264,3.2563279
1.4338781652840962,0.11271326227738321,-6.006745458721796,0.8198563290964426,-0.3440427030832652,-0.45767916502247113,-0.037022135123231666,0.7658167351313161,-0.6419922816543282,0.5713711238340836,0.5432856952359166,0.6151225017836722,3.3023896,8.640314,3.2182434
1.4851482089649441,0.38247590334863135,-5.924792632656553,0.8269212335105164,-0.32940891299562114,-0.4557313261215318,-0.04202105101715623,0.771985986970916,-0.6342490576989103,0.5607454902545901,0.5436243224503345,0.6245294958603275,3.202739,8.649074,3.273584
1.5114772342096896,0.6026352230190488,-5.798012729884289,0.8324576052266003,-0.31974388124148245,-0.45252423792436486,-0.0415887770885432,0.7783398014348999,-0.626464306343595,0.5525257542600835,0.5403249058769315,0.6346371301526658,3.070024,8.621199,3.4233596
1.4948478634923692,0.5952348714496885,-5.698062281573921,0.8463896180262955,-0.2976636389397793,-0.4416117894151276,-0.03546489666971894,0.795874369649869,-0.6044222272870441,0.5313820241610633,0.5272384145598211,0.6630631935275386,2.904454,8.554011,3.6617875
1.5269586595854558,0.37571608648929944,-5.587401345745299,0.86080949050956,-0.27665616343698846,-0.42716318694498795,-0.026167754508051085,0.8141696387622597,-0.5800371091074598,0.5082541388642883,0.5104793497782837,0.693605481363334,2.7062287,8.447744,3.973735
1.4828285294421537,-0.07982285005578893,-5.40520138321574,0.8781068410954289,-0.2531514455796187,-0.406008277283059,-0.01324934134595519,0.8353741388340545,-0.5495220679109816,0.4782811208644,0.4879184294205462,0.7301936562696786,2.4703033,8.305957,4.3393235
1.310242477726935,-0.639921171564509,-5.046014249248577,0.8961408163211738,-0.22948416411060002,-0.3798271392958646,0.0009171453248745555,0.8568662091806941,-0.5155380280917803,0.4437688544362644,0.46164631265371053,0.768083254501463,2.1935914,8.1297455,4.7421327
1.0163327163652833,-1.2100386526455624,-4.469617924579047,0.9152090362990536,-0.20482477828770676,-0.3470435564535814,0.015916267961098317,0.8788951670056402,-0.47674936583945204,0.40266498766437253,0.43080168942742214,0.8076328448594267,1.8759826,7.923877,5.1630735
0.6628575406017314,-1.7082515584926936,-3.702296619356666,0.9334927116938435,-0.18088831549649054,-0.30963006076819766,0.0297182697387169,0.8995039636940325,-0.43590072693500154,0.3573628151587864,0.39770848195074765,0.845056082000609,1.5190414,7.692323,5.5839067
0.2977652417670536,-2.077765753865023,-2.796445198472196,0.9510447177586238,-0.15642178872729068,-0.26654487208493727,0.041397293918764885,0.9191605430418583,-0.3917016213538065,0.3062681976301563,0.36149152151378655,0.8806382179953492,1.1244781,7.43826,5.9907746
-0.004478482066768208,-2.2626390258278986,-1.8119312942217116,0.9662478677621795,-0.13230872201220575,-0.22104176104197915,0.048845184324849605,0.9365631028516533,-0.34707881287274805,0.25294111174997685,0.32456733732213666,0.9114147450696116,0.6940628,7.16371,6.373192
-0.22036699170328505,-2.2776948866890194,-0.7982453625593813,0.9791489609104304,-0.10735754477896992,-0.17245773374092843,0.051272582594578134,0.9520648425603417,-0.3015686618908456,0.19656661624525124,0.2864382885362651,0.9377177998941412,0.23112793,6.8717866,6.720679
-0.3593648379305218,-2.175086897696588,0.20857406699762426,0.988398403200289,-0.08398743711560644,-0.12654922740922558,0.048459307844154795,0.9640352451881313,-0.26131923296674187,0.14394544811971455,0.25215502462138867,0.9569208700429741,-0.25727996,6.5703063,7.021777
-0.45114271295276526,-1.9753032411226084,1.240613542752627,0.9958243010515508,-0.056055161823705214,-0.07205400938261139,0.03912171752568608,0.9751726285522578,-0.21796292285689733,0.08248304463968184,0.2142338987074635,0.9732935754393787,-0.76212007,6.2709,7.2655563
-0.5242066725678681,-1.600549204173857,2.2439221622526504,0.9992437711116058,-0.030564035314833184,-0.024035923945861556,0.025651993466161652,0.9827374655744572,-0.1832185825387414,0.029220902208344675,0.18246345798972288,0.9827783195474775,-1.272171,5.9804535,7.4520693
-0.6053976252611791,-0.9784845830738029,3.153770248631724,0.9997499828252487,-0.004713944065369286,0.0218575060851891,0.007993771375247595,0.9882722500517367,-0.15249281752554367,-0.020882324107142847,0.15262941560861448,0.9880628472070276,-1.7705796,5.7007723,7.5883303
-0.6864446329432776,-0.21081078908228207,3.8696117336864506,0.997771975428186,0.020447934930408945,0.06350564547516967,-0.012260241647265555,0.9918604683180849,-0.12673791012392693,-0.06558026780127361,0.12567694038649965,0.9899012754462955,-2.2426772,5.436499,7.680867
-0.8741018351681539,1.1895246250079223,4.573137136380879,0.9908739070196345,0.060819927959256795,0.12029063450940886,-0.0495234482519424,0.9942667626794217,-0.09476831065403823,-0.12536478158112202,0.08794623922609762,0.9882050043108993,-3.0671554,4.966179,7.772601
-0.93181373387473,1.854438827009841,4.728284547046229,0.9841454557368633,0.08619727531312271,0.1550088761364198,-0.07499967453411399,0.9942293828069401,-0.07670060744941054,-0.16072576262771018,0.06385893901346446,0.9849310966437279,-3.4011216,4.770129,7.787361
-1.085864354522615,2.4383436223456827,4.854196289575154,0.9787916857271253,0.10299540712427681,0.1770841101362786,-0.09265031036835505,0.9935254954342848,-0.06574960008020529,-0.1827094850852043,0.04794826413295866,0.9819970509255802,-3.672177,4.6070986,7.7904496
-1.2454686575138647,2.902749394354073,4.932703613691518,0.9746271011355719,0.11481235992596721,0.19214613121346621,-0.10541464254274384,0.9927078042635912,-0.05847194619427058,-0.19745826614669182,0.03673332767923874,0.9796228334251672,-3.874948,4.4816957,7.787244
-1.347159975841236,3.24285734496723,4.934491229229669,0.9716806837885479,0.12268162299247583,0.20195511415201317,-0.1141630499566702,0.9920286875876727,-0.053346799601017056,-0.20688993880034687,0.02878024292830592,0.9779408217475009,-4.0077085,4.3949523,7.783844
-1.416460281354695,3.473947791651802,4.8547846721569785,0.9705088265694901,0.12570467035843425,0.2056962649169628,-0.11773941799993332,0.9917562717059284,-0.0505660655083471,-0.2103569513939312,0.024856254384658952,0.9773086102241283,-4.070479,4.3473024,7.784831
-1.4728616449199365,3.5613823299459786,4.70402707250398,0.9710244159471403,0.12441236446823588,0.20404202312743924,-0.1165581708223782,0.9919185530525241,-0.050117630877057194,-0.20862832130143957,0.024882678264417465,0.9776784112750642,-4.066455,4.3406463,7.7906265
-1.51648342303558,3.4304560591936246,4.53790256275953,0.9732576353177216,0.11857087316248613,0.1967499004656503,-0.11024589700991624,0.992502024631055,-0.05277853063260007,-0.20153267101945632,0.02967623865558123,0.9790321258115187,-3.9999847,4.3785095,7.7979097
-1.5548081997129226,3.1312683830496173,4.419872107189959,0.9766533936596219,0.10904895652618164,0.18508504459760008,-0.09982650105761524,0.9932857519825329,-0.058464387408821566,-0.19021781814472172,0.03862304997078567,0.9809818763214825,-3.8760667,4.4610186,7.8028917
-1.6028244437542087,2.7589711037794262,4.442599332757023,0.9805635266367383,0.09725722405988893,0.17040012499375673,-0.08704156701478687,0.9939862073092256,-0.0664468606529484,-0.1758378111821617,0.05032347411682318,0.9831320420530909,-3.694893,4.58519,7.8035784
-1.6960188139027952,2.339065986852473,4.5327821514409825,0.9857998666463403,0.0796402538791817,0.14783792775237964,-0.06849108612562527,0.9945158502090418,-0.07903919789775188,-0.1533218641987841,0.06779125050511563,0.9858482400012504,-3.4567077,4.743094,7.7995667
-1.7608681974808391,1.8568791663806448,4.561120860974319,0.990608216776128,0.060471767137301374,0.12263166897222132,-0.049100273863196243,0.9943869844891656,-0.09372133260418379,-0.12761083011319804,0.08681987363407632,0.988017097817636,-3.1654816,4.9284043,7.786481
-1.8143303993465476,1.2858466966880386,4.540291506831527,0.9949042178800411,0.03850341486133595,0.0931830686794545,-0.027889375495716576,0.9932445007219689,-0.11263900088347199,-0.09689055670684794,0.10946619948451584,0.9892569793493771,-2.8223786,5.144586,7.7521806
-1.9175433821664154,0.6576402821391305,4.511278601281202,0.9982303670853849,0.012861830504205354,0.05805779486562438,-0.004802293022109721,0.9905762848285727,-0.13687790879814443,-0.05927117520606093,0.13635687460228962,0.9888850947093845,-2.4286866,5.3867083,7.690593
-2.047561269539038,-0.01851609210394023,4.376929518781815,0.9996809410352409,-0.013169109875906363,0.02155436558963926,0.016512692764581997,0.9864631756942942,-0.16314942223860832,-0.019114055261980033,0.16345328856956529,0.9863658932400475,-1.9883468,5.6464157,7.598587
-2.1507796118183538,-1.5805478633641408,3.4102691451535136,0.9960232088506307,-0.06887327396292982,-0.056517604023176064,0.054747896570327824,0.97359794586642,-0.2216071019299998,0.07028822982561218,0.21763159682894379,0.9734968170516359,-0.99962616,6.1805954,7.318797
-2.0553192900467177,-2.3533357629956604,2.5785969132910966,0.9891450600090311,-0.10310906431654167,-0.10469274624107407,0.07304068758616349,0.9632287780645942,-0.258564071489313,0.12750336551115526,0.24811054383874429,0.9603041444351741,-0.4733139,6.4396224,7.1306458
-1.82419701985978,-2.931789274270674,1.6648648508599908,0.9795979348685833,-0.13397627541661666,-0.14979400397445186,0.08539764153339198,0.9522275481251214,-0.2932063086158875,0.181920666285449,0.27443223975530223,0.9442413976103499,0.0587677,6.6897507,6.906825
-1.5195939579934583,-3.248149929352821,0.715680292658818,0.9662912131124358,-0.16565759755202072,-0.19707575151446263,0.09361330150227051,0.9391706421908245,-0.3304467500653028,0.2398287748447686,0.30085887924435345,0.9230200937879354,0.5839752,6.9280868,6.646028
-1.229525118876586,-3.396499209716872,-0.14058637685768194,0.9574800902636608,-0.1816445737816913,-0.22413639946327368,0.09415154219529431,0.9311070194810421,-0.35238502433471747,0.2727038024137919,0.3162988572359999,0.9086185498107885,1.0859696,7.155345,6.3502197
-0.9224838699000169,-3.491318925002358,-1.127081484833207,0.9357503718072557,-0.2139559154953556,-0.28034640694527757,0.08908229516632674,0.9125643002869568,-0.3991124434663467,0.3412265909194103,0.34849571599421786,0.8729920673082859,1.5542603,7.368823,6.0270095
-0.5752531216163089,-3.4978610466750673,-2.079266532437284,0.9182120347737275,-0.2353740798916249,-0.31856820574542966,0.0808910660368392,0.8987665838599829,-0.43090052584335686,0.3877412727994214,0.3698887268515068,0.8442979539925795,1.9776825,7.5589156,5.691861
-0.11697010390828955,-3.331926909649954,-3.0615856730290743,0.8969925848316453,-0.25732608762667375,-0.35942674828648086,0.06717141169487353,0.883002168496738,-0.46453758930895744,0.43691223856509426,0.392543570902402,0.8093313541036382,2.3494277,7.7243166,5.3560257
0.3213802125956218,-3.001038717311642,-3.881076065056239,0.8793543048347819,-0.2731543345664422,-0.39002912208718715,0.05311079068722663,0.8702531798872442,-0.4897332404572094,0.47319684115716115,0.4099342781516389,0.7797683227184717,2.6640167,7.8683867,5.0290513
0.6415157962561246,-2.5119346776584477,-4.463774832965236,0.8612273039663016,-0.2878035441375799,-0.4188754598741538,0.03645424625387246,0.8570612119671206,-0.5139233083559394,0.5069108588627766,0.42733499613687126,0.7486161781872617,2.920613,7.9944153,4.719832
0.7669672198957678,-1.9574355884954384,-4.825548606754806,0.8471799296089253,-0.2984272638695326,-0.43957631310975004,0.022279558712643678,0.8465767226290043,-0.5318002199757962,0.5308387590703852,0.4407369066484897,0.7238516360322284,3.1225998,8.10359,4.4382615
0.7613450330661582,-1.3996642099799612,-5.034423488275657,0.8346575631344898,-0.30749626588710605,-0.4569385065497124,0.008919903726947774,0.8370750413032529,-0.5470153659127509,0.5506970016441868,0.452494664822299,0.7014138512229835,3.2764022,8.194517,4.195143
0.7315272325780247,-0.9412258517048844,-5.181263422809964,0.8224477807647341,-0.31525005676995277,-0.4734945085444031,-0.00495920033241079,0.8283798725432852,-0.5601447965457104,0.5688189995483866,0.4630379989501008,0.679735799617071,3.3869033,8.262533,4.0051727
0.7296130953377407,-0.6885512136116936,-5.350486051286312,0.8175088774064272,-0.3175561615693369,-0.4804553253019812,-0.01099764987671809,0.8254855258263355,-0.5643161333405319,0.5758109820582381,0.4666173281186296,0.6713493740524067,3.4577224,8.30496,3.879622
0.8672062554705069,-0.5081389267146545,-5.508842200440425,0.8123245137058471,-0.3180536806406153,-0.4888463364529969,-0.01744059742208954,0.8245828874696687,-0.5654722692172851,0.5829448601661394,0.4678727582614129,0.6642818468712941,3.4961655,8.320251,3.8237672
1.0454618709145345,-0.33741766989608335,-5.595539539365932,0.8119690560235989,-0.31645210785459105,-0.49047356248276236,-0.017722960596131515,0.8265294573699116,-0.5626143908286642,0.5834313573402222,0.46551811944776866,0.6655078750382738,3.5055633,8.307553,3.839929
1.1787452891483219,-0.19358475340725523,-5.587735621228289,0.8150896656215867,-0.3112235432179234,-0.4886396864191156,-0.013443752205247576,0.8330613457258018,-0.5530172328093957,0.5791788173988534,0.45732778223545373,0.674835681534451,3.486522,8.266573,3.9270248
1.1726803275047708,-0.16895955749480418,-5.414515925087614,0.8324115626079507,-0.2941728397797589,-0.46963105814298783,0.008788326213072946,0.8543691219091876,-0.519592310230336,0.5540882201950903,0.42838737593915754,0.7137720226914192,3.3525453,8.097204,4.303224
1.1028996673334173,-0.3630392365495174,-5.320119730350974,0.845190458442423,-0.2820679964164091,-0.45397217354758607,0.024112791250493704,0.8686543791840723,-0.4948314286930908,0.5339210262351514,0.4072802658145464,0.7409798396866373,3.2284074,7.965239,4.584424
1.0841591291720136,-0.6637834501167819,-5.190265569618186,0.8574007522056826,-0.270548521571756,-0.43779840976466217,0.03858824313432537,0.8820742928138362,-0.46952730426331785,0.5132006406941989,0.38567919237665504,0.7667311542899208,3.0571074,7.800743,4.9172606
0.8397988522629747,-1.4994408036529638,-4.541446207494873,0.8930673232515665,-0.2387953811224408,-0.3813233825703202,0.07527264358362454,0.9148845479918155,-0.39663622246807617,0.44358176841278685,0.3255196304378596,0.8350282539719143,2.5464492,7.3928666,5.674414
0.5629142405511249,-1.842181125862349,-3.9356714789855474,0.9117861546645073,-0.22122985595464817,-0.3459817321715083,0.08927908840193281,0.9291253851012968,-0.35882483628434636,0.40084317698600236,0.2962825840218314,0.8669148619496119,2.1981978,7.15957,6.0647736
0.2651684279089024,-2.1565529201741316,-3.146795547110847,0.931253565473076,-0.20236192765864272,-0.3030122885758301,0.10314617637964096,0.943993005670401,-0.3134295320221496,0.34946768533291306,0.26062781025754306,0.899969711395008,1.7874695,6.916087,6.4392014
-0.04054898498175363,-2.394149551159211,-2.1977419855583564,0.9480758429820831,-0.18324201993898304,-0.2599510686311839,0.10862455181211664,0.9547544815509611,-0.2768475874953106,0.2989195589074592,0.2342354415690293,0.925084242226367,1.3167312,6.670891,6.7806687
-0.393495750189021,-2.5512443888572807,-1.0318266957555249,0.9660760012669386,-0.16046748831342747,-0.20235450321270992,0.11266919866503226,0.9669162478172244,-0.22886376161210187,0.23238504996720893,0.19830066792989243,0.9521943255713595,0.79507905,6.4208937,7.083539
-0.6296386842125187,-2.5375628899248444,0.20661360650341792,0.9797356625106524,-0.13715543517836246,-0.14596718194802386,0.10906082783735399,0.9765571621886192,-0.18558514167234244,0.16799930784454023,0.16590508002814852,0.9717261635793332,0.23713684,6.1638002,7.3445663
-0.7041931608911491,-2.373957663324111,1.3586464349372553,0.9895317793880958,-0.10976234811914758,-0.09369676897524411,0.09496805090780772,0.9841277667340899,-0.1499120010197521,0.1086642852449751,0.13944448959476724,0.9842496164255556,-0.3422638,5.9046187,7.558136
-0.7231320336152756,-2.0189755290441993,2.366938182697499,0.9955260243749174,-0.08281849270228989,-0.04548661406163653,0.07684358566351128,0.989762278287724,-0.12027342109156969,0.05498179821219155,0.11623996621307227,0.9916981759185289,-0.92457426,5.6511245,7.7189546
-0.7264348519912053,-1.327129559123791,3.2745841450709587,0.9986169208087572,-0.04647360034553295,0.024585563759248988,0.04829534747202664,0.9956569975622203,-0.07959084506362814,-0.020779915471257855,0.08066813296655581,0.9965243837642394,-1.4913819,5.4077682,7.82944
-0.7790931121076927,-0.4555727961662666,3.949972917245559,0.9968340560085234,-0.01683661805265295,0.07770709796502172,0.020920411511899228,0.9984257218069789,-0.052042429001605536,-0.07670854687561982,0.05350333005302983,0.9956169908702176,-2.0245042,5.17496,7.8989334
-0.8439192761789645,0.355258777626871,4.330357761305587,0.9935964451944392,0.007418535770806175,0.11274337862593667,-0.003544365122818839,0.9993975700155241,-0.034524404744222206,-0.1129315791656618,0.0339037221272828,0.993024166902833,-2.5078979,4.953177,7.9381685
-0.8005086766708677,1.0332418160675925,4.454108368937134,0.9868354959293902,0.03706421379597514,0.15742283198278723,-0.035360013283361275,0.9992819126536261,-0.013613541196639059,-0.15781436384054223,0.007867852248124904,0.9874374529389729,-2.9302475,4.7456117,7.955678
-0.9125253456738998,1.5631595902115711,4.41248180636569,0.9834531148574086,0.04987949488809767,0.1741608649122104,-0.049801782328373324,0.99874749488125,-0.004819122881384847,-0.17418310295254874,-0.003934140075900431,0.9847054225440646,-3.2875564,4.5518723,7.9614687
-0.9840820848179118,2.026130344150081,4.206266653854435,0.9776810312584594,0.06902836750250858,0.19843106006201264,-0.07243031878711552,0.9973240578516781,0.009928370997320938,-0.19721473078295182,-0.024079204932933997,0.9800645600428602,-3.5766296,4.3710847,7.9652987
-1.057740320940201,2.380425249906601,3.8686080397614933,0.9721950050675391,0.0842166946073091,0.21850496669674818,-0.09148817382939232,0.9955321698635592,0.023358356451541447,-0.21556156004976995,-0.042699497844513226,0.9755562345209707,-3.7994018,4.212401,7.968306
-1.1817678358478898,2.654489236392159,3.532666763382735,0.9682904212457466,0.09332799658564568,0.23174025368296367,-0.10370467717722047,0.994061236828983,0.03297874111608753,-0.22728616336086763,-0.05596554732460958,0.9722185235107141,-3.9619536,4.0843444,7.970033
-1.3337291804749787,2.9370368478482995,3.2776209594310726,0.9658610570607934,0.09769771532706893,0.23993243814306978,-0.11052461647631098,0.9930451558298223,0.04056633623694446,-0.2343005070548744,-0.06569988510488758,0.9699416464360279,-4.067537,3.9853578,7.975676
-1.4551203122621086,3.165615316141189,3.0884209292915488,0.9646235706137817,0.09827557724764781,0.24462885752290164,-0.11335804924510183,0.9923783576790962,0.0483233678615795,-0.23801537699834324,-0.07434450972857401,0.9684118825094794,-4.120703,3.9085937,7.99079
-1.5279905308346493,3.1566849868747915,2.965711748344796,0.964693863088341,0.09542092079179358,0.24548034217618972,-0.1121249467501676,0.992172932972218,0.054962418010670484,-0.2383143865484518,-0.08054637765010797,0.9678422052232898,-4.1261444,3.855475,8.015104
-1.546384451281958,2.915289484107918,2.9504377990899364,0.965968372188821,0.08953980680761255,0.24266793551628246,-0.10709455269482135,0.9924298195788743,0.060114973124339575,-0.23544821238220354,-0.0840575767405849,0.9682450428886918,-4.089389,3.8317018,8.04435
-1.5120063240455468,2.6371295774579875,3.071723721353229,0.9679210921815445,0.08282813308006973,0.23720931617572727,-0.10017730777788013,0.9930345426902875,0.06202341517740365,-0.23041976112404433,-0.08379676243365812,0.9694765785150122,-4.013307,3.842317,8.074327
-1.4710474685856996,2.4802228702845066,3.29182164117073,0.9712361418669343,0.07285938605919509,0.22669774280858995,-0.08885458685417194,0.994165221187938,0.061158608350042935,-0.22091903296548884,-0.07954258509387703,0.9720430844515977,-3.89814,3.8883348,8.102559
-1.4360688608075458,2.3800547582870473,3.529338130345148,0.9746052328247089,0.0632796889846414,0.21480298208521706,-0.07733383821171003,0.9953365715041328,0.0576592307774276,-0.21015260554687393,-0.07280652710029939,0.9749538922397574,-3.7403474,3.9696884,8.1276245
-1.4378428197342494,2.2904022013422582,3.7331949237528614,0.9787279476618349,0.05151456485007284,0.19858966255563312,-0.06274671738998751,0.9967416997557322,0.05068366033383727,-0.1953316511025122,-0.062066364291477355,0.9787713279930114,-3.53844,4.0864305,8.146031
-1.513870069111134,2.07627598408012,3.8772166588867725,0.9847228633802617,0.032598305607739915,0.1710503809048169,-0.03927363489810144,0.9985874368194093,0.03578704553792777,-0.16964216438748095,-0.04195809216286499,0.9846121340730991,-3.29124,4.239151,8.152754
-1.5837654807632993,1.7770485188194254,4.00553710569186,0.9887717837955938,0.017514756715754413,0.1484034799688585,-0.020964036923363003,0.999544484367989,0.021710203255791753,-0.14795563093561281,-0.024577572433416833,0.9886885627980754,-2.9964232,4.4264708,8.143039
-1.7481957355980569,1.3125488856512137,4.169459936012817,0.9935179778898517,-0.005140164929356383,0.1135588231453605,0.0054385773233458536,0.999982523817544,-0.002318175186220961,-0.11354492276785517,0.0029207471638328514,0.9935285701728188,-2.6525314,4.6461105,8.111465
-1.871421269454607,0.7710587221197919,4.3220082335453105,0.9958655054881564,-0.0212704032426355,0.08831457934403815,0.023236756294878456,0.9995031186326128,-0.02129715944849691,-0.087817698305701,0.0232612508171413,0.9958649336504974,-2.2592607,4.8964033,8.052519
-2.07615879514671,0.014694827972189406,4.250060045319031,0.997880242065196,-0.05461979639734526,0.03537937728986494,0.056785292823964696,0.9963708154421016,-0.0634084273116699,-0.03178762361049709,0.06528304509407695,0.9973603516324683,-1.8212631,5.1687303,7.963576
-2.0791588268030865,-0.6762344536234288,3.93676932014569,0.9973399014935461,-0.07262104234669615,0.006269377746092375,0.07289106663176924,0.9935067268702026,-0.08735717525733483,0.00011530015961762341,0.0875817781969348,0.9961573263464636,-1.3464935,5.452933,7.8428802
-2.0475153948010085,-1.4667772435744793,3.317113014412414,0.9939719822852152,-0.10144646320073165,-0.041572990463312295,0.09542416458801717,0.9872322211289087,-0.1275412497098934,0.05398080440933677,0.12280536091288902,0.9909616118126751,-0.84512174,5.740184,7.6876373
-1.9159870922415685,-2.2325698421023197,2.507188521903211,0.9876860505058523,-0.12925110015366884,-0.08814997870230767,0.1131327055219871,0.9792372802999093,-0.16821218687156125,0.10806135561534648,0.1561681849158269,0.9818015285395866,-0.32982484,6.025197,7.49541
-1.717338614260728,-2.8817319989810404,1.5984351391252234,0.9793968479780695,-0.1543519756288352,-0.13022012820642503,0.12542694535716242,0.9703140773287514,-0.20678170304943772,0.15827158793982476,0.18618823528120626,0.9696824456974951,0.18749543,6.3046556,7.2632995
-1.5093330981957058,-3.352060339611108,0.6383126668758271,0.9666860240811934,-0.1834350055382973,-0.1785209500009992,0.13497692138618983,0.957904841405681,-0.25337629230980524,0.2174841638814209,0.22083911237532686,0.9507527149086014,0.69648135,6.5745835,6.9915986
-1.3032265059112391,-3.6219861382957035,-0.28298557294615556,0.9523142543264685,-0.20957335908629937,-0.2217579044090814,0.13880489358956735,0.944796932195211,-0.29680289491530754,0.27171816744967775,0.25186854522906005,0.9288333937805989,1.1855347,6.8292723,6.68618
-1.0310313609500457,-3.747279927036566,-1.2280680851850971,0.9361528885877511,-0.23397651020020663,-0.2624362053211069,0.13772689239656077,0.930806451167527,-0.33857148960847333,0.32349508852468795,0.280810154979208,0.9036020056202602,1.6432205,7.0627794,6.3574357
-0.6065196586299173,-3.741982573428716,-2.220199280229922,0.9190124445715886,-0.25616453323866484,-0.29965957123571035,0.13217008998924548,0.9163306484956113,-0.37798043592208225,0.3714124311796624,0.30776269192062466,0.8759765587200279,2.0582976,7.2738023,6.01431
-0.08777023711540033,-3.581517844172485,-3.1258854861340732,0.9015874048391168,-0.2764097287657076,-0.33277291548311816,0.12299326395522832,0.9012844422598063,-0.41540222816213895,0.41474426874533893,0.3335925898219232,0.8465832360487628,2.4220397,7.4657774,5.6625013
0.32001717026103227,-3.2735356641924214,-3.7586918392516795,0.8850929050711221,-0.29415657792428584,-0.3606694567836807,0.11133365029942802,0.8862615519871855,-0.44960569366976477,0.4519019447886524,0.3577881623714498,0.8171733372810777,2.7290604,7.6422987,5.310234
0.5225007478789588,-2.853802777826709,-4.118978752387591,0.8698327450216933,-0.3096607520305322,-0.3840588683260827,0.09802900288136954,0.8714392770303483,-0.48060784538218765,0.48350936938399686,0.3803995335179964,0.7883621532120753,2.9792068,7.8035784,4.9690123
0.6090853285123767,-2.357244312338854,-4.342541635854558,0.8564855177072601,-0.32280071528933985,-0.40278065515416356,0.0844647606678006,0.8574538366202806,-0.5075811484585424,0.5092133758681694,0.40071513107674367,0.761662078328106,3.1755843,7.947238,4.650969
0.6615352704881285,-1.8335459640287761,-4.4890133008561,0.8451373641641096,-0.33384369292598315,-0.4174820048664171,0.07153569033705295,0.8446079351767355,-0.5305846594507735,0.5297409562245893,0.4185520571327219,0.7376914631254883,3.3241134,8.070987,4.367372
0.6788660694563196,-1.373156432996089,-4.550813484022598,0.8366540116459852,-0.34160628936584786,-0.42815325277565797,0.06034718403465375,0.8344154199996756,-0.5478221647997215,0.5443971731886263,0.43249976870798623,0.7187319861337538,3.4281325,8.1717205,4.1317673
0.6996594910422396,-1.0158228683095964,-4.562249968756223,0.8304886225757471,-0.3462896586622492,-0.43631653656012315,0.050409645100650935,0.8267910307334996,-0.5602458917113664,0.5547499575962709,0.4432832771515524,0.7040968830670356,3.4914353,8.246849,3.956369
0.765808066743868,-0.7501620476626276,-4.5530241478678795,0.8272217737053766,-0.34771440228743117,-0.4413602061237796,0.04334145627506239,0.8226601949119167,-0.5668789305270079,0.5602014416936885,0.4498054003114917,0.6955928741547965,3.5199769,8.295889,3.8468795
0.8480047055528572,-0.5270186714447278,-4.521517571924629,0.8267401605497456,-0.3464171145461506,-0.4432785689424879,0.03946946562555752,0.8217070158440554,-0.5685417675034002,0.561197708670851,0.45254034390557496,0.6930110885984506,3.5185134,8.320409,3.8029952
0.8784094797561894,-0.3227463294525088,-4.474595903085014,0.8289025586025907,-0.342643121618777,-0.4421721831474916,0.03927064042453333,0.8241431586023297,-0.5650184695473436,0.5580128718432268,0.45098087025539657,0.6965901876433221,3.4901733,8.319097,3.8267288
0.8808556485109343,-0.15966544400738458,-4.477313779895898,0.8337279598808156,-0.335819033831465,-0.43831868021962606,0.04256833311327667,0.8305306363127034,-0.5553438566887845,0.550532129788017,0.44434720508012304,0.7067318695294221,3.4364638,8.287578,3.922789
0.949799161921256,-0.07693878697594791,-4.578416506816589,0.84045635342175,-0.32721889121715825,-0.4319269790411663,0.0491191607618824,0.8398137594437804,-0.540647905290451,0.5396484281817768,0.43317507624460244,0.7218995271375508,3.358647,8.222597,4.089897
1.0536992317634097,-0.12702863178637847,-4.720932386754776,0.8505119676617923,-0.31567860241873663,-0.4206856461052833,0.06036099267019371,0.8531497712169792,-0.5181621545773919,0.5224805675122614,0.41531011045647426,0.744668764434695,3.254251,8.124331,4.3205705
1.091319484901911,-0.28459763568256147,-4.795229116696572,0.8616328714865873,-0.30351278006152826,-0.4067785480001379,0.07292159913938225,0.8672010863488151,-0.4925898052278288,0.5022660999437776,0.39476862612770647,0.7693415994683436,3.1157684,7.992601,4.6086745
0.9972967841635949,-0.5661215784482239,-4.734332496416239,0.8751113863034126,-0.28912597246143834,-0.38805442093905707,0.08763701580960828,0.8833225954619475,-0.4605007554894512,0.47591996703448497,0.3689815231073176,0.7983437984874046,2.9376495,7.827971,4.9445176
0.4313583847012994,-1.3118423333772393,-3.8863257050080753,0.9042016037880701,-0.2595353961340537,-0.33920618782773054,0.11810488443207716,0.9151641200266902,-0.3853905417742623,0.4104518193166733,0.30840883834500127,0.8581452630238767,2.462091,7.420207,5.6927004
0.08557513317734367,-1.5609199749383016,-3.1470976470811776,0.9159113843112859,-0.24746114624325194,-0.3160210707990212,0.1289745096733994,0.9270293250772434,-0.3521110709724087,0.3800946092007751,0.28174387579290144,0.8809928924285955,2.171701,7.1754103,6.084531
-0.12289452862021455,-1.7854428769534048,-2.320128311742341,0.9295306099173573,-0.23227446992790718,-0.28639381251412505,0.13970845515342617,0.9406069407968455,-0.309419020881785,0.3412541469129846,0.2476028140884283,0.9067736507365997,1.8504562,6.900777,6.478386
-0.19985475257584817,-1.9807653180404454,-1.4940547465083212,0.946839584713546,-0.21238275262494527,-0.24163684985310366,0.15189440610075217,0.9572503566550637,-0.24617035580884344,0.2835892984842335,0.19638055166233692,0.9386222822381829,1.4972519,6.6046247,6.8595977
-0.08997616876861797,-2.111523740117018,-0.7917690075890592,0.9576371324949641,-0.1978652896794429,-0.20923778245549507,0.1553093404002064,0.9667099287423119,-0.20334926224475575,0.2425080024479102,0.16223822241106906,0.9564876517434081,1.1115189,6.2963,7.2134886
-0.022928493442517295,-2.1027929145658337,-0.007990936888649491,0.9693197480458065,-0.1794344962251179,-0.16799549878747577,0.1544534583150347,0.9763007447040225,-0.1515948056659469,0.19121546815814983,0.12099635306408336,0.9740618703564212,0.6978394,5.9797072,7.5318894
-0.01946285287757399,-1.8836477004944658,0.8349544707984025,0.9789914023439519,-0.1604097169663222,-0.12587516371154156,0.1481827656181504,0.9837700695867092,-0.10118457470937495,0.14006320755422985,0.08040629880889325,0.9868723955007932,0.26477814,5.6586075,7.810356
-0.021574969368146013,-1.5272504801438582,1.6002257917243599,0.9856498547756896,-0.14356018566187667,-0.0887966039518972,0.1386089186557677,0.988549333094863,-0.05964716008981314,0.09634278099443362,0.0464832134262293,0.9942622287001697,-0.17620698,5.342067,8.0426
0.014765553319816035,-1.0592912018798133,2.184768139658019,0.9913620642721772,-0.1232869332061817,-0.04473912854116124,0.12277089865317431,0.9923346602110028,-0.01411483573425551,0.046136362729414744,0.008500249674415629,0.9988989847775253,-0.6172241,5.038057,8.226234
0.0490265188202161,-0.5566207401773399,2.457031008854405,0.9935947624927607,-0.11123882790009168,-0.01988394111761379,0.11145893015738903,0.9937154186925439,0.010323446172270543,0.018610610820854193,-0.012473564851926059,0.9997489961709177,-1.0530548,4.7436953,8.368236
0.15656249917451284,-0.0471662214686292,2.4197391551612943,0.9957434131811691,-0.08818761648418086,0.026795510914237233,0.08666967345951995,0.9948085897511876,0.05333139281579765,-0.031359572840461813,-0.05078202493099044,0.9982172925446494,-1.4782165,4.458743,8.474086
0.21286412267080385,0.33591621655740456,2.308705537235514,0.9955532315346484,-0.07085959104803498,0.062069972913030944,0.06562212665550742,0.994411494532209,0.08270136658741739,-0.06758327954551897,-0.07826044913443246,0.9946395339152507,-1.8896286,4.1914473,8.543813
0.11627078095658815,0.6745034598207054,2.2755607401255937,0.9941151798459447,-0.056200672676126204,0.09260936016740431,0.04638941184112416,0.9934017057068336,0.1048860027257561,-0.09789296026221556,-0.09997267371388886,0.9901628314785375,-2.2831254,3.950679,8.579008
-0.07737243873483725,1.048368006891081,2.38495981494726,0.9916652407011506,-0.04235856171147098,0.12167909695122034,0.02721672566631165,0.9919700663699886,0.1235096646822601,-0.12593371363194902,-0.11916853475500627,0.984855095988851,-2.6501985,3.7368622,8.587006
-0.31864220623073664,1.5922070535481054,2.6182400084350164,0.986658289032374,-0.02441875668149181,0.16096317903743917,0.0005956729873718217,0.9892226724873694,0.14641772232430694,-0.16280376487477408,-0.1443683779748041,0.9760392951021599,-2.9806473,3.547699,8.576666
-0.5690905887979328,2.0786758519330344,2.82749011574449,0.9819470412991308,-0.012649842745036973,0.18873258744162022,-0.018157618741953385,0.9868500723529862,0.16061517854339544,-0.18828252432316928,-0.16114253372536638,0.9688048177311372,-3.269937,3.3871276,8.552727
