0.2565795284807883,-0.49368039477154707,-0.5123614925961194,0.9999990683378721,-0.0009919111440547248,0.0009377823148771275,0.0010032765169004046,0.9999251027220348,-0.012197638400887575,-0.0009256131040734292,0.012198567891784308,0.9999251662908435,4.255002,-8.824356,-0.002330017
0.23818048218544488,-0.6174865564898584,-0.7536145021111095,0.9999951633717687,-0.001814272441138345,0.002526192506263694,0.0018903801466319276,0.999534250390205,-0.030458311834244488,-0.0024697562573251625,0.030462939982874013,0.9995328456792348,4.2477875,-8.823257,0.1545929
0.2484358704047198,-0.9006854823070752,-1.152503181117746,0.9999856742915019,-0.0020741708816691615,0.004934473317783272,0.002333176993751948,0.9985877519067234,-0.05307596468263075,-0.004817415996787687,0.05308671733145379,0.998578285837462,4.2429185,-8.812544,0.36264038
0.23595761811899765,-1.0904301492968382,-1.6151522099706952,0.9999586531221362,-0.0014452448475884812,0.008977934812305199,0.0021951151016979574,0.9964562482682124,-0.08408404579305645,-0.008824597206319403,0.0841002767805733,0.9964182203922091,4.2417283,-8.784587,0.63510895
0.14510778327918272,-0.8703336712076074,-1.9373796408060153,0.9999025447562638,6.444485422143424e-05,0.013960545720301119,0.0015745572673402657,0.9930882431970945,-0.11735954155125292,-0.013871617041993311,0.11737008592724621,0.9929913600681886,4.2437606,-8.739418,0.9506729
-0.02825878758514906,-0.17299403051212164,-1.961245334688803,0.9998024997211126,0.0021696776767959297,0.01975484877677937,0.0008455870042022983,0.9884783015908858,-0.15136027307921984,-0.01985564237270937,0.15134708382646983,0.9882812421994006,4.2467575,-8.686148,1.2692077
-0.21699271588074617,0.5160606331551036,-1.8222971687499359,0.999667814905374,0.004377605326455377,0.02539874827468139,0.00025316759296805475,0.9837543732167319,-0.17951955069887113,-0.025771995430790992,0.1794663471199001,0.9834264764093726,4.2494764,-8.628873,1.5724335
-0.33537407443616596,0.6268932769799463,-1.7865275190419447,0.999397382181472,0.008245835891288005,0.033717631578666966,-0.0008201707844238946,0.9767125514652581,-0.21455050484701638,-0.03470158222192686,0.2143935586734806,0.9761307300718562,4.2532654,-8.561731,1.8773773
-0.37344221791609944,0.23552236180780808,-1.9073809906501014,0.9990749107465836,0.012529942233152262,0.041137856827257735,-0.0021215143386058453,0.9698069312932673,-0.2438647477444139,-0.042951389891564364,0.24355187653386987,0.9689363557753486,4.260713,-8.468382,2.2227325
-0.4324859713153438,0.06431819902325436,-1.97234119174899,0.9984599695887123,0.019663643684082535,0.05187514092485192,-0.004090399966428678,0.9586245487772838,-0.28464406389324803,-0.055325923011030224,0.2839935133037623,0.9572286699866249,4.2709336,-8.346825,2.609291
-0.548616401501098,0.3722580557708818,-1.8353243567108735,0.9977038256682171,0.027234057025158274,0.06201114726364981,-0.005995192630609238,0.9475099228473502,-0.31967014838913244,-0.06746209240992693,0.31856436122667336,0.9454975483013776,4.283246,-8.210912,3.0051055
-0.6777750014714164,0.7678923783273883,-1.6089022844938148,0.9964668941547234,0.037869267881626374,0.07496430753197571,-0.0084895729665449,0.933420985767484,-0.35868257621426747,-0.08355630439700354,0.35677889774896676,0.9304446045394359,4.296721,-8.063002,3.3882186
-0.7597202560839527,0.924997907186528,-1.3727276677545326,0.9946434235949938,0.05129725177546064,0.08973879796116202,-0.011220776588877423,0.9166215569767073,-0.3995985678882485,-0.10275482505445545,0.3964511486247475,0.9122871985740818,4.309111,-7.887868,3.7665145
-0.7858043299272275,0.6216194236377465,-0.39865658325832964,0.9867783489159692,0.09973173848091696,0.12775785866336165,-0.019673184881279837,0.8561367256595855,-0.5163747406424043,-0.16087714538523012,0.5070340100195029,0.8467792255223564,4.3252883,-7.1719375,4.8828645
-0.7702837551611096,0.34421511312658293,-0.36011314708739917,0.9831983896213546,0.11898803425278691,0.13842967294128886,-0.021747180038814515,0.8293043724387092,-0.5583738156597225,-0.18124013574904968,0.5459817813432022,0.817958377691047,4.3319855,-6.8475266,5.295256
-0.7342804213859958,0.4161170766935395,-0.12579170965121528,0.9776396853347334,0.14782252366389736,0.14956318783791508,-0.024438434895657116,0.7862812874519385,-0.6173852119242674,-0.20886217598802725,0.5999251940871949,0.7723123415697742,4.341367,-6.4816346,5.7140136
-0.6074487442566638,0.7065213731533689,0.41367367382837705,0.9732042632466505,0.1697936380909671,0.1550599318404897,-0.02632236898104965,0.7521743694448559,-0.6584381906006506,-0.22843072229840072,0.6367133094368822,0.7364886738410602,4.352014,-6.0930467,6.102455
-0.09661932003570939,0.10699917528854225,1.075992018981029,0.9650256937943675,0.21007367958716555,0.15682620782703385,-0.03051749821221883,0.6841721800676696,-0.7286817620362948,-0.26037298749979093,0.6984106794473873,0.6666546558858433,4.377318,-5.252393,6.8108854
0.16340397041686547,-0.5497907310169403,1.2672616425740015,0.9588612836207909,0.23915517731572064,0.15293737259471468,-0.03282979866361587,0.6285560550558411,-0.7770710971155372,-0.281970287606327,0.7400824864943938,0.6105494820991009,4.3910675,-4.8040495,7.1481414
0.4244088459303203,-0.9166038586080705,1.6836410700604327,0.9545095856656318,0.2595827439243931,0.14672508282194288,-0.03494456750830925,0.586059556007284,-0.8095140974771237,-0.29612552756235017,0.7675617212115439,0.5684704706989551,4.408287,-4.36949,7.440622
0.6481366490164047,-1.0948972720411634,1.866036474128986,0.9507949512764907,0.27701975657253697,0.13874081986072845,-0.037149757269808084,0.5465160231765906,-0.836624247763617,-0.30758552658070415,0.790303923107899,0.5299158923436192,4.4281373,-3.9606032,7.6803055
0.8163744852471149,-1.2687939385752545,1.7565535924968574,0.9476350073100639,0.29241617421890503,0.1283770772982203,-0.03967861750323414,0.5066811090561895,-0.8612199841147564,-0.3168808928185577,0.8110283809958615,0.4917514260129245,4.4505982,-3.5621994,7.883371
1.0113741345693594,-1.5735349873474491,1.1463901400655843,0.9452460674630973,0.30762918588392846,0.10896860069735878,-0.04459626766907281,0.4525136954004155,-0.8906416385870626,-0.32329714637704027,0.8370159135090866,0.44145590456693523,4.5062838,-2.8413117,8.176883
1.174104254729317,-1.5875000889800157,1.0454658982431169,0.9445975316282169,0.31378347753824776,0.09630904664611134,-0.04755350237583166,0.42115085135872987,-0.9057431340129543,-0.3247678673355334,0.8509828961993421,0.4127395579811901,4.536603,-2.569568,8.2667675
1.272227733040949,-1.4666489010843136,0.8180866227223068,0.9450525401929253,0.3149933247894454,0.08749229459209157,-0.04954724669950994,0.40254166874810715,-0.9140597766371665,-0.32314202236694056,0.8594995114946717,0.3960300785559393,4.5634766,-2.3862977,8.322003
1.2332603823606971,-1.1603022100230227,0.4864312858251467,0.9465256109655854,0.312087928918654,0.08179481896483097,-0.05121161503116934,0.3956474394330438,-0.9169735405975326,-0.31853828384061417,0.8637500959729847,0.39047296120798836,4.5880356,-2.3111832,8.33755
1.1523860970006266,-0.6407837604571064,0.3794661611357856,0.9488042486903675,0.3056605773858956,0.07963735994636621,-0.05272609484704223,0.4018512353251551,-0.9141857270761926,-0.3114329086485353,0.8631843349480846,0.3973944480122304,4.612039,-2.356378,8.30468
1.1152643283052368,-0.006670422925085129,0.548941772261047,0.9521671484544965,0.2948073970669294,0.08041343195420649,-0.05421922205340257,0.42196699311327696,-0.9049884710220695,-0.3007291096052324,0.8573403381140775,0.41776733629914464,4.6352553,-2.5257492,8.210884
1.1041543595829189,0.6002919526427644,0.7227313392803962,0.9560631776339252,0.280694371833602,0.08458055328182812,-0.05451524480842384,0.4537066537035808,-0.8894820742817565,-0.2880473718956629,0.8457901288180406,0.44907434745035607,4.649245,-2.8164077,8.044286
1.0663733493782594,1.0100646348404996,0.8059442088772254,0.9609585915273077,0.26068584229589736,0.09274414804358436,-0.05345165515533346,0.503774777386978,-0.8621797342954981,-0.27148021277987683,0.8235616948930896,0.49804079027105147,4.6502547,-3.232875,7.7802706
1.002527486910625,1.238526812072649,1.0117139639621882,0.9659457373707746,0.23750681149890168,0.10266132157173076,-0.0510040605164733,0.5637614327062634,-0.8243613484412116,-0.25366792912400493,0.7910521863218668,0.5566767646034209,4.635835,-3.7808838,7.384862
0.9179748088587072,1.56773294368769,1.396020353915061,0.9719081505043635,0.2052953021160581,0.11510163296957313,-0.045759257720887014,0.6445344817201073,-0.7632046856555754,-0.23086930786923462,0.7364978892046252,0.6358224767032943,4.5956864,-4.445604,6.823799
0.7997002144212224,2.0759818997183124,1.763404633248892,0.9769545935167155,0.1729018308470037,0.12515861574954304,-0.038884450093844135,0.7207238818962846,-0.6921308298329509,-0.20987549105954958,0.6713136695719104,0.7108376996884788,4.521094,-5.1785383,6.0598054
0.5461573757338734,2.7525386785501333,1.765405539476813,0.9832126526445281,0.12307528015735195,0.13470469588658865,-0.025606349256843103,0.8240212384237424,-0.5659799585712714,-0.1806576722905663,0.5530293609210916,0.8133396162746301,4.416191,-5.901315,5.0859694
0.2115127033495439,3.377995043514709,1.4810577512125234,0.9880884633636304,0.07151879453069675,0.13625802947560148,-0.007968897583473269,0.9080344293675441,-0.4188197365865921,-0.153680464727961,0.4127451236683899,0.8977882699439567,4.2779436,-6.542918,3.9158616
-0.16508142971292689,3.9873643065110027,0.8805147221995981,0.9916116185733841,0.018296498592552113,0.12795169420341634,0.013916404729216543,0.9690626872572351,-0.24642208067703356,-0.12850187387615994,0.24613562583469842,0.960679198330679,4.1109147,-7.0317335,2.5712953
-0.46115087000514143,4.236330469421065,-0.21253973469589,0.9933811718119252,-0.03263393176598433,0.11013116719193443,0.04016796803905273,0.9969508735453494,-0.06689910373673263,-0.10761218255001809,0.07088005526703253,0.9916630657295669,3.9084992,-7.3225083,1.1062988
-0.6027484714200457,3.531101630771369,-1.6091514424332793,0.9930713972702343,-0.08390784928637791,0.08227194389266293,0.07302323026431583,0.9891603132391165,0.1273949863788108,-0.09206958110857107,-0.12050455402526103,0.9884340365920552,3.6770248,-7.414859,-0.40363616
-0.6639200658659512,2.159186019361099,-2.5007442305484986,0.9906273200624582,-0.12807890157455404,0.047469018499713835,0.10756661772711808,0.9456788733091016,0.30679128300454683,-0.08418393847176894,-0.298809744734477,0.95059234215046,3.4336212,-7.337982,-1.8956344
-0.7251433283471415,0.9542451406802386,-2.750667618762524,0.9863524776786012,-0.1644637401433669,0.007776114411317828,0.14206074948450545,0.8739675897344714,0.4647573512593632,-0.08323180421679847,-0.4573098842926677,0.8854039397331832,3.188771,-7.1063843,-3.3274446
-0.4918947215725469,-0.6976942999917419,-2.651546210181613,0.9732340977642062,-0.21448457694093917,-0.08253337024232259,0.20683936623118152,0.6609725975587356,0.7213409054348303,-0.10016420281803892,-0.7191047152751283,0.6876449235927671,2.7276504,-6.213127,-5.853662
-0.22913005986168447,-1.6310260209111105,-2.230815526807696,0.9658972467316872,-0.22680373361511916,-0.12491026849057119,0.23171435944335736,0.5418730409970454,0.8078874074203466,-0.11554637330483043,-0.8092797253477042,0.5759473602311623,2.533078,-5.623581,-6.8485746
0.01827337007803638,-2.438861841310109,-1.4740139377568837,0.9587585255078148,-0.2336619087870666,-0.16181533347635407,0.25071265397848974,0.4270910327406397,0.8687556704203985,-0.13388523033233113,-0.8734960573090855,0.4680591660937112,2.3664749,-5.026761,-7.628827
0.21013888308953252,-2.9500876681253043,-0.7180685125409372,0.9536292567248433,-0.23913183972855334,-0.1827763768829515,0.2608609978746878,0.35373229069780643,0.898234382722853,-0.15014253396770547,-0.9042618148222995,0.399709631792926,2.2349212,-4.485719,-8.197813
0.43153286247749095,-3.275372368244532,0.045994469694454754,0.9495416773674528,-0.24558945733720258,-0.195080551021933,0.26678047798996624,0.30537307715362905,0.9140981677660058,-0.1649205248161915,-0.9200179901472256,0.35548293672103315,2.1336274,-4.068506,-8.561376
0.5960832560154414,-3.359870073301689,0.7783274573848944,0.9457218194490902,-0.2551337216739659,-0.20128841070139203,0.2702397127577219,0.2733835413785494,0.9231640899384828,-0.18050135142575863,-0.9274525450760879,0.3274920438199388,2.0672364,-3.8305907,-8.744528
0.6050974277525694,-3.2390077935256643,1.0963204886831528,0.9431584008667265,-0.26526330976117757,-0.20021889863113115,0.2719730819173815,0.26980786535087153,0.923706857453796,-0.1910049046147224,-0.9256560334645639,0.32661603470094586,2.0288665,-3.798886,-8.776314
0.6191348093380616,-3.174055217386562,0.9270581433075187,0.9411291211778271,-0.278407479575276,-0.19174267283938534,0.2733376074257888,0.2929832905721935,0.916213590715743,-0.19890331731219307,-0.9146857748768319,0.35183434113254686,2.0077484,-3.95865,-8.667824
0.7411415535104846,-3.4413184864988664,0.4902649921090516,0.9400608151396433,-0.2916451325395264,-0.17671666730953803,0.27403452192022015,0.33765906126908,0.9004951077817358,-0.20295503106586077,-0.8949466324920634,0.3973408868417268,2.0006287,-4.287877,-8.404767
0.8611244986637477,-4.060440046063759,-0.09397206948262538,0.9397701851795215,-0.3049629427327911,-0.1543683989921602,0.2740382415590656,0.4023028923980088,0.8735304373239728,-0.204291559323585,-0.863220705455998,0.46164377225430625,2.0061004,-4.766687,-7.9631987
0.8798210761969107,-4.748360881773022,-0.8315755354591265,0.9399704612860224,-0.31883300629198236,-0.12165954959869661,0.27354600046062827,0.4908124652183049,0.8272095923152271,-0.20402969769554422,-0.8108320652793313,0.5485647130221901,2.017839,-5.362204,-7.3188677
0.8174975425928217,-5.347677993904547,-1.691769154777147,0.9405498698498598,-0.3299600524619639,-0.08057484784167246,0.2728024858025766,0.5925355080196095,0.7579449026650146,-0.20234808144715835,-0.7348659983393165,0.6473231174764367,2.0321274,-6.0131164,-6.44729
0.6426265358996583,-5.922995857765431,-2.873030434216074,0.9417889561405068,-0.33490695933794834,-0.029510856964565027,0.27125100813511727,0.7050454808283001,0.6552356526847984,-0.198636483752245,-0.6250985510706294,0.7548478977727517,2.0572617,-6.639203,-5.320923
0.2334502500859651,-6.252707249236366,-4.644269508680739,0.9438587043870809,-0.328850827313588,0.031430550868677486,0.2679609813377253,0.817776528161149,0.5093510208777645,-0.19320367137625305,-0.4723332333891676,0.8599846847490191,2.099643,-7.1492643,-3.9494324
-0.6086786989666286,-5.65022646888594,-7.099439063363303,0.9469237734558241,-0.3053011830708626,0.10063078495029879,0.2613492842000627,0.9134351726781861,0.31198194973826177,-0.1871681567796634,-0.2691233414810089,0.9447437261807026,2.1573653,-7.48136,-2.401085
-1.66671250230752,-4.123747322546961,-9.173477670361498,0.9496032067450034,-0.27554109826706125,0.14943511269238763,0.2543229175269796,0.9559526875422495,0.1465411641871165,-0.1832310109129188,-0.10115118559133068,0.9778521535964917,2.229529,-7.606084,-0.76094973
-2.9761494384988527,-1.2023019456239763,-10.35178120068741,0.9532607286525331,-0.22589703183293433,0.20066019589821646,0.24334392360286164,0.9676446097830959,-0.06669065904071417,-0.17910253503064977,0.11240302561225987,0.9773882758549968,2.319397,-7.498407,0.8938171
-3.984641560903833,1.7664985597144678,-10.066710020835453,0.956586158142676,-0.17279112073695738,0.23470438991271603,0.2317016773109161,0.9393714804295547,-0.25277569995332805,-0.17679721372561916,0.2961831365051916,0.9386257480320916,2.4279327,-7.156616,2.49702
-4.579649533506607,4.572628160675089,-8.588232017937324,0.9602434902705568,-0.10844828550030503,0.2572380391098134,0.21678963930541315,0.8702341196900923,-0.44237408289482644,-0.17588260767582034,0.4805533750784132,0.8591471131406415,2.5545838,-6.5977187,3.9969513
-4.712297708625279,6.569438590312608,-6.541255169241772,0.9635492208444697,-0.046318523350194374,0.26349097404782434,0.20050249961869573,0.7770831894203403,-0.5966074625471645,-0.17712042981166448,0.6276912546108705,0.7580448814076653,2.698677,-5.866005,5.3490434
-4.438185406300658,7.851666633713898,-4.248703902428479,0.9667381254593342,0.016316296633201957,0.2552472825468433,0.18068233611109796,0.6627748425242588,-0.726693471509398,-0.18102842373728778,0.748640959727105,0.6377816422711391,2.8626313,-5.0091186,6.5131044
-3.745320913794433,8.317775625905318,-1.9806041992368102,0.9690813629987155,0.0715787644804764,0.236130879734097,0.15965968968412758,0.5477320635177764,-0.8212784972739313,-0.1881225541462752,0.8335862685229445,0.5193686913469799,3.045508,-4.0786605,7.4505677
-2.5985832601434318,7.893424925179396,0.2436210457480783,0.9703756919486597,0.12070550816171037,0.209287354550106,0.13754264751114098,0.4361749763625023,-0.8892881479648747,-0.1986278847261497,0.8917295387585819,0.40665143933671444,3.2315383,-3.147351,8.127159
-1.2531197766526603,6.5765946254154075,2.0437223042056507,0.9705854401789856,0.15499179739211888,0.18423204404696783,0.11905975909568814,0.3561084457554209,-0.9268287590627167,-0.2092574421057476,0.9215011218673683,0.3271803865156664,3.4073288,-2.3125503,8.548945
0.05765802237942175,4.608664362051059,3.308320256116848,0.9701795196397947,0.18352513546256385,0.15833579609470413,0.09992790784269134,0.2922975446470237,-0.9510922976386172,-0.22083050718974226,0.9385524332964932,0.2652418086342205,3.5702348,-1.6467148,8.779327
1.0209764430300845,2.592578881897727,3.7141728212594,0.9696768859301155,0.198527965777213,0.1425250283186578,0.08725383595840187,0.26351848173476383,-0.9607001498359149,-0.228283825540525,0.9440045850463683,0.23820545419451786,3.7199295,-1.1714599,8.887861
1.743755022253806,1.0095177217770956,3.601266754334509,0.9688208026628696,0.21381023151917575,0.12518561109563786,0.0711113089786178,0.24404591679578502,-0.967152920809658,-0.23733822714223574,0.9458999817068509,0.2212324355603386,3.8536286,-0.89264834,8.918184
2.5651450594808267,-0.45764804034134954,2.9019668899380946,0.9671023557139329,0.2323042271590503,0.10367149857408492,0.04366611127369465,0.24989081490449383,-0.9672889182413915,-0.25061185985262857,0.9399943226798787,0.23152617353293387,4.0618286,-0.94116056,8.814143
2.745923899227743,-0.6985278169303264,2.509399416617265,0.9673634968411294,0.2299707388408171,0.1064017117170075,0.033801346834132606,0.2990417981572104,-0.9536411651701603,-0.25112812254205863,0.9261141734321479,0.2815087988617584,4.1304016,-1.2574539,8.678818
2.853767924045199,-0.664717134053137,2.390753617711363,0.9696800698608773,0.21137336068639112,0.12264527918653584,0.02298400445367425,0.4207602264855551,-0.9068806797738597,-0.24329467247327072,0.882203000561642,0.4031445995497879,4.1704254,-2.4111664,8.146307
2.64341444752886,-0.0036746185699898515,2.81239796760451,0.9718995468708246,0.192471513464607,0.1355211691837401,0.021537104899853762,0.5005938590368735,-0.8654143177733445,-0.2344086685786536,0.8440145169362987,0.4823816655885343,4.1316543,-3.2331328,7.6429
2.129717430594732,1.3260521055477277,3.220299376489213,0.9761915827923497,0.1524715733287213,0.15428030662411113,0.02708658924063936,0.6200086586074269,-0.7841272727913039,-0.21521224493200736,0.769637370830239,0.6011172989133171,4.0502334,-4.151651,6.884244
1.3586616355750931,3.000156826436502,3.1746506860932606,0.9807420905672646,0.0998371046196849,0.16786156299435578,0.03760497474296813,0.746863644489903,-0.66391306841622,-0.19165285717758232,0.6574399205101689,0.7287262402680799,3.924153,-5.052527,5.819501
0.44498222065343734,4.631499802592805,2.3547575686055513,0.984730636598546,0.03770883005822995,0.1699518092868104,0.05434060064842344,0.8608941873305583,-0.5058737958637766,-0.1653864337404657,0.507384708437391,0.8456997606588956,3.7394881,-5.817978,4.4678025
-0.5103362497687971,5.62706015650299,0.4862235526340224,0.9870517868429675,-0.03168945828037306,0.1572404156824831,0.07871854341364465,0.949822965059196,-0.3027205410423802,-0.13975750789470232,0.311178587438232,0.9400190028435637,3.517894,-6.3679304,2.9136155
-1.254559434241709,5.250200526184815,-1.8758246005321322,0.9869410322739354,-0.09574607561132467,0.1295379782885616,0.10837072534714023,0.9896380587870881,-0.09419287917809074,-0.1191771148408624,0.1070009420760121,0.987090478980044,3.2645218,-6.702133,1.2623596
-1.6485394323869684,3.3833077022656157,-3.959417594614529,0.9832448722246665,-0.16390768316652457,0.07977338304773013,0.150311547066689,0.9765867394510755,0.15389860021044824,-0.10313079104863046,-0.13932914887882974,0.9848611212807538,2.9933028,-6.8697724,-0.400737
-1.703454272182525,1.4131169399854293,-4.771270144224654,0.9775068733543083,-0.2087867094002971,0.02980641747809623,0.18665017085223426,0.92221299248587,0.33865160594789523,-0.09819381989674555,-0.3254708995717631,0.9404396138328244,2.7155318,-6.9036727,-2.0237412
-1.5547177098817775,-0.454627204400317,-5.098805928552207,0.9639041353140706,-0.258331871077076,-0.06444736077023798,0.24452237800949514,0.7631471363994401,0.5981766084175439,-0.10534526366673504,-0.592343728413791,0.7987686040599206,2.1806076,-6.51689,-5.0362244
-1.2413803343925978,-1.5897531276637418,-5.012682536369118,0.9537137233612285,-0.2732304104028167,-0.1255996684054891,0.27637849515435686,0.6318098634996683,0.72417623808072,-0.11851186138388757,-0.7253698637354866,0.678080747032156,1.9456726,-6.079016,-6.3171663
-0.7994412487429303,-2.800601445605781,-4.3629413366965295,0.9445853289337144,-0.2792902010152689,-0.17249794195884136,0.29907892879627207,0.5155910713717257,0.8029431122264084,-0.1353157445135627,-0.8100387834780544,0.5705495758898897,1.7464249,-5.5408998,-7.3420362
0.08598265021427566,-4.1598331495233,-2.1523505263673206,0.9319730924943245,-0.2824323593332826,-0.22728422133531304,0.3228773596470716,0.36156567760828595,0.874654486870671,-0.16485255683155137,-0.8885393762670825,0.4281604971608232,1.4946808,-4.588379,-8.464434
0.28529569797992194,-3.893795194105607,-1.3876162854982026,0.9283267073163045,-0.2887673159223452,-0.23414303692032265,0.32650415105344166,0.3321111198392914,0.8849278181998594,-0.17777672465240973,-0.8979508011768216,0.40259134968074606,1.4373047,-4.3553224,-8.646683
0.2754420889961795,-3.2212452234821067,-1.1908196173848733,0.9265512995609521,-0.29647387783403173,-0.23152954248639945,0.32645876834805027,0.3279613601960628,0.8864908452922808,-0.18688863488875965,-0.8969640940307474,0.40065952150050754,1.4174957,-4.312892,-8.678279
0.08774136199122046,-2.461774466978351,-2.0778028429970545,0.9253176013933506,-0.3125572149230572,-0.2146982159944443,0.3234267623239988,0.35497702851944624,0.8771467600328465,-0.19794561365251573,-0.8810784849393645,0.42955586064292334,1.4452164,-4.6557937,-8.41892
0.1651715177926142,-2.9377429146564116,-2.373190986918671,0.9257716297528384,-0.32287004112428236,-0.19672779694078948,0.3213235408265334,0.3976867464428723,0.859416333225278,-0.19924374935106892,-0.8588365317381921,0.47191285222638435,1.4731109,-5.007889,-8.101191
0.31941253651109724,-3.786706161086212,-2.4580652951816124,0.9262645187260555,-0.3343164292506464,-0.17397289007855496,0.3188141252074054,0.4489151851360095,0.8347650628305785,-0.20097660291044944,-0.8286782739322902,0.5223990078428321,1.5018921,-5.4826965,-7.606181
0.4857345320511792,-4.65564807788703,-2.6760967976540835,0.9269039879697114,-0.34578839468398526,-0.14587454605830405,0.31696539977423294,0.5131563259484563,0.7976236709658526,-0.20095256264055134,-0.7855577453255451,0.5852496017318088,1.5290985,-6.050763,-6.8875566
0.5483048023296961,-5.352316810024107,-3.454393885594267,0.9280611315494741,-0.35895793504422324,-0.09925591657879004,0.31580452889047295,0.6172314756888704,0.720619736720558,-0.1974082967845453,-0.7001246362525223,0.6861890833239027,1.5595917,-6.638936,-5.9040847
0.424936446456273,-5.847189694050416,-4.934925735783095,0.92978550060361,-0.3658465334002078,-0.040684602325005675,0.3138636389642137,0.7301818348568787,0.6068971116928998,-0.19232404686735097,-0.5770535521458064,0.7937384071294974,1.5999496,-7.141513,-4.6368103
0.03487744862032793,-5.958272954034476,-6.99224175472851,0.9318301323378324,-0.3619681210509628,0.025916863430823008,0.3110749757845993,0.8335073306418945,0.4566156909336724,-0.1868822193464843,-0.4174261720460991,0.8892864707073154,1.6471207,-7.469302,-3.1354918
-0.8394652205667616,-4.982508062240235,-9.409962460332078,0.9342025675855233,-0.3428478248749989,0.09859478533419809,0.3074368620238806,0.9139227715817897,0.26500517627618103,-0.18096446774304614,-0.21725684468559886,0.9591930592178686,1.7005554,-7.580466,-1.4895446
-2.0478936264761582,-2.706652572738645,-11.221757096385884,0.9368773562657794,-0.3079052362522431,0.16569606152498922,0.3031077879160371,0.9514168976366089,0.05414384356672092,-0.17431720575172555,-0.0005023743436185779,0.9846894228125583,1.7634948,-7.4717345,0.20660095
-3.24455273589325,0.4528289465148321,-11.716456059706985,0.9400775506631995,-0.2576262103975363,0.22334487783533918,0.297148509184716,0.9402671105743863,-0.16613405509225349,-0.16720335591243082,0.22254549307568416,0.9604772466244691,1.8346786,-7.1450624,1.8823669
-4.093977102111176,3.514895588684075,-10.886484035281628,0.9434537168494447,-0.2002593700453163,0.26418037185230003,0.28981979370294386,0.885141391043915,-0.36404560845974565,-0.16093343760993103,0.42002488327466525,0.8931290646312848,1.9143814,-6.614839,3.4843323
-4.571924128998266,6.133929831398008,-9.000246510155218,0.9473661953758887,-0.13578279852225894,0.28993158414439024,0.28030926545769325,0.7893156207099097,-0.5462669371304645,-0.15467387483857942,0.5987853392734274,0.7858321130582699,2.0102935,-5.907422,4.9701858
-4.622603597243841,7.680092032321701,-6.6879179795419255,0.9511753989526942,-0.0792090021929606,0.29831408682591104,0.26984846647840094,0.6825710226572513,-0.6791749437132453,-0.14982378171183972,0.7265140969039965,0.6706191925626146,2.1301818,-5.059587,6.2928514
-4.256989320122653,8.515431564737394,-3.9060483218703332,0.9559361886401867,-0.017047428302063808,0.29307915046341654,0.25463802971402083,0.5449699011978645,-0.7988537291718377,-0.14610091399930883,0.8382822865697901,0.5252973738292346,2.272679,-4.114665,7.3991365
-3.5305296603595973,8.339699664194697,-1.3836458460031897,0.9599080085204743,0.02956880618724005,0.2787513244433415,0.23989011376148012,0.4277893669618302,-0.8714637059762738,-0.14501499404461501,0.9033946774334337,0.403545175026517,2.4269013,-3.1374803,8.238169
-2.4984192969859675,7.285778937048154,0.7448146803563591,0.9637037991307349,0.06806599388370238,0.2581511340622205,0.22371028157676606,0.3218299529462473,-0.9199886908562849,-0.1457007119331639,0.9443476594259339,0.294921685670839,2.578511,-2.220221,8.7841015
-1.367802233228624,5.565342595075699,2.244631525297875,0.9666853392514224,0.09413773440154409,0.23802844753958574,0.2089749264025003,0.24674893840975515,-0.9462792619141186,-0.1478138525694752,0.9644962666363218,0.21885615511830203,2.7256866,-1.4471924,9.083338
-0.3091163851790078,3.5019215052470707,2.9915448650049674,0.9693253258106648,0.11453501629577888,0.2174629687651966,0.19370362684961567,0.18861115455616745,-0.9627589196274918,-0.15128555016045656,0.9753499692003454,0.16063972078391078,2.8644912,-0.8595413,9.219131
0.514716679535144,1.68228267823342,3.0263559855052558,0.9712157776150431,0.12881847895815857,0.20036395082577138,0.18042231812114007,0.1513689389367101,-0.9718720242135636,-0.15552395453884188,0.980047572214778,0.12377017314571093,2.9879365,-0.44698638,9.268941
1.0845802863450054,0.4306528661326193,2.688367670837222,0.9725906407642312,0.13829080050678666,0.18693073581680647,0.1690100965805777,0.13169300888667784,-0.9767766063252119,-0.15969668985813168,0.9815969671436261,0.10471084634740649,3.0954666,-0.19384155,9.275357
1.4736217555077793,-0.3329440305967071,2.2486093355442867,0.973563620413533,0.1436930504836462,0.17755614393762068,0.15953494592403325,0.12855263200560607,-0.9787864025585193,-0.16347011358749494,0.981237243507978,0.10223010279049886,3.188263,-0.094236754,9.259433
1.7693544340147893,-0.7878227117195684,1.7325488571742176,0.9741222689319983,0.14579151006634342,0.17271549080308163,0.15245291961819976,0.14033229220622295,-0.9782969667049136,-0.1668649527931517,0.9793118417321021,0.11447446952319416,3.2589707,-0.14668122,9.23027
1.976616597766034,-1.0513299116802237,1.1436953156598386,0.9742780846565524,0.1447538390289594,0.17270940867345974,0.1490600836059337,0.16082502652830435,-0.9756620328359422,-0.16900682007939802,0.9763102155199174,0.13511127946289933,3.2997086,-0.3339676,9.1896515
2.0874607355346746,-1.1468315034207235,0.6995766075075791,0.9742256076309629,0.13767439110425336,0.17869031162923332,0.14753373077141327,0.2103540002329282,-0.9664289900818758,-0.1706407446090983,0.9678827184220604,0.18462063714323526,3.3109145,-0.6447922,9.1300125
2.122508801522554,-1.0747075480270363,0.6600343445196708,0.9741735484237946,0.12911395416512406,0.18524439098455134,0.14869006584603905,0.25059780203366433,-0.9566044145489805,-0.16993281575402552,0.9594427176521492,0.22492778768788388,3.2952225,-1.091037,9.029538
1.7252157303706523,0.21162563984848237,2.010221033836714,0.9746035866852096,0.07361852308518924,0.21149033519071,0.16073943310024702,0.42758470536940435,-0.889569645604419,-0.15591883615180868,0.9009726037970933,0.40489218779836955,3.181401,-2.4965377,8.486798
0.4424727264658952,2.4511546210121193,2.4160104645914062,0.9739751634060336,-0.021313359395128323,0.22565044156722297,0.18282730999846844,0.6623103640945383,-0.7265804541354556,-0.13396475576401612,0.748926379775912,0.6489705092597294,2.9395523,-4.4012575,6.999049
-0.24772933352294513,3.390389588352786,1.845686325636786,0.9727159915886818,-0.07593553587093671,0.2192199673835387,0.1972248576862045,0.7682552593515019,-0.6090042791224163,-0.12217182661441392,0.6356238281175038,0.7622705516487871,2.7598329,-5.314641,5.8124146
-0.951446855253102,4.177942926403559,0.7795229933434715,0.970256323765194,-0.1457880079890061,0.19325765940900533,0.21801923725660702,0.8732176050755447,-0.43584243296422903,-0.1052153904126999,0.4650127642470988,0.879029493650568,2.5363145,-6.0634336,4.3660903
-1.5944743447125433,4.5035289159532095,-0.8506634554100341,0.9656506084225929,-0.213026963279676,0.1487898362419772,0.24342816954806978,0.9419516969905746,-0.23123521965101673,-0.09089350209751498,0.25951206802847737,0.9614529930391974,2.2861876,-6.599173,2.7516785
-2.0075281507281737,2.550886800615795,-4.206898027095224,0.952097127103214,-0.30364204308683906,0.0362294111441937,0.2954918017128362,0.9440318212985146,0.14658961592252134,-0.07871248746105515,-0.1288620582090036,0.9885337193398267,1.7505646,-7.1324797,-0.6530762
-1.802615407932586,0.912009259254349,-5.0148295998647665,0.9420974402942456,-0.33387632385454197,-0.031289189193808783,0.3253494855394753,0.8874399921261793,0.32649344960394905,-0.08124115490456632,-0.3177685647518719,0.944681435196705,1.4872558,-7.2133393,-2.3141465
-1.0712082243734504,-1.4407881268116631,-5.200608021421102,0.9189989527182837,-0.3539891866538189,-0.17358738616288927,0.3801932028753563,0.6791306986271509,0.6278810577406974,-0.10437458210730483,-0.6430187788193793,0.7587046834543453,1.0271759,-6.8858643,-5.291959
-0.2402202654438853,-2.602703255570166,-4.542402298856788,0.9040123335573491,-0.3484866005174435,-0.24762631127566065,0.40567619695580315,0.5165557069283253,0.7540537281011581,-0.13486483603842475,-0.7821299705928507,0.6083454488206137,0.70966643,-6.0265503,-7.3283567
0.15609309598642918,-3.1675218894120705,-3.873830392625907,0.8955341351995135,-0.33792588216790714,-0.28952497449011116,0.417111209663357,0.4107719525658411,0.8107309305549025,-0.15503822582069535,-0.8468013351113044,0.5088129787928785,0.6224289,-5.633722,-7.8793273
0.2761874393098014,-3.197095903175819,-3.4398537362095984,0.8938141556713206,-0.33836403334995835,-0.2942890348903793,0.4174088036851741,0.3878850983084558,0.8217755418095334,-0.16390895560546562,-0.8573534460450877,0.48793331801275575,0.5883957,-5.3841386,-8.146502
0.2353757925027753,-2.871196838638264,-3.2174834774726753,0.8930871529994436,-0.3432839068530258,-0.2907774001587292,0.41529649783983097,0.38055322043226636,0.8262614993454572,-0.172985999518221,-0.8586823660203772,0.48243179648145856,0.5917023,-5.305684,-8.214388
-0.011537957827912337,-2.2267009607594983,-3.4507492000990396,0.8938668981063854,-0.350378530498058,-0.2797085158440633,0.41113516455541027,0.3917969123414864,0.8230814394369941,-0.1788011323668364,-0.850723259847583,0.4942672255153454,0.62428284,-5.389989,-8.144602
-0.3186994670198804,-1.6263837418028078,-4.004117323068222,0.8956154877362876,-0.35849048173252385,-0.26335806924047944,0.4058827065010282,0.41632564252853294,0.8135921508572985,-0.18202232470301652,-0.8355582169306855,0.5183727803707692,0.67633665,-5.587442,-7.9783936
-0.4642166170333466,-1.458152902667259,-4.3854677226059735,0.8978618880310363,-0.367090000576917,-0.24308221139725678,0.4003655825601091,0.4510505375846595,0.7976595845634246,-0.18317049522957016,-0.8135098917782305,0.551951289206144,0.7373764,-5.8629255,-7.7180815
-0.3901913942158056,-1.8587452280136425,-4.373631539886846,0.900509668873854,-0.37739623613713696,-0.2159963361129601,0.39451764922852606,0.500200597315039,0.7708146255053006,-0.18286104208359444,-0.7793403899421615,0.5993249501671863,0.80391234,-6.220767,-7.3216906
-0.242484080968783,-2.6399326553920703,-4.315431571334033,0.9032948375393368,-0.38831423870695075,-0.18240199695239873,0.388886515588653,0.5615572795856019,0.730356556578864,-0.18117868105298113,-0.7306609841519248,0.6582619628765143,0.87650454,-6.663872,-6.724855
-0.23798031400645486,-3.3086056540427244,-4.683007495841879,0.9064986470404298,-0.4000004543541449,-0.13512897331936774,0.38295525411763676,0.6442065626209514,0.6620749036323574,-0.17777929085685137,-0.6519183546983288,0.7371546530748196,0.95424044,-7.144475,-5.8748293
-0.33741693098108216,-3.792150854884616,-5.517437901767762,0.9090956392924193,-0.40664730171670216,-0.09046043679991364,0.37853353789137373,0.7156724785517729,0.5869627450997236,-0.17394677148756074,-0.567847581178337,0.8045443712058179,1.0366669,-7.567563,-4.7595077
-0.5910425231270897,-3.828954566377515,-6.839330014484937,0.9132368736742957,-0.4071001913945766,-0.016366023588394035,0.37140273738286367,0.8152986911139124,0.44423873191388646,-0.16750647517667006,-0.4117735766588736,0.8957589532566476,1.1278808,-7.826941,-3.394693
-0.9022071969509935,-3.8134465115075473,-8.476637686064336,0.9171930778762536,-0.39446095503513834,0.05619086089969958,0.3638408196352311,0.88665380624319,0.2854205420806778,-0.1624091003085913,-0.24134121659433003,0.9567537307529671,1.2237122,-7.844078,-1.8339096
-1.626057966428133,-3.0444522141528862,-10.425405565240322,0.9213759151666627,-0.3636304177457744,0.137256483420006,0.3551076480420926,0.9311289957495822,0.08305029546238235,-0.15800310519988536,-0.027779714980707998,0.9870477729992521,1.321791,-7.588019,-0.163945
-2.8159614780627606,-1.1079065371995618,-11.904380840066702,0.925460324818651,-0.31531058689419705,0.21000576415658662,0.3460692053490289,0.9291596944091638,-0.12999372059665892,-0.15414049531400403,0.19298055880815382,0.9690197168409138,1.4288452,-7.0886965,1.5160949
-4.163593966439208,2.097308840051051,-11.796449344739635,0.9299548087349503,-0.24917581331280264,0.2703617350340898,0.3355390168966276,0.8757985406761263,-0.34697331927630015,-0.15032505396900642,0.4133864175435269,0.898061271818211,1.5495331,-6.3832917,3.1397598
-5.021361179680488,5.380536750543891,-9.725930110707028,0.9347725526334971,-0.17399333633752495,0.30972018622167796,0.32376152527596874,0.7760964759162368,-0.5411586965219884,-0.14621473795083784,0.6061357760275621,0.7818060318425739,1.6881851,-5.53103,4.662729
-5.12044986942057,7.608299694074809,-6.646444949295235,0.9400292301899219,-0.09534672488583713,0.3274966388256305,0.3099266117709254,0.6397224564873175,-0.7033496100674453,-0.14244487251121052,0.762669116143676,0.6309082956943013,1.8408645,-4.5581665,6.040123
-4.646717193205872,8.427660847963065,-3.7909183935497595,0.9453616979733102,-0.023052222242845977,0.32520740313634416,0.29450564043218175,0.4882615526933667,-0.8215029421219953,-0.13984880320778084,0.8723928307884747,0.4683727799843007,2.0007203,-3.4939392,7.217435
-2.9762986556622626,7.158060001663606,-0.542363283673312,0.9544769074295822,0.07409686194941424,0.2889350934602936,0.2630779425317438,0.24741837942781464,-0.9325095933418484,-0.14058388718812523,0.9660713227140957,0.2166618796477894,2.3327377,-1.311032,8.778784
-1.962187674904163,5.734612475878424,0.6155386500242186,0.9575662594228327,0.10269198274622561,0.26929763365951026,0.25049599705649195,0.16558018753167572,-0.9538526914338765,-0.1425433768143466,0.9808351330252312,0.1328300702015145,2.488086,-0.36543122,9.147006
-0.83279654917854,3.9065309821912755,1.8116439169040508,0.9615291951755943,0.1293824404955363,0.2423257949876398,0.23290508531894022,0.08378582932893971,-0.9688834584387536,-0.1456599741093953,0.988048641968137,0.05042869269938999,2.6332061,0.35058594,9.299258
0.17431913399054938,1.9636388372916718,2.5186805669216668,0.9644197552822544,0.14217291481800556,0.22289324331048552,0.21858114332990497,0.045460694665633364,-0.9747592569558448,-0.14871724648441628,0.9887973440157842,0.012766873752927052,2.7694504,0.78800356,9.322673
0.9717488384522961,0.328030726494985,2.524180415405728,0.9668050521250658,0.1476344843537432,0.20854747712463909,0.20587299373135104,0.033342981316150794,-0.9780105091710635,-0.15134167184730882,0.9884797947487618,0.0018422095174773102,2.8886552,0.9795624,9.300662
1.4314986543722583,-0.6220890766321288,1.7413747858091897,0.9683608790747558,0.14786309671038014,0.20103162066894262,0.1974584825708881,0.03861375240010614,-0.979550471280774,-0.1526019512927899,0.9882537542335972,0.008195224513878068,2.9857726,0.97398984,9.273158
1.5690718121526506,-0.8759549202535504,0.4691855092187128,0.9698438278017287,0.1444837831161935,0.19628394252032466,0.1892240231745315,0.061219108414458163,-0.9800237190081595,-0.15361386242306907,0.9876115922676134,0.032033171714565,3.054776,0.8354416,9.2521
1.5583632977987276,-0.8675139573466453,-0.6902139862165169,0.9706498053540324,0.1386124487444994,0.19653382512746018,0.18500923136832675,0.09175357766123399,-0.9784441043283288,-0.15365721484745964,0.9860871513408014,0.06341600969711189,3.09552,0.58532256,9.23367
1.5687667474600582,-0.8720385119243358,-1.3225016579045015,0.9709012254910385,0.13308600050749764,0.1990952706844554,0.18416407840325782,0.1165047229160714,-0.9759663117977633,-0.15308299241221018,0.9842330852024671,0.08860491762286925,3.1108336,0.22667389,9.206813
1.647608385767707,-0.8881965086620033,-1.1930333929416406,0.9710565728407202,0.11589825062801816,0.20884618225909415,0.18594939239839028,0.18194763572085446,-0.9655660937099343,-0.149906490218079,0.9764541225049722,0.15513023829524886,3.0990708,-0.25836486,9.1526165
1.6262873574887422,-0.6870033354286201,-0.4717217499220344,0.9710397563448474,0.0992606431386095,0.21732260885938096,0.1890368852642042,0.23705520945507524,-0.9529270085792613,-0.14610560429821237,0.9664119993014982,0.21142611002128905,3.0627532,-0.89834136,9.036318
1.3873950221126057,-0.1612764985860367,0.4711211780952306,0.970935899203398,0.0681760372534282,0.22942429597256422,0.1951577006088067,0.3293979477555071,-0.9238021779079895,-0.13855306395446765,0.9417266163589507,0.3065192139327482,3.0041046,-1.7076629,8.797157
0.8831020448543226,0.6918928658561712,1.1531151381042197,0.97077054935511,0.026543771929160638,0.23853714318015315,0.2029733894252049,0.43960712288087567,-0.8749556449887296,-0.12808725030236284,0.8977978646021445,0.42136996882289607,2.9226882,-2.6596208,8.356659
-0.5212192699146152,2.7153318862775473,1.011979163887056,0.9688522584955271,-0.083654257096465,0.23308210243979022,0.22592935582233795,0.6839745410649604,-0.6936387772844604,-0.10139638743967945,0.7246935852100632,0.6815702312818295,2.6659837,-4.692305,6.6611114
