-0.036344180830033726,-0.013044355499370778,0.13627857990663528,-0.018486908409174815,0.0,0.9998291025057586,-0.03027285213698599,0.9995415154133444,-0.0005597471041184548,-0.9993705395518432,-0.030278026575858378,-0.018486908409174708,0.028328781579456137,-0.004413240977462638,0.01565588010013117,-9.800456,-0.29692537,-0.18129425
-0.008559982789374415,-0.010991456457153926,0.23231607339972088,-0.01826247178055829,-0.0004017846731113784,0.9998331464267131,-0.02958550701416113,0.9995622434145514,-0.00013871884346952938,-0.9993952523289245,-0.02958310050946865,-0.018274840263376734,0.03188779592617542,-0.009738959065707632,0.018726845021304964,-9.800613,-0.2928818,-0.1790924
0.024609488839805394,0.030828217108231394,0.40503940127037796,-0.017594274966876586,-0.0007801486281867335,0.9998449044009318,-0.028154333948485124,0.9996035476385905,0.0002845283725203091,-0.999448586348052,-0.028144954651132186,-0.017617740336545708,0.07034878110996368,-0.03212093853751986,0.019430141931205437,-9.800966,-0.28321075,-0.17298432
0.11134847046468782,0.15560358034216915,1.0764615611511836,-0.014553258005706676,-0.0006053999480049451,0.9998939124588783,-0.021325640243048578,0.9997725391353378,0.0002949359876490687,-0.9996665309052569,-0.021319080446564533,-0.014571334762532431,0.18978633426569338,-0.08460561153073169,-0.0027656912459933314,-9.80216,-0.23021087,-0.14538726
0.13638603017879652,0.21668668470818406,1.5874559575863012,-0.012631306434463984,-0.0005057016066800128,0.9999200939893369,-0.017010784045455935,0.9998552638254246,0.0002907832227226099,-0.999775409348814,-0.01700574752253186,-0.012646557342246121,0.18978633426569338,-0.08460561153073169,-0.002765691245993332,-9.802572,-0.18238679,-0.124880984
0.10440157532287239,0.25416188693859726,2.180730054640534,-0.010604695555487414,0.0001846097808863613,0.9999437515937608,-0.011419669389125251,0.9999347466791334,-0.0003057170477978162,-0.9998784684812803,-0.011422270652153392,-0.010610372315709842,0.274064552683011,-0.09993840274687726,-0.03246351312005509,-9.802454,-0.11383667,-0.10598602
0.012190243464641485,0.21125741578125357,2.815795982146376,-0.008947802458152484,0.0016461817435323637,0.9999586126019605,-0.003903358964195173,0.9999909686632663,-0.0016811629402054004,-0.9999522732845486,-0.003918254083572708,-0.008949773069740954,0.3863078477907421,-0.08588994268047785,-0.07460157659083362,-9.800967,-0.01826477,-0.0909317
-0.12371062604788273,0.05627087449108953,3.457733901423981,-0.007464445395225904,0.0037288488707486523,0.9999651882645924,0.007092729457309196,0.9999680898754496,-0.003675914555944513,-0.9999469229015557,0.007065012272621997,-0.007499132036286479,0.5325517896989209,-0.07179117311376847,-0.10113734521360154,-9.796278,0.112753294,-0.07752228
-0.2767207315343813,-0.1789836076409113,4.063315317014193,-0.006184441150996005,0.005580327876834149,0.9999653057123721,0.02125256230184961,0.999759296365606,-0.005447738456174386,-0.9997549581677404,0.0212180864347173,-0.006310025916612503,0.7252748140962507,-0.0642633564980227,-0.09583319945204792,-9.785687,0.28725892,-0.06868744
-0.4026901770262583,-0.4737951447299381,4.5628588170032325,-0.006460026089917905,0.006814953225103248,0.9999559112658208,0.04369394626253342,0.9990236464141375,-0.006526323125582493,-0.9990240225486865,0.043649801860927255,-0.006759968057850078,1.1955470566320001,0.01680684075178278,-0.06526096588640833,-9.7668,0.50772554,-0.068927005
-0.489505116797268,-0.8231275699667371,4.887641246660374,-0.007290223725140175,0.008065289222942706,0.9999409001274969,0.0742479779100312,0.9972115915477073,-0.007501958897014258,-0.9972131001358061,0.07418883053249285,-0.007877203930063845,1.446950546232636,0.04267686581523791,-0.05672136968911183,-9.736873,0.77582705,-0.075712584
-0.564439577347746,-1.194241245980334,5.0236161151351295,-0.008502472587334255,0.008987899431941124,0.9999234598826573,0.10260595986351018,0.9946893576162094,-0.008068381106076668,-0.9946856696950604,0.10252942900800315,-0.00938800780688272,1.68506951090058,0.07631722084491226,-0.04807862194648897,-9.692169,1.0897201,-0.087530516
-0.642091190627377,-1.6414617916682346,4.934895277298554,-0.011458038609050519,0.010055933399999143,0.9998837890248493,0.13925972600883607,0.9902205765369619,-0.008362920714840825,-0.9901895018773801,0.1391476345835586,-0.012754848553644345,1.8829531478483306,0.15622940945633465,-0.035869783031600475,-9.630159,1.4417572,-0.11266174
-0.706167415619515,-2.1056993969858206,4.559469044736162,-0.016383180389762435,0.01102643669987297,0.9998049855316893,0.18073699744632063,0.9834998549155323,-0.007884989749376927,-0.9833948626676341,0.18057247643178476,-0.018114216356164267,2.0578176936594166,0.2457188673538254,-0.008362937028988292,-9.549917,1.8252609,-0.15541229
-0.7301048640257932,-2.5253656133016507,3.875743868298755,-0.022544251522931474,0.011397759655437757,0.9996808729780263,0.22651429178186522,0.9739893819495534,-0.005996615396953916,-0.9737467124828055,0.22630671912120243,-0.0245480917695445,2.225326764096475,0.2905747773087956,0.04233864231582872,-9.449191,2.2373443,-0.2094864
-0.7020513419863893,-2.835079461992739,2.9469996655977715,-0.028902196026833762,0.010796995085429485,0.9995239306599681,0.27413576453872324,0.9616878517023228,-0.0024613851939079634,-0.9612563521494845,0.27393402593828,-0.030763206684483426,2.3862257254898838,0.2909783269963741,0.1052353361981566,-9.32472,2.6756806,-0.26507416
-0.6123280960789591,-2.9609264640933524,1.8565549529977075,-0.03570451912653409,0.009851484830228803,0.9993138323672818,0.3206362097476213,0.9472000495046626,0.002118288265550731,-0.9465289405223746,0.32049174850741907,-0.03698653663494758,2.504550556393148,0.3188455378402089,0.15006021812035822,-9.174284,3.132608,-0.32339478
-0.449849929664973,-2.8625125277159684,0.6309140867790943,-0.04390963045287392,0.009088869049303205,0.9989941625519628,0.3689507727046022,0.9294165346359812,0.007760953166525052,-0.9284107821535926,0.36892037173635667,-0.04417215071583905,2.537545679909849,0.36561200454340836,0.17419446755322887,-8.999641,3.5925262,-0.38864595
-0.23172696604346246,-2.5239210337988665,-0.7083999511893787,-0.05470144818891101,0.009071319078537424,0.998461547950752,0.4270324670496321,0.9041088449302339,0.015181190090212474,-0.9025797396790314,0.42720585425746715,-0.05333827527282761,2.475566828833913,0.38524609696292034,0.16799915187903858,-8.807872,4.037538,-0.45749664
-0.03223782185982962,-2.009261663187815,-1.9713238943132199,-0.06182159661583986,0.009518710332514464,0.9980418249479701,0.4665570069497495,0.8842543101621512,0.02046641526701036,-0.8823274474667671,0.4669085924331777,-0.05911549508249532,2.3940357054948183,0.35430885882239144,0.15018512193697806,-8.604349,4.461499,-0.5200226
0.1030419378850218,-1.4068194236873008,-3.1192306759872466,-0.06917366351918962,0.010497437704849752,0.9975494013215422,0.5052837479806456,0.8625626628913423,0.025961250751078628,-0.8601757549434759,0.5058412461284935,-0.06497926071135757,2.264659236420452,0.35072451982239694,0.13845858123048493,-8.394635,4.857872,-0.5790909
0.19701869969233018,-0.7578247837553578,-4.137232661619402,-0.07675556507504533,0.011929107512421272,0.9969785753084005,0.5408076060037147,0.8405533539254068,0.03157835368433698,-0.8376363330025876,0.5415973098027603,-0.07097695152929158,2.072844401712869,0.35602415483061073,0.13613318711928207,-8.187243,5.2164216,-0.639801
0.2853212599958392,-0.08190280583282128,-5.013994703670544,-0.08319310573326934,0.01342732550186189,0.996442980851549,0.5709188743166848,0.8201896541419561,0.03661379679301367,-0.8167798932072364,0.5719340065874648,-0.07590848543598648,1.8861008720933328,0.31929665353332837,0.12116626816620091,-7.9873705,5.535927,-0.6952667
0.3493983360472287,0.6723248682825789,-5.736682071253675,-0.08991624340511144,0.015865643807259765,0.9958229513917092,0.602228333349362,0.7972353378711708,0.04167553825473811,-0.7932432756102301,0.6034599696698355,-0.08124758891951075,1.6621830935032853,0.2931249134819257,0.08485401424436363,-7.801547,5.81492,-0.74515533
0.4054333606401803,1.314642222329565,-6.302496449092189,-0.09416671961824705,0.01819269310444769,0.9953902022995537,0.6200840244126717,0.7832810865391346,0.044345710800369684,-0.7788627529904982,0.6214012983911187,-0.08504844714569475,1.3991887133202128,0.29465759744338954,0.047684946929376554,-7.637201,6.0477724,-0.79515994
0.42645428045024625,1.912483468672312,-6.737822188488627,-0.09987873486591313,0.022478608729812083,0.9947456712502735,0.6381354442071174,0.7685061131802516,0.04670662457617005,-0.763417382763372,0.6394472788085135,-0.09111024815634317,1.0591011776308867,0.3236348553048569,0.01342767535597622,-7.5054307,6.223657,-0.85287476
0.423564684564186,2.358467987417718,-7.053547679184528,-0.1047321387215964,0.026986462513355795,0.9941342514770407,0.6480290869912603,0.760124417920989,0.04763582288239937,-0.754379309033376,0.6492166841663009,-0.09710589633199342,0.6704821467152825,0.3428340422196718,-0.01524759759489877,-7.415225,6.3353167,-0.9179581
0.3894977361660751,2.6397417816615287,-7.221265552213072,-0.1093933729447949,0.03195767088021191,0.9934846738765896,0.6521619994518051,0.7565917522651715,0.047472590022802845,-0.7501442694764826,0.6531058671667803,-0.10361612443979086,0.27878086154833426,0.3519643484780436,-0.03664343711483892,-7.3689985,6.384108,-0.9873978
0.3451718598023472,2.74861128251521,-7.245758825253083,-0.11419743689501735,0.036909786959838646,0.9927721858680311,0.6509578436529162,0.7576754522123446,0.046709686679495405,-0.7504741021884523,0.6515866549487678,-0.1105597261081635,-0.09108234421440148,0.3720163339477339,-0.03152713612751343,-7.365834,6.3733673,-1.0627228
0.3370100017545372,2.7145634935202034,-7.183977693978651,-0.12068148726754999,0.0429052110529533,0.9917636419507393,0.6434345459136825,0.7641633543172349,0.045236633071187554,-0.7559275209671027,0.6435938490451595,-0.11983547269388523,-0.46147515832603697,0.4083663055058504,-0.014671712022570754,-7.4048295,6.3032274,-1.1482422
0.4120879763211076,2.605114281463626,-7.052030735332056,-0.12640691699706097,0.048418205486885885,0.9907961287332164,0.6315692510515799,0.7741402256748533,0.04274566698936677,-0.764944398603908,0.6311593064869079,-0.12844452841390758,-0.818734505948682,0.41679020299161307,-0.028576167127063234,-7.4843264,6.17511,-1.2385254
0.5083048455138051,2.375555633980975,-6.842028670555714,-0.13231861416501434,0.05522709385018097,0.9896674959047175,0.6129455610402628,0.7892151734672095,0.03790974938313686,-0.7789658374489625,0.6116279958395581,-0.1382874498742466,-1.1809873463318952,0.4331463448651872,-0.07738146283685107,-7.6016555,5.9876466,-1.3312881
0.5714061736833166,2.0239700265087217,-6.533246776563329,-0.13786275697024777,0.06215692115134544,0.9884990528035666,0.5902052752232826,0.8066347573816102,0.03159273984086272,-0.7953928174716155,0.5877722908028011,-0.14789861418888625,-1.5716930650806997,0.4667750517927445,-0.11570495484849214,-7.7551637,5.734053,-1.429187
0.5889116815589325,1.4820976125241128,-6.125212555180766,-0.1447816151668205,0.07036215491028021,0.9869586876187215,0.5571498675467528,0.8301056990746882,0.02255112823101029,-0.8176920579922794,0.5531482943610785,-0.15939467601454232,-1.9115976832785186,0.48426678868271317,-0.12472147374299764,-7.9365053,5.4175615,-1.5290451
0.625060609051445,0.932813091652785,-5.598417705493344,-0.1499170640432908,0.07720486192864731,0.9856796047414288,0.5244914882951852,0.8513150280062417,0.01309204815016046,-0.8381118196372174,0.5189426297966564,-0.16812829852265607,-2.2069793457216353,0.44901240386226676,-0.16306745829682615,-8.137996,5.0441604,-1.6211288
0.7102998383649168,0.3470404451924771,-4.925684040085368,-0.15363008700633962,0.0847049043089223,0.9844911759647427,0.4826743602616964,0.8757998977317828,-3.1734736850355313e-05,-0.8622186569301724,0.4751830550533686,-0.17544244592366276,-2.4482121285671354,0.3472629491494885,-0.2252789891780024,-8.350301,4.6235456,-1.6882706
0.8282102360452605,-0.16890095109077286,-4.079369903432429,-0.1539655960318808,0.09084109962093007,0.9838915030927999,0.44347181847292244,0.8961889423502595,-0.013346376196371778,-0.8829637798040885,0.4342725011933139,-0.1782760731600871,-2.6157558352454036,0.18200351936714967,-0.3016096864208032,-8.564423,4.1662536,-1.7175705
0.904159918736603,-0.6655543616942887,-3.070576492028356,-0.1500789130448182,0.09844020296059088,0.9837610717549078,0.3911278376753606,0.9197670092573935,-0.0323676258820274,-0.9080159821723615,0.37991780815638454,-0.1765486764753871,-2.7190286341189887,-0.016528057148675668,-0.38728304937574753,-8.774234,3.683145,-1.7019837
0.8805970974610794,-1.0272107951263376,-1.9173609306094634,-0.14450086642995588,0.10410782770949739,0.984012733561209,0.3525471757765496,0.9346074904758671,-0.04710973918960805,-0.9245689391276489,0.3401026294501009,-0.1717628546615998,-2.7685250342094396,-0.19931697925889424,-0.4683643157991588,-8.972212,3.1854064,-1.6420273
0.7454503238767873,-1.3371136527737555,-0.5951296375077453,-0.1345033756391884,0.11265031318701554,0.9844890801225435,0.2985940290709705,0.9519451993721133,-0.06813180698971676,-0.944853582811872,0.2847976479986079,-0.16168489954856818,-2.808400559170263,-0.3196320640596546,-0.5339687288045936,-9.1527405,2.675682,-1.5488479
0.5330836322492666,-1.5173030986369698,0.8106649211918872,-0.12191160327516043,0.12236698930880374,0.9849689745948246,0.23913265643531495,0.9667595809398756,-0.09050682413651359,-0.9633022072047519,0.22450337800810172,-0.14712950369455244,-2.7929265226597426,-0.4197935700179792,-0.5532128107469184,-9.311983,2.1610565,-1.4288666
0.29426347115640605,-1.5194971611343553,2.1807545042552543,-0.10750597897007286,0.13100475976174716,0.985535497790645,0.18589091407992697,0.9764477175569981,-0.10951905253603046,-0.9766704931834886,0.17142703100252335,-0.1293349171197848,-2.6544369583025436,-0.5830248191859629,-0.538388338671497,-9.446231,1.6646179,-1.274646
0.04298102309125208,-1.339247739628315,3.4903364301210478,-0.09186287080508743,0.13860447375137816,0.9860780967162552,0.14042732495136606,0.9821720088494776,-0.12497324260703545,-0.9858193768994844,0.12699073346815903,-0.10969735522213896,-2.4130592662824593,-0.7283567559127968,-0.5065005720351714,-9.553569,1.2099975,-1.087088
-0.24887034829529026,-1.0045044500331177,4.743852829172432,-0.07500192225072418,0.14644995298909042,0.9863706823137995,0.09771367092295964,0.9854757290837369,-0.13888709742005836,-0.9923837403658288,0.08596385946084702,-0.08823109839576981,-2.155269054023594,-0.7778146334761055,-0.4747639931013804,-9.63654,0.8034088,-0.88510287
-0.5680436355724696,-0.6303019498544019,5.843148834639397,-0.05982738552785308,0.15317020962817005,0.9863871303009609,0.06173444901148044,0.9868333533488363,-0.14949511848776809,-0.9962974109508372,0.05194886542597485,-0.068503899988346,-1.8647788068200297,-0.7431856388149441,-0.39806692166070967,-9.698164,0.4490555,-0.6888382
-1.0458760341446882,0.07531368195253496,7.199767405305662,-0.033075734494508395,0.16313701723968316,0.9860488372255144,0.006592606401191647,0.9866027992918327,-0.1630075271221867,-0.9994308244108739,0.001107655208882331,-0.03371646952662456,-1.4952701849468113,-0.7089459764153769,-0.2899026175232018,-9.768946,-0.056254577,-0.33976746
-1.1653191597609314,0.3721735424907965,7.5687946556237184,-0.01896841792909603,0.16597401605933537,0.9859476786901035,-0.011425824171992673,0.9860247201703225,-0.16620680396169005,-0.9997546339298163,-0.01441935196970641,-0.016815297340018152,-0.725511759254532,-0.5660280225341339,-0.11148150996756255,-9.785062,-0.20039979,-0.19990234
-1.2070349445271689,0.5316230833864665,7.837124177085215,-0.009417174405426488,0.16660620952637978,0.9859785432622106,-0.01810942833237658,0.9858321392152407,-0.16675443569485196,-0.9997915811440812,-0.01942727575965331,-0.006274968523990348,-0.331835933966409,-0.4740815730202771,-0.023656802974808162,-9.792966,-0.27176207,-0.090330504
-1.236435107638779,0.5350304690303636,7.9884941568392485,-0.000980407108842592,0.1650919964188676,0.986277684792845,-0.01600117393147343,0.9861492985169404,-0.16508641190447107,-0.9998714840129992,-0.015944852223666685,0.0016664768851279172,0.10405089690727319,-0.4132503172882942,0.08287889256462616,-9.795187,-0.26218873,-0.005996704
-1.2745419308963843,0.3907286689369658,8.034466681436369,0.0051613526231972,0.1619693650226164,0.9867822886702368,-0.005500856068782523,0.9867851009163564,-0.16194105446161117,-0.9999715938250827,-0.004593685535880215,0.005975750674334985,0.5513708610527459,-0.32088669659050467,0.16964775336239063,-9.792529,-0.16806793,0.049092103
-1.3002120034163533,0.08062449262142281,7.9577848771206305,0.008580892297214574,0.15687336188978485,0.9875814480926528,0.014933195208003645,0.9874875716741698,-0.15698820146132847,-0.9998517456914976,0.016093515516828097,0.006122531827181824,0.9736212290781684,-0.16437057039593433,0.24541174971106308,-9.783224,0.00491333,0.06387939
-1.2532351760833462,-0.3667316362763836,7.675602122687443,0.009485011551074493,0.1506548775136266,0.988540915914577,0.041661893256344736,0.9876674471715281,-0.15092150402147933,-0.9990868239568279,0.04261470116394606,0.003083089451562164,1.3630095082407785,-0.05526167405763144,0.319951908846164,-9.763845,0.25026855,0.042781066
-0.9503036352837919,-1.425267273702865,6.5064835236941505,0.01058069776924264,0.13554969948736814,0.9907140494631136,0.1091852346625298,0.9846888383260501,-0.13589141303229507,-0.9939651963754996,0.10960802283426706,-0.004389729442395704,1.7656639847813045,-0.05864984860170036,0.39548750645720765,-9.674141,0.96419525,-0.03137665
-0.8487165976388585,-2.041315673439694,5.780304720614398,0.010773061135175403,0.12583395718163526,0.9919928207269388,0.1638006616025051,0.9784275778578406,-0.1258920890046407,-0.9864347239012139,0.1638442567650755,-0.010079434856985623,2.4442813057231394,-0.06790162536332739,0.4300034758047451,-9.592207,1.4155899,-0.076423645
-0.8156186621093985,-2.629428356335394,4.960827048544463,0.008592869867661064,0.1172653855381046,0.9930634380250023,0.2180739431630708,0.9689768726507186,-0.11630810594913192,-0.9758944922518623,0.21755968605325518,-0.017254651456611203,2.7044884715732276,0.024036202608336277,0.4356208767066548,-9.479495,1.9109147,-0.13945618
-0.634379705709731,-3.458306829039029,2.647314381167009,-0.0003925018483196194,0.10158513745728584,0.9948267717497775,0.32998118240130564,0.9391172678536456,-0.09576625923712351,-0.9439874251542879,0.328235664813713,-0.03389822259172088,2.9157059999107746,0.10802150992319165,0.4422079360511493,-9.150473,2.9920242,-0.31318665
-0.42777001975525797,-3.5331682189554887,1.1745024308505154,-0.006978018343576815,0.09429870435895538,0.9955194933381364,0.3894403690293654,0.9171995073051565,-0.08415023884447212,-0.921025188141417,0.38710747754235303,-0.04313239663946858,3.0844368854703403,0.1697845929861781,0.4449383831273067,-8.935583,3.552719,-0.41301423
-0.2094297714896073,-3.3539857973167666,-0.33378127090602017,-0.013697476906000695,0.08993253901354645,0.9958536627200743,0.4375935921880941,0.8960478581363388,-0.0749004935453123,-0.899068416936303,0.434752471387638,-0.05163593990614988,3.1508110267064975,0.2561621576994094,0.4024338072209679,-8.694249,4.1049514,-0.51513827
-0.01247034367943789,-2.9218868890707825,-1.8515058730531266,-0.023358590746676806,0.08447690141888438,0.9961516096282705,0.5021028166340196,0.8626269617833616,-0.0613798522377066,-0.8644922181954496,0.4987360659949138,-0.0625742850972238,3.1508110267064975,0.2561621576994094,0.40243380722096794,-8.430811,4.6358614,-0.61208344
0.14361775308921537,-2.3102566525009043,-3.163962418538814,-0.03132804245058339,0.08164810910346683,0.9961687307058196,0.5470999194610724,0.8354954854986514,-0.05127349963863113,-0.8364805960115443,0.5433968418009186,-0.07085255688371131,2.9369507202295204,0.2934012358702076,0.3642419727368239,-8.151957,5.133687,-0.7048584
0.29161962301175365,-1.5286784283994674,-4.313938778894506,-0.041418828574491,0.07958912755498562,0.9959668927301519,0.5926305354629607,0.8044982721973535,-0.03964313807570407,-0.8044084560157153,0.5885977458921672,-0.08049676652557708,2.714025667360643,0.34686099339824195,0.3614710729563759,-7.868843,5.5850296,-0.7982254
0.4569186667953199,-0.637140344236343,-5.27375269639942,-0.05174759616931526,0.07905284227699705,0.9955264107087397,0.6295619370549848,0.7764115540344401,-0.02892863808638336,-0.7752246599989748,0.6252478778703076,-0.08995453155984559,2.4373065680595727,0.4069998284602075,0.3475465088500078,-7.5925965,5.9811554,-0.8967865
0.626135876128069,0.32454758152537044,-6.070578464011541,-0.0617892590672213,0.07963526000669574,0.9949071880470008,0.6605411466088,0.7505480566727865,-0.019052773802445723,-0.7482424053411055,0.6559992028846193,-0.09898660850893425,2.107237325299458,0.41430847875510196,0.30852729114547445,-7.3354278,6.317218,-0.9938858
0.7706588379822267,1.257674177509803,-6.699077946256991,-0.07095001284322305,0.08108781112448557,0.9941784862712464,0.6856626238185517,0.727844717952686,-0.010432294798650188,-0.7244528904125096,0.6809301705760219,-0.10724790148189563,1.7535176271975632,0.3952951519039652,0.2577947249249558,-7.108977,6.5908585,-1.0834839
0.8319416207377551,2.006672955137889,-7.164094590611591,-0.07779447770175646,0.08262082671475005,0.9935400435976814,0.7016442592851615,0.7125143767681911,-0.0043123356716386965,-0.7082671942007199,0.6967754916482604,-0.11340853520509386,1.36201415880995,0.3620305964248225,0.21847950016087306,-6.923613,6.8001375,-1.1623809
0.7830684052112009,2.575072889825341,-7.438361608737043,-0.08637908056364595,0.08449450308955755,0.9926728229324244,0.7161584767387358,0.6979316312410935,0.002911054195899535,-0.6925710622491835,0.7111617946614812,-0.12080656252414035,0.9458338538298825,0.33042801637112323,0.21174602068451787,-6.787471,6.9440703,-1.2317047
0.7223881396988108,2.942456284007731,-7.556005940727871,-0.09338311997954865,0.08544505367842113,0.9919570231137926,0.7235191770753922,0.6902500127682338,0.008655645887632601,-0.6839579740952261,0.7185074959230066,-0.1262872439085006,0.5528213258137219,0.27420811574869086,0.2152063192487904,-6.7019105,7.02865,-1.2895584
0.7252505601434385,3.1873844981408834,-7.560038654663056,-0.09815974026889954,0.08543038724430711,0.9914970067154163,0.7250665699448373,0.6885661716890171,0.01245376577951549,-0.6816465359814666,0.720123067955475,-0.1295405997471908,0.17132991418483318,0.205937185428704,0.21619337597451432,-6.6683226,7.0574813,-1.3328308
0.7852038423740777,3.32596514520473,-7.506093301521765,-0.10350519284999071,0.0846502354101002,0.9910201878357986,0.7212053412390029,0.6925325735191206,0.01617066205969732,-0.6849440332851436,0.7164020826229947,-0.13273932077766787,-0.2159975245066077,0.136284661531469,0.19056139319815604,-6.6869307,7.031766,-1.3626754
0.8774437383192316,3.3393061844920675,-7.40379845578223,-0.10589600557615136,0.08378215043605065,0.990841353230338,0.7143329210812439,0.6995948975765751,0.017188864781902916,-0.6917465372488344,0.7096101200461611,-0.13394105319998148,-0.6142608168962068,0.06701149012991184,0.1481930605887376,-6.759094,6.9497285,-1.3791244
0.9205743569494103,3.1506867594020385,-7.234083771800542,-0.10804703931630522,0.08299438361618709,0.9906754108097923,0.6995936384063393,0.714351428925042,0.016455303773034183,-0.7063237815598236,0.6948474584043165,-0.13525429809101364,-1.020254346342979,0.04779767423310674,0.10222935659897434,-6.883597,6.807472,-1.3895156
0.8990179768931216,2.768256918707964,-6.961490750089216,-0.11023927081189727,0.08269560524966145,0.9904588532812729,0.6778555016934615,0.735060427738773,0.014074314353802396,-0.7268822898629828,0.6729388240045878,-0.13709659306806113,-1.4022240036471791,0.0651154059224606,0.08068459483461271,-7.054126,6.6044555,-1.4019073
0.8597671650201272,2.2413370317265873,-6.5946019135057945,-0.11184958987752869,0.08255332283358217,0.9902901686543009,0.6521981980082636,0.7579760919109043,0.010476379831709222,-0.7497504637330232,0.6470365424507383,-0.13862883850595817,-1.7279517196133203,0.055906888962932624,0.058967006233712434,-7.261528,6.34507,-1.412558
0.8278891169898688,1.6076072298818733,-6.144840620991093,-0.11234980802527768,0.08227065301579119,0.9902570677804017,0.620775762748709,0.7839702701464577,0.005297908868660616,-0.7758952860844631,0.6153221081708428,-0.13915893154267683,-2.0281105239939587,0.010253071672963993,0.026497430292916124,-7.49626,6.034851,-1.4127319
0.8188828309818379,0.9504138930030577,-5.535917805374298,-0.1124670098826107,0.08283627015132368,0.9901966087780154,0.5818753494967193,0.8132756547366032,-0.0019460187440337676,-0.8054630428272022,0.5759514326567221,-0.1396754590478036,-2.3240875817283886,0.020680386803963197,-0.017975852792539798,-7.750459,5.6708055,-1.4068161
0.8394334473603422,-0.08871052862479178,-3.8671779159895223,-0.11238438738080221,0.0873089930088933,0.9898216451527089,0.4982390623260504,0.8668115601777435,-0.01988858574198053,-0.8597243441973459,0.4909319016721849,-0.1409252280997841,-2.5933436360948128,0.061022195577904836,-0.09798411428977886,-8.280199,4.7871537,-1.3894577
0.6257590605233863,-1.16677700111445,-1.6728847704399599,-0.10184610469764259,0.09805775783963236,0.989955578339443,0.3920107011757297,0.9185649308470654,-0.050656469574683685,-0.914304873794281,0.3829131850178068,-0.13200034278570227,-2.873816828486131,-0.11086965402656468,-0.3390640064829994,-8.780588,3.7789536,-1.2928727
0.3930978350889433,-1.5433574241352952,-0.34570665798717076,-0.09678526280159348,0.10453207189653073,0.9898008177655974,0.3396014235421671,0.9382592781120109,-0.06588171288752213,-0.9355757322111699,0.32976050167938953,-0.12631730217864434,-2.9646113361664823,-0.12145125833564996,-0.4060832528357442,-9.002047,3.2395554,-1.2386856
0.21528313648560568,-1.7158189147272807,0.939007251923539,-0.0910575380811969,0.1109614454590136,0.9896444221942737,0.28956593304991196,0.9537839709921418,-0.08029761530411214,-0.9528161543995302,0.27925466667112764,-0.11898826436959473,-2.931788790601146,-0.1871891571256411,-0.43073018628646037,-9.194331,2.6998,-1.1688919
0.08714998976201416,-1.6880067372777277,2.1484490017035367,-0.07808835886269443,0.11875349396345422,0.9898483802490173,0.22196859017567894,0.9700287116785246,-0.09886477341730757,-0.9719212243361017,0.21199405482384892,-0.10211588713004635,-2.7583389923137007,-0.41085387846336163,-0.4187559409567039,-9.356908,2.1853287,-1.0564544
-0.2758283443041529,-1.1720586019010961,4.559889333851402,-0.05404221633199357,0.13057311514245865,0.9899646965704992,0.12084410462101623,0.984981789830319,-0.12331900100608302,-0.9911988866763629,0.11296585831125627,-0.06901798249398552,-2.585174871495874,-0.5403480026536165,-0.39012648685024776,-9.594824,1.2466323,-0.76000214
-0.48569924267842274,-0.6950609754182331,5.676913372139653,-0.0425085929919219,0.13700126923963418,0.9896583611269986,0.07184974802815648,0.9884081531496929,-0.1337420518148125,-0.9965088634572035,0.06542035601832069,-0.0518677363075452,-2.3915340842694572,-0.5238506192066387,-0.36106691650213785,-9.67158,0.839946,-0.61397856
-0.6135680555613329,-0.3823710213929189,6.550661660689375,-0.03579308647882614,0.1387454806235487,0.9896810327407817,0.05224674697586234,0.9892210985612653,-0.13679143072508684,-0.9979922478015022,0.04681025079240295,-0.04266466628086468,-1.6908386288833097,-0.5653796227777169,-0.1831552624658761,-9.725058,0.5058304,-0.46509093
-0.7489714453775393,0.03761525552095084,7.197936637826989,-0.02131523295606447,0.1410660626257473,0.9897706940596381,0.015492728034308907,0.9899233492340349,-0.14075417559510728,-0.9996525770885503,0.012332844262009049,-0.023294335633997347,-1.3025708517749195,-0.5086702023451561,-0.09802238686633735,-9.760694,0.24685363,-0.3272934
-0.7638298079515089,0.32517360369079606,7.618953582991223,-0.015965379600550198,0.1418159413467633,0.989764287815105,0.0011335730532209328,0.9898923851322318,-0.14181601037078595,-0.999871767247685,-0.0011433785453654993,-0.015973157060944435,-0.9498502983447996,-0.35309563242632325,-0.052034688382109645,-9.782362,0.0532547,-0.22389679
-0.699832723817407,0.5645271657881448,7.811070718483665,-0.010556884696093723,0.14182570320411372,0.9898353510034749,-0.010374383430841613,0.9898217011678854,-0.14193439327265106,-0.99989036664606,-0.011768518803724374,-0.008986470584950834,-0.5701498929706873,-0.2679603585489451,0.0012636194709897608,-9.794093,-0.07071228,-0.15097657
-0.6169016256307595,0.6683586707847189,7.872447862953047,-0.005476619989007612,0.14081143404522645,0.990021285970975,-0.013525875886614221,0.9899351321557271,-0.14087400304334155,-0.9998934765253247,-0.014163612136594667,-0.0035252933699385924,-0.15608356217556546,-0.2516623410689544,0.05418040995728429,-9.799246,-0.11657562,-0.09329071
-0.6208138134612629,0.6250332186067008,7.939164945218487,-0.0022746457972261,0.13948335082736923,0.9902218038543014,-0.009221879238987025,0.9901793326837276,-0.13949855195464153,-0.9999548711284207,-0.009450198147617665,-0.0009744031579480509,0.23124039225503737,-0.17097682919795254,0.07401232111378649,-9.79944,-0.08616638,-0.056896973
-0.7190407208188999,0.43094564740495495,8.020856066028244,-0.002213316766939577,0.1375338620733801,0.9904945926213176,0.0027840516408954106,0.9904940275144932,-0.137527562483713,-0.9999936563235431,0.0024520301048032837,-0.0025835752431161213,0.6066328594355717,-0.0027775976652372747,0.09942999258068101,-9.793538,0.01295166,-0.06008606
-0.7861734305833056,0.04002626624658212,7.952191757523192,-0.00576814112408508,0.1340239155491464,0.9909613103491216,0.02904292089001983,0.9905822063772886,-0.1338035914428725,-0.9995614735809696,0.028007476767327857,-0.009614664724695184,1.0166238108108152,0.13533635120408144,0.13915410470847225,-9.779483,0.18633422,-0.10297088
-0.7577203857537466,-0.3687301954148003,7.602216973314336,-0.008530606297106117,0.13151978398350544,0.9912768408356648,0.04905139459654762,0.9901745738723138,-0.130951417987923,-0.9987597533525955,0.04750530153603973,-0.014906421738057727,1.4238744655858466,0.1891012613494823,0.18681168134607246,-9.754639,0.43642122,-0.16924743
-0.623469180972651,-0.9499514105095226,7.004922336571865,-0.013086769128048013,0.12703553118213554,0.9918118320987414,0.08984384234782278,0.9880341096771286,-0.12536619175374056,-0.9958697703147154,0.0874664705413895,-0.02435194251694234,1.7798694070322842,0.18394815706127854,0.20956653751904117,-9.714979,0.75752866,-0.24562073
-0.5048140516562345,-1.479868368936748,6.275290087266136,-0.016813781938968757,0.1237611445545822,0.9921695801804491,0.12982089672278083,0.9841802279100195,-0.1205645623440294,-0.9913947492384574,0.1267761491651422,-0.03262298553587645,2.078185630025944,0.17247649107094193,0.18999900871023345,-9.654553,1.1361481,-0.32606202
-0.4942992852322614,-2.045122986136928,5.462415392768155,-0.02160044271634306,0.12072884557663291,0.9924504857775986,0.17784648117305896,0.977313557125913,-0.11501669496376474,-0.9838209642158233,0.1740183916349678,-0.04259001927948508,2.3515729121073723,0.20585683991328857,0.18083997927238218,-9.567204,1.56371,-0.41598207
-0.5720459061042955,-2.617583966973961,4.50917524388316,-0.027209797794704553,0.11803520085494686,0.99263654892569,0.22735705659913233,0.9677101075318005,-0.10883894764054718,-0.9734310178778207,0.22272043764602886,-0.05317574717962559,2.5992050127497333,0.25380904929943227,0.19378464245444302,-9.449554,2.033493,-0.5181915
-0.6424130588627798,-3.3381879890666006,1.9777562756965934,-0.03599418693970212,0.11242111164914562,0.9930085156543825,0.33259519379686353,0.9383554538033596,-0.09417791306272227,-0.9423822368792493,0.3268790492576292,-0.07117448117753392,2.973600285099287,0.18550046550743404,0.21252917345383182,-9.118833,3.0657318,-0.7178421
-0.5905296476574068,-3.3496119064148786,0.44221013010729204,-0.04170869433727959,0.10878939511433158,0.9931894342608247,0.40521607096636725,0.9104716744497021,-0.08271194462390213,-0.9132686760998129,0.39900559080766984,-0.08206621569877273,3.075451486236118,0.1557812249258968,0.21505347590317425,-8.903417,3.6093612,-0.8043076
-0.4787349941202937,-3.08217214250072,-1.083054743539397,-0.04720182499860948,0.10642190983165983,0.9932000628395986,0.45978109979906345,0.8850283813757573,-0.07298016412082442,-0.8867765322935114,0.4532089180953849,-0.09071415728708311,3.0396977638535034,0.19671729679464883,0.2250818156317163,-8.662558,4.1425567,-0.8895294
-0.30623332667238656,-2.562899831701899,-2.5660687485488287,-0.05339129129239132,0.10481107915067434,0.9930579075267474,0.5108976328798998,0.8573286415653972,-0.06301752928731537,-0.857981469485758,0.5039854584787464,-0.09933003403315123,2.936020693773358,0.23180554957389732,0.2195723599290905,-8.404505,4.648381,-0.97405547
-0.12569062116046736,-1.8139779999642724,-3.9231697561007497,-0.05927675632502494,0.10371197051219665,0.9928394096388704,0.557323578887214,0.8285841823018295,-0.05327927536751621,-0.8281762265150369,0.5501737112080365,-0.10692532595643739,2.786840232116654,0.22201375666778622,0.20445926612103693,-8.136375,5.120613,-1.0505508
0.008623849625791491,-0.9229440801379458,-5.1220724315739155,-0.06506594350723566,0.10278553691498084,0.9925731995155884,0.6004706430224808,0.7984723706962962,-0.0433229734775513,-0.7969946992056974,0.5931913458598762,-0.11368147005984966,2.5851483646609448,0.20361935912872842,0.19818325573702184,-7.866885,5.5519056,-1.116687
0.10888306889643645,-0.01834404646850274,-6.126503282044331,-0.07084094868344701,0.10162207074901475,0.9922975938327732,0.6373451358297648,0.7698568357638251,-0.03334111860722553,-0.7673146786902507,0.6300732667605011,-0.11931413319564249,2.325570702098635,0.1878527808508922,0.21909123723118482,-7.6064405,5.9322953,-1.176564
0.22908598580677347,0.9056442287982494,-6.89366909130811,-0.07600580775064164,0.10025379711248236,0.992054581841494,0.6674662424782515,0.7442508049683404,-0.024073935782767494,-0.7407502802492318,0.660332335247494,-0.12349181890828063,1.9695620753673515,0.14841403289106603,0.21463619817410062,-7.371077,6.250781,-1.2256272
0.5132981333532081,2.6458569025337,-7.630352404512514,-0.08357638081744771,0.09780689943205068,0.9916898703692326,0.7132815384891357,0.7008197572992716,-0.009006362067624455,-0.6958760301059517,0.7066005281457978,-0.12834424158512242,1.6117357587325436,0.09525853979567708,0.1746405383560415,-7.0077333,6.7030516,-1.284291
0.5998229149714898,3.292943803690089,-7.745940033875911,-0.08700355780541084,0.09676168429892544,0.991497633572988,0.7296740072930105,0.6837898321868499,-0.002703406549339475,-0.6782368490806452,0.7232340252341544,-0.1301050394595104,1.2410429876514337,0.08352747343645561,0.16349237715873655,-6.895627,6.8310575,-1.3118683
0.6888715373802474,3.7057086176154113,-7.847860925514092,-0.09150579600412141,0.0962620066650058,0.9911409160005847,0.7336783176143535,0.6794947333094286,0.001741721978912451,-0.6733065950048663,0.7273371613735318,-0.13281145586148058,0.35376174610723654,0.15060478175182856,0.20072885187540837,-6.8390656,6.8893404,-1.3468186
0.7880253981623386,3.9855751839109557,-7.874020803283814,-0.09567772774667438,0.09605524860642221,0.9907669562658977,0.7326130174502676,0.6806287548572667,0.004760740697852073,-0.6738863745662467,0.7263034519724866,-0.13550073736629764,-0.052130297436326134,0.12427465863557809,0.1467614585574318,-6.8368864,6.8852997,-1.3775833
0.8711152822925727,4.094342520733629,-7.80688645633321,-0.09730069296678319,0.09613339407520262,0.9906013051130941,0.7271523291784606,0.6864593164387323,0.0048059310169518,-0.6795446594529035,0.7207848517561862,-0.1367049863313339,-0.4452346017877546,0.06628938777992066,0.06373575707962514,-6.8861756,6.824454,-1.3956467
0.8927908007071639,3.9379265965900316,-7.655903824758429,-0.0976925051571874,0.09677342969072081,0.9905004178404003,0.7149203656347526,0.6992024277534831,0.0021990344332388856,-0.6923466605611853,0.7083429296783761,-0.13750052939690788,-0.8405497835904326,0.03483639694852612,-0.007552619052955012,-6.9863296,6.7050767,-1.4029541
0.8310777030285215,3.5367719079101536,-7.390145918358561,-0.09781808636610059,0.09769006769401999,0.9903980374847334,0.6989025742009248,0.7152152719695336,-0.001518698455465769,-0.7084953342485041,0.6920423535460578,-0.13824522504062636,-1.2296645245203568,0.03986888525814121,-0.029972762401336478,-7.1338625,6.5248733,-1.4077667
0.7154696693856792,2.9412379684488097,-7.04959293067347,-0.09845668665033946,0.09833848157585463,0.9902705811520364,0.676448877403515,0.7364661232160542,-0.005879246786123817,-0.7298780573798758,0.6692877381317031,-0.1390393647206699,-1.5952141304357879,0.04692468678222718,-0.0016199676034211463,-7.321776,6.2856536,-1.413118
0.6427708532758796,2.2814636169741425,-6.6215119053222615,-0.09928983397334386,0.09841364395619474,0.9901799248383139,0.651754165593279,0.7583641098791505,-0.0100192019215408,-0.7519021017700807,0.6443582515119364,-0.1394477431234199,-1.8877170764201627,0.03855752608689729,0.02819335420964096,-7.53781,5.9946,-1.4165955
0.6586950907636457,1.6142773588666524,-6.08754767557442,-0.09953592960202784,0.09854969871811407,0.9901416846092426,0.6191219624164795,0.7851337305586134,-0.015906625060472766,-0.7789603839191591,0.6114343466870765,-0.13917169243730568,-2.158954262657199,0.014143820236291516,0.002596632524085693,-7.774724,5.6545515,-1.4127579
0.747052449851238,0.9658841560944778,-5.4592101221635465,-0.09808569100542353,0.09905079117474233,0.9902364051011485,0.5807007875444552,0.8137667915172525,-0.023878950921228204,-0.8081858996911625,0.5726880372015354,-0.1373461451466294,-2.4014835978709006,-0.04290431605721956,-0.06274297345969868,-8.025197,5.268294,-1.3940277
0.8147258607889747,0.3004064032917688,-4.68099087926083,-0.09493323412484997,0.09992374027282966,0.99045591885176,0.542550294196376,0.8393873706719223,-0.03268057759641517,-0.8346409502510577,0.5342688301426214,-0.1339078089658932,-2.608204882799993,-0.11927141142767106,-0.1387791339860095,-8.279776,4.840724,-1.3534088
0.7802407335067638,-0.4528709662102759,-3.6527920382204635,-0.08893340743881244,0.10250825748849185,0.9907486594429461,0.48939938650728937,0.8708366474304582,-0.04617113715841763,-0.8675124099268121,0.4807647605568116,-0.12762234768929132,-2.7987919340912786,-0.17038452335790405,-0.23532287834737742,-8.531136,4.3699403,-1.2901306
0.5972016235739281,-1.1646307892095704,-2.3519171969008776,-0.0818740116045534,0.10623477522794608,0.9909645900616454,0.43383530828345657,0.8989568084806719,-0.06052752845586527,-0.8972637995001129,0.42495889626430616,-0.11969799744542095,-2.9246943323403083,-0.21027563869910793,-0.30123242825872715,-8.769513,3.8634033,-1.209436
-0.02156455934104559,-2.296021650525736,0.6467840349896579,-0.06700517930059097,0.11205906388671914,0.9914398984041985,0.33369695835067276,0.9389682683934051,-0.08357589883413041,-0.9402954735771017,0.325239510427615,-0.10031791079971418,-2.9540424742560947,-0.3108799546515908,-0.2972488660603617,-9.1803875,2.817543,-0.98083496
-0.2234511288466235,-2.4227023232026603,2.2146268357095504,-0.05520884853539239,0.11357010098920303,0.9919948665213434,0.27323288577901594,0.9573055590732366,-0.09439203687007819,-0.960361845424789,0.26583338161062886,-0.0838912335929774,-2.7336379931842933,-0.46283445119309125,-0.2123751300477292,-9.343103,2.3133118,-0.8420197
-0.2583465208577951,-2.170551970371415,3.6451556473406885,-0.04377140761592461,0.11571708272353616,0.9923172983684575,0.22300990374853694,0.9693380555461066,-0.10320037222943793,-0.9738325954273934,0.21677837865688057,-0.06824375890908083,-2.561200095218811,-0.5190557829081193,-0.23939099480702003,-9.477069,1.8345321,-0.6937103
-0.254141783781993,-1.7349780595340778,4.906468409642706,-0.030680776067431203,0.11895142789104454,0.9924259407041823,0.17626783522029976,0.9779760124164151,-0.11177016298176452,-0.9838637244972233,0.17150256844275016,-0.05098078692989826,-2.334153510272352,-0.5936169850447965,-0.2799774925837354,-9.583818,1.3916763,-0.53472596
