1.0314372683970652,-0.5516753657995379,-0.32490939066541125,0.999941384035564,0.008877279015185112,0.006198581315692094,-0.009447491733321316,0.9950424393067414,0.0990014589712632,-0.005288987898409153,-0.09905421695100333,0.9950679819546171
1.046777183141561,-0.7029335121755989,-0.07444329257887763,0.999744402967992,0.016830782564057848,0.015094816741338848,-0.0194367563790432,0.9808826370823512,0.19362712819187922,-0.011547347558418807,-0.19387103194818486,0.980959062211931
0.8423277044300218,-1.1198597529025573,0.03712154359003145,0.9994306990847487,0.022369227917475153,0.02525659061208422,-0.028447130648217016,0.9612047288661599,0.274365139846912,-0.018139417985526506,-0.27492742105455464,0.9612938544833407
0.5452238124671802,-1.7351726325048844,0.09094449660552845,0.9990621187373863,0.026069154424867964,0.034572851943930095,-0.03629195456502122,0.9396483950577526,0.3402113867865692,-0.02361730166244566,-0.34114702527350665,0.9397132170025186
0.36265459456039073,-2.3065944585867104,0.07842906726260368,0.9986321258549162,0.029177300534330923,0.04338850474515042,-0.04407541774024712,0.9161762375233209,0.3983446489519276,-0.02812889549046172,-0.3997121300775611,0.916209025445256
0.3299295435169753,-2.5645923675314997,0.023640169204102057,0.998340217684596,0.03235031803601083,0.047647315521887,-0.04950359027117381,0.9048223486704401,0.4229017757077553,-0.029431348996215714,-0.4245585640043995,0.9049219974267314
0.37828423234275654,-2.1108199731880415,-0.028348722840336182,0.9979466234167806,0.037336164821013616,0.05204370862557938,-0.05688209909030416,0.8901288323383428,0.4521449863075557,-0.02944424585767008,-0.45417691777151886,0.8904248220649715
0.46221893385994917,-1.2908607986273422,-0.16255096272416503,0.9977307143646909,0.04035775798173131,0.05389501817433147,-0.0611386895616849,0.8783414563888239,0.47410794828545105,-0.028204294921225028,-0.4763271327139028,0.8788156691755948
0.5414377185741038,-0.789882666357607,-0.33654356716927597,0.9975896626296749,0.043023266615147965,0.05444137713332686,-0.06439495847526622,0.86628420107267,0.4953836617156997,-0.025848681540457188,-0.49769537018305476,0.866966645356655
0.4897803338300634,-1.0862847011036796,-0.5453532634687179,0.9975785321215545,0.04817044512156267,0.05016652735634722,-0.06718094486487046,0.8540307959686558,0.515866378226191,-0.017994246226720557,-0.517987459070135,0.8551989238468424
0.44928554295265366,-1.1977679533905343,-0.4745653932901846,0.997611938135818,0.050582046340499114,0.047030601494176205,-0.06774114084629089,0.8494031918473461,0.523378787797503,-0.013474372925646301,-0.5253148334737449,0.8508012500030264
0.6419792097102127,-0.8147159651790602,0.029950704662453753,0.9979485540951196,0.0513625442858199,0.03821743612471915,-0.06385228380792661,0.8418263926131856,0.5359582171703153,-0.004644268723037805,-0.537298998458361,0.8433790470622744
1.0385605100103514,-1.163235288557018,1.0359516103389241,0.9988475333493726,0.04065138871274266,0.025516067831841942,-0.04797964293212793,0.8318839378753075,0.5528716557838512,0.0012485936004808136,-0.5534587414620867,0.832875658494846
1.6381544547576494,-2.7629629555580593,2.379302565833502,0.9998921447767344,0.013378402145809973,0.006059469432789098,-0.014457030786524258,0.8239019423773237,0.5665479534935332,0.0025870977212711158,-0.566574450273658,0.824006492221076
2.156137800636822,-3.5855335334457,3.0342428188648753,0.9999492696057259,-0.007650021814046276,-0.0065525095360208655,0.01002520890280864,0.8189301938126501,0.5738055705972454,0.0009764227722025617,-0.5738421514913484,0.8189653422278319
3.5961077575221827,-4.956220361453621,4.4064489251987515,0.996219228732695,-0.07874854185270873,-0.03668672047630264,0.08526906242293358,0.8055202233525277,0.5864011909636675,-0.0166263434569376,-0.587312384448145,0.809189549967797
4.49559743801117,-4.654215338774421,5.309548859262291,0.9833145465095896,-0.16986322054799297,-0.06510751821183067,0.17512504679206578,0.78705530101401,0.5915024692525152,-0.04923129704483492,-0.5930349394857013,0.8036702308412782
4.411238905744868,-3.829545189666507,5.157982057063895,0.9717744846199678,-0.22215854483777184,-0.07937211095315153,0.22531159516609872,0.7742834420643443,0.591371149472731,-0.06992164275318317,-0.592562850928536,0.8024837889790307
4.009652038180502,-2.762390300076717,4.576821528812024,0.956593329657385,-0.2765995827667837,-0.09177076042094562,0.27621325631780524,0.7601177575286957,0.5881557886511544,-0.09292706112490555,-0.5879742047937032,0.8035240480582396
3.275695516042438,-1.4105748798092184,3.7030637151488293,0.9410778219877964,-0.3231055962687937,-0.09987645679784958,0.31847371708981087,0.7473216368126442,0.5831679540875592,-0.11378499235709702,-0.5806144545319701,0.8061884585522407
2.2872619148973734,0.19378873618654402,2.5403598648422765,0.921639177292775,-0.3734386817612096,-0.10547406242080153,0.3629005811456163,0.733207399123995,0.5750739761752403,-0.13742050459546112,-0.5682873048329308,0.8112737787470099
1.0668338335541079,1.7467969368150047,1.052344659727113,0.9048311720951081,-0.4121266441754635,-0.10692136907870119,0.39634465493924637,0.7235679130734133,0.5651198011675712,-0.1555360553250682,-0.5537157251977372,0.8180509954536217
-0.34909640311170353,3.206919953703533,-0.779096488704632,0.8886506357438371,-0.44652049622527745,-0.10449638291733576,0.4257888522323989,0.7187684286580999,0.5496142276897337,-0.17030531673054386,-0.532908427795149,0.8288574706656214
-1.9312056526525667,4.779506445373386,-2.853635460438191,0.8769698018134601,-0.47032379839126537,-0.0985874808181702,0.44618592497741083,0.7207629820849051,0.5304892496631078,-0.17844351223654237,-0.5092113984612744,0.8419392285775739
-3.5126236719827837,6.467534955796557,-4.965606007155451,0.8704641126257318,-0.4839921546825763,-0.08968736163147382,0.45820122695994747,0.7301490299325246,0.5068866043810905,-0.17984399974171034,-0.4823214574267976,0.857334326539299
-4.75916330492339,7.928922405714385,-6.959683736453231,0.8700858900512051,-0.4859793893380132,-0.08230781902379765,0.4604065675261384,0.741689272179162,0.48777332451984734,-0.17600095599911322,-0.4622997476453955,0.8690814730590001
-5.438387114242794,9.106394395743271,-8.470925462060709,0.8756460603645615,-0.47759715875445946,-0.07172817380702273,0.45361355724508595,0.7623509821687456,0.4615795929954098,-0.16576705840269318,-0.4367172242264053,0.8841941802638724
-5.585379992556657,10.009867643331233,-9.447332278221445,0.8865683154672291,-0.4585126120905697,-0.061341719599978486,0.4371930199477146,0.7871424106451682,0.43505067368377986,-0.15119155174346494,-0.412520314551412,0.8983140346024917
-5.37703240215478,10.616815423967846,-9.99360732413886,0.9023280125822876,-0.4278395118668393,-0.052511996675461574,0.4103995558500761,0.8154461981843364,0.40819076719687364,-0.13181943053798736,-0.38987286383160386,0.9113850930207186
-5.077684517710923,10.646543100667696,-10.297385601335357,0.9168806404058939,-0.39615435185529524,-0.04890419976840942,0.38291606513200277,0.8383412597941736,0.38801961186329464,-0.11271724940177245,-0.37449387395901224,0.9203527367561144
-4.388109151676995,10.260816510515996,-10.070721056433207,0.9376937141566666,-0.3437921684217037,-0.050373042026250515,0.3379870367695022,0.8688587540117725,0.3617308786278573,-0.08059318461784852,-0.3562182063132274,0.9309206883962456
-3.633239513428983,8.958131772800991,-8.982583027242612,0.9499894095918554,-0.30758873301184686,-0.053937862281374274,0.30659125717632313,0.8858359724945397,0.34827637137436535,-0.0593457891207068,-0.3473957414229765,0.9358388088526894
-1.8683353898718518,6.685414876714551,-6.564295063299241,0.9687472985457025,-0.24027538396081968,-0.0616150259505258,0.24698022038730894,0.9112969699245077,0.329451974260054,-0.023009613161450594,-0.3343734027534057,0.9421597450715398
0.3775473355573229,3.0980203421815995,-3.256528652100879,0.9809350215830901,-0.18192793162714282,-0.06832796737538811,0.19425217546707896,0.9282337678624192,0.3172509488185082,0.005707517681937085,-0.32447542263445134,0.9458769076090737
2.6351966073702515,-0.7612098915546622,0.013989772646513188,0.9901370119143709,-0.11853635234621121,-0.07468487671366782,0.13601819890786215,0.9410783717141095,0.3096296947286898,0.033581947578157564,-0.3167343231548721,0.9479196280974893
4.234436178189559,-3.8003725382247664,2.663768249980781,0.9943275009099305,-0.06979842250906675,-0.08025584807014201,0.09146158698283197,0.9462623080059166,0.3101973928870089,0.05429179533588617,-0.3157781256872632,0.9472785104163637
5.09602095778283,-5.969911036701493,4.901787036064459,0.9957558668952079,-0.02762220048948092,-0.0877910450096784,0.05425990295561205,0.9466794250265619,0.31757507641914423,0.07433785358093135,-0.32099077910665336,0.9441603694571613
5.7522940547219275,-7.899280008437203,7.115200563684471,0.9953410506159716,1.006421225333736e-05,-0.09641676647453512,0.03160121937816118,0.9447281849078283,0.3263280857887856,0.09109092102128893,-0.3278546271436031,0.9403264260712989
6.660797417230661,-9.933536369953847,9.345230930826165,0.994299419785057,0.013222607936510276,-0.10580088116105539,0.022889850688268244,0.9426746969006393,0.3329271249969819,0.10413797842558295,-0.3334510135876696,0.9369982406529844
8.019707152029634,-11.685872006534641,11.306444513357137,0.9935607019062878,0.008634064362528964,-0.11297160953119124,0.0300294727819414,0.9413659052813974,0.33604830476908126,0.10924908416972125,-0.3372768674343351,0.9350448932012616
9.641122354114401,-12.436172099493204,12.158006691598228,0.9933858640361041,-0.016349736826077734,-0.113653909914972,0.054093252651373165,0.9397290652470291,0.33761398659939906,0.10128398269636345,-0.3415288714525642,0.9343979798851774
11.287964036803348,-12.063489575845436,11.946481696238456,0.9924782785016677,-0.058101727042421975,-0.10775461018932687,0.09148481196491005,0.936886921787551,0.3374513668118595,0.08134737784410094,-0.3447710618629914,0.9351553448597479
11.922905306008095,-9.906540949409726,10.265338863326807,0.9885214143888814,-0.1177266122517685,-0.09468821501288714,0.14301642084394528,0.9311953017274138,0.3352933244336637,0.04870027375274723,-0.3449866009115599,0.9373433354581955
10.711670510764188,-6.2785928781217635,7.499084505274059,0.9788895593737671,-0.19008752354467293,-0.07511300780614198,0.20427768795869106,0.9220668505535652,0.3287299032830459,0.006771761313260571,-0.3371341817479831,0.9414322528710357
7.96258089511932,-2.570288985222624,4.635736688740622,0.9631651018655646,-0.2635730535591405,-0.053312587498704586,0.2665592891530079,0.9096311910642721,0.31861770448177634,-0.03548424882310081,-0.3210924192199241,0.9463828645981267
5.135222764573557,0.14921888258381988,2.1681089538541194,0.9419713728665956,-0.33463168350296024,-0.026675252497317833,0.32659256776692774,0.8951592555441948,0.3033598554406422,-0.07763521996636431,-0.29446823871096334,0.9525026136506067
2.9731927893993957,2.1164448742830952,-0.12027669622841786,0.9169903256513208,-0.3988597610667645,0.006295527273227353,0.38078926893517046,0.8799301801125797,0.28411689634877585,-0.11886242184013801,-0.2581351760779722,0.9587689792361301
0.9202791514869326,4.0560503592497525,-2.526025419204866,0.8920226719594812,-0.4500993707417648,0.04130507436302748,0.424141008183551,0.8651396232452855,0.2676524564954452,-0.15620485871863551,-0.22123288351615414,0.9626297592344725
-4.488284969759821,7.853568034214918,-7.014733849412594,0.8453434294715783,-0.5237106290724706,0.10545929663025509,0.4877657320732907,0.8371592346011113,0.24748536630897625,-0.21789694092446057,-0.1577706972748684,0.963135156775602
-8.452593008374004,10.169450795376713,-9.474038493519265,0.8197281501130715,-0.5519570335705876,0.1529352575574352,0.5118156206110106,0.8257692725083381,0.23695965707186523,-0.2570807857673689,-0.11596784758288378,0.9594065498610195
-9.317490616503466,10.921028577740532,-10.30508452405585,0.8163111620534622,-0.5524686514344063,0.1685659392913491,0.5119331893124925,0.8271515172183758,0.23182919842780478,-0.26750793705470866,-0.10295026345564696,0.958040054938804
-8.92817413368389,11.256945121758067,-11.158797482147396,0.8291290480463462,-0.5344990715658361,0.16387728390786524,0.4944803783751051,0.8379046747586352,0.23109502681719138,-0.2608336195504191,-0.11057349823933631,0.9590304084852275
-7.772690041846576,10.898622378338855,-11.3576054590113,0.8474192832732818,-0.5072243187767483,0.15685677791559147,0.46806907186361946,0.8531860911184599,0.23018435630323053,-0.2505831245342103,-0.12164285578473587,0.9604223619508273
-6.042619936171093,9.638378009825711,-10.55402966198577,0.8686890504204998,-0.47466854673332304,0.1416654665809757,0.4371293039495136,0.8690878595027857,0.23152594691195988,-0.23301782186808015,-0.13919792817043183,0.9624586388437243
-3.4952146422082078,7.259096539166635,-8.54482526579856,0.8937870181103931,-0.43224113183415414,0.11963431868849998,0.39810233399053657,0.8874648079945376,0.23220841122256025,-0.20654127415269719,-0.15991816195150388,0.965280727845238
0.0662970347382843,3.575440171477341,-5.432715833163334,0.9217003682439212,-0.37733526312745325,0.08992513763990745,0.3480682234322436,0.9068468254106394,0.23764963092621666,-0.1712219116110511,-0.1877416694375026,0.9671794675969275
3.991218842399065,-0.6755630018981584,-1.6761973312040794,0.94336300091026,-0.32589406356672124,0.062123327708351064,0.30164794400046685,0.9205137936993038,0.24832010287048215,-0.13811142745580715,-0.21551662335255045,0.9666839290403216
7.2720724525701845,-4.244913696659848,1.9332835100536006,0.9563994582743108,-0.28905164389542914,0.041823717839946956,0.2688901194280946,0.9273457613576161,0.2602459270882222,-0.11400956050503257,-0.2376530792003605,0.9646361148433309
9.295256828134587,-6.794639989174341,5.022367481371231,0.9662514491605345,-0.25665309996260394,0.022075399764291268,0.24106228229850651,0.9311009885137966,0.27375157577932907,-0.0908136170857816,-0.2591913105569239,0.9615470615022339
10.467492424386307,-8.606852794927988,7.561100706176713,0.9712413593439568,-0.23802056560338997,0.006035913314969842,0.22647670553829016,0.9313657951970292,0.2850720214007818,-0.07347464697585329,-0.275506743813735,0.9584870945218439
11.486397526380685,-9.931813623833165,9.583740333332873,0.9719330706596485,-0.23521328016250592,-0.004562783503687209,0.2263084769355348,0.9294870155303779,0.2912702546219733,-0.06426958398204949,-0.28412778955185747,0.9566299283313004
12.6721837811481,-10.684927611173672,10.784865589835162,0.9683917442740084,-0.24927208595651545,-0.008992040081726375,0.24095003887794147,0.9255228919891367,0.29214800216462666,-0.06450200296628376,-0.28508034580965286,0.9563308465412927
13.947907072055873,-10.6340184978278,10.644076866599107,0.9595131788094525,-0.2816598346977452,-0.0014822985592956115,0.27011065580567706,0.918652043678204,0.28830306322702476,-0.07984167653053952,-0.27703097329341553,0.9575380653137998
14.480413183149587,-9.56096421989812,9.083483621225245,0.946517501534263,-0.32222442087006953,0.01661450824686815,0.3046816842348339,0.9095588438954489,0.2826159598879702,-0.10617763691645306,-0.262438815891479,0.9590892436745996
13.504658721440823,-7.085803002689849,6.160002330666925,0.9254292172488077,-0.37649567356003577,0.04279920154435631,0.3516190006939712,0.895353191376005,0.27332533919081786,-0.1412262093707567,-0.2378942422240962,0.9609690355591014
10.538223007241102,-3.4454668075987733,2.356156182731712,0.8971145290307221,-0.43500759228322616,0.07716162555270994,0.4036475011048851,0.8780462027462657,0.2571061272989132,-0.17959458971185122,-0.19950754496713435,0.9632977332307068
6.060827077197229,0.4225188815796881,-1.1722874735830522,0.8669860361477626,-0.48514294983631706,0.11389263079281116,0.4507367707606878,0.860899493001011,0.23598395376556577,-0.21253605954994623,-0.15325919605269295,0.9650596055251007
1.5158505582280941,3.545796136415807,-3.7675985672328762,0.8382063698395884,-0.5242975202081328,0.15007395464883974,0.4901532971417065,0.8449185606471808,0.21415501669353718,-0.23908121394508083,-0.10594685543940169,0.9652022777434003
-2.1933370719090712,5.785450263216635,-5.573985627957953,0.8098438232122969,-0.5559246592866619,0.18735195542587513,0.5246352475395967,0.8292204466876798,0.19274674532699584,-0.2625087408905776,-0.0578033216354589,0.9631967280695829
-5.0808068892883815,7.499859978430737,-6.991990379499997,0.7886000025537647,-0.5747564509898294,0.21855218602836818,0.5476491540664974,0.8181120072442442,0.1754227683427735,-0.27962553535478923,-0.018648475765279213,0.9599280151809187
-7.429158783130543,8.932203815967075,-8.219120118410238,0.7745472125910338,-0.583424131109034,0.24432130219677767,0.5608218630931666,0.8120774028489348,0.16127346235148918,-0.29249863819199196,0.012106817162095333,0.9561892969668886
-9.11542437809037,10.075994362326439,-9.223407426337317,0.7709161051946464,-0.5816741073413155,0.2595064384561609,0.5624544665998512,0.8128899162827248,0.15117856001345048,-0.2988868209764259,0.02941456874658359,0.9538351279922843
-9.868810726991226,10.929034246883504,-9.852616705967213,0.7786822666348109,-0.5679534941664435,0.26661349570605314,0.5520692946408375,0.8221369766435441,0.13896145346886538,-0.2981164563442306,0.03898230495416567,0.9537331693703527
-9.548909002588879,11.395215016110386,-10.375391875801942,0.7946501765463938,-0.5485877633468902,0.2599664648004475,0.5343128290144196,0.8353159926850905,0.12944880499691233,-0.28816817601080313,0.03603690151188937,0.9569014808558027
-8.275108898895516,11.48612255208197,-10.736772204177612,0.8199424175490762,-0.5191079586996821,0.24129102577266756,0.5047664666580878,0.8544515971137229,0.1229767552316977,-0.27000971471650115,0.020961760528556632,0.962629398343026
-6.3783858469561,10.907748042097367,-10.352237701341494,0.8508695136905388,-0.4810109464582226,0.2113043777572798,0.4660006650498047,0.8767094199469272,0.11926429955968088,-0.24261997206571018,-0.0030103760041600026,0.9701167387439238
-3.709607890022906,8.958663635453291,-8.741428760244618,0.8824630797548502,-0.4361856138744764,0.1760710740540054,0.42069714836498157,0.8993133019218552,0.1193712458843495,-0.2104110791454611,-0.03126811851319612,0.9771128299932849
-0.11035593053621717,5.2165031639474435,-5.876741227029743,0.912576762526451,-0.3850107131506747,0.13773308700508435,0.369996529093973,0.9208918016650595,0.12272268773333114,-0.17408682016497992,-0.06103310892694769,0.9828370865303955
6.692757058338201,-3.3856837273607603,1.1209526087533583,0.9468344583001987,-0.3107310681142421,0.083370929489549,0.29773808731125684,0.9444965555869129,0.13884627416207765,-0.12188740681302379,-0.10664173569967084,0.9867983584640566
8.472498656032073,-6.030321404672719,4.122515134538148,0.9644494865567229,-0.26052287260880386,0.04432855432033213,0.2507164211613468,0.9550553492587545,0.1581472605272811,-0.08353720153632081,-0.14141114772143767,0.9864200034770101
9.78634489291483,-8.08566362020667,6.924900870382438,0.9722391142147787,-0.23322151166709038,0.018942842621423595,0.22644679530888512,0.9581995497576814,0.17485843342118632,-0.05893177144120729,-0.1657146624167353,0.9844113454115142
10.768831282378889,-9.80117641524151,9.472027824782362,0.9757620552427201,-0.21880275070648644,-0.003710502901034904,0.2154338492195404,0.9574846109277597,0.19186317115842685,-0.03842744018218974,-0.18801217013744176,0.9814146706266689
12.921701938479998,-12.032228723911992,12.75634685475908,0.9743803794964742,-0.22262392226815741,-0.03196037055868831,0.224221223720192,0.9504700211886408,0.2152477216025368,-0.01754191796032813,-0.21689935005805036,0.9760363482261649
13.88996954064155,-11.861562702725687,12.580184339313847,0.9692629182365718,-0.2430492847880498,-0.038163339680147505,0.24532080595065012,0.9430350670684824,0.2247277562893932,-0.01863055284333526,-0.2271825421179158,0.9736739675361523
14.023273425348115,-10.010086133356381,10.541391203616342,0.957692126268371,-0.2861474748768274,-0.030747583729168873,0.28528345264429505,0.9298187479668529,0.23248752133545297,-0.03793603736445084,-0.23142324548533924,0.9721132333828783
12.300167406089587,-6.517577451334359,6.895955364878924,0.9409006054137445,-0.3385192620983945,-0.010524253912168977,0.33170601408439154,0.914798459326566,0.23046669831883543,-0.06838984538873191,-0.22033721429231595,0.9730232993333747
9.100620287598309,-2.4684670519572767,3.020254179785687,0.9146591291724443,-0.403927301568907,0.015537453741449861,0.38994772933983424,0.8918247349343837,0.22932381154586212,-0.10648683394774058,-0.2036943229608421,0.9732261694946911
5.3713934185368615,0.9288611663941209,-0.43562574272712196,0.8910254699327228,-0.4518551824343867,0.043594793707026645,0.4330105044759186,0.8748229252743461,0.21722511923795748,-0.1362920208401115,-0.1746761103345888,0.9751475485964655
2.3324406537772124,3.0653297115794427,-2.7329110855680705,0.8597524926434783,-0.5037959641841633,0.08375725559660874,0.4812705694356159,0.854099095952067,0.19721402913834082,-0.17089262824488385,-0.12924535104060692,0.9767759972716084
-0.5599619753511109,4.966126864835951,-4.762903534529448,0.8346185873255408,-0.5379184001176464,0.1185563516037459,0.5147653353444737,0.8382935214274119,0.17966808692842326,-0.19603179134622617,-0.08892562480916265,0.9765571002424224
-3.2495743283154725,6.855401535870886,-6.528911520100863,0.8130928365865114,-0.562114288065734,0.15135245701360178,0.5400323876853689,0.8254255993866182,0.16443114099245312,-0.21735928630389867,-0.05196255410960693,0.9747075631325863
-5.628359287639547,8.556435759221724,-7.98063430020751,0.798054646993923,-0.5757407186096216,0.17785220084745113,0.5555364827627609,0.8173011105968332,0.15296441068680705,-0.23342664100523228,-0.023270572662883276,0.9720959231047904
-7.380772614392173,9.823943359637907,-8.938960582390957,0.7886474908872768,-0.5799503882152595,0.20418786037904724,0.5629250837566807,0.8146372615237845,0.13957608038113756,-0.24728624141819272,0.004866142825508488,0.9689302531448091
-8.171435605067074,10.634614028345151,-9.669907547199474,0.7911921451254029,-0.5733167765499418,0.21289167014763222,0.5584770424830193,0.8191849544228891,0.1305350660419926,-0.24923559639682977,0.01561679139747075,0.9683169591178102
-8.039315753825539,11.258749352674933,-10.283743574530137,0.8058785945011744,-0.5532046619987296,0.21100780285971366,0.5410615747306391,0.8328076897330601,0.11697745197892805,-0.24044139259872263,0.019898589506622665,0.970459676061212
-7.182192322407461,11.600341093264547,-10.858106099041965,0.8271943868400141,-0.5264736561725643,0.19640502981509053,0.5156756529662277,0.8500937718111716,0.10686065723973773,-0.22322201351620383,0.012886756153003345,0.9746824427461609
-5.598880690307795,11.380426079609814,-10.862952227615336,0.8558767500196851,-0.4897554918971622,0.1661762526124333,0.4794300315486048,0.8718384283620676,0.10022275031379921,-0.193963485287943,-0.006108435784000148,0.980989731540155
-3.106836454422,9.827313486621588,-9.641157508897898,0.8867418880398231,-0.4448069143962255,0.12583971114429665,0.4347922137679395,0.8949914842478021,0.09972950401305104,-0.15698584280866007,-0.03372020209346037,0.9870250215310804
0.391665693305983,6.301242365136706,-6.985889058082056,0.9168029333431167,-0.3915036963898722,0.07872253252103097,0.38288483569944204,0.9177816604415765,0.10524270211521765,-0.11345300350748393,-0.06634515408202764,0.9913257469293137
4.005944238172178,1.5621982242470256,-3.429677525317068,0.9388552188377595,-0.34248378445331096,0.03543635770846199,0.3366246852730031,0.9346457139820401,0.11454785288189585,-0.07235122200734148,-0.09561509672399443,0.9927855024890847
8.792528996727864,-5.521567059691456,2.9096977431154567,0.9622527499702063,-0.26925573461364594,-0.03963577364506509,0.2721544094790654,0.951301457475022,0.144767104022283,-0.0012738037047097667,-0.15008959452128254,0.9886715789586337
10.015458358349843,-9.295039589276877,8.507439230119983,0.9722304381904815,-0.2026330110270774,-0.11708047616082697,0.2217899740892655,0.9574497523293953,0.1846596305581189,0.0746805359476517,-0.2054989893076803,0.9758037625179011
10.269963009110956,-10.764321409828822,10.987957386939454,0.9714200331921464,-0.18523191037910597,-0.14843267325719522,0.2130781698421608,0.9560469724744267,0.20142462599989228,0.10459833961246988,-0.22729567923695293,0.9681920581943056
10.783247120813122,-11.676619134808293,12.610420098317562,0.9677939418965409,-0.18551263088275527,-0.17017623162861056,0.21981658085318087,0.9522105961458621,0.21207463631834278,0.12270108724201587,-0.2426521056378837,0.9623223985853845
11.528686797307875,-11.631514654249099,12.821430974520247,0.9620947476752787,-0.20365877053195627,-0.1813747548063257,0.2412764511778455,0.9456534832204444,0.21800266920398853,0.12711951306808641,-0.2535006801932701,0.9589463147324155
12.154306436250423,-10.047817059932228,10.762871398785904,0.9534690381642786,-0.25291748463521657,-0.16410222188587625,0.28431326430528175,0.9353849729106826,0.21028770813567513,0.10031331418192323,-0.24715925719801524,0.9637684060909878
11.238297731840426,-6.596028780673681,6.861556059943957,0.9384994384906491,-0.3178895154411578,-0.13477781688884566,0.33965202968068287,0.9201567933460443,0.19480239832434237,0.0620910837925196,-0.22859950050625427,0.9715384530124169
8.495439351529885,-2.3802000869026716,2.493081047950276,0.9194146868256058,-0.3805263656392184,-0.09937966946404177,0.3926162169399427,0.9028341339742132,0.175336912048771,0.023003039910889273,-0.20022540194600294,0.9794797846665435
5.043273973011412,1.1181959726391963,-0.9797029061532802,0.8954516393599568,-0.4418586138430272,-0.054104777425710925,0.4447606361317727,0.8828787782074689,0.15070845874915556,-0.01882387088852247,-0.15901581167797024,0.9870965674751215
2.0432829883482917,3.440514500933793,-3.2669028591186584,0.8745372905356241,-0.4847616327841278,-0.013808940693512774,0.4822805320954506,0.8663676493660116,0.12966335061897244,-0.050892198069440786,-0.12005521859742799,0.9914619148828577
-0.4843802184949544,5.242172236250073,-5.051489966083875,0.8419478859613148,-0.5370854773246194,0.05160375347064962,0.5307757071611198,0.8416321521497986,0.0996617737917075,-0.09695826944044805,-0.056520001014530113,0.9936823352925367
-2.733860755243296,6.897427921320038,-6.667597194662118,0.8105863600083508,-0.5757795554104131,0.10690021767891932,0.570540134233475,0.8176028953597484,0.07752071160794755,-0.1320367683535948,-0.001846366903424393,0.9912430997146943
-4.591013665011484,8.39692406622871,-8.053742368633763,0.7938919325335252,-0.5897739422748364,0.14799424472520434,0.5869485668821122,0.8068606218129853,0.0668379892171761,-0.15883003271805854,0.033802869421981,0.9867271085389411
-5.940006966061268,9.545863993729553,-8.927181367565414,0.783914026191162,-0.5938355271753482,0.1812130409356329,0.5939853645385295,0.8022717359751494,0.05951006947944599,-0.18072129441433454,0.06098711601473962,0.9816416787328308
-6.554761807744184,10.267211691160627,-9.415498461722805,0.781817460703807,-0.5897110676684193,0.20249028324348092,0.5923520851780575,0.8038664482010927,0.054016114648922434,-0.19462904542708612,0.0777147999156657,0.9777934058635328
-6.442491001808792,10.687236953668174,-9.853312926142037,0.7887838482880818,-0.5761676152417664,0.21412827890416727,0.5804809982963499,0.8128122439600302,0.048765425103568745,-0.20214314555956966,0.08583201742517356,0.975587522208031
-5.7348356382642445,10.90945728995487,-10.469541571529966,0.8058190833552218,-0.5528757876106907,0.2120942440859941,0.5572329374784155,0.8291724837658627,0.04432206622805977,-0.20036730843559877,0.0824703318739985,0.9762436100025773
-4.848327500280103,10.840436888597798,-10.854000525532337,0.8257753693663235,-0.5275251421506808,0.19953010736933124,0.5311618687046351,0.8463556377992076,0.03935992377653545,-0.18963678066797174,0.07348032909833202,0.9791008797123444
-3.6663646598314124,10.227586431141093,-10.321011905875821,0.8539449036311983,-0.49020362838159204,0.17458093906216152,0.4933365693050129,0.8693866312621003,0.028034171453695488,-0.16552078705910003,0.06218752370256822,0.9842436593380101
-2.5157539282768937,8.961909796963697,-8.984503535104343,0.8819932292404506,-0.4482806274774275,0.1453699508235677,0.4513531607108268,0.8922508542042323,0.012989899466980327,-0.13552958308188248,0.05415618339820436,0.9892920902895106
-0.7078058131565821,6.579462032862255,-6.278875666873801,0.9122238814902308,-0.3948829817680061,0.10915594692414371,0.39807647239320804,0.9173149495741749,-0.008270756598168331,-0.09686440092148044,0.05099719597914585,0.9939902282398883
1.398004507041474,3.422232285194413,-2.707617556536099,0.9443808052618249,-0.3230663637202237,0.061424907697283634,0.3255372367294453,0.9448646756771143,-0.03544364766973671,-0.04658757512024836,0.05346839524589775,0.9974821946051176
2.848793420636942,0.44149882896603365,0.6883618092874233,0.9684403294114112,-0.2489860925937795,0.011368995751597638,0.24922586323472934,0.9667832164324042,-0.056715796031765554,0.003130090161958747,0.05775931197213776,0.9983256304513479
3.453139663521722,-1.6732686545356612,3.1069185660252945,0.9827641083231222,-0.18145723021012417,-0.03532677449653356,0.1787145448546169,0.9814424849514513,-0.06951086382519708,0.04728444616643035,0.06199937368061052,0.9969554949013241
3.510774249314607,-3.2173907667875206,4.56022381939722,0.9903057547273426,-0.11168159452885758,-0.08259378667551481,0.10535984737368015,0.9914243983220212,-0.07731083347895418,0.09051969241719371,0.06785929453882951,0.9935800427894005
3.3245644115532182,-4.719991268014779,5.610680151112251,0.9912288982535323,-0.053512172599702035,-0.12083757135406223,0.04369156997024111,0.9956321802981715,-0.08250823151808877,0.12472496935507243,0.0765049602206729,0.9892374199761185
2.2724796654573027,-8.12131539784949,7.540531030220383,0.9794750387408391,0.0581389521681201,-0.19299873244253385,-0.0771742770280869,0.9927063157710947,-0.09261912110017634,0.18620628198002198,0.10561265487132776,0.9768178886989142
2.079362624728275,-9.026418061663353,7.678033870161605,0.9721402106619537,0.09815110748917237,-0.21286091917677458,-0.120993123076858,0.9878973280859233,-0.09705428032188657,0.20075874820849096,0.12010507590997199,0.9722503256663982
2.285744256720832,-9.02525254398631,7.283511570562302,0.9672471357439076,0.12356192871153461,-0.2217327855060955,-0.148210477714451,0.9840737173022023,-0.098145673418023,0.20607433777853132,0.12779424356405433,0.9701556569030707
2.8757227027217107,-4.636132567147536,3.588051195723499,0.9616714417913926,0.15582772593725533,-0.2256230437523782,-0.1801658632692406,0.9793700531264424,-0.09151262618653422,0.2067082479131219,0.12865464961800227,0.9699070478021871
2.666495484644024,-2.3138920699197714,1.4742643765908279,0.9608179522044789,0.16425389850036812,-0.2232700596789068,-0.1870627676916308,0.9786611498526654,-0.08502866994492694,0.20453944281027622,0.12346258784136735,0.9710409907611377
