-0.3732272732234672,-0.012290932055137574,-0.09461799534736416,0.9999897171000978,-0.0003814341992579076,-0.004518871763861491,0.0003837393087273903,0.9999997967036368,0.0005092512425740447,0.004518676599351364,-0.0005109800747213759,0.999989660177121,-0.012744141,-0.11289184000000001,0.009558106
-0.38596204243122945,0.041055858999336704,-0.09453579289444361,0.9999763406196442,-0.0007602070446697091,-0.00683668678489085,0.0007666291253448171,0.9999992673573728,0.0009367841275529528,0.006835969626149583,-0.0009420031670311171,0.9999761907912127,-0.021068736472921488,-0.11363376748273746,0.018654260100686614
-0.31514258000541634,0.2977498487196759,-0.22633164967474406,0.9999356785292013,-0.0007303233168446958,-0.01131836702881378,0.0007833795401865838,0.999988723646952,0.004683897462086325,0.011314818639380969,-0.004692462764071181,0.9999249750218093,-0.09559884643741158,-0.11434562342872535,-0.0004402721115369123
-0.24913786840921204,0.553632650280828,-0.3858095767085727,0.9999058735570493,0.00022327741304925758,-0.013718388145519362,-0.00010583378861730109,0.9999633469436052,0.008561166307919716,0.013719796839730944,-0.008558908606796468,0.9998692475809712,-0.18960567188919503,-0.1180264948151894,-0.0459887428900953
-0.10482589505422334,1.315362319702897,-0.8224293501146022,0.9997679511580628,0.00977983941432164,-0.019193711945306047,-0.009219708237463141,0.9995352155753803,0.029057697856058478,0.019468970625725356,-0.02887399462679199,0.9993934418521402,-0.4888683098817341,-0.13586551892481358,-0.22710866293103527
0.09448175318289127,2.1749407965608234,-1.3178443789485372,0.9991719076547944,0.03229940685812619,-0.02474363089953405,-0.030562276599822986,0.9972423794300327,0.06762827750107447,0.02685975060411128,-0.06681605335052093,0.9974037140557206,-0.9835169400415916,-0.17109814032356457,-0.573402624809314
0.22861310348187916,2.5696333118027446,-1.6038383940918268,0.9984859064938666,0.04798088307544096,-0.026902219098475986,-0.04528779009471988,0.9946285608231696,0.09307546434569522,0.03122355843682991,-0.09171619733793515,0.9952955483394926,-1.3059480650042086,-0.17737201323412718,-0.8038337153391764
0.38082638899492527,2.883205192251285,-1.8802248754512063,0.9970279201957787,0.07171884184018747,-0.02813776954881316,-0.06751403831778674,0.9893038682243469,0.1293047212841373,0.03711038911281259,-0.1270207228819227,0.9912056068134654,-1.628721508425698,-0.17617395731033192,-1.0685443653014592
0.5197310951950228,3.0869550899532268,-2.1020732709186047,0.9947742927010678,0.09831869702397825,-0.02752345175659359,-0.0923867977212518,0.9815763491132548,0.16724996403080655,0.04346016783104798,-0.16383316110299764,0.9855302679954062,-1.9251507809333348,-0.1715056919895403,-1.3550696687816832
0.6486877295403227,3.125629408082478,-2.2979202371123644,0.9909693542396496,0.13182711110743034,-0.02452247407831023,-0.1236872696355978,0.9693059812722044,0.2124791142677782,0.05178028860428535,-0.20752717279189706,0.9768578577587734,-2.2021166440013684,-0.1686212919902017,-1.6414238088128572
0.7564714017162659,2.967551057644969,-2.4486402821069406,0.9855729620183274,0.1681902862213734,-0.01891994078196727,-0.1576019654074863,0.9527411689079294,0.2597034569805523,0.06170540525851943,-0.25297488549009106,0.9655030555483283,-2.452609521716376,-0.16629413666743892,-1.9017467155515657
0.8642082265241582,2.5652639886440025,-2.51925239641818,0.9777299727282357,0.2096518882528997,-0.009496640502695919,-0.19621933162534574,0.9292639091398355,0.3129961039160936,0.07444510947904061,-0.30416224769380124,0.9497069299276011,-2.6824791650103528,-0.1493949329151903,-2.1042791679862374
0.9423142826477404,1.9468012369120586,-2.458413722562996,0.9666138556833442,0.2561778814175207,0.005526940691744104,-0.23958817151112033,0.8959484923312065,0.3739970683860982,0.09085792245554206,-0.36283493790133936,0.9274134168563635,-2.9107580963480246,-0.10490098591860948,-2.24859454642986
0.9154813123428156,1.2296794243911553,-2.247885451216744,0.9529645800667268,0.30198588999139814,0.02574939580554583,-0.2825170894733996,0.854331140873961,0.43623662832054255,0.10973879575485862,-0.42299269967589226,0.8994634916032862,-3.1257210423765014,-0.04063223988380154,-2.3520165299907276
0.7434146506135164,0.5089065603631195,-1.9080179656939964,0.9394216566176326,0.3394784643207895,0.04734261653290307,-0.3180538392858526,0.8118520096896618,0.48963054406193474,0.12778382680649392,-0.4750270377833836,0.8706437888031091,-3.280222296902054,0.03529242884842811,-2.392327346246583
0.4462610765453848,-0.19631169245239855,-1.500781141777972,0.9238214615971944,0.37566877415593997,0.07366735516222198,-0.3528193289199186,0.760823462977964,0.5446707072376086,0.1485679246436521,-0.529169755661066,0.8354082483796091,-3.3648418197439574,0.10571042706014552,-2.348772327153095
0.07767552107269579,-0.7921900358746191,-1.0674520847337612,0.9091989506322383,0.40418265276554427,0.09996825182348756,-0.3807820161772986,0.7100650365286464,0.5922944369614855,0.16841117636661826,-0.5765795930337632,0.7994958715164406,-3.417367104723409,0.1866840969941098,-2.255189802794901
-0.6326202464125231,-1.6581105562549898,-0.14059686333943355,0.8795488009409905,0.44902007741623234,0.15740037115708094,-0.42662718299484614,0.5977634957713827,0.6787253125182954,0.21067309627275194,-0.6641233117428549,0.7173263366882298,-3.439116548523014,0.27513164272289586,-2.1143588509562616
-0.9623112748015199,-2.061147925592977,0.3950082950982,0.8639536378125484,0.466143484249332,0.19051079707553822,-0.44572091893531973,0.5318099585126133,0.7200771003512514,0.23434370939694166,-0.7070278778935848,0.6672290504372369,-3.3764824126126025,0.37416711899726796,-1.9227446969152162
-1.2320645673455397,-2.3745174682741457,0.8620299973866498,0.8541091227564571,0.4721913748577173,0.2180204392578235,-0.4553400262159644,0.47633142193338307,0.7521793915048229,0.25132263517208403,-0.741716712760944,0.6218466459355232,-3.021732106401131,0.5656871245307327,-1.4315441624925953
-1.40433171638773,-2.41528809748381,1.1577239953117207,0.8465550622488437,0.4723038333847678,0.24550685438681807,-0.46084537176261076,0.41948459585424347,0.7820832546257351,0.2663945755938695,-0.7752172358836305,0.5727758438369298,-2.8735385189181684,0.6937234015652726,-1.186821092896482
-1.478736552594131,-2.173098315539352,1.3385682200121145,0.8381279017772558,0.4701644182726294,0.27656290433247716,-0.46575233865174004,0.3529214689533228,0.8114931889993059,0.28393023668304473,-0.8089449032796917,0.5147735076273077,-2.8735385189181684,0.6937234015652727,-1.186821092896482
-1.4514496553312082,-1.9106059109415816,1.4837580641459827,0.8368158341802401,0.46111344095511914,0.2951502231673882,-0.4642631027568584,0.3119373795793452,0.8289480337389947,0.29017069301327436,-0.8307041987324384,0.4751120953254032,-2.644963419154753,1.0069466016942648,-0.7964083967644883
-1.3715618413494377,-1.6358568451173254,1.7179619593399704,0.837456812789102,0.44271297393970355,0.3204236405426144,-0.4600270906526701,0.2545406868840057,0.8506374754184405,0.2950273929294687,-0.859775704138052,0.4168267937587016,-2.4900899453625116,1.1318421179607896,-0.6585546930596795
-1.2247107100058499,-1.2982666564673466,1.9017695695350354,0.8396173332207354,0.4227970087551245,0.34100648548527646,-0.4557487153842458,0.2067794497676121,0.8657571065717062,0.29552638153117655,-0.8823179407342481,0.3663048037871833,-2.3306933391287115,1.2442822126525763,-0.5771588078526526
-1.021498977741201,-0.8642308152644386,2.0025690334581134,0.8426000354438962,0.4019532901486633,0.35841140161636836,-0.452003058536109,0.16602834747176143,0.8764290176105527,0.2927770744849193,-0.9004821710475238,0.32157960800024565,-2.1509574671664318,1.3316612829990162,-0.5193015516841942
-0.7947605547073114,-0.4130208186578735,1.9804200304966457,0.8464671254469531,0.3769918424901715,0.3759927608790335,-0.4487276965973505,0.12499860497068242,0.8848834968863523,0.2865952892913776,-0.9177431554913664,0.2749738909510187,-1.9796885724735682,1.4108970614499494,-0.4908671618628134
-0.5043320936882127,0.04842454385732764,1.7327165224075918,0.8501282413235912,0.3517854516373731,0.39182772913660346,-0.4466557235299945,0.08763839040640947,0.8904033789046796,0.2788918032892955,-0.9319691564334437,0.231630856137048,-1.8840250551987292,1.4623063261648548,-0.5020810989321953
-0.04753636137515982,0.534815072350643,1.2717136643286848,0.8533863358763534,0.3251407677559336,0.40744968141184523,-0.4457641748624436,0.04997575922678059,0.8937542860870158,0.27023334758822204,-0.9443441664101021,0.1875847361020463,-1.8275563243381947,1.46916944210559,-0.5364138140824142
0.4739660748980744,0.8940321390853774,0.8414112083730889,0.8553969746426214,0.3025571030695294,0.42042266251288724,-0.4462855809550455,0.01850730175049802,0.8946992008566528,0.26291670925193833,-0.9529515618141837,0.15085796244163457,-1.764346846270419,1.426627994806288,-0.5865148032999765
0.8357965716733079,1.0668479165533253,0.5891620066174204,0.8568787409339489,0.27604258607860177,0.43538409939556666,-0.44806231626355475,-0.01888292123259041,0.8938028843264388,0.2549489832887927,-0.9609598982042711,0.10750390673482295,-1.7185818223800438,1.3517104567490787,-0.621026417269567
0.9686499115568019,1.1028474718125727,0.49526657054003176,0.8577028843399884,0.25195532639596824,0.4481788434270031,-0.45000598998544655,-0.05373386731273834,0.8914074716317082,0.24867724297185523,-0.9662459236676343,0.06729371310604601,-1.6833712087490469,1.2560564092287725,-0.610469012420543
1.020884244200089,1.050720737376456,0.487891210303311,0.8581725443572569,0.22799887432283966,0.45995260344834493,-0.4520186435148772,-0.08911836365871788,0.8875455273808562,0.24334960453299018,-0.9695743553571907,0.02658080900437159,-1.627563396952451,1.156506372328923,-0.5803787401635064
1.2914312496893632,0.8800007896250742,0.5115811460486852,0.8586759450240342,0.18488182608617781,0.4780108072210528,-0.4554315013988639,-0.1525245556688811,0.8771079793569241,0.23506971087458023,-0.9708527026799956,-0.04676815934255599,-1.5642893601278762,1.0745848757711183,-0.5380346603467039
1.4953377584724952,0.7366019240563746,0.5801924584351859,0.8587583550034145,0.16438020216008878,0.4852970604172648,-0.45713182001056335,-0.1820229525744705,0.8705734569063667,0.23144024465433793,-0.9694569582368685,-0.0811703103385713,-1.383041118976947,0.9389262647911664,-0.47126769870326257
1.6623044977395787,0.5288764981703118,0.5530714089243698,0.859039873569523,0.14609038002642935,0.49062011422422536,-0.45816410609492014,-0.20807643483295243,0.8641700348620347,0.2283334130255604,-0.967141043556183,-0.11181258589782056,-1.2463745273495601,0.8401161467652054,-0.39207717793256136
1.7060574190076625,0.3016847138585822,0.6657851134529801,0.859752135997958,0.13384164053918962,0.4928617249338072,-0.45808791372173974,-0.22456112795826935,0.860074277671512,0.22579133718770802,-0.9652246966732096,-0.1317556715405406,-0.9194599988517819,0.6555283268928564,-0.2379750217165334
1.537127013822186,0.1644438692627229,0.9398698950982187,0.860920619921329,0.12119299702091156,0.4940930516282987,-0.4576753580712407,-0.23958435397180652,0.856231629844561,0.22214624194128682,-0.9632816798865237,-0.15079606223758646,-0.7331839497881167,0.5956174318654183,-0.16761930206053066
1.2472869477168127,0.18237134364347443,1.060774903380366,0.862578215007111,0.11033984386418436,0.49374481450560526,-0.4564944290313217,-0.2509883133533331,0.8535910629941109,0.2181092828343498,-0.9616808126483954,-0.16612752729577768,-0.5992983293387267,0.5587540358043576,-0.08262285788398702
1.0692860550297867,0.2297135997302899,0.926179634257369,0.8647329766618868,0.09973536187034443,0.4922293537224951,-0.4547668350811489,-0.26041898052667367,0.8516860221300585,0.21312908009877143,-0.9603305744242663,-0.17983654534663499,-0.44086058700276703,0.4929043504977629,-0.019760423273267075
1.0354662923334725,0.15431355346138248,0.6502031247388745,0.8668040955836783,0.09048818203193765,0.4903698081977696,-0.4533525242110477,-0.26652102269363737,0.8505516052855397,0.2076587312655873,-0.959572005310125,-0.18999846829454786,-0.253840426218242,0.38510590853503107,0.003459699427253715
0.9462155597199995,-0.09580627850652323,-0.09408878033213987,0.8686471683886485,0.08534983907589923,0.48802407913964846,-0.4523976922913931,-0.2649061999683311,0.8515638750133545,0.20196144399316757,-0.9604895159178255,-0.1914979502557096,0.04108026043083131,0.15281967400520935,0.03890114767170978
0.7683906658329953,-0.16832456120701186,-0.44706745127969905,0.8695211332532852,0.0834628361099345,0.4867925161857049,-0.4516992354696577,-0.2642392395504749,0.8521416695350092,0.1997518448026196,-0.9608389975798626,-0.19206150376292877,0.029655529818292926,0.10792557474553326,0.045845076997417133
0.5757698225571796,-0.20435362336549973,-0.6776792284164217,0.8699109000812593,0.08305711340004984,0.4861651384390549,-0.45130117793298463,-0.26357704649386815,0.8525575566246945,0.19895294095869556,-0.9610560111019663,-0.19180477264308504,0.042030655855200494,0.038809206565600586,0.03984265793458514
0.43080673019693905,-0.1637655667343088,-0.6329544151432404,0.8701447320911058,0.0835544010329125,0.48566120627669024,-0.45096616008102053,-0.26233979209938807,0.8531162616800997,0.19868987814148345,-0.9613513902571127,-0.1905933807214764,0.05953064825654022,-0.016228024651700132,0.032248925404055905
0.3532801305017754,-0.06952545759802548,-0.4510983822732261,0.8701983345219627,0.08411288870514089,0.4854687225237891,-0.4506790834312745,-0.26229075507750615,0.8532830266438077,0.19910605805135367,-0.9613160675628752,-0.19033705864256437,0.0011113848600274277,-0.024953139441142573,0.017069278388544634
0.3681195989612794,0.03276189666823859,-0.22882975155143026,0.8700757038189103,0.0844921900001943,0.4856226307051595,-0.4504842966025069,-0.263599846610026,0.8529824261857418,0.2000804041843501,-0.960924654016195,-0.19128941728513243,-0.0616865784157879,-0.019055638767930615,-0.003954324755645235
0.47530621209456836,0.15067879560007252,0.10181319591147242,0.8696788982135332,0.08426733084842884,0.48637190600792035,-0.4508355336168897,-0.265646295519341,0.8521615852085945,0.20101227731277968,-0.960380686305454,-0.19303627053224487,-0.09418887158719169,-0.00034631145702176437,-0.040237569330224654
0.6272383700759223,0.32581830992486305,0.5509729981681643,0.8691399494735631,0.08322486651991168,0.48751345604181634,-0.4517150834907686,-0.2677700642066946,0.851030361421771,0.2013683976596641,-0.9598816668253894,-0.1951357325465895,-0.10004599939574339,0.03224397353819489,-0.07177203627402509
0.7856172506279574,0.5444664414200513,1.072492708497153,0.8686317465640758,0.08135762642719434,0.4887328774322198,-0.45304353905725187,-0.26890795822183955,0.8499647414589862,0.20057527409809012,-0.9597236303369303,-0.1967234424093423,-0.05317394683098743,0.07462792238041073,-0.09092747701226568
0.938055786964648,0.7288594500193643,1.6414634597949942,0.868226157258799,0.07812551716089046,0.48997932958438534,-0.45501931006365826,-0.26839101203910276,0.8490722537722086,0.19784025707831124,-0.9601367966206544,-0.19747547810859561,0.03451281930161713,0.1342069457836309,-0.10206891610638498
1.0965751838858342,0.8304405114281129,2.2039696647136546,0.8680795719128797,0.07341865590427109,0.49096594361805085,-0.45735601088571437,-0.2662978915097265,0.8484756403599218,0.1930371366713117,-0.9610905961160408,-0.19758929607409773,0.12200296062703782,0.22317883475513597,-0.11229908207975081
1.2758836584647297,0.844788385186394,2.682195666504518,0.8682488899735615,0.06593098552993382,0.4917285533775023,-0.46036207718194583,-0.26243787990611345,0.8480525438220841,0.18496113903304956,-0.9626938580553208,-0.19750927246628497,0.20259411627272716,0.34189871125305876,-0.12301481429899536
1.459064843567227,0.7861643712600087,3.018330857771092,0.8686860282157741,0.05698059583345194,0.49207499030246316,-0.46354516420945047,-0.2567694768172424,0.8480538405744252,0.17467245094959138,-0.9647915046648506,-0.19663897733104302,0.3213565233502626,0.45982863770866356,-0.12860700364238511
1.6091995777479982,0.6681988814104178,3.20278204441841,0.8694946040225948,0.04444109947030103,0.4919391448680039,-0.4675194636467821,-0.24733209423487082,0.8486768444306805,0.1593884709978002,-0.9679110619469466,-0.19427684235059992,0.46609478670738963,0.577789924630107,-0.12558490721597293
1.7026211116655598,0.5226461978299685,3.2923886228832546,0.8704224148058006,0.030400329245891932,0.49136609547808763,-0.4713894461611404,-0.23637113629686132,0.8496591528216613,0.14197468031847194,-0.9711871631706601,-0.191412340879568,0.5961047500061705,0.7249380339503532,-0.12934720198969096
1.7654394515941452,0.371681676742924,3.3467298446955525,0.8712916962788396,0.012039673128607485,0.4906178006009359,-0.475922090413337,-0.22328023023825533,0.8506727353344236,0.11978707715000848,-0.9746799398036826,-0.1888122641465594,0.6786355838539206,0.9093497884861694,-0.15918049936321477
1.8088228768900565,0.26844803175392146,3.407681181344596,0.8716774329682967,-0.009920342269762662,0.4899796318859107,-0.48091648685352545,-0.20975021686270146,0.8513073353369579,0.09432807390307432,-0.9777046759299574,-0.18760538675218216,0.7214176272423374,1.1240506586137302,-0.20957919322179502
1.7306078787835306,0.33292964963025984,3.5131462380633827,0.8698767503849407,-0.06306022327345873,0.48922167509262937,-0.49203387173070107,-0.18107370435718947,0.851536835762294,0.03488707797210708,-0.9814457304563862,-0.18853957133583807,0.7439264295567349,1.3428502894685201,-0.2736925687507501
1.5066394606085087,0.4430672276951829,3.470389542471841,0.8673377043852663,-0.09295043836193027,0.4889637231533874,-0.4977146758149195,-0.16656579223728404,0.8511967682826423,0.0023255171782060498,-0.9816394719369702,-0.1907315891643622,0.753999553174794,1.5490484505015012,-0.32904689002232507
1.22912932531153,0.5470961278846918,3.2901072455397387,0.8626655504096251,-0.13100265030572156,0.48851453790991345,-0.5042936296012276,-0.14892253202144443,0.8505939187414524,-0.03867923577422963,-0.9801328405217333,-0.1945341400647273,0.8336375988300692,1.8311529152012458,-0.3887830672917926
0.974665368224483,0.647253573194185,2.933177577165981,0.8548551561425604,-0.17468160957815593,0.4885785477194679,-0.5116501784242538,-0.1272926271886016,0.8497121171207646,-0.08623663336951516,-0.9763620856724269,-0.19819263539920828,0.9001212528776454,1.8945460579238833,-0.4408908709463532
0.7073114498208833,0.7956050060385037,2.385196871261568,0.8456808246965087,-0.21343661534750386,0.4891510543478727,-0.5179814464494831,-0.10752675998817139,0.8486066326753205,-0.12852689942083836,-0.9710215276271948,-0.20148952580672255,0.9050912495970299,1.9047131460431086,-0.4815022096760688
0.4233565911071786,0.9791240452175569,1.6116560870659724,0.8347539872253958,-0.25138883359158143,0.4898871657399988,-0.5238476557276752,-0.08851286746157634,0.8472007470973734,-0.16961548985845346,-0.9638304449638416,-0.20557592018736862,0.838556879926686,1.8584696555570226,-0.48833377977213
0.1350232646750113,1.1273917568547627,0.5898881080160743,0.8235047849598165,-0.28438829244235075,0.49087999375612307,-0.5288738112013537,-0.07177733733808561,0.8456598049274948,-0.20526168900611133,-0.9560184689462762,-0.20951450083461975,0.7613563244290124,1.7270858895581154,-0.48378940530405573
-0.17858108612286536,1.1269945270733184,-0.575660973458718,0.8113677008345398,-0.3141103628802961,0.49296768045550665,-0.5336692820548374,-0.05396946214599586,0.8439694274953005,-0.23849434256088206,-0.9478512420664352,-0.21142013026098563,0.748644426568293,1.472356166762943,-0.48587758549662324
-0.605681215949746,0.848146825654175,-1.7782334693003536,0.8008208581070592,-0.3346433475791422,0.4966888192235656,-0.5376255900995326,-0.036244474081479995,0.8424043346093877,-0.26390278151395635,-0.9416475816459072,-0.2089381580506894,0.7918421505328067,1.0918264666196134,-0.49869401592752016
-1.187224816134569,0.22318175212517213,-3.1167676882439483,0.7918206949419369,-0.3469776435931005,0.5026196393976746,-0.5409554590795336,-0.016402361997204802,0.8408912853710417,-0.28352632744371276,-0.937729959725877,-0.2006871801555566,0.8523491576100412,0.628064787662261,-0.4974969855579816
-1.8174027827578894,-0.6458193579732419,-4.748653420957888,0.7858536576944802,-0.349489356782472,0.5101874343650397,-0.5434734722623986,0.003349875832399013,0.8394196586207391,-0.295077301118298,-0.936934345526774,-0.18730568207360943,0.8932206123600381,0.13333954527295463,-0.49048950820557924
-2.366867429310233,-1.5375477909383612,-6.6386169128081205,0.7826515188715868,-0.34292133781778394,0.5194820074624921,-0.5457451378384467,0.023339005510634486,0.8376261310080222,-0.29936406687124845,-0.9390741434471715,-0.1688813446632608,0.8630744758282082,-0.3336741711809257,-0.467879112925505
-2.8179308701180394,-2.3244710741815195,-8.586511141609277,0.7828412421058143,-0.32860222134762895,0.5283750275927419,-0.5475676779796995,0.03947904644758041,0.8358295537509479,-0.29551519028663487,-0.9436429330085595,-0.14902612956411557,0.7383644043376791,-0.7683563960269763,-0.40023243757286764
-3.15158997168271,-3.0058069884691614,-10.337778378100774,0.7867548637946988,-0.3054019448779445,0.5364200186049686,-0.5486321211259646,0.05227505146872967,0.8344280164656299,-0.2828773231706809,-0.9507875530625722,-0.12642566581624035,0.5606065515661545,-1.1683034802253387,-0.2720074961924514
-3.3067675376150003,-3.6763062683435166,-11.647331403567684,0.793607384722948,-0.2758862007726696,0.5422860159882661,-0.5487901694744077,0.06026420709727552,0.8337850893552766,-0.2627102373366018,-0.959299238802034,-0.10357751509081287,0.38072193062966597,-1.5573971484324265,-0.14156973735086978
-3.239200435499583,-4.362118480267757,-12.444098889670595,0.8031073706862054,-0.23716284723914852,0.546600708963052,-0.5483228822779519,0.06479758051961212,0.8337525354259517,-0.23315352864558853,-0.9693064827226875,-0.07800240144948208,0.21642149698573232,-1.9346723017333702,-0.03897435264583407
-3.18346007647198,-5.027758185915005,-12.891025846299037,0.8127840305499305,-0.19648370693676281,0.5484307363664065,-0.5472440327087316,0.06530422305880099,0.8344215524034422,-0.1997650829041312,-0.9783299603707727,-0.05444630651597057,0.04170308056120662,-2.2619455689156696,0.06100171575926999
-3.2941135725097954,-5.604228357865711,-13.080032996542236,0.8223299942900335,-0.155785610737428,0.5472697908510217,-0.5449452943979157,0.06113505316033338,0.8362398767032408,-0.16373150767192787,-0.9858972303248715,-0.03462144759000881,-0.2150008423668273,-2.4905293556181167,0.21583940641964583
-3.155776443342449,-5.917837598263761,-12.959275856538476,0.8363000634808889,-0.09596767158886375,0.5398077526598468,-0.537822942692413,0.04770878046347549,0.8417068103445288,-0.10653021231338468,-0.9942404529471243,-0.011714759407061258,-0.5376482501786367,-2.6847014893681225,0.46559035630172674
-2.720411269257805,-5.52189792199093,-11.737018609846917,0.8477731619147866,-0.04280646110374234,0.5286286719662301,-0.5277582238228123,0.030498995419919416,0.8488469051989088,-0.052458775475565406,-0.998617753780771,0.003264767902118538,-0.8551834526304853,-2.8214004878227628,0.7066245858078746
-1.722802969914943,-4.372241499838389,-8.649721659608916,0.8557906218651204,0.004631275192843176,0.5173016168714338,-0.5173219301222729,0.008932047199493611,0.8557442603648543,-0.0006573752938243768,-0.99994938363045,0.010039822449072493,-1.2076119770168994,-2.701355185823856,0.7311407922784222
0.9211005447923498,-1.4539006512315664,0.485614900200669,0.8635865103181725,0.10738607623916957,0.4926322866260771,-0.4901622223603778,-0.05014613197036446,0.8701875437048876,0.11814962956868252,-0.9929519606095598,0.00933107466571093,-1.4749548879498173,-2.486600069057923,0.6652294203319621
1.7404460909943915,-0.024272818142982655,4.487618535873974,0.8620360900732271,0.15434173025782397,0.48277573438635607,-0.47533728948786297,-0.08442285035647362,0.8757438230213328,0.1759211204875502,-0.984404090116814,0.0005888358814894502,-1.6576033965548884,-2.14460223992734,0.5058481599877628
2.1963643976917364,1.7146429148171878,7.766298991377877,0.858006510862238,0.1917753718816635,0.47649452678667675,-0.46156434222720594,-0.11913493837510362,0.8790706595278484,0.2253512487260174,-0.974181232214013,-0.013701879419072438,-1.7375349428113764,-1.770216683361363,0.3515986495545156
2.665992659934291,3.7898926337524443,10.588622192336878,0.8565218235325786,0.20704822199251513,0.4727593463720899,-0.44986507965906997,-0.14946239796501734,0.8805012218605291,0.25296595801760663,-0.9668464331858951,-0.034874040774616866,-1.5460239537666365,-0.7244481121652872,0.22379907897806856
3.2655400768483087,5.827440628020849,13.264470822543998,0.8572954845844305,0.20996324348923004,0.4700637068468805,-0.4422396469745253,-0.16710699643507385,0.881192003133423,0.26356886529898477,-0.9633227331096953,-0.05040600280795183,-1.2093942972098985,-0.15929893721891392,0.2028108451294456
4.123092828430636,7.5611852593777655,15.576291229805136,0.8607109287588528,0.2021194924177975,0.46725197474151553,-0.43577025717108964,-0.18202753406043023,0.8814591651397814,0.26321280379213297,-0.9622960498872752,-0.06859542471064282,-0.7824466054551726,0.4200806758453927,0.1271211284148221
5.349967489819084,8.523120392127499,17.27551856538547,0.8658020675826709,0.17894818649375915,0.46729468894924103,-0.4358721514907567,-0.18896809391820193,0.8799468887584861,0.24576868662299414,-0.9655405771025467,-0.08561043536913154,-0.30773159325217064,1.0722859274493197,-0.09607617803396407
7.437165209948849,6.966319809078436,16.740367269022318,0.8735755156886331,0.10172103990227037,0.475939752942051,-0.4568110884168338,-0.1659852253034153,0.8739408071948588,0.16789713484382893,-0.9808678478888875,-0.09853332983847662,0.7186507460671084,2.0881945161921576,-0.48975753162361013
7.337364256238416,5.450162725522814,14.12511490149423,0.8750262185106878,0.05296145762993606,0.48116961762418,-0.4701693758557831,-0.14355623313474516,0.8708228097239674,0.11519494314539083,-0.9882240089847432,-0.10071461234525517,1.1436124893283246,2.304877669495065,-0.552731786218835
6.542653195790466,4.360903386708488,11.075204244201295,0.8734975555050014,-0.0014255093898294217,0.4868264459227413,-0.48358812209660573,-0.11772713028005664,0.8673424069899385,0.05607627567756213,-0.9930449590622795,-0.10352371992510694,1.1436124893283246,2.304877669495065,-0.552731786218835
5.518505102619766,3.5553637061050445,8.269623508704072,0.869053773777001,-0.048760565300772704,0.49230879085742885,-0.49471616374307725,-0.08808265255556544,0.8645792986476761,0.0012064888257391302,-0.9949190186092167,-0.10067120141524455,1.4485669531348677,2.2764083008329745,-0.578990434571249
4.514814945037449,2.572153086071437,5.6614208663357894,0.8622207360367814,-0.09015667714041431,0.49844475713482156,-0.5040793410228201,-0.055987978861593325,0.86184068375599,-0.049793777745726374,-0.994352613407334,-0.09372011474500189,1.6308721101342067,2.114225516327083,-0.6066572015538381
3.3175717422883477,1.2597855798574542,3.093005504485791,0.8522414910596894,-0.12775307235993333,0.507310155052071,-0.5134935312743952,-0.018831700340040135,0.8578867992932714,-0.1000441615273451,-0.9916272079591719,-0.08164953263424049,1.720786506383062,1.7908445653882987,-0.6772386395680515
1.781622660832181,-0.20304914361262483,0.6140698831967759,0.8417359003456268,-0.15285776383442684,0.5177983952320409,-0.5217391042204583,0.016285840613731145,0.8529496342239304,-0.13881275588565725,-0.98811399920811,-0.06604349606423181,1.7495459399862123,1.326359412799448,-0.7561947333175554
0.14177122015645044,-1.5605107315838571,-1.7397195330405333,0.8318869540490784,-0.15577818685614953,0.5326323799608492,-0.5317661178172077,0.05072878486322739,0.8453705615455951,-0.15871008671336065,-0.9864885944024457,-0.040636947342616914,1.62968463464886,0.1805427761465927,-0.8976571517479894
-1.251361798115444,-2.61628350628093,-4.089626302442564,0.8235600263923257,-0.14644232636449772,0.5479995693224834,-0.5417847666351372,0.08302422105527611,0.836406746362243,-0.1679825871058734,-0.9857289808903463,-0.010964791931410409,1.5366213012174132,-0.42248139698663917,-0.9234447344385637
-2.253743950875427,-3.404007016401757,-6.566078274016836,0.816217321528555,-0.12376165470327763,0.5643335333487279,-0.5529308517733269,0.11585642650970221,0.8251331780952843,-0.16750151400502433,-0.9855254138080412,0.026132384975659464,1.3692425514888107,-0.9403705890905025,-0.8886522738416452
-2.933203889129709,-4.18004250982545,-9.111011073831964,0.8125205252117529,-0.10098778098345694,0.5741183364095387,-0.5605131101372313,0.1351630461249495,0.8170410052907453,-0.1601107412821072,-0.9856634410660996,0.05321777402176949,1.138255755348722,-1.348493910521869,-0.8140866690596757
-3.201292625669437,-4.851807062008149,-11.581736457330083,0.8094452282851375,-0.0660475209984916,0.5834690629128308,-0.5692591582240127,0.15545004165012669,0.8073284928262232,-0.14402233571398065,-0.9856333037803308,0.08823013824403697,0.9335055139397204,-1.6067425633613144,-0.6950248137946102
-3.1931012071832403,-5.436864265764268,-13.592988546920106,0.8078429192544206,-0.031173452577573466,0.5885728788050729,-0.575860920573252,0.17104576704263796,0.7994545301224587,-0.12559465739840617,-0.9847698012384373,0.12022653867506833,0.7746051717773582,-1.7020849701969376,-0.5424233828211117
-3.1709328911940733,-5.909453817123637,-14.964479085429499,0.8071456447539497,0.004606119533787357,0.5903343898313677,-0.5809223022076323,0.1842142344014006,0.7928394507349449,-0.10509608438241602,-0.9828753224630009,0.1513635145625852,0.6429752897723637,-1.690115071947793,-0.39544153170230806
-3.3125032482284937,-6.365192299292637,-15.748599265688014,0.80708448059342,0.035369008716835924,0.5893756649265728,-0.5842114176795511,0.19239940784899073,0.7884665416567819,-0.08550824894768573,-0.9806791019909354,0.17594555487466762,0.43467802875160555,-1.5635964584518587,-0.261195914354615
-3.4635430613959013,-6.796980138702709,-16.08648851835781,0.8074425464356019,0.06186415162040351,0.5866935835254045,-0.5863428031801441,0.19390346589999802,0.7865135491972266,-0.06510492580782712,-0.9790680633420015,0.1928395083464524,0.08342340620253917,-1.3202706119407124,-0.139383015788906
-3.5471953797175826,-7.056258429578335,-15.95756143941111,0.8081961105742592,0.08208585595872071,0.5831646072115197,-0.5872563189528298,0.18656734628278898,0.7876056380898813,-0.044148190252976074,-0.9790069139452098,0.1989884412343218,-0.38077893944917346,-1.0498684227406265,-0.03207226660537446
-3.63031703427919,-7.066724736353569,-15.329861040782957,0.8095922662197543,0.09884897104368094,0.5786097505234163,-0.5866664230856842,0.16911715438967384,0.791973418818452,-0.019567076966489266,-0.9806264676291101,0.19490731254686897,-0.8653856197321189,-0.8377399410927431,0.06925611251499547
-3.885661111216959,-6.8205676237872535,-14.117197001810684,0.8121589174215619,0.11294885482086829,0.5723988548619687,-0.5833595081207512,0.14129199927934386,0.7998301414830277,0.009464519943066347,-0.98350349624915,0.18064134556614406,-1.3627757938225837,-0.7113974578018445,0.20151495787348703
-4.177268587200479,-6.228881992399694,-11.962735250009114,0.8168177879680095,0.12596719495589886,0.5629751034051085,-0.5751353705135882,0.10163282484607448,0.8117204410990299,0.04503339697653752,-0.9868145898337495,0.15546368851922915,-1.8436913770647287,-0.6376730724323418,0.3889307648479987
-4.239073652477662,-5.118746937223139,-8.468978707197039,0.8204846746686674,0.1363046242260061,0.5551810047619251,-0.5661701577709439,0.05937875444235068,0.8221468943993514,0.07909646694686552,-0.9888858442385976,0.12589096862381005,-2.201514965206776,-0.5574077100729437,0.3836995509739734
-3.853016121357168,-3.749355083869676,-3.8837326902605773,0.8232633477411786,0.1470739088863355,0.5482761399066016,-0.5554337731489727,0.009328820768201847,0.8315084465888299,0.11717842767115359,-0.9890815125296653,0.08936989236061299,-2.4829228041729823,-0.5355510526581143,0.33215497790930226
-3.079907053365064,-2.3938280520392308,0.8838065429218849,0.8246378034978645,0.15603740687938067,0.5437139143856613,-0.5443148033875255,-0.042671007099674106,0.8377950703879189,0.15392819058060112,-0.9868290190339256,0.04974534487893249,-2.679358380790554,-0.4515963948225682,0.23684360170050212
-2.0740781150956704,-1.0391378964021296,5.234829808261409,0.8248497792271434,0.16277353788234572,0.541412612592466,-0.5323961583421973,-0.09854365623808026,0.8407398399015595,0.19020297655768656,-0.9817300663525068,0.005376293156113071,-2.803781179872729,-0.32673765422310336,0.12373894326504131
-0.9358294777524784,0.6586349975038306,8.956190023117411,0.8251949965126794,0.16592273016914472,0.5399285742981739,-0.5194431353624154,-0.15257491808479243,0.8407732890002401,0.2218829575593937,-0.9742641027897095,-0.03971663580994998,-2.7514680148724664,-0.1478710244753627,0.09044295504003291
0.38272440387830375,2.8569566637592567,11.994941947402745,0.8266591031216723,0.16504877654312505,0.5379531843828906,-0.5054822881627274,-0.202221393888846,0.8388052003936459,0.24722941487583353,-0.9653317612174953,-0.08373892287869023,-2.484324919699585,0.06328088310148366,0.1086487851061782
3.8871484190455172,7.318781874451841,16.22769763811803,0.8366757150801132,0.14257524055926477,0.5288157037897527,-0.48605005264164164,-0.25174530822420693,0.8368868777284988,0.25244622025738483,-0.9572338275293912,-0.14133048259732636,-1.4424191732025309,0.6882304644855562,0.20592998629281745
5.976768296254129,8.982545378495368,17.654034497304277,0.8425131351454618,0.12507822471287577,0.5239532944929755,-0.48067731669441793,-0.26447928052237824,0.8360622150233906,0.24314796795947213,-0.9562458616260997,-0.1627050023820383,-0.7789328022202155,1.0807991594181805,0.1354975629753063
9.429865700811959,7.804392232305554,17.285652530536353,0.8539064154563195,0.04168479944699948,0.5187544805952092,-0.49403652181473107,-0.24845980523035005,0.833184037471973,0.16362074671551746,-0.9677448541221809,-0.1915676083378832,0.41352966955601783,1.959037517788905,-0.2698412475722495
9.853380801304,5.833469433345295,15.117357017759772,0.8561489624134014,-0.009952558688642818,0.5166332361879242,-0.5048728134483499,-0.2290586718865562,0.8322472992292096,0.1100563328446161,-0.9733617371815667,-0.20113312057361174,0.9276136100105752,2.342922334312179,-0.4351466006372352
9.192207033825486,4.064230331056319,12.269655445454317,0.8545441510799687,-0.06037695403043441,0.5158574582934948,-0.5166415525971675,-0.20065135112777543,0.832358421246872,0.05325222985946232,-0.9778004186502511,-0.20265868178390495,1.4464848351442354,2.480884601300221,-0.554858141080698
8.026387513106833,2.791896358683819,9.220992558990627,0.8485931727132854,-0.11339875288085206,0.5167497944551793,-0.5289083225542588,-0.15956608430158356,0.8335434308261922,-0.012067044262855983,-0.9806525315246625,-0.19538423390087262,1.9522046432737736,2.4747703273028696,-0.6426122528936479
6.736824877575428,1.7987290536685347,6.1856047635204,0.8383907519690291,-0.16083086641152058,0.5208016699494423,-0.5400205675262144,-0.11533773846251966,0.8337115764669552,-0.07401846838102298,-0.9802196888941135,-0.18355006903528104,2.2251441962948473,2.394115824165513,-0.7958793448001447
5.353773475429269,0.8121837459848562,3.0017279637821614,0.8232165429209443,-0.20791667412119025,0.5282851314240012,-0.5513207869503639,-0.0706835433514567,0.8312937065656837,-0.1354987576980754,-0.9755893056617969,-0.17281664659578572,2.120123195919365,2.3343242238912554,-0.9523307253437618
3.61096545132584,-0.10655717582709075,-0.34168123999089073,0.8046362211703709,-0.2542741924061949,0.5365679702114596,-0.5615757660978672,-0.03238413178698009,0.8267913442580274,-0.1928554134896421,-0.9665898318752285,-0.1688516698263842,1.7558387827705286,2.357980335344276,-0.9903835555130489
1.5913284826545524,-0.8983168967471964,-3.360971583392173,0.7830601775626171,-0.3004698870231715,0.5445499107592321,-0.5713485059258593,-0.0016138146375504188,0.8207059646296003,-0.24571862585463922,-0.9537899363039011,-0.17293673500303405,1.282488913344847,2.3216966961003576,-0.9526544498198632
-0.5306389342834843,-1.6237765053439843,-5.72209076536183,0.7605255801298048,-0.34170020683130725,0.5521248143487743,-0.581046237872265,0.021371501183522906,0.8135899018496043,-0.28980357386118016,-0.9395659783051993,-0.18229004632366222,0.8708376728715913,2.127106007405038,-0.9130572244957527
-1.955643988625091,-1.9794442556037526,-7.317777430967782,0.7393980338190466,-0.3741307825610517,0.5597470009966874,-0.5903206774659163,0.03952214536247696,0.8062006560293334,-0.32374688468108964,-0.9265334087695942,-0.19163454044896738,0.6067480226383326,1.6860573322037526,-0.8383487980058191
-3.1371081134851826,-2.2097462937732,-8.755970958289817,0.7242304833652229,-0.39320300127710883,0.5664641266234359,-0.5979164118327254,0.05111987116512363,0.799926698662533,-0.343491151888452,-0.9180294976517568,-0.1980799586419819,0.37555632718692056,1.1549165890373199,-0.7328055792120618
-3.8984281236155915,-2.326293862388077,-10.211134163797844,0.7119451390677083,-0.40566628821407613,0.573209369745888,-0.6057882189049738,0.05806748990255972,0.7935041275584863,-0.35518270339897223,-0.9121748896034312,-0.20440699103300622,0.10570470056697875,0.654647342999303,-0.5518408928854427
-4.2294679889633064,-2.596299059028307,-11.578485562841086,0.7079671151686948,-0.40872117041287903,0.5759596936384046,-0.6099724550692017,0.057185795469835266,0.7903564947878469,-0.3559721448323844,-0.9108659559193164,-0.20882299310809496,-0.21321927748293534,0.2631547208946196,-0.32036590390741726
-4.301631182746121,-3.0796092484279947,-12.47413278202474,0.707498276984055,-0.4067765927165219,0.5779091552160536,-0.6153853206173062,0.04747613944306668,0.7867953503626701,-0.3474868274241915,-0.9122931654909626,-0.21673505707464769,-0.561569549825663,-0.09865566214519281,-0.0939617276155828
-4.245980093382495,-3.5949114511388838,-12.700590029116146,0.7124278411809255,-0.39693867008984846,0.5786935832524763,-0.6192520067842472,0.03231815253407996,0.7845269205772775,-0.33011137999767576,-0.917275983117452,-0.2227807163825983,-0.8016874993060974,-0.5545179190314603,0.10404470068836238
-4.080559799783321,-4.061649469065591,-12.243925518290489,0.7227161097071144,-0.3754947336084761,0.5802457494907791,-0.6212262040899345,0.015033137127265785,0.7834870823058432,-0.302918187175723,-0.9267026005253325,-0.2224024776340435,-0.8084623900544041,-1.1252459062619649,0.22418186660688033
-3.8304228682208117,-4.468351237242238,-11.20960942986163,0.7358217690673674,-0.3426064067381363,0.5841122959059798,-0.6219768885489916,-0.0008279714761362774,0.7830351617738178,-0.2677892348050726,-0.9394786663491721,-0.21370250629624404,-0.7556220060455735,-1.7635131935191979,0.24421686642140927
-3.2131607464985343,-4.220315895113937,-8.56968498456561,0.7643690699115802,-0.2555985183563994,0.591953817773415,-0.6188467166384637,-0.03307091051999552,0.7848153006811033,-0.181021176297968,-0.9662172179646735,-0.18345468497781175,-0.7554138864188749,-2.3138206572738165,0.3320079347232887
-2.2705606280618977,-3.3688124737280227,-6.508882774461454,0.7795609349607105,-0.20126599147974158,0.5931077046851285,-0.6131433336816756,-0.05196699679453502,0.7882605429715973,-0.12782801353735213,-0.9781571611545024,-0.16391634158088425,-0.8157307389819701,-2.6738582869236147,0.5196628222681076
0.9456240203233401,-1.0588118533933535,0.49000397392681283,0.8057968795366292,-0.09157754432268991,0.5850683227665459,-0.5919841456130388,-0.09839078105072477,0.7999212620921062,-0.015689495588864188,-0.9909252280470287,-0.1334954386790533,-1.0752255254153813,-2.7525353360119453,0.7709302005522194
2.4280608989226313,0.1045180766298725,3.7628246715516434,0.8139796167527483,-0.04654020857235825,0.5790260723811083,-0.5798657731732219,-0.12436474763100044,0.8051640172343137,0.03453793006640285,-0.9911444993202154,-0.12821744364168736,-1.274762350116871,-2.2166312169308733,0.742482965948924
