0.48184695764528557,-0.8957001197659461,-0.4261474817000025,0.9999975593574929,-0.0020455305185942104,0.0008349155375755252,0.0020422817416583154,0.9999904120150681,0.0038736240424310678,-0.0008428311486142442,-0.0038719094555413652,0.9999921489455921,-0.21229616,0.045985106,0.11204223000000002
0.3783933511100871,-1.0078738433561576,-0.45310608420946336,0.9999852264584481,-0.005283427336352244,0.0012775994785907592,0.00527205197600842,0.9999478296192489,0.00874891465930062,-0.0013237570806138809,-0.00874204983599072,0.9999609113519672,-0.231434520522049,0.021999266606593394,0.1536761279087135
0.24604829601287634,-1.2336749217851362,-0.46029506838061635,0.999954620759782,-0.009419008160579646,0.0014278327742889181,0.009399607708376553,0.9998708696076172,0.013034242787213376,-0.0015504180368622693,-0.0130202302352274,0.99991403120895,-0.2000906585260997,0.009128868582908576,0.19325705218572878
0.13141771002972147,-1.4449574111678636,-0.4128961750148435,0.9999070186005236,-0.013543621757644566,0.0015888559084213207,0.013517062091335429,0.9997856841507846,0.015680395389357407,-0.0018008847355818328,-0.01565746074028145,0.9998757926549358,-0.14356794983066473,0.011975512684625475,0.22415263941569427
0.02650457036810363,-1.5037825650284633,-0.33036132676179264,0.9998214523400473,-0.01880865737792825,0.001815997873953047,0.01877197142022235,0.9996534075423962,0.01845746130632191,-0.002162528528563883,-0.018420075909607973,0.9998279973444671,-0.1275327948695407,0.014602273019406538,0.24235484407186406
-0.07388818861690313,-1.3942374811883964,-0.236529354140955,0.9997134918728018,-0.02385769795324464,0.0019350493175383438,0.023808314734222843,0.9994645705997797,0.02244406971371818,-0.002469477071314257,-0.022391569042159606,0.9997462274591613,-0.19871975886242574,0.011105368168747132,0.2521084610811279
-0.1513526391983241,-1.2226004009631466,-0.184171392263066,0.9995806698745396,-0.028872501163194456,0.002205241426237778,0.02879810857946575,0.9991797091637025,0.028470646950578434,-0.003025451274101394,-0.02839520156858399,0.9995921964343601,-0.30091554030978396,0.019891194496608474,0.2504093940831286
-0.2015007543391443,-1.1588977197738577,-0.20402602786555124,0.9994213411827693,-0.033910263901883356,0.0026602237761629835,0.03379475894707586,0.9987993394113696,0.03546538959494359,-0.0038596704708655973,-0.035354965613287256,0.9993673645613712,-0.34871902673950156,0.03074232743458516,0.2507369871304439
-0.24598034457877194,-1.289952235481496,-0.2740546122615154,0.999233800116002,-0.03898993971024708,0.003405481922540403,0.03882171784415582,0.9984361189617096,0.04022673956844969,-0.004968594304449143,-0.0400637111869385,0.9991847737613742,-0.23395279272691094,0.046160809016137866,0.24882163909272478
-0.2982020672047069,-1.4762218750006906,-0.3877961502854065,0.9990244001285349,-0.04391455758764859,0.004664716465343582,0.04369357718196702,0.99824451381823,0.03998452131574999,-0.006412430183981839,-0.039741694272983276,0.9991894107102264,0.012488989227923462,0.06937381939795993,0.2322731415666966
-0.3300311388152006,-1.5844441138865075,-0.5932525586623109,0.9988138361926413,-0.04818959285417317,0.006977375630451806,0.04793280971871166,0.9982986426663174,0.03320038859800272,-0.008565417830391116,-0.0328265622802271,0.999424359532153,0.32997969482073386,0.11952005372006469,0.20306269659572443
-0.3614903547575937,-1.5461111908521679,-0.9298702575247122,0.9986173723418975,-0.05154074639815204,0.010339009511808906,0.051324868419322704,0.9984785300861339,0.020158939425803536,-0.011362285804498511,-0.019600418815815684,0.9997433280815344,0.6735148051389412,0.17772345505822998,0.16823356849103613
-0.3881862720269913,-1.5126956613476055,-1.41408233503768,0.9984222723419584,-0.05409660935300242,0.015050679321178545,0.054134032764185165,0.998531490926066,-0.002090006137399212,-0.01491551501646621,0.002901462644406702,0.9998845477985535,1.0713460146209048,0.22764844144881727,0.12115240864400421
-0.38683759285373787,-1.6386891667006267,-1.9849898484766029,0.9982592183504704,-0.05495897130919891,0.021401973061900312,0.05566352922843413,0.9978756927849879,-0.033847795537023946,-0.019496268672310448,0.034980183268753344,0.9991978193963108,1.6074136966548094,0.3203933301492974,0.04976151601814384
-0.39519808226037123,-1.7561670800536064,-2.5284468063987724,0.9980778200750566,-0.05345098909166725,0.031363304024689294,0.05586033148955034,0.9950841796310061,-0.08177468320920395,-0.026838189955736027,0.08336946211419735,0.996157238766396,2.3193008226305256,0.48486437741167887,-0.04430649022564132
-0.7978557882948101,-1.0312987557402948,-2.948237191716131,0.9974506189956382,-0.04551298955080339,0.0549620819053111,0.05541415266012466,0.9792916665642913,-0.19472314572924812,-0.04496147629002031,0.1972723994376357,0.9793171427428099,3.032212620397203,0.6515697158199997,-0.12097825974779347
-1.106506175350126,-0.356904277125745,-2.751142712654505,0.9968467336247867,-0.03768826125140068,0.06982968298251888,0.055032618494689246,0.9623395329003529,-0.266221776567488,-0.05716642863788937,0.26922521869427035,0.9613791037128967,3.6636077317357354,0.8136795175111851,-0.20670671850836658
-1.3453707482333084,0.23441916660700945,-2.2538052297112827,0.9957013848807803,-0.02393147921476574,0.08947645751307422,0.05449690631575877,0.9324984124090512,-0.35703893072970555,-0.07489218482930746,0.3603803479064769,0.9297941522155863,4.082440911540911,0.9852652804872204,-0.29356362146444015
-1.4875756251511463,0.5408662190039562,-1.427837705787143,0.9941969850375941,-0.008632108868853176,0.10722798906364713,0.05455734787429907,0.899534072454366,-0.4334304422702532,-0.09271381091876268,0.43676531362980375,0.8947850077391666,4.277488583480271,1.157663481060343,-0.3571549609002294
-1.6120538861910387,0.4951245413338914,-0.3512640476697303,0.9920790711412834,0.007615727890692052,0.12538387971403164,0.055941464210336744,0.8669280240717048,-0.49528411408113465,-0.11247074813235412,0.49837516166822127,0.8596351138981726,3.823691291908022,1.3034084846536704,-0.31858075359297117
-1.7504617604341135,0.10223058263786872,0.7752285730787473,0.9889383163037342,0.026549537920256702,0.1459319313329182,0.059741057753937704,0.8292270686056564,-0.5557098835814529,-0.13576454826196488,0.5582809245602899,0.8184683235821248,3.264321566034527,1.2688932142223288,-0.2331588343396428
-1.8868697774614456,-0.4051170932106185,1.8072383624425434,0.986182494307065,0.039242864546052185,0.16094746193871912,0.06434223354366862,0.8045330131320262,-0.5904123201317163,-0.1526570172147591,0.5926100137214393,0.7908914000873759,2.541903613943752,1.1750584044192556,-0.0946210773127546
-2.013400804820939,-0.750315222206617,2.79873623891455,0.9827796130876273,0.0499838328368572,0.17789280073760744,0.07147533811223013,0.784949660084327,-0.6154228685832558,-0.17039808725767847,0.6175399967519819,0.7678599118787801,1.574157349920642,0.9812642402006082,0.09259813237206499
-2.1485367138113727,-0.8199634572358445,3.7007821182031955,0.9798752069499068,0.05243840814789621,0.1926000834781527,0.07967441027605981,0.7819352135643611,-0.6182469653263334,-0.18302067411098363,0.6211501711655344,0.7620209299677991,0.2668551046216028,0.6473241192264507,0.3590707369142274
-2.2708710941848484,-0.6919653897461004,4.3845854816552725,0.977885367928265,0.04467596337326787,0.20431413433356,0.0881012911749053,0.7980132953376399,-0.5961651977075453,-0.1896796501607808,0.6009815627463393,0.7764295148652275,-1.3148132351292312,0.2416118162185776,0.6986510607138925
-2.3765986741569405,-0.26232368146275586,4.9033188941676,0.9764007075958491,0.022347581759015953,0.2148074574958911,0.09860084968693889,0.8387908032534799,-0.5354510816296825,-0.1921445566424892,0.5439950128143707,0.816792443271701,-3.142993232743943,-0.1866795156889126,1.097901644470142
-2.5837273401561287,0.6624439425134567,5.229459970518848,0.9757558784625477,-0.005829412937302511,0.218784102691644,0.1075420755281303,0.8834123993343425,-0.4560890644308888,-0.19061785760228084,0.4685600822169427,0.8626217489235762,-4.968543004982314,-0.6132723373485224,1.4931202094713003
-3.08421340561497,2.211360684058794,4.782129667228835,0.975305462209539,-0.049397778080242906,0.21526521991481148,0.11923261269955046,0.9381962996190031,-0.3249173547997243,-0.18591083737393083,0.3425603054966323,0.920917801785251,-6.721544975008673,-1.0167689368727437,1.8820998252409724
-3.7883872475775604,3.3926225184198193,2.8706218176283094,0.9746684997641262,-0.09747353133918563,0.20129636423893985,0.13153633531061826,0.9777449834823282,-0.1634409366352122,-0.18088534506863685,0.18577851857362754,0.9657985473047624,-8.05683389852309,-1.292986915163261,2.144397218610494
-4.219439948798063,2.866060570065186,-0.08887729793565599,0.9736358341808095,-0.14773833528783736,0.17380059460605238,0.14620611262304437,0.9890170332772147,0.02165826676342708,-0.17509150473594248,0.004323444681804817,0.9845426719017251,-8.753503286759054,-1.5361839916039484,2.3293764955690466
-3.89943176052115,0.6761819995819043,-2.4246750512860653,0.9719343419775741,-0.18833664637738842,0.1409714244658763,0.16169391135122477,0.970064323051167,0.18119130270304068,-0.17087631174788998,-0.15331182855409795,0.9732917185041892,-8.747498384244693,-1.6274035252897547,2.448546953808734
-2.9329442711526297,-1.7827689471161874,-3.4420074310441104,0.9682496998840104,-0.23187030671119097,0.09342740251222714,0.1833881123513841,0.9128162930623294,0.36487698662445844,-0.16988619403212168,-0.3361585578051036,0.926356359664937,-8.286777031923304,-1.5192193805378988,2.4486413022556177
-1.8455487836411173,-3.1019996905120837,-3.7537479555567983,0.9649100031828814,-0.2552688763863083,0.06153443349932708,0.19754414526722677,0.8600909143534513,0.47034022761963135,-0.17298842859640165,-0.441680223459368,0.8803371989054146,-7.504285899057028,-1.2670151291782532,2.2970961222416237
-0.7981587952216149,-4.06435969864319,-3.886349991504217,0.9598958949150902,-0.2795506454502945,0.0212440004114478,0.2137023487101687,0.778626253542343,0.5899766634794753,-0.18146949352691613,-0.5617762845857237,0.8071407739645827,-6.169761317230556,-0.929034700767846,1.877632073440449
0.09738835398819531,-4.99610953095915,-4.181415355522356,0.9564355479789661,-0.2919278290966087,-0.0030307030728694805,0.22173192587313387,0.7196232831383075,0.6580100937020922,-0.1899104936825921,-0.6300162481747482,0.7530030089083638,-4.165048693849857,-0.5242561461764518,1.208738078369522
0.9416038529034809,-6.000719095183429,-4.586783151181773,0.9547598444117323,-0.2972551997516796,-0.008543167999833502,0.22309652114079723,0.6969816395595733,0.6815016774533461,-0.19662548602294222,-0.6525763865919756,0.7317666826993446,-1.539918094336979,-0.01710577374303668,0.3808051679617177
1.7881868239863232,-6.668797758746885,-5.168482367104264,0.9548004718316221,-0.297110668759479,0.00901717801791556,0.2168626529993631,0.7170193127813432,0.6624604854877381,-0.20328956865562386,-0.6305620949659652,0.7490425860176073,1.3086374878355962,0.6567263065770361,-0.6063518203832106
2.436778706486103,-6.34593672104347,-5.977482117105548,0.9553917148112954,-0.2910406123554194,0.05021984896148888,0.20528535918472787,0.7766482365932156,0.5955463356457222,-0.21233132735027518,-0.558670635129888,0.8017496672086861,4.146296230232963,1.377429985906529,-1.4925683789970123
2.7171405762768774,-4.73582394922866,-6.587242719555202,0.9549922539380307,-0.2772491562509403,0.10546421325028407,0.19475109923519132,0.8542068913775063,0.4820815242983942,-0.22374495360799657,-0.43984485001113766,0.8697555424679032,6.683429852773895,2.004835856462821,-2.0842833168319066
2.7246914793982326,-2.142196341563128,-6.7162848546107865,0.9533329206124947,-0.24752487264915696,0.1728808257050769,0.18377841615818136,0.9300461370804326,0.3181818295505837,-0.2395450609610664,-0.2715614485190875,0.9321333292224752,8.508301209171828,2.4991104309844943,-2.6290995083427786
2.6083310431055797,0.7908097071463835,-6.377317133430995,0.9503953818063035,-0.20350699326547342,0.23523078440819967,0.17480695986960407,0.9749918190205137,0.13723512532955107,-0.25727639810600034,-0.08930765104467511,0.9622021609009651,9.35741689071257,2.73664014685622,-2.934884282662933
2.3301620110935266,3.5443482441747394,-5.5474571740227185,0.9459309326770117,-0.1397707729368164,0.29270941501332615,0.16772289398300824,0.9831607177347025,-0.07255366246682945,-0.27763951706982104,0.11772482378848942,0.9534448932293923,9.426812094991062,2.7083934702832035,-3.0089673860205575
2.1519597396727566,5.249733035663819,-4.398858205987422,0.9412828097253648,-0.07259118190945316,0.32972290248709035,0.16427631215423155,0.9516820785961635,-0.25945040864082836,-0.29495756538954593,0.2983818720832014,0.9077269925652742,9.176082403462853,2.5435287543894622,-2.9690435239763446
2.1806129252905677,6.106820357869347,-2.949013386878653,0.9365461902996778,-0.0071197501992343315,0.3504718855946368,0.1652012590895152,0.8907710175276763,-0.4233621833937804,-0.3091759651564118,0.4543966367501089,0.8354243945922291,8.317522689780075,2.2116575295053034,-2.626967472052268
2.540878030275673,6.300633808708854,-1.452220436984729,0.932218964471989,0.046393338349243654,0.3589087076619695,0.17102217698074124,0.8175434963442595,-0.5498854849566168,-0.3189345030872965,0.573995025886129,0.7541952618509631,7.050197114953051,1.791246240055777,-2.057797787129098
3.0022336908323837,6.091548919723409,-0.20398196304470861,0.9290359427135129,0.08173429382084481,0.3608486141860909,0.18135978776112305,0.7494893748700738,-0.636690116414656,-0.3224916193169291,0.6569514306023507,0.6814792537560267,5.294331635940922,1.1899676364305356,-1.2792808087659608
3.1918130172461523,5.692048150314214,0.636139885782431,0.9290033196756063,0.09208871869268292,0.35843060684216566,0.1922462782982797,0.7075108509636637,-0.6800512953072987,-0.3162185960884714,0.7006768610837766,0.6395762158098312,3.079108253072858,0.2764476454045821,-0.46374685769706153
3.020803646262272,5.379343776227943,1.0935848403550472,0.9320640533675177,0.07755753383322816,0.35389465857204,0.2019902862853412,0.6996656413228699,-0.6853232190715742,-0.3007599120003848,0.7102484208345461,0.636467325190819,0.5849358770738291,-0.6923222339656423,0.3205745329017359
2.649388775367427,5.447700082917645,1.277386370803415,0.9368854299321223,0.03947848925508052,0.347400547016033,0.2103070757496304,0.7301315968468439,-0.6501375125121753,-0.2793145629403199,0.6821651560817337,0.6757470493886331,-2.107787191520079,-1.61894023848587,1.1017223744387077
1.9980918350573975,6.130078861020736,1.246917819664076,0.9432561355661558,-0.021979627899853915,0.33133783163741815,0.21868872789611138,0.7919867967926618,-0.5700282045629685,-0.24988618010602917,0.6101424503044226,0.7518531022271133,-4.726428907855567,-2.631894562573342,1.772788952611029
0.9680699984384317,7.248091778065277,0.3776700498020733,0.9495661451798263,-0.10244376114862182,0.2963602735355222,0.22997110362327133,0.870012754710814,-0.43610904386265326,-0.21316056724127044,0.48226868283377783,0.8496937625586966,-7.026538163134264,-3.5036047711785447,2.2835972566868383
-0.08393569844712645,7.903235554174936,-1.9497425600965634,0.9532181472578632,-0.18461225624041444,0.23936056188125526,0.2460416393056778,0.93385700755849,-0.259566178770808,-0.17560944013936614,0.3063158570491049,0.9355917487099875,-8.704754313678444,-4.069830326389697,2.58831470118542
-0.6745740759109347,6.944203353675371,-5.186668812346549,0.9534909690921914,-0.252047855779397,0.16530834902279476,0.26543384105018053,0.9619853149548431,-0.06425830558442311,-0.14282803606078717,0.1051481441026979,0.9841463406967373,-9.932571975585285,-4.439434574910246,2.708859974432347
-0.23717780473179517,3.458223670246957,-7.875748396034407,0.9502024080165931,-0.3026252918860965,0.07438626560275091,0.2902227518083807,0.9462888014082095,0.14250704776321607,-0.11351712704362898,-0.11382195324396419,0.9869946427552134,-10.306582953064076,-4.5694775694555805,2.708157024829651
0.9819070522275738,-1.0985517751433678,-8.215946807650031,0.9437194269548685,-0.3302153160116718,-0.018748020143106503,0.3178794681116408,0.8898889133406173,0.32718552178621507,-0.09135801519864165,-0.31473094379925365,0.9447741243674055,-9.92880941937347,-4.412263792852225,2.6021099106385686
2.258654968633279,-4.582722148147118,-6.538860304711466,0.9335223544820425,-0.3376814319215645,-0.12044610503335484,0.3505990988909262,0.7896153236747947,0.5035751309137713,-0.07494188107577074,-0.5123269377588426,0.8555143618358922,-8.900795590454125,-3.947810402051683,2.339700732986208
2.8688294965632437,-6.226192030619977,-4.9225803445522205,0.9244348166650455,-0.3303721019180262,-0.1904587724724945,0.37504530502318356,0.6972864593506699,0.6108458175237641,-0.06900209357354045,-0.6361178097494785,0.7685003859478514,-7.196349514648124,-3.141140361604146,1.9178912388966283
3.508661793010906,-9.41895268381234,-2.658549120423648,0.9098670620088193,-0.3049264500515687,-0.2813570499034774,0.4091930588972472,0.547412231605271,0.7300006090677275,-0.06857820369296697,-0.779332861329411,0.6228461457136591,-4.851739175641648,-2.086198040657494,1.3211715680014997
3.5292663861904456,-11.212934118965013,-1.5696448673419088,0.9059391463331469,-0.2981336558395232,-0.30065027257085647,0.41781319439350234,0.5144184834444034,0.7488696538660513,-0.06860319039131768,-0.804045985716316,0.590596016852139,-1.9279694473060598,-0.876656558018942,0.6404647890080468
3.0557799782611164,-12.34472817413131,-1.2750910783984848,0.9058359720279813,-0.30778852486745323,-0.29107974120512037,0.4185303395540175,0.5439375925638921,0.7272992852111146,-0.06552516045704813,-0.7806395578983402,0.6215370737062783,1.5715516408518047,0.5792533053125214,-0.08228151169710249
2.0819990268901067,-11.992605900689904,-1.970196228285162,0.9094107200866824,-0.33186243460029397,-0.2506780139792632,0.41133006113858367,0.6285842217551443,0.6600677669483724,-0.06147945181238592,-0.7033841060627165,0.7081462252552104,5.241086274770045,2.1785353371813554,-0.7537621436670325
0.6497378401223275,-9.876150347982946,-2.62471447808934,0.9130120215198653,-0.3540186393578957,-0.2026816507417317,0.40311333456244297,0.7068368991057064,0.5812755263733194,-0.06251950142281563,-0.6124152194792476,0.788060220346154,9.290868406361989,4.24821945422168,-1.3915105288460712
-1.614183697625769,-5.864992779812103,-4.220442096860506,0.9206701795254988,-0.3821466146357084,-0.07956371946404546,0.3841362782412316,0.8508135600279738,0.35854651833688544,-0.06932344676558916,-0.3606663984834105,0.9301150513423301,9.290868406361989,4.24821945422168,-1.391510528846071
-3.4626353913687606,-1.8637399952604095,-4.4918790183369275,0.9255288889670804,-0.37864429949740097,-0.0049769614710756666,0.3712070915133405,0.9045955630744518,0.20955229055351363,-0.0748436430003834,-0.19579418204875204,0.9777847755913834,9.246578938911304,4.134503787945073,-1.5451137506554975
-4.757504273193275,1.1999284774312573,-4.276351595556904,0.9305150386574884,-0.3578694354523948,0.07791809803400769,0.3569779398752213,0.9337629493764611,0.025563740223559367,-0.08190551431189606,0.00402759739282027,0.9966319607480716,8.514405549313766,3.6902630360518756,-1.4238735438885621
-5.371271960695652,2.614892276882621,-3.519327555767002,0.934263980198846,-0.330733406096125,0.13329001986295103,0.34608371156028156,0.9310622176373451,-0.11553878777662199,-0.08588876466494536,0.15407323252365027,0.9843193379813502,7.202309013535781,2.935404282889044,-1.2497153225870072
-5.604847293944781,3.3741895142730614,-1.9987446498387107,0.9378575694916916,-0.3032943789235461,0.1686288796752125,0.33622905481268744,0.9144338986561862,-0.22530128203855662,-0.08586735146086667,0.2679984416033617,0.9595851360099665,4.960481879493548,1.8068613729441272,-0.9310119390893248
-5.6444468027468115,4.280164080844632,-0.11483532555593357,0.9396899375432433,-0.2943989945444737,0.17410357058710346,0.3318876153477453,0.9078840693422996,-0.25611936165244564,-0.08266457559779128,0.2984556058204833,0.9508369046769093,1.9855462217980475,0.4875740985553623,-0.47504979842362316
-5.611043365620562,5.711338312624298,1.2980976245387916,0.9409943051854649,-0.3010048381588662,0.15467968519970166,0.3299229556711564,0.9177249058076161,-0.22120542620291428,-0.07536949601617662,0.25918542525643534,0.9628823159685242,-1.6713959325050374,-0.9451442971093906,0.044307656824803074
-5.578589441727052,7.065288127108882,1.3272071608651355,0.9412292512875292,-0.3167409420493657,0.11731441578253415,0.3308418624715801,0.9345113550597655,-0.13127143368113203,-0.06805261609264807,0.16236903305139122,0.9843805862312115,-5.453327249448102,-2.3789960675769772,0.47387871353022404
-5.490422895988766,7.0817672595037,-0.8409894757543757,0.9409380068258206,-0.33603976377127387,0.0413877333904389,0.3340400781230345,0.9413108045294879,0.048489127478312605,-0.055252995558693285,-0.03180010126708899,0.9979658611601875,-8.345332334499314,-3.5780907302494827,0.7041594653808553
-4.890741910994489,5.030859525761568,-3.4930579333580596,0.9398682822368781,-0.34005756490256417,-0.03175633161494148,0.33852756005689144,0.9152342578692944,0.21850708067331054,-0.04524050316948188,-0.21611826802698275,0.9753185075133098,-9.828447059814884,-4.122112279165959,0.797421119609141
-3.682132514407944,1.1703615076382703,-5.578891001527488,0.938055881044223,-0.323173809458903,-0.12493939698176537,0.34473321953606445,0.8343217693732979,0.430193203686567,-0.03478751768445826,-0.4466160252718574,0.8940491902483454,-10.097182603424251,-4.1670858099021535,0.7231780599593625
-2.255588260386249,-3.2052223148789385,-5.491385222602707,0.9337564563191042,-0.28037465945107193,-0.2224610766405762,0.35714255870067924,0.6892525761588881,0.6303808999510305,-0.023410959978633447,-0.6680725533922446,0.7437277662941234,-9.947496935894614,-4.215803446896322,0.8391660106265078
-1.2966897323057387,-5.83760119149467,-4.178874472673386,0.9305201129317192,-0.24854650004703885,-0.2689924845491188,0.3656626209919443,0.5892397340338472,0.7204771914814694,-0.020571024253612923,-0.7687790145094296,0.6391835885026057,-9.580264639791766,-3.9311247329175285,0.876217535797722
-0.4331400547555402,-7.400113648048598,-2.242728374553372,0.9253840381966836,-0.19904954776777223,-0.32255799383094597,0.3782769220399761,0.43135383754408285,0.8190484949549434,-0.023894604051156784,-0.8799506488260802,0.4744638063412212,-8.65344827832593,-3.3026586797010835,0.837658909427019
0.2095741195951309,-8.340066992874737,-0.4991864582275627,0.92142367313263,-0.1609383763390469,-0.35366262682410177,0.38713619698504115,0.3024174449645351,0.8710162191171212,-0.03322618808609421,-0.9394905683414149,0.34095966392345256,-6.844809613911144,-2.3391500762690596,0.6842108668463764
0.7816676921438463,-9.486941556488821,1.2420691775841646,0.919332358378138,-0.1419538001900274,-0.3669838326827228,0.390726230026904,0.21915227095443957,0.8940387549231175,-0.0464868584425142,-0.965308966469867,0.25693884728671135,-4.30870848578532,-1.1006941011790385,0.38152953817009894
1.2427314344968228,-10.886588916785973,2.9107193579416264,0.9188893509252023,-0.14824224202890862,-0.365604428904387,0.38964947592642574,0.195921179061383,0.8998823131418144,-0.06177092088129179,-0.969349848750925,0.23779239697693708,-1.164189483151225,0.31310262982835035,0.011686034249245192
1.3492975761383295,-12.239252682129923,3.560803074138294,0.9202157315936528,-0.17990543225151612,-0.3476162291578941,0.38385157452437046,0.2410844500015913,0.8913676327434126,-0.07655701184555615,-0.9536835551763628,0.2909066869692995,2.308102716436612,1.7897956131428463,-0.4947646872073482
-0.3710940045431881,-12.465113940534831,0.05701179268448797,0.924351521173659,-0.27852482046581295,-0.26076462507101933,0.3658494543177897,0.4530295481242279,0.8129688833539306,-0.1082979320177382,-0.8468696197826712,0.520656705526623,5.760075298167411,3.2232626944502227,-1.0775712518455551
-2.10483102731392,-10.146556420956621,-3.539554953827748,0.9239070564319675,-0.34888855407170394,-0.1570749117872517,0.35838891296949826,0.6453529880716685,0.6745938836422353,-0.13398932097655794,-0.679555956213119,0.7212839692101272,9.916365247738643,5.054059758217505,-1.63920668472907
-3.9975831247450273,-6.5739182185875515,-5.761552550704837,0.9217831062622301,-0.38458291013788437,-0.049110999169533515,0.3537608090410413,0.7824691729663489,0.5124405168836567,-0.1586480223519422,-0.4897325582266674,0.8573172262450947,10.550608576350095,5.410463800612461,-1.9242357869796636
-5.572875959696837,-2.5322100415144053,-6.1306722363089,0.9190112477707623,-0.38910896038657106,0.06334464000772283,0.3507653101159829,0.8804043589292401,0.31914238514750015,-0.17995005887763693,-0.27107633929444674,0.9455874336012816,10.370925212011986,5.090400240863691,-2.0652966916965516
-6.661848810655199,0.7873894080381674,-5.258516257619329,0.9169495295402764,-0.3643123999153371,0.16272687406753836,0.34763869426458793,0.9296164699879073,0.12231335567810203,-0.19583385439161904,-0.055585015922930914,0.9790604718192697,9.693489266761897,4.528824696487845,-2.1496838455563774
-6.913210247919044,3.1336698107846948,-3.7782301340528974,0.916220028483912,-0.3227183308571755,0.23747365818906563,0.34318202617189164,0.937969115441548,-0.04939671436804281,-0.20680173190158274,0.12675495022507471,0.970137220333261,8.516628252014785,3.8174035063073317,-2.1176193560617684
-6.437096875256859,4.642787589340224,-2.004327073359594,0.9172519461359593,-0.27374519118846025,0.28933101736762995,0.3357482996539567,0.922200543851895,-0.1918833921910624,-0.2142940656884175,0.27314781203675276,0.9377997260557631,6.819931650411342,2.928283744292251,-1.9660699970484328
-4.032180098105837,6.174496585508607,1.9585674468063918,0.9219550686654314,-0.193285094339468,0.33561841973929524,0.31609451436220454,0.8762533891783166,-0.36368153093556815,-0.2237925587508246,0.441385172224554,0.8689626116168985,4.486015901049496,1.8643031290972938,-1.6362943957643825
-2.487788048934698,6.532537080917614,3.4476051786678905,0.9264697111747626,-0.16728373715850528,0.3371498562331522,0.302147368423878,0.8647017066431957,-0.40124546886273127,-0.22441221453004018,0.4736107154727725,0.8516642813685994,1.462280495767879,0.5175124769074535,-0.9943397193091007
-1.341224305636868,7.013701459550637,3.6580059157806937,0.9318685864253405,-0.17302652007778602,0.3188773447321214,0.2901325641661269,0.8831204307566293,-0.36867519578975827,-0.2178165118718627,0.4360735352323041,0.8731528153914273,-2.0719058509902353,-1.0360921484348824,-0.19140995302961322
-0.7790677177207681,7.804125636901766,2.0776817982586353,0.9394459054282952,-0.2053154666169707,0.2743846751221089,0.2775297203154525,0.9255175178524045,-0.25767145455007917,-0.20104388853092936,0.3182182950683101,0.9264547865752445,-5.673172981821112,-2.5753951457416897,0.6278170297270094
-0.34532683079111837,7.8836299884947545,-1.0837873320785942,0.9441994371635083,-0.2482704547585174,0.216446769793666,0.27406520081686675,0.956684033619638,-0.09820349035789142,-0.18269014358011804,0.1520442077530764,0.9713428181272644,-9.566892590546406,-3.9627463676245234,1.7297568187329813
0.037263917990585815,5.938396404174642,-4.781357435913066,0.9465052017498247,-0.2848658104171328,0.1515894888041813,0.2770876959686727,0.9582453539365037,0.07062754704702603,-0.16537929677954144,-0.024845758481020885,0.985917023122234,-10.070437904476035,-4.045373581642609,2.0476861435465206
0.8960477933962128,1.9767125600623174,-7.0437629126478845,0.9460526904299149,-0.32129450235428614,0.04188257020802527,0.2923299797212987,0.9021326507443277,0.3173324178478468,-0.1397407953550574,-0.2879696567659972,0.9473890367191349,-9.889488213221492,-4.049070835991509,2.232657061516269
1.7098347401622096,-1.2740897699425946,-7.055028667012667,0.9420708404652508,-0.3319149973064614,-0.048321487023339375,0.31198045715797534,0.8142095643584827,0.4896233038353801,-0.12316950067527352,-0.47633519696766347,0.8705940812072992,-9.298554777917293,-3.836455008933984,2.315010584103895
2.4023267138422932,-3.052465257752728,-6.389917007814726,0.9362770650877422,-0.330085004702407,-0.12012138469604228,0.3322430054764733,0.7211897044828895,0.6078651128826565,-0.11401685271328649,-0.6090396537324111,0.7849018139097793,-8.287881031370357,-3.3922311666087164,2.2635118225559507
3.057074615636413,-3.999755502260233,-5.863563634326028,0.9299969751470262,-0.3247895736455276,-0.1720969467147431,0.35060583607097145,0.6432567064405541,0.6806587671750273,-0.11036835565666625,-0.6933487884682628,0.7120999112478782,-6.606004357692689,-2.6665619456393506,2.0499739060680398
3.864412592849061,-5.024541742100999,-5.267148871692921,0.9215213319000891,-0.3204751379270519,-0.2193037182168191,0.37248034634357335,0.5697824651543092,0.7325341862264534,-0.10980358118411808,-0.7567322038695828,0.6444373865518878,-4.099701396669158,-1.6300796175271015,1.6105311515127942
4.572140503698768,-6.0268943115535025,-4.872706991654131,0.9152762312644506,-0.32746865469517245,-0.23459262706759731,0.38676305723010324,0.5515638208202852,0.7390478260059727,-0.11262219161589539,-0.767164670559237,0.6314860332591452,-0.855305022456214,-0.19397999133327576,0.9121181758346664
4.903913547875304,-6.62492707006709,-4.937503903434856,0.9103053068368847,-0.3532131527490277,-0.215834930142681,0.396456457368622,0.5940321600309749,0.699962906345514,-0.11902321519487989,-0.7227491000160614,0.6807842629428554,2.739718604006733,1.5039949554326169,0.14995895018414038
4.539222738236902,-6.324149746831486,-5.254867808076569,0.9067695605515687,-0.3877221626029297,-0.1656517089667995,0.40261248416497475,0.6795936667973057,0.6132337528573449,-0.12518846453097277,-0.6227551466471398,0.7723366336468036,5.979651553714952,2.962483104256495,-0.4712551328586426
3.528629281453779,-4.709530221896525,-5.283487732912094,0.903825409464113,-0.4170854470158165,-0.09559999526487302,0.4076272125388846,0.7712830264323159,0.48883795754338566,-0.13015254436547527,-0.48079332672680136,0.8671205753355,8.088184150880176,3.9068147623047804,-0.8503532303965347
2.158379284544134,-1.7564511576879553,-4.953794699374265,0.9003621891830303,-0.4351314197135843,-0.0029284582258496117,0.4134327027756629,0.8533259163116211,0.3176606378299724,-0.13572519502712505,-0.2872203476931497,0.9481999490117449,9.039153582776061,4.407850044964599,-1.0255172910435153
1.078222816535551,1.3436030381463948,-4.121812982454465,0.8971485287674537,-0.4316870245473683,0.09365271041369834,0.4181545179727054,0.8982981563566163,0.13493413721264466,-0.14237737330561803,-0.08189465870095192,0.9864187490345303,9.052702908980939,4.544887157659842,-1.147322790094369
0.46571637352721273,3.6888514349614923,-3.06370342984694,0.8938890857488829,-0.40794375146760586,0.18586069519282788,0.4226739785638021,0.9051017266023935,-0.046233887424864284,-0.1493620106455194,0.11988644685661594,0.9814877633654043,8.580630857275827,4.398749104332996,-1.157984834705708
-0.14410132001547127,5.937232004037338,-1.01850240537987,0.8868820013444736,-0.3521055595435778,0.2991019736306068,0.43587773799792656,0.8523120117488767,-0.2890931201990041,-0.15313691001529267,0.386763376713836,0.9093751575801265,6.24185206543025,3.1152824760628866,-0.689751864613592
-0.2383861092314794,6.445101574624169,0.027072471227812756,0.88339272052975,-0.3336739889320208,0.32905770075359053,0.44421228203390717,0.8199222647185324,-0.3611134562835668,-0.1493075678097903,0.46517647073882434,0.8725354441314672,4.12428699124422,1.825590505430506,-0.2153552599795403
-0.4921544489925722,6.927935369893,1.854051639878581,0.8770093429962146,-0.34589082900888585,0.33348785091048333,0.46468017734219874,0.787095667143547,-0.4056510120153522,-0.12217587766237083,0.510724921235886,0.8510188656816179,1.2642563242376874,-0.028234114361613938,0.3187460223323918
-0.6864328610789008,7.085505830259766,1.7767008719304573,0.875205689044268,-0.37793384067113367,0.3019619412113278,0.47269448412389736,0.8008254796825992,-0.3677478426449017,-0.10283446184713893,0.4645907480425136,0.8795342575988198,-1.8770251295632232,-2.076992581909134,0.6855833134743579
-0.7319544470423014,7.123468066813209,0.30974825937971695,0.8762605766414318,-0.4264557463133864,0.22428307617900528,0.4753140249857548,0.8413797861849813,-0.25720931758231136,-0.07901885519207984,0.33198727661705524,0.9399683338754152,-7.313547765968388,-5.6567383766082155,0.9461454616005062
-0.19640407498636447,6.540542163115548,-1.9904665845794793,0.876197397998367,-0.4647975521192735,0.12744157596648678,0.4789938681089775,0.8690767529125476,-0.12357375069562385,-0.05331973419748866,0.16931873225049657,0.9841179669400381,-8.348486407831059,-6.343175634692211,0.8877519663270261
1.2046478481973806,4.758601318939199,-4.455975175513421,0.8727550778143184,-0.48752090447993746,-0.024938761885593824,0.4878022681003859,0.8690286893202538,0.0826927105278532,-0.018641925475729015,-0.08433566762282091,0.9962630043222375,-8.67078059269579,-6.451388768281467,0.7779848473666451
2.9573173747012342,2.2106917026304806,-5.349258468402882,0.8660493717829068,-0.4703485115313769,-0.16950151425474155,0.49984201258780475,0.8218855634758491,0.27324363304963023,0.010791111462948706,-0.32136645476808107,0.9468934225472205,-8.508273886709308,-6.29041725654826,0.6346960732595591
4.26018206334162,0.059544969105592704,-4.7821358401919225,0.8592272517955872,-0.4325040534579898,-0.2732558755346542,0.5106665452060409,0.7572269597689941,0.40721862801980774,0.03079300860795279,-0.48943597654996185,0.8714953903948408,-7.9761427303027315,-5.908484442431347,0.47707373756349547
4.99518095643107,-1.3381795516823498,-3.708858514519779,0.8526935643615428,-0.37952279717510845,-0.35899321960280633,0.5202541304979642,0.6792949427279071,0.5175847954529756,0.047427049204175745,-0.6281089294132597,0.7766787288159201,-7.029726530251802,-5.23896913999782,0.25844758230198983
5.262255383821511,-2.1590362435411277,-2.807240280382823,0.8478326451061747,-0.32296157804611453,-0.42056583907663064,0.5265830256551342,0.6060841643397069,0.5961311121125331,0.0623708504363385,-0.7268822496406162,0.6839240251469786,-5.465698301463602,-4.255689821673349,0.024458073251286683
5.333107751322279,-2.94444690640984,-2.2010599390396877,0.8466638913412198,-0.2869899271719088,-0.44810382368465135,0.5268960740250888,0.5699336917231339,0.630520510543305,0.07443643110662777,-0.7699430944821201,0.6337561431524004,-3.214061394204364,-2.9174786871462763,-0.23564008111809187
5.3188255116231655,-3.9856959215852985,-1.5562124682831089,0.8496936614511751,-0.2604417651636617,-0.4584656679056038,0.5192558197294537,0.5643944889649481,0.6417415792225796,0.09161918667391239,-0.7833447183612282,0.6147983220933345,-0.536550068872951,-1.3491094992354642,-0.5052691491567349
4.90132186420717,-4.895897281649409,-1.4408961105607485,0.8587989567336046,-0.25784677570690195,-0.44269559764111777,0.5000763229845709,0.6096403307477325,0.6150303556053383,0.1113014964117903,-0.7495690144231889,0.652501547517817,2.4366105131261486,0.4062154122513052,-0.7313700081443052
3.7368558912094847,-5.1681383739027105,-2.054111693135858,0.8709804937989295,-0.27410665644244475,-0.4077481089051377,0.4742692906618796,0.6857822782185553,0.552060962952868,0.1283028423568659,-0.6742167364989634,0.7273033568380095,5.127955224150304,1.8907999757838763,-0.8040798996549219
1.856927992239095,-4.329955769814107,-2.8816291442625594,0.8853457379985117,-0.29836276555189345,-0.3565705881590573,0.44240241311609074,0.7764726847013229,0.4487429941311417,0.14297912112238836,-0.5550403859584877,0.819443189536726,7.0861013451140185,2.857205001404266,-0.7320230498635958
-0.1440829925203086,-2.427521756494471,-3.152966400330437,0.9022295168127291,-0.3234714731551652,-0.2852158919953372,0.40436602287858897,0.8644189555455616,0.2987774905090326,0.14990002846304482,-0.3848974868044075,0.9107051697000679,8.21559532330455,3.5349170818925018,-0.6147761373318144
-1.7523454715369404,-0.6028933201019812,-2.5157735509146364,0.919414074479157,-0.33756102133288207,-0.20181753275257266,0.3646324279057529,0.9239249943757092,0.11578340678786328,0.1473802977646284,-0.18004211075342616,0.9725553383670569,8.784199137507024,3.831381180759505,-0.5087731763450014
-2.8603696166696455,0.3721336822062463,-1.5530872680955077,0.9330769989963701,-0.33559973989437636,-0.12938364860659185,0.33196004322066364,0.9419994581201876,-0.04939180707577204,0.13845520448456444,0.003136157537777795,0.9903637315991715,9.007012000041978,3.8979580258204836,-0.48105480682449975
-3.7086672214116803,0.5815121085077006,-0.5799258703137921,0.9458042626881312,-0.31913437031969333,-0.06006288672393924,0.30012400517928656,0.929670616921895,-0.21363081600557815,0.12401563690157678,0.1840266222934012,0.9750663177913481,8.62864537704062,3.6916327940229916,-0.5338052545355838
-4.249200016298828,0.3752533812688563,0.35626281905638146,0.9575889417898257,-0.28809447406746835,0.004999257307844528,0.2691013161995786,0.887987044980641,-0.3729121740654308,0.10299466093684562,0.3584418808654203,0.9278531768874666,7.914815728003558,3.4090120478395916,-0.5938428836787684
-4.463161884983353,-0.09260846877570805,1.3333928254850695,0.9664230844939896,-0.25089514545737135,0.055480156299768574,0.24440492859205254,0.8308801167472779,-0.49990445334478273,0.07932624179321791,0.4966788273924672,0.8643017353812313,6.993491795181147,3.084176404939387,-0.6078357553175284
-4.405317145771131,-0.6333291260570069,2.4609981614581695,0.9724917541852738,-0.21366917225059637,0.09276461001585318,0.2262095943262043,0.7712651456186554,-0.594961590851553,0.05557884018601442,0.5995794859596022,0.7983830111794695,5.68064754869539,2.6061948674291853,-0.5451802004834754
-4.0800826665435475,-1.3192431796706188,3.574600186829225,0.9762244073434466,-0.1821371058755534,0.11752438542793232,0.21403167532957654,0.7241622427828246,-0.6555756921083684,0.034297936709816394,0.6651429326024806,0.7459279661913888,3.8591394354935016,1.9624584930817393,-0.4461197604644918
-3.5251412950633396,-2.1686098444421233,4.336622634101657,0.9779204572903413,-0.1615385665889567,0.1325777911923197,0.2083192664556128,0.7032349239835958,-0.6797526939359517,0.016572942902351336,0.6923625735076763,0.7213594141406787,1.6006442771774887,1.2505163969169548,-0.24985556382063312
-3.073634709129087,-2.8005153091455526,4.5509931349907955,0.9781747955575761,-0.1533757999882043,0.1401782198270182,0.2077655641377946,0.7130626119617218,-0.669608230072505,0.0027458503960578647,0.6841181004770348,0.7293660842850431,-0.7103941826549502,0.5602620911480782,-0.03550268024178538
-3.2590595149108124,-2.2818818461494876,3.8059302197502856,0.9777378425701898,-0.1602058430111226,0.13550940584064816,0.20943190713159332,0.7848599563028286,-0.5832093322877709,-0.01292236361559725,0.5986058276173217,0.800939495630705,-2.944671295487819,-0.20876070097367688,0.05991850681179209
-3.5341806009290777,-1.1198251149334868,3.1199253279494816,0.9759605376825258,-0.18894885682154902,0.10862485163287589,0.21748523420715452,0.8767497364858704,-0.42896395241770374,-0.01418456161796236,0.44227619094609655,0.8967667306127713,-7.569073288028897,-1.5996904603013151,0.45137169633642654
-3.734641798125775,-0.3768174890980397,1.8004939010283745,0.9741532435769148,-0.21483523098688873,0.06979456680419928,0.22555709603293395,0.9418511884052966,-0.249078974079954,-0.012225156758323896,0.2583837503140288,0.9659650009787584,-9.171135181139805,-2.1795096754426355,0.5194242468468643
-3.7882469855871155,-0.9724406777838334,0.24136079726532725,0.9719039838237746,-0.23434017382259875,0.02207553306875481,0.23516924706672793,0.9707091973616842,-0.04918413760050233,-0.009903103631886099,0.052993745765240186,0.9985457382855458,-9.999355815300545,-2.4849205770886194,0.6004527998952932
-3.639044216468785,-2.7113660595402647,-0.6711220905646609,0.9686318121047327,-0.24629400392926204,-0.03304052371246345,0.24841552039874024,0.956230771750723,0.15463647817394757,-0.006491671874364646,-0.1579935909634037,0.9874187983883863,-9.904531624286088,-2.637812885960982,0.7421699728320817
