-0.5618031280430846,-0.7262016123905669,-0.2821313764999144,0.9999325510805434,0.00814525817788799,0.00827937550616896,-0.007716487428232719,0.9986910655466552,-0.050562945118499375,-0.008680386588541325,0.05049564700547961,0.9986865576957424,2.345878,0.39368778,-0.36819947,2.2282913,-9.117727,2.5108643
-0.7636191315864893,-0.6299688593366063,-0.36045664783458903,0.9997302845504056,0.0170435617421246,0.01577577750564423,-0.015326053480581426,0.9945391888745788,-0.10323232961337839,-0.01744907554787823,0.10296270584943477,0.9945321568288715,2.5558894216945216,0.3955006600044204,-0.4021763455343167,2.2783952,-8.937105,2.9760804
-0.9594524956405139,-0.5620195068742493,-0.40588265949274216,0.999393951462326,0.026473302484401988,0.022602965205641586,-0.022649783315567665,0.9876138935431718,-0.15526037677480575,-0.02643325739056618,0.15465432918630556,0.9876149661521224,2.7099895372667,0.4139612326908647,-0.43890467147292916,2.3284333,-8.719622,3.4583678
-1.380519956995086,-1.0698310175053038,-0.7500681471238124,0.9982651857706961,0.047279062111191136,0.035090015162203565,-0.03649708372198924,0.9645614457579963,-0.26132198575136045,-0.04620153415188345,0.2595879574308682,0.9646136587250266,2.976230402674385,0.4566248038327379,-0.48979927373166154,2.415889,-8.103516,4.5224104
-1.6426548397666867,-1.3016033452248226,-0.8881042156619747,0.997121148338432,0.06271028589171952,0.04262435430156643,-0.04475398714196995,0.9405189017804657,-0.3367807536492592,-0.06120862824098454,0.33390360201268476,0.9406178227058063,3.8612190550878482,0.5807444036065252,-0.6138783118682497,2.4447632,-7.6668077,5.121928
-1.968056892809036,-1.0612574577863736,-0.6102959479581556,0.9955707815934117,0.08000882036499249,0.04937010736554599,-0.052316168021563365,0.9077824480398533,-0.416165887110309,-0.0781142586281322,0.4117397426707473,0.9079474362012396,3.8612190550878482,0.5807444036065254,-0.6138783118682496,2.459561,-7.1853013,5.7235594
-2.336699419029699,-0.46182275284368857,0.25013893433793777,0.9935743172890364,0.09836926579907468,0.055978241931807476,-0.05861183315647467,0.8702951239116536,-0.48903072532269065,-0.09682318440158094,0.48260738166935474,0.8704684865752392,3.8976694049229725,0.6861880338327102,-0.6468339264541012,2.4587326,-6.703229,6.2910004
-2.6630596697044444,0.10947281918201501,1.4080143420175806,0.9912382370438937,0.1156915042546507,0.06373565144728241,-0.06306566170828067,0.838509501205362,-0.541225035176341,-0.11605808776388671,0.5324634186792844,0.8384588409892041,3.1770066593466035,0.8261305147117426,-0.577137610749971,2.444284,-6.258995,6.791359
-2.827195869277146,0.4193832700297119,2.45747036570147,0.9881844317327421,0.1357343786034681,0.0711878314472903,-0.06666041493801189,0.798846799975671,-0.5978295570218343,-0.1380141947820205,0.5860204506958445,0.7984560810745387,3.1770066593466035,0.8261305147117428,-0.577137610749971,2.416394,-5.897377,7.1961656
-2.792801800688131,0.7108177602219687,3.3242136226854444,0.9855643832061611,0.1481335662419279,0.08197129441400357,-0.06643676167043654,0.7837355233051397,-0.6175312026192398,-0.15572091463321328,0.6031708514691895,0.7822633320587952,1.2702456317604078,0.8410048365115788,-0.17733446638032618,2.3726852,-5.6828628,7.459058
-2.605231831537298,1.2561187384425347,4.268845872034779,0.9824340247057475,0.161687056730243,0.09317018185222953,-0.06570247352337971,0.7670091836545592,-0.6382633446802946,-0.17466130674358282,0.6209301151300989,0.7641591588479109,1.2702456317604076,0.8410048365115789,-0.17733446638032613,2.3122025,-5.6580367,7.5153837
-2.36253141233105,2.678304412843663,5.306580312535016,0.9802998994246179,0.16249735672981253,0.11227963414576922,-0.061957208302372495,0.7927568044402576,-0.6063810298426623,-0.18754575848965546,0.5874787298868744,0.7872072982404604,-2.0572859485094126,0.8153995942255794,0.5777811769889499,2.2341645,-5.817964,7.278795
-2.104731115804479,4.899747641247469,6.135162243377261,0.9777190709034701,0.16245919292419664,0.13293768850884122,-0.058511363617958174,0.819098385825789,-0.5706612433529668,-0.201598211101245,0.55016801522081,0.8103538216783907,-2.0572859485094126,0.8153995942255793,0.5777811769889499,2.1415696,-6.1064606,6.6348677
-2.0952645627566326,7.8869115407329815,5.2787410995444635,0.9767381162989822,0.1416496118843647,0.1609908060161335,-0.05403072822779938,0.8891122237172053,-0.4544888711990862,-0.20751706574614337,0.43521815344681425,0.8760832302552404,-6.8233302338654545,0.7056287197019796,1.665025214490501,2.037314,-6.4196534,5.545212
-2.3518320391792713,9.678069205633786,2.269277660988918,0.9753731520902001,0.11383227621101237,0.18891645527652282,-0.049999529207303724,0.948343405400187,-0.31328075669122124,-0.21481913616033999,0.2961199053197807,0.930680256808282,-6.823330233865454,0.7056287197019796,1.665025214490501,1.9356353,-6.6831145,4.1339827
-2.7232158987164596,8.478021260134145,-2.018125049805422,0.9744738845278749,0.07363985842815751,0.21207974826426576,-0.04600942244408135,0.9901288355786831,-0.1323934364006114,-0.21973570811207613,0.11925627952557277,0.968242819944565,-8.657916642842112,0.667367240660935,2.1251901197233343,1.8376007,-6.878699,2.5613875
-2.7565283095127406,4.670582574666599,-5.15094212773913,0.9739224506270852,0.024164306542911587,0.2255906612735387,-0.039504395703578124,0.997184685667449,0.06373464827239375,-0.22341544907330696,-0.07098442758528707,0.9721351491206159,-9.574911343013289,0.609730970889009,2.5127439890895285,1.7481171,-7.064888,0.95746917
-2.296907886393871,0.921476628856067,-6.350340981287266,0.9731645103746166,-0.028450767704973463,0.22834489169747071,-0.027663507939656697,0.9706654333075242,0.23883749058803305,-0.22844160320704407,-0.23874499031165877,0.9438301031039865,-9.08563536064053,0.5884957886286006,2.756517403391035,1.6667969,-7.2749376,-0.6081711
-1.7239500497387747,-1.7470043935282176,-6.7277407188378255,0.9711191660805185,-0.08329806120659061,0.22358219578110547,-0.01554644310203894,0.9129959951859188,0.40767219782730935,-0.23808795302986796,-0.3993741926736092,0.8853329209107444,-8.118903881152404,0.6505563801301082,2.5386584579657407,1.6043823,-7.507422,-2.0707428
-1.3777047107368456,-3.580470430664193,-7.169947293748588,0.9691534486242147,-0.11344048919735975,0.2187986481458569,-0.009692402531731164,0.8695423486492295,0.49376326436739365,-0.2462674366475473,-0.48065305503683814,0.8416204550335031,-6.376940826458874,0.6657292602573595,2.0089862351770607,1.5656097,-7.7374697,-3.3107758
-1.1786177463699248,-5.887259352502816,-7.431413361545222,0.9664919064125987,-0.14036095812957428,0.21492369872093514,-0.005344725632440627,0.8260808890653847,0.5635262182266747,-0.25664144004204265,-0.5457922371689543,0.7976503025131094,-3.831401033613521,0.552743580907469,1.2146309962863122,1.5525802,-7.9184036,-4.1597304
-0.822631074181432,-8.177527285030045,-7.495431062461801,0.9646495026909958,-0.14684966340538483,0.21882987299666912,-0.005246811656956547,0.819493378066414,0.5730646335909537,-0.2634839803962465,-0.5539546729318411,0.7897533870845556,-0.550604527919442,0.35239924577888365,0.15329696109683927,1.579393,-7.978227,-4.4234877
-0.290890502321402,-9.673132560669538,-7.8211078975897514,0.9626609835977331,-0.12845128576988732,0.2382941414359707,-0.013554238281678723,0.8562818604459572,0.5163309579095698,-0.2703703261884468,-0.5002815633773381,0.8225680786788895,3.1099763155035767,0.32251167891316196,-1.2871107055355238,1.6582474,-7.839882,-3.9744554
0.21902825271655996,-9.136901779227975,-8.53738822199785,0.9593820383645002,-0.08875089525470195,0.26778607703736984,-0.025435365602180446,0.9181471382073927,0.3954224004507819,-0.28096111232741555,-0.3861723853320746,0.8785964615036175,6.309759768149436,0.4170270101653055,-2.4213601693006384,1.7471024,-7.5576906,-2.9052856
0.7246634387226139,-6.1223950641355085,-8.519501700520637,0.9545690975237039,-0.03624075504113425,0.29577769646616137,-0.034801309499772316,0.9722267587709817,0.23143897335317634,-0.2959505142923073,-0.2312179430834031,0.9267963939757208,8.132857285817325,0.5243864766749219,-2.9390322180735398,1.8100173,-7.298665,-1.4857209
1.2875255115544921,-1.811175758018368,-7.236048962083949,0.9491082216558432,0.021115093453379065,0.31424152560369334,-0.041645674959228864,0.9974028594969699,0.058763710097797156,-0.3121845949794317,-0.0688599208228036,0.947522606570316,8.692426904508746,0.550633006753485,-3.1561379320279404,1.8545425,-7.170128,0.062307738
1.8084577681701612,2.472870982521908,-5.423705615981083,0.9427368287538933,0.08560335135885008,0.3223652244693658,-0.045882635635659134,0.9905993992024735,-0.12887053211197522,-0.3303665471233076,0.10670003062713485,0.9378022435492422,8.215058878474828,0.5109762150588444,-2.997827379914751,1.8897979,-7.136954,1.5847168
2.2662511377412438,5.532368138987279,-3.579205357429383,0.9365826607081388,0.14892163478597312,0.31723062013862335,-0.04728675014846072,0.9506424307625683,-0.30666420086836454,-0.3472418219645486,0.2722155681192917,0.8973972373214844,7.3869601977502075,0.40656947650588104,-2.7277460627890866,1.9174026,-7.151326,3.0026734
2.5980458311444177,7.057165126343288,-2.130691492661945,0.9331347932549228,0.18833532233702005,0.3062503289423575,-0.04597686726733804,0.9073318775387595,-0.4178935171527206,-0.35657479621164045,0.37587055000651526,0.8553220120775727,6.182674374120879,0.2408736500726544,-2.250250019083072,1.9245377,-7.1791673,4.2518234
3.104974738887109,7.680030659202346,-0.6336781950150048,0.9314530100831812,0.21531542062400175,0.29331648376538494,-0.040914130717024384,0.8629864564989596,-0.5035676814560677,-0.36155404010279063,0.45704884371462806,0.8126407758317766,4.333685807643655,0.04976345801578688,-1.4131423844592657,1.897638,-7.202147,5.204642
3.813779330402853,8.119486164884183,0.8619898482180739,0.9320394915518098,0.21691767206916276,0.2902569718920429,-0.031066833765940386,0.8459119515352124,-0.5324169626238893,-0.36102248964240774,0.48721627004235357,0.7951622904655469,1.6832895401929633,-0.09259776543241974,-0.14181236600798408,1.8207748,-7.2207613,5.6708784
4.357862756179708,8.84002381446203,2.1478949701484797,0.9344658954218185,0.19030483550482657,0.3009278316756014,-0.015159770432989075,0.8656770614962941,-0.5003732672311347,-0.35572977335881967,0.4630197563631841,0.811830668035805,-1.4858340975799558,-0.24933653692336613,1.4305406303556267,1.6712509,-7.2408323,5.4767227
3.90522196902237,10.24577673034689,2.1593979164453057,0.9394537818473729,0.131282599145369,0.3165303633686727,0.006856014125724237,0.9163167509435514,-0.4003955631754196,-0.3426070443569067,0.378323262702533,0.8599371616898153,-4.915005331555856,-0.6841939650519062,3.016030834743349,1.4354004,-7.2929597,4.579622
2.498034442390459,10.88708815881764,0.5013892750004629,0.9451361117369944,0.042213022316268625,0.3239379431891251,0.03383033344884955,0.9736367285563308,-0.22558153591299357,-0.32492035767155963,0.22416418436728838,0.9187911512512159,-7.82678849429654,-1.0583181180687613,4.128631120243621,1.1710205,-7.368913,3.1709335
0.7399317944883355,9.515081742213413,-2.7540107862701726,0.9493248006002254,-0.05317792695905925,0.309765283803202,0.06135219738089931,0.9979764744280885,-0.016699232455945623,-0.3082504352663211,0.034857776355061376,0.9506664002612613,-9.35350336426806,-1.3278135694182152,4.542481837525819,0.9170548,-7.4073806,1.5356613
-0.2962533824758039,6.036653463672519,-5.812238138945848,0.9514367498297744,-0.14349973393008006,0.27235259762915887,0.09104519732713579,0.9762989637453872,0.19634435421815902,-0.29407292142769126,-0.16201283823104695,0.9419516745201445,-9.56931639669362,-1.4941540821100971,4.554806167434007,0.6768295,-7.371042,-0.13887176
-0.11941353352326078,1.8362646836806076,-7.040667767357005,0.9508213296209156,-0.21820529295066726,0.21983004632266945,0.12079167165719967,0.914752009862954,0.38553616238939903,-0.2852160079591829,-0.34002236776423944,0.8961231043912596,-8.920628133529842,-1.448343535832903,4.244501102369729,0.4454834,-7.2731295,-1.7612762
0.8018836381695829,-1.4266372198166084,-6.61214482724225,0.9482098692770136,-0.27307094253233133,0.1622661522011674,0.14745738210006118,0.830873518522166,0.5365682777455187,-0.2813438541533558,-0.48485199449223726,0.8281087966970496,-7.851388285821742,-1.3110788159671793,3.7336478989014625,0.23107758,-7.176175,-3.256984
1.7752083907290648,-3.4665453186602955,-5.812403945046369,0.944512825904214,-0.30981749096668715,0.10912673363361516,0.16913477451080441,0.7435114798584523,0.646980762751006,-0.28158293583527844,-0.5926245030453954,0.754657040407485,-6.320238775015919,-1.0447980257910534,3.001903269498181,0.046922304,-7.129233,-4.5428314
2.4392854131621196,-5.081349343445055,-5.38888459516037,0.9414248141695656,-0.32923400503249145,0.0729677270857732,0.1826493946097594,0.6797138111053702,0.710371968507557,-0.2834757801197253,-0.6554342872652296,0.7000338400124915,-4.191253190319956,-0.6795371171470349,1.9858754806703716,-0.09175873,-7.1310396,-5.4793563
2.723628105025565,-6.967955390470688,-5.347656765039016,0.9401944266089559,-0.33530719663893316,0.060029359946578945,0.18802066034902257,0.6577824129372053,0.7293630978548513,-0.28404695290633475,-0.6744563596798897,0.681488039096783,-1.3136736968505287,-0.2283274198066802,0.6826665014584773,-0.16512299,-7.1454315,-5.869104
2.0371077914888955,-10.39609222500392,-6.385268598022913,0.9426850405027868,-0.3217437244660881,0.08846406151058442,0.18191713456257944,0.7177913043732106,0.6720727635596798,-0.2797339281617423,-0.6174598117553043,0.7351818212539712,1.9240475634123908,0.2646694067347435,-0.7365232599050735,-0.08278046,-7.0629835,-4.6008058
1.0799193674862881,-10.299768782912544,-7.387307885495465,0.9456100232689466,-0.29993989442607377,0.12592753322835087,0.172058456639436,0.7896846811976183,0.5888921733056666,-0.2760753002210755,-0.5351954446867914,0.7983409450819564,5.281742372438599,0.7909945904510316,-2.0911786146471534,0.042300414,-6.979329,-3.1533647
-0.25772681340051484,-7.5451058790965035,-8.557422208095538,0.9488667631348371,-0.25511632887351227,0.18592343736096908,0.15580856273019383,0.8907143931467255,0.42702641794297913,-0.27454609375834765,-0.3762227114135498,0.88491859163353,9.243172935675672,1.5165270844706322,-3.569959771198918,0.19273376,-6.9695206,-1.5157883
-1.4819785993157957,-2.9986004502754917,-8.658185810128963,0.9511985128772451,-0.19917102782671853,0.23569533464743278,0.13887749491297693,0.958389611689528,0.24940407697608294,-0.2755620266052868,-0.20450000948666158,0.9392791467998975,9.442528032311625,1.5209824790715547,-3.67568113009391,0.3678177,-7.03591,0.15185699
-2.4400430508364517,2.0237021898093417,-7.653707204881686,0.9529236226007162,-0.13055904050886427,0.27366202957467817,0.12065783808332611,0.9912899919347232,0.05278103825347005,-0.27816947280135723,-0.017276829323148335,0.960376621732305,8.819259504105341,1.331055283710809,-3.465912424109456,0.56304777,-7.1553483,1.7650772
-2.944838255393282,5.38126630504728,-6.0016763843583805,0.9539129894428982,-0.07776885482460189,0.28983100902315945,0.10760172036933775,0.9902528608716968,-0.08843721676409055,-0.28012832478289557,0.11554772500871575,0.9529831293887839,7.698195132491286,1.0411751150425752,-3.0514637708579704,0.7658371,-7.2710924,3.2450912
-2.9518438873644604,7.05723574874885,-3.828711556084914,0.9553664902754377,-0.020003806797228074,0.29474517294166264,0.09270461286711763,0.9676089524735764,-0.234816459913155,-0.2805008449398132,0.25166001431814206,0.92627561404878,6.000725677512983,0.6464797855857293,-2.439113908075318,0.9559845,-7.3454485,4.493556
-2.727506003457897,7.30637949358851,-1.8095321327573548,0.9566496045789302,0.0008884088537607481,0.29124001234151287,0.08588319430713443,0.9546672584240448,-0.2850166707908881,-0.27829051545925676,0.29767370798044435,0.9132057558856029,3.507235203089105,0.15813111968767524,-1.5479615732158456,1.1129181,-7.382764,5.341475
-2.3136209525772298,7.413165592501814,0.360724793517033,0.9596397238739273,0.006252188079202338,0.28116278293436064,0.07983721007694544,0.9525653856397684,-0.293675341096404,-0.2696620482201781,0.30426977540528344,0.9136204263940895,0.3169839936268962,-0.3871688122738767,-0.3811379701464816,1.2162613,-7.3872347,5.580382
-2.0897913043818446,7.588791788409841,1.8898603809267602,0.9628817184612342,-0.016491725208995993,0.26941941142532994,0.08084569037230314,0.969930054636882,-0.22956407266887632,-0.2575320768396935,0.24282444710474727,0.9352612027059121,-3.2085400074035983,-0.9025081722984569,0.9325851389494513,1.2514923,-7.3618135,5.0948396
-2.30910498201885,7.443292553752643,1.8121207647006479,0.9665477509753255,-0.07334981352140066,0.24577479517012257,0.09000279943459188,0.9942970585853723,-0.057208875031882184,-0.24017689559671737,0.07741552909366808,0.9676372743320051,-6.695753550200441,-1.3145308204161918,2.10796717115667,1.2373307,-7.318428,3.9517426
-2.5517290827943224,6.275837876829682,1.22797777583823,0.968377355262563,-0.12047971105003052,0.2184718220732027,0.10034436745139516,0.989806247922702,0.10106730180410481,-0.22842133380107754,-0.0759488696326936,0.9705954169817894,-9.397897520666541,-1.6760510120768797,2.9371143409462337,1.1823807,-7.24207,2.3744354
-2.8638458126739614,3.992120637596611,0.2163524346145551,0.9694654941460472,-0.1840353857873532,0.16207292321131445,0.11998119180217522,0.9323663707122898,0.34102414046299234,-0.21387185245817203,-0.31116543436393057,0.9259778092282868,-10.445355688222692,-1.8464256198331532,3.273239239750934,1.097348,-7.0770082,0.6449951
-2.8582563888467933,0.9994017929124988,0.30280846213732415,0.9683340280069725,-0.22804576778608793,0.10160874961658295,0.1405969042298429,0.8344341729075785,0.5328715807819271,-0.20630492171728743,-0.5017118085902502,0.8400735327317039,-10.430711385582413,-1.795461304502563,3.331960877236087,0.9889404,-6.8444123,-1.0964035
-2.603462440664515,-1.5756297646916135,1.4333817525893586,0.9649955043590195,-0.2598752056591464,0.03533488432835456,0.16373770137561555,0.7022175284451,0.692878422158379,-0.20487469759614413,-0.6628389097119093,0.7201881268507675,-9.640525978102328,-1.5891361796252117,3.2084160414283738,0.84894717,-6.591385,-2.774208
-2.299441197202487,-3.0518571533720764,2.697090085243727,0.9603928966559596,-0.2778529278676349,-0.021053135827197617,0.18309006346446627,0.572278952681391,0.7993590113199875,-0.2100559751907886,-0.7715533363243752,0.6004847512579929,-8.360353513307034,-1.225914445208777,2.847770067805157,0.6915115,-6.373018,-4.31985
-2.1482470344282705,-3.834682455781466,3.353791034072957,0.9546708204524771,-0.28925685882159563,-0.07024310785591587,0.1990117839861473,0.44476147251519704,0.8732591496232744,-0.22135477047320515,-0.8476542350456219,0.4821663233760499,-6.573721805892662,-0.7598754198855697,2.258365817708796,0.53977966,-6.225961,-5.6372466
-2.193698875819752,-4.8222970584526115,3.393630649707979,0.9501925944905252,-0.296826439012093,-0.09501630638350735,0.20658971723941796,0.3715944916487801,0.9051177948240889,-0.23335535585518832,-0.8796656176523475,0.4144076242228338,-4.007169398075957,-0.18778397894822668,1.376765803333584,0.41449127,-6.1456404,-6.5547547
-2.273368194571087,-6.248025559320199,3.295452683592056,0.9468409488310747,-0.30662816194025344,-0.09732105590164891,0.2086544362270236,0.3550835716489788,0.9112513283325226,-0.24485821174600841,-0.883116542394121,0.400186992155418,-0.9019458463662374,0.4631373864411923,0.345935954901745,0.3232971,-6.12101,-6.8812866
-2.444180922684903,-7.647926633161862,2.908956526852525,0.9438611113643606,-0.322470957764556,-0.07168461377760313,0.2075603888269231,0.41009697964687464,0.8881098762397178,-0.25699199879383533,-0.8531312611098727,0.45400678835566816,2.4535682063028763,1.088497600030771,-0.7006965264922747,0.26638946,-6.165283,-6.522803
-3.5634913450337504,-7.966930653588593,0.42902977613474125,0.9393432387294104,-0.3422955451902566,0.02163422280200579,0.20429559874763237,0.6090733240376189,0.7663504382970702,-0.27549516907867594,-0.7154463262108985,0.6420583821784756,5.740038589687907,1.7561204248778908,-1.7113893090544332,0.21767274,-6.495351,-4.0656066
-4.600777266189205,-6.653640474725455,-1.5855688926917613,0.9368568788777363,-0.3361603966374163,0.09641253150934964,0.2008094780789669,0.7428165678737974,0.6386697894889382,-0.28631231551073616,-0.578981635481444,0.7634170051564965,8.44040746349449,2.3725188837698488,-2.7046668500113675,0.22309113,-6.747607,-2.3923004
-5.8320616557167435,-4.062258940471529,-3.277625507088675,0.9345243927502918,-0.312299906660106,0.1706837064713183,0.195611232450718,0.8513658257967165,0.4867365574975704,-0.29732205618455093,-0.4214795356426742,0.8567115009970553,9.997982629567288,2.7806160686120625,-3.431005527517916,0.23826447,-7.0218415,-0.6711227
-6.9559629379507735,-0.34776232035310484,-3.9708564208003674,0.9311220342989622,-0.26381244586643227,0.2518228556921166,0.18925115985891283,0.939742765190065,0.2847236094267317,-0.31176233854495333,-0.21745465890364565,0.9249420066069451,9.400644219687829,2.635621298376247,-3.375772223446977,0.27503967,-7.281386,1.0134033
-7.487897340495755,2.5706729417466483,-3.5948160641087714,0.9288332115993194,-0.22506294372763902,0.2943051756098473,0.1854287515128788,0.9700930193833657,0.15663879422429025,-0.3207569845575752,-0.09091867302328052,0.9427877554111628,8.339788298951005,2.3323120731595752,-3.113334962105136,0.32290038,-7.473343,2.5997803
-7.506129804620501,4.525657185529126,-2.3892957957905723,0.9263989111782345,-0.17354335224722442,0.3341672668867749,0.18129290025471623,0.9833956520611074,0.008116392335444561,-0.3300271832516448,0.05306313596184353,0.9424788389756459,6.845570548785721,1.8427391018462547,-2.6197356608815885,0.36911622,-7.563371,4.0057435
-7.068629848511929,5.318085468493245,-1.021364844474971,0.925305166967915,-0.1349996832588127,0.35438035146223706,0.17806351934552891,0.9797363379397022,-0.09170654937781883,-0.3348189526606324,0.147958756552365,0.9305936144734266,4.758807174876077,1.188286801481764,-1.8870583567588506,0.40544432,-7.564044,5.0934296
-6.31274076919166,5.662921301387844,0.31191684257889785,0.9258973678040516,-0.11283492611589643,0.3605306418904618,0.17368942770596607,0.97465062406036,-0.14102533007202972,-0.33547883241227333,0.19319534276780848,0.9220246810883795,2.18782695369986,0.45028878955231794,-1.021354992012462,0.44199523,-7.530783,5.705577
-5.448460059058261,6.110865144386084,1.3193690256200727,0.927840945254419,-0.11381395716908596,0.35518666002948246,0.16831703953436816,0.9775907128595493,-0.12643485410733926,-0.3328371291063718,0.17709540164632048,0.9262055194199386,-0.8281693124551428,-0.3019593472394487,-0.004781621240484271,0.49062195,-7.5273714,5.709778
-4.85134031670358,6.841071279143893,1.1663696925605318,0.9321722089748116,-0.14862518445280332,0.3300992689500992,0.16118488454100988,0.9868646672791938,-0.010842576789104524,-0.3241518252463204,0.06331416130927163,0.9438839500527508,-4.1634518352254615,-1.0848971861820456,1.1853762594489325,0.5392563,-7.5639024,5.031816
-4.505376177574279,7.2742983288006,0.03499549623911141,0.9349161804659611,-0.18313144111577065,0.30396481832244804,0.1595934615627034,0.9820252413952048,0.10077872934862653,-0.3169568780281818,-0.04570886716547361,0.9473378684150016,-7.03665804720048,-1.7188030930757605,2.3034284803647544,0.56810606,-7.5955367,3.7866502
-4.205983668784661,5.864145726242811,-2.3584653598028447,0.9382568286540903,-0.23997997173923027,0.24916608245908334,0.16020817901029505,0.939792439707953,0.3018667084094877,-0.3066063646798183,-0.24331005616663695,0.9202134283447594,-8.843896805863295,-2.00894417503706,2.9736960709304086,0.5996796,-7.559798,2.235396
-3.2902677077111853,2.6778699490307334,-3.93727142660885,0.9400930069271585,-0.28625353895189126,0.1851595251780775,0.1631288922246493,0.854612314630335,0.49297743985271786,-0.29935614716957426,-0.433239775551253,0.8501112833224186,-9.76108114109014,-2.0582324898042845,3.3012239853896466,0.6483933,-7.411873,0.5691544
-1.651931530299736,-1.4010814682319443,-3.515105053499121,0.9408610793200561,-0.31842506388560754,0.11569748532334281,0.16703360367722944,0.7330916634810295,0.6592999227796219,-0.29475448200713866,-0.6009842690321144,0.7429250996652622,-9.550001999912215,-1.9143241199110688,3.218395011465616,0.7057953,-7.2359695,-1.0739609
-0.06971416066201924,-4.257036323740121,-1.8219951608976244,0.940809913312576,-0.33500950641236693,0.05143284579065038,0.17122030709578212,0.6007286259360425,0.7809025063469963,-0.29250694598728527,-0.7258744716508069,0.6225318770592032,-8.706888284151155,-1.6867830008968252,2.943918756669094,0.76294553,-7.1022887,-2.619783
1.0423055207304879,-5.567256424542423,-0.3570593096896548,0.9408233576138437,-0.33883937381471885,-0.006268055604570444,0.17348022020896223,0.46563294348874984,0.8678079137310587,-0.2911288768989822,-0.8175413388268836,0.4968602784935473,-7.4376802928864585,-1.4336105538640036,2.423557521759826,0.82269895,-7.026286,-4.004561
2.4000321775488143,-6.952394033955411,0.7220070021309328,0.9424147150349943,-0.3246018582516367,-0.08054898202394614,0.1714867862452897,0.26222437464450643,0.9496476501764007,-0.2871354854920791,-0.9087750056872622,0.30278903878665436,-5.625500867643896,-1.1432623337802799,1.6710519725999746,0.9990463,-6.997609,-5.7946596
3.4042687043407165,-8.548898041025584,1.4564466368723235,0.9494532159198308,-0.3055050124305409,-0.07214761367713704,0.15318295202322826,0.25030332024867635,0.9559724007950949,-0.2739955729367534,-0.9187028547100009,0.2844494520275204,-0.41353638341093496,-0.3920855679438343,-0.3246591648152028,1.299234,-6.9537873,-5.3738985
3.247683618589619,-8.394970104108985,1.0645316770069675,0.9549133441803239,-0.2943208523983673,-0.03893251789761121,0.13709419124105288,0.3208300821971314,0.9371623344358987,-0.26333569418958575,-0.9002462408701754,0.34671460592944253,2.9653312516403245,-0.052156740941635055,-1.59760037622545,1.5291656,-6.95748,-4.24698
2.3486558499201866,-6.757296790450095,-0.7524367796219598,0.9612426670514653,-0.27539458977303927,0.01305200994193343,0.11519497235703159,0.44418808410371324,0.8884970817531902,-0.25048483663377247,-0.8525577786074169,0.45869661079251545,5.926943969194993,0.13211895343351365,-2.6940023255156387,1.7780975,-7.0278444,-2.7929459
1.5319939649091667,-3.876252669000764,-2.600026047149278,0.9649307513600699,-0.25788134133428947,0.04904955526116415,0.10171226064099004,0.5395514015155236,0.8357863968490593,-0.24199847337326252,-0.8014870547390412,0.5468594334659946,8.637010896540106,0.2290887641593931,-3.3895893580333913,2.010791,-7.229701,-1.2366517
1.0245760214389703,-0.2959369056455312,-4.327252911993595,0.9714337239724801,-0.2081517733396832,0.11397086989447702,0.0718171170891166,0.715600298080828,0.6948082577802581,-0.2261831594570356,-0.666775113994348,0.7101071227187195,8.051773048095681,0.10584309460519331,-3.110672691449749,2.2308807,-7.5030212,0.2422699
1.2125671970514487,2.3349423845684676,-5.010144445858726,0.9747918757714918,-0.16921706445115392,0.14541796322473255,0.05135760232441341,0.8044338800359598,0.5918179866595623,-0.21712483877572153,-0.5694310474050616,0.7928461935569802,6.81067006466486,-0.0628067568270233,-2.6667481256858494,2.4475586,-7.7678895,1.5484359
1.641829717667229,4.224106739062797,-5.173778495896286,0.9773014769280615,-0.1330286842905469,0.1648793266305845,0.03345359775546564,0.8654117213324402,0.49994340617477684,-0.20919531541467287,-0.4830796225637645,0.8502184415032453,5.064391224764433,-0.175293167773627,-1.998613413457231,2.642604,-7.9918,2.5972488
2.108197259197499,5.655794578195125,-5.091044140239833,0.9790097845848718,-0.11205281116139493,0.17024690657369035,0.024386211854521098,0.8937081144904275,0.44798562339136616,-0.2023490903326933,-0.43443063152221895,0.8776815322409026,2.8747624868011115,-0.273953997517452,-1.0801610075274466,2.7793822,-8.132484,3.2622514
2.5168725075537415,6.705622558437671,-5.066262914549518,0.980397980083902,-0.10922928604459117,0.16397793667927724,0.025339087066978475,0.8952484570490442,0.4448461878199221,-0.19539122629743705,-0.43197125277209686,0.8804675493534614,0.1760002072771617,-0.34114657955968536,0.011605202903844786,2.827951,-8.167285,3.4257705
2.6888649683676116,7.2486680025778005,-5.487670014582573,0.9810107907776586,-0.1235602587287897,0.14950147437623004,0.035391756485861625,0.8719115850536455,0.4883826485677849,-0.19069675390692284,-0.47381752849817016,0.8597276881299387,-2.954791911286401,-0.39540492479317857,1.2324288216705366,2.766826,-8.048075,2.9895585
2.5312455519090946,6.565188089804063,-6.77791550601053,0.9802513227480505,-0.16454218854255218,0.10969600011086902,0.06392580680291234,0.788576069915983,0.6116054881870002,-0.1871385462038575,-0.5925146834851356,0.7835212277783017,-5.952525883092539,-0.4545099798446061,2.3743013999957308,2.6015105,-7.787955,1.9960312
2.5928608143857588,4.535980544443416,-7.572766402045409,0.9776012153194611,-0.2009617721742841,0.06253183133799252,0.09334631141226717,0.6802986050325981,0.7269664876295361,-0.18863279129471655,-0.7048462060019,0.6838197832273443,-8.212690066355753,-0.5763234772101361,3.2182025995799832,2.3674302,-7.4873276,0.61513215
3.1286669282182107,1.2653594526178802,-7.026102867028223,0.9709101447533581,-0.23904180678962736,-0.013874632310905965,0.13538830216823455,0.50026384644029,0.855222831536184,-0.19749303393035217,-0.8322229860749565,0.5180747079306888,-9.416983862790804,-0.6976218135128336,3.801283451929038,2.0766037,-7.2001524,-0.9611847
3.9871854154153086,-1.2604578613498012,-5.157626923105747,0.964300957482177,-0.25537504318105164,-0.07005177170658693,0.16405405851903468,0.3684637680138695,0.915052303174225,-0.2078699816769823,-0.8938780895520922,0.39720527657159055,-9.29656768375524,-0.7057546898104858,3.9714727129651326,1.747525,-6.900502,-2.5624924
4.769103844456631,-2.7919385800497616,-3.2472461150778433,0.9522669184449722,-0.2661003729547663,-0.14959380852378149,0.20275220129816557,0.1849867778993249,0.96159837607557,-0.22820880987390413,-0.9460287963459469,0.2301092253260963,-8.409124752031637,-0.5988089750305126,3.836157106303963,1.3907547,-6.563844,-4.073819
5.366275602471789,-3.243821995258552,-1.7921172301159647,0.9375551495822596,-0.2647965488445766,-0.2255507242546287,0.2371759945445831,0.012342466613725428,0.9713882906076624,-0.2544364146571275,-0.9642253114484663,0.07437512795643086,-7.13310121630807,-0.41779067375059625,3.4527970565239365,1.019249,-6.2286468,-5.4253616
5.93818315422407,-3.2963056918860674,-0.41910908549725856,0.9237445518525325,-0.2580786864375742,-0.28300423058572666,0.2625980871867165,-0.11113449207046448,0.9584838909851939,-0.2788157949769715,-0.959710641953551,-0.034888912170823086,-5.277412559956189,-0.18486228326441181,2.7968157899682207,0.66524965,-5.9556913,-6.522563
6.548205483347426,-3.471497226653553,1.2283542456482537,0.9132393104066882,-0.25407608937192405,-0.31849537318049925,0.280270676327968,-0.17560456236116118,0.9437220913322989,-0.29570645904102083,-0.9511090255524948,-0.08915891202794121,-2.910546377080738,0.07068946107092644,1.8841922444258008,0.36916047,-5.793921,-7.2332597
7.0269061963317245,-4.074581328137015,2.763260044083454,0.9063581160162821,-0.2591833825412351,-0.33367490128251803,0.2944992131967485,-0.17874521200393634,0.9387866438185852,-0.3029606887995711,-0.9491438897238672,-0.08567787136675357,0.04116588861137857,0.40205373456963145,0.7495442086539044,0.17274627,-5.774063,-7.3996763
7.0129926764045685,-5.16214471167782,3.302417502582033,0.9043818634516227,-0.27684521697888437,-0.3247309207569917,0.3045365675136076,-0.11433345819444565,0.9456137368843202,-0.298916249318767,-0.954088353441763,-0.019091613865451995,3.303746455895838,0.8650209391923936,-0.5324555508738711,0.09354553,-5.9151473,-6.9235306
6.162436197636115,-6.035199022320827,2.2614027467589337,0.9059910142405381,-0.30476693726719145,-0.29376418444762087,0.3114761784458178,0.010039205741165708,0.9502009285455761,-0.28664066769422153,-0.9523740485213064,0.10402307112822905,6.143313171713245,1.4011948618659913,-1.5974203926247292,0.1048584,-6.194133,-5.892279
4.571985756626597,-5.788339422449744,-0.005925808866003912,0.9099660845810427,-0.3364065430067198,-0.24247136477224224,0.3139436551779023,0.17685379967986342,0.9328248039757159,-0.2709263853628587,-0.9249612810064343,0.26654365937525726,7.984600373111886,1.8952488967264656,-2.3173715420296426,0.16253662,-6.548021,-4.5241456
2.7430940710848706,-4.3514201102241,-2.4205680638602165,0.9168109461299596,-0.36024647193280135,-0.1722793328181206,0.30842800935017106,0.36480637688433193,0.8785149232840711,-0.25363330243597393,-0.8585678696786277,0.44556858175922354,8.951167644922256,2.1452207224349933,-2.8587861234689877,0.26517028,-6.9328585,-2.99086
1.0593782545341057,-2.3988502069029183,-4.004246768205673,0.9247600487723762,-0.3673003504430324,-0.09954549090208639,0.29698535899596773,0.5330033700063346,0.7922796880546202,-0.23794652495161167,-0.7622321563187405,0.601983048878568,9.169219062938176,2.1482611521512562,-3.0793617297540266,0.41766357,-7.3049316,-1.4032166
-0.4783971528527352,-0.48158502807852477,-4.638884293736643,0.9330672621964996,-0.35872792609105675,-0.026452963152304318,0.28141530379328805,0.6822111655851372,0.6748283873266594,-0.22403328102775083,-0.6371045444771044,0.7375004328124585,8.794647967884938,2.011019347712472,-3.000546503042257,0.61339873,-7.6502275,0.15811005
-1.806411636591515,1.157911686024299,-4.47329330305625,0.9404315666378903,-0.3382988392765216,0.03379887298654462,0.26527599230726734,0.7923267533529927,0.5494060100021663,-0.21264316677569703,-0.5077127251362376,0.8348716502303452,7.952832819037741,1.713543282892953,-2.7139037045143164,0.83937377,-7.948944,1.6273224
-2.83377532780606,2.5981737495402264,-3.62249737968917,0.9467485544324882,-0.3124696996225578,0.07765218282689465,0.2504263326692384,0.866216272848607,0.43238411228686874,-0.20237051807471554,-0.38991288189806783,0.8983396450920531,6.574625986968371,1.2550084349544277,-2.2287712427671624,1.0727189,-8.15906,2.9217422
-3.526758520752016,3.7952234239854596,-2.1613683095389735,0.9519032055573323,-0.2885653542547147,0.10300642491381365,0.23851810432345597,0.9089074823571632,0.34204722250751896,-0.19232628826975007,-0.3010269503533107,0.9340200072810901,4.742566800920593,0.6953904523414031,-1.6094224557729482,1.2864273,-8.258169,3.9306884
-3.9526155064188453,4.590616416885836,-0.3270980065601494,0.9557273099404907,-0.2730350707356638,0.10971398808849925,0.23128614769353792,0.9275447619386191,0.29354289718082693,-0.1819121406586024,-0.2551716378216865,0.9496290898726745,2.555158738510675,0.06620202761305016,-0.8922884412687665,1.4598297,-8.260292,4.539566
-4.149984825411118,4.914586561977106,1.4740662435619267,0.9585126816129778,-0.2673562489410334,0.09886392334556372,0.2292537679981687,0.9291552065575895,0.2900229507910802,-0.16939937734755417,-0.2553257493460149,0.9518994761397646,0.16487727775867095,-0.5941447541228541,-0.1332057669326736,1.5820282,-8.237352,4.661992
-4.215714608784447,4.711024905752057,2.644955892371997,0.9599805590532832,-0.27071486701288366,0.07176898367638776,0.232578049866581,0.9133483000785285,0.3342189902802064,-0.15602812874607885,-0.3041518428710562,0.9397589475594997,-2.116322448041862,-1.1547561304755762,0.5194157293660784,1.6579803,-8.272173,4.3023453
-4.766705086155384,3.1405401441507133,2.279716365793802,0.9576726931392748,-0.28702539606052935,-0.021896000357684853,0.2547218381801723,0.8095410461583848,0.5289235102913294,-0.13408876899084987,-0.5121129920252803,0.8483869903702171,-5.482075181457891,-1.9732153050564452,1.4149258642605382,1.7181991,-8.519434,2.5398147
-5.146635109170464,2.309773463645663,1.4963915367027227,0.9551428636449485,-0.2865263663448898,-0.07486488774666372,0.2688457507876274,0.7329155667892715,0.6249453850068806,-0.12419368869456858,-0.6170392316110507,0.7770704693535084,-5.482075181457891,-1.9732153050564452,1.4149258642605382,1.6953064,-8.566884,1.257251
-5.32190368385492,1.4880694599586695,0.7126563858410369,0.9511588302982861,-0.2789143092931177,-0.1323015027017403,0.28435453469834654,0.62477445228868,0.7271859338325153,-0.12016396357511781,-0.7292898544741482,0.6735702858789085,-8.045778599561231,-2.567907120717226,1.9282869593210767,1.6341156,-8.421495,-0.18988037
-5.263239594209031,0.5011070169877369,0.3191460495771894,0.9455263291604017,-0.2566841623648601,-0.20023286856933675,0.3027080730611144,0.46691283288311225,0.8308791903716776,-0.11978223310692633,-0.8462302566560228,0.5191787450886263,-8.893100032234237,-2.7718592352654445,2.0512608371737047,1.5294616,-8.023539,-1.7033478
-4.996172179750136,-0.7867609460046346,0.7350285645762926,0.9387356935880258,-0.21853051314717128,-0.2664952389958244,0.3217568898911484,0.278665825620096,0.9048855515693939,-0.12348198812532463,-0.9351950451403737,0.3319072553493111,-8.893100032234235,-2.7718592352654445,2.051260837173704,1.3915313,-7.436348,-3.1766663
-4.70344920533927,-1.8215011697076515,1.7071037866051793,0.9339256579984729,-0.18392420989557323,-0.3065203914039124,0.33351090973234815,0.13969663820625083,0.9323386307363724,-0.12865977779251722,-0.9729628637764969,0.19180700532102318,-8.555947943334662,-2.6536003900978056,1.9243621534317126,1.2320923,-6.734268,-4.5464997
-4.353679272233401,-2.3258021490115373,2.9248815150126877,0.9278530311920935,-0.14048472476737703,-0.3454747380267874,0.34652610338350964,-0.017697724328843867,0.9378733657735578,-0.1378709983335295,-0.9899246600931889,0.0322607370948238,-7.395886148533019,-2.2274730979995168,1.7284856755308586,1.0628357,-6.055766,-5.7654967
-3.9778341654397313,-2.5956480802958772,3.8930581502646424,0.9235870948438109,-0.11166948849476595,-0.366765324938558,0.354584477792119,-0.11499416787250472,0.9279257456629818,-0.14579686672510783,-0.9870695348832464,-0.06661086216611894,-6.035918931297234,-1.7443023855616704,1.4752458256872125,0.89832914,-5.45885,-6.7880464
-3.63957035384587,-2.6204206388710305,4.427663073797989,0.9181436625446514,-0.07966734493342026,-0.3881563204178853,0.363778741984705,-0.21887761637247,0.9054046697091481,-0.15708991631902366,-0.9724945774668187,-0.1719798098281221,-4.429688375809041,-1.2023766538773328,1.15626342174035,0.7513458,-4.9948835,-7.573851
-3.387785598845573,-2.7148390110662772,4.541003246134779,0.9149661583730726,-0.06724229735764496,-0.3978886810127764,0.36874886707775084,-0.26114748780133534,0.8920909497601279,-0.16389387438490793,-0.9629540295679324,-0.21414559271203035,-2.5559795892629436,-0.5770408296887013,0.7721491886242111,0.63036954,-4.721133,-8.069034
-3.1629617854006824,-2.905754776310368,4.644281523219791,0.9116331572467913,-0.06978011412202154,-0.4050379269665547,0.37433825980343666,-0.2659118976458702,0.8883477528185162,-0.16969341134994345,-0.9614684593700882,-0.216292736311068,-0.19926831210525364,0.2027905059310436,0.30996220874282915,0.5403137,-4.67753,-8.169316
-2.8157952647659545,-3.368891043078942,4.913869999641869,0.9103566962903217,-0.08974442285981565,-0.40397601919535886,0.3766126049206808,-0.2249011531039506,0.8986558947380098,-0.1715040271662139,-0.9702398723501694,-0.17094138986125845,2.598335104819348,1.1938372676005415,-0.33219380244550384,0.48319855,-4.879669,-7.761815
-2.2503937056930554,-4.387481198400253,4.962738699543266,0.9107839294040537,-0.14069265033208067,-0.38817291518322866,0.3759607833186035,-0.10600652779094748,0.9205520655955151,-0.1706637727983685,-0.9843618207794547,-0.04365412289790005,5.608018378865968,2.273963634237983,-1.0874237251242929,0.45975342,-5.274283,-6.801381
-1.6703786189656968,-5.7277350085799785,4.284152056895867,0.9130089904548885,-0.20330464650185692,-0.3536690600820201,0.3714936344482145,0.0561698705664654,0.9267348192471259,-0.16854394949982876,-0.9775030262619665,0.12680997884905448,8.41215381602051,3.3248205763457883,-1.8233063720230271,0.4653,-5.7484055,-5.373912
