0.45089357795344065,-0.6085487185331288,0.4171962000550915,0.9999974212615776,0.002233683431324317,-0.00041003478331473186,-0.0022352961949288915,0.9999895980056416,-0.00397584348740219,0.00040114974241192377,0.003976749783932756,0.999992012238118,0.16970947,-0.017310793,-0.09536866
0.5749806663785608,-0.842713252034667,0.371884769655153,0.9999896049226398,0.004483016717053139,-0.0008322306035742243,-0.00448951788145502,0.9999580688234534,-0.007981530182974263,0.000796414373927954,0.007985183528526797,0.999967800765685,0.16970947,-0.017310793,-0.09536866
0.7600284840101074,-1.2361402866195539,0.321226041680759,0.9999912086674921,0.0035461745163256017,-0.0022376849706808306,-0.0035656953969540827,0.9999550901758762,-0.008780856888216235,0.002206446025713898,0.008788758595783406,0.9999589438163352,0.07137171902322133,-0.12640953229153412,0.08273963638433936
1.0563970296421838,-1.7800814004851755,0.2738544593300753,0.9999696779673165,-0.002997624844287472,-0.007187307648515833,0.002930929149301979,0.9999527159945893,-0.00927229364104875,0.007214762661604063,0.009250946996765914,0.9999311812216878,0.01776867317241,-0.19311749919966195,0.25058209151419675
1.4596731258883786,-2.469098413123528,0.2601631263771726,0.9998538189048013,-0.011941262419071723,-0.012237118669195586,0.011843261566759354,0.9998974628046589,-0.008049908835943313,0.012331989983227822,0.00790380469423067,0.999892720192726,-0.07018333873564435,-0.27492012856571635,0.4772209723571133
1.9503203006224135,-3.2533287838910354,0.31341337943952363,0.9994475505076418,-0.027096327702662334,-0.01924533214328252,0.027007316026288294,0.9996233725939178,-0.004870097023419786,0.01937004556864857,0.0043476417735669425,0.9998029302545963,-0.1717925821745122,-0.3571753802111472,0.7596463192470251
2.5067225499358288,-4.01547870234477,0.4387777511793254,0.9984308907181917,-0.048530490830083255,-0.027938287697528097,0.04856392552633071,0.9988199415927047,0.0005190512680748804,0.027880129073439557,-0.001875029742988383,0.9996095150939247,-0.2930491989006525,-0.4344615468678653,1.0655108809046672
2.9699726853621264,-4.807794599144858,0.5453087209080216,0.9961058186753946,-0.07902928807166086,-0.039084135245754215,0.07945183430555844,0.9967946078424345,0.009376342662766943,0.03821784957979784,-0.012445135721798214,0.9991919307972629,-0.4572074819231584,-0.5085515411038096,1.4166617551872747
3.413194618243558,-5.511663268958333,0.6890613875982531,0.9925254459494511,-0.11119887197758291,-0.050279717717549,0.11228140661802348,0.9934902513016809,0.01923554772813636,0.04781343818134563,-0.02473724801663405,0.9985499204796136,-0.60858138450601,-0.577253397984606,1.7478900646536863
3.6468768948718764,-5.856027863062007,0.9445941616566491,0.9860062427101776,-0.1535307877974041,-0.06496142343627247,0.1558564329850726,0.987249476376389,0.03236114478376077,0.05916469921944824,-0.04203294651644636,0.9973629077589652,-0.7292783259071394,-0.6336407053703972,2.0135733591574154
3.5728434676194207,-5.731656721711233,1.3734619864213695,0.9779194043477998,-0.19335342685421922,-0.07929748371653592,0.19727638682680357,0.9793157497014807,0.04497432141998973,0.0689613355483022,-0.059624782686038366,0.9958359400468721,-0.8402057128197515,-0.6871981207371316,2.2118925234077254
3.2808851496813123,-5.131848943600289,1.9418868227730812,0.9688234089421046,-0.22960254602550217,-0.09307992879459076,0.2354168380804065,0.970216819246986,0.057080960034720005,0.07720177869727211,-0.07721395281209745,0.9940210716363658,-0.9526272781750256,-0.7333191280648335,2.342595994256042
2.8812087601050114,-4.0875025091589405,2.514656019432457,0.9556717997819333,-0.27287095900025593,-0.11060221894627847,0.28155990966943467,0.9568200913281317,0.0722449312946315,0.08611288154799848,-0.10018359429121584,0.9912355013145936,-1.0328842310966715,-0.7551965996538039,2.3861245238343787
2.285887409834457,-2.715305253914984,2.878702891207723,0.9362433994432828,-0.3252386676451151,-0.13292142817211777,0.33814306706902897,0.936834247506818,0.08944752032049258,0.09543355380596115,-0.12869110989794566,0.9870820812076369,-0.9710756552028682,-0.7091711835580239,2.2810262527961433
1.3715655539766356,-1.1855128946715405,2.809177418420985,0.9234955883069651,-0.35497313561040317,-0.14543029729905022,0.3703453140818848,0.923839114105891,0.09677623461177447,0.10000123356820129,-0.1432318548471722,0.9846239835804715,-0.7428490028870867,-0.5835068344414085,2.040539816695515
0.24486597699556029,0.5940202082208734,2.3381419247556336,0.9101118870052036,-0.3836105869632142,-0.15665015385107425,0.4009759647294557,0.9106651581452916,0.09953514680500611,0.10447310104093466,-0.15340106684749624,0.9826258106975109,-0.4073482305925094,-0.4260356533890266,1.6990490582838023
-1.0093269652359085,2.5107744673748806,1.5702347009756696,0.8987657725378446,-0.40652856413086746,-0.16417859988483885,0.4246622081065997,0.9003055186865143,0.09545670237670212,0.10900502337267719,-0.15551366360645738,0.9818011027245893,-0.00607054814405536,-0.2511040568820112,1.2972055211531048
-2.216173710219394,4.669065575878791,0.7427221472616762,0.8912897702029225,-0.42160815673262053,-0.16688051925896774,0.4388492481586256,0.8946681852908632,0.08354744531679864,0.1140784069060827,-0.14770037374656975,0.9824310238754137,0.44664076261905505,-0.05794853254459187,0.8202032251215158
-3.382844659007636,6.903124658956121,-0.10282862418776995,0.8888188688268142,-0.42749118018956406,-0.16508273464404224,0.44253445163246896,0.8942503990985075,0.0669289386626655,0.11901377036196993,-0.13254250100361917,0.9840062031775683,0.8228985281211312,0.119605744933937,0.3226772684613966
-4.2410658339879275,9.069532049814516,-0.8693344617347509,0.8907880436712303,-0.425335743333272,-0.15995676508205087,0.43720468539433005,0.8981592980086079,0.046496650093636495,0.12388996860773865,-0.11135250712856894,0.9860283438292002,1.083904669669922,0.2563341939857336,-0.15754004200711605
-4.731848576896191,10.941290675650796,-1.5624845323270313,0.8970972367243937,-0.41480917653398136,-0.152150895247635,0.4228275600998496,0.9059119697196304,0.0232455918123873,0.1281928324106487,-0.0851871479854811,0.9880838767719241,1.263433442936089,0.36954526690415684,-0.6177855072348558
-4.932244800354149,12.314464233472018,-2.1492108828732404,0.9077948598115714,-0.39471278902138435,-0.14181081299622092,0.3983365494498673,0.9172341754289993,-0.003075840935022278,0.13128779787955341,-0.053696197333183746,0.9898890001004624,1.4214423133273986,0.48424784466858645,-1.081218844201585
-4.995448100954097,13.048935776370236,-2.585492349089756,0.9205675663602401,-0.36787915983225894,-0.13122606268076384,0.3674608779087932,0.9296088969808866,-0.028280768385580454,0.13239282069690753,-0.022186086069676342,0.9909489989968331,1.5742820891979992,0.5949096408387825,-1.5742738119742274
-4.829908795775954,13.144798796020563,-2.599083719469496,0.9369109017120567,-0.32809907433087293,-0.12061906846069045,0.3233491790562782,0.9445247082623689,-0.05760541541832942,0.13282797392391155,0.014969064937787397,0.991026062441426,1.6516727163089593,0.592153339770339,-2.006077954731446
-4.40304253786772,12.333667991132828,-2.22329038748744,0.9523014459408411,-0.28356030349399686,-0.11276307170955897,0.2751605353867641,0.9576807590449049,-0.08446445122561716,0.13194178953103525,0.04940767184929659,0.9900253765120268,1.6843382394276794,0.5820943275646505,-2.400689946714815
-3.442084862849219,10.424789482108809,-1.4760587306275474,0.967812648750547,-0.22879847444905527,-0.10483289087034986,0.21694747241035287,0.969587977993973,-0.11328259859448273,0.1275635964262876,0.08689310110327861,0.9880167599021015,1.7001405461840413,0.6554706504717686,-2.6919163125667107
-1.8191556690533424,7.453166996535654,-0.5329811811202703,0.98123437424261,-0.16625992951525445,-0.09765622684855044,0.15158560287014236,0.9781603262056553,-0.14221174789637533,0.11916756189168397,0.1247397774361868,0.9850071472420707,1.6021876132622834,0.6891331252761773,-2.803574354194855
0.2939700270418193,3.754114809043843,0.3205929900111543,0.9900601088497206,-0.10740951334958547,-0.0907974520924671,0.09144655400369375,0.9821039588717518,-0.16464914736883016,0.1068574219477903,0.15470943865982614,0.9821641822853414,1.3518373927460365,0.7622958438994604,-2.754866240447373
2.361709603061897,-0.07638522052708892,0.9326613883762486,0.994912533769361,-0.05576087546402982,-0.08390336653623927,0.040016771415616076,0.9830678221066611,-0.17881922476047477,0.09245381633064077,0.17455194615343556,0.9802978679666443,0.9752872883858057,0.8140638065135217,-2.5781472519372226
3.80390515648673,-3.5703629355215787,1.4104960082398286,0.9970582745737182,-0.006638194737143966,-0.07635922651985819,-0.007656950743976798,0.9826324858820896,-0.1854043386614514,0.07626380668038787,0.18544360884057887,0.9796910225835485,0.5070583185459384,0.7887453371981445,-2.2553668048860933
4.6676376343539765,-6.723314979707728,1.9830740413742847,0.9971308129551407,0.0293385531240143,-0.06978102289311021,-0.04186894119896636,0.9817481906207775,-0.1855194921718686,0.0630645194883534,0.1879088595926757,0.9801597455865463,0.13825925319097765,0.684067800309423,-1.7723147933644425
5.407985080364879,-9.746613386428853,2.6816922048725376,0.9965037565893353,0.053416689230274074,-0.06424111156431088,-0.06434981081222887,0.9811189050423152,-0.18238639208285157,0.05328569181095721,0.18588262823686783,0.9811260283816662,-0.08558137866397393,0.5142266138113777,-1.1766847200994246
6.401242929940215,-12.430799650687614,3.2858138795768435,0.996241713898325,0.06312206950142567,-0.059313167431726724,-0.07273909954448068,0.9814749245809883,-0.17724558052657466,0.04702627867889439,0.18089382731481335,0.9823777035097109,-0.2255889722400244,0.3175845715933179,-0.4162043104827458
7.779333755094944,-14.157986134222204,3.5482741668194637,0.9970630186628037,0.05493591769128896,-0.05336086358402024,-0.06331994589028032,0.9832564965564534,-0.17087201769740412,0.04308040468088135,0.17374897676517678,0.9838472299120354,-0.33787237173966606,0.2139831361141144,0.44047119868658186
9.303462987724766,-14.378619004730352,3.5329885803480865,0.9985058236061048,0.029519964884994216,-0.045985779300579906,-0.03658044083028259,0.9862475699893944,-0.1611756868720523,0.04059546247248754,0.16261704204419783,0.9858537954805673,-0.5878815642172475,0.16046260887300381,1.3853409963996373
10.318928043361105,-12.936558133676616,3.4930786457066505,0.9992194908654662,-0.014301869962676801,-0.03682208019826748,0.00885724897380583,0.9895398096194719,-0.143987896431876,0.038496210400154454,0.14354937023139944,0.9888941399821295,-0.9613523997465864,0.11811776542151042,2.2298001821022613
10.10596585465361,-10.132113738136459,3.4970746020446732,0.996835228547544,-0.07444803931323163,-0.027875016932363196,0.07056057138128571,0.9901284360234761,-0.12110691947222843,0.036616019621341374,0.11875676662877759,0.9922480020070423,-1.1971449498500832,0.04226847619164875,2.905244014967875
8.45991882636694,-6.605121751699933,3.507185288362807,0.9896732363925007,-0.1418098168049083,-0.02090122068565246,0.13913491544597417,0.9854273277868475,-0.09784915408278132,0.03447260466274002,0.09393059942655906,0.9949817495909831,-1.2093381456863095,-0.023600835324165126,3.2858119619834927
6.012996419450918,-3.1015384896069196,3.439655860959511,0.9778097135583352,-0.20884547008841067,-0.016484346954479367,0.20694694252240925,0.9751568888434581,-0.0790063612741118,0.0325749451510128,0.07384180228501783,0.9967378096489111,-1.030777978692901,-0.08288962574284442,3.482049599052918
3.681357014433844,-0.022380885077789126,3.1474277663354746,0.9604300857657037,-0.2782413847365357,-0.012481273011073959,0.27690324600028166,0.9587148880533937,-0.0647329574426946,0.0299773699745221,0.058715374857573034,0.9978245647631377,-0.7429436010521451,-0.05576342223790298,3.4690354487980923
1.7113100764569813,2.69055901293746,2.44587056234187,0.9400168489054708,-0.3410470663478738,-0.0074311714646410525,0.3401597346893323,0.9387663730841149,-0.05485482351243877,0.02568421051757478,0.049036673031585515,0.9984666874904151,-0.5169450707186308,0.05337811111042423,3.2444716283408073
-0.22877384245414567,5.24193737548638,1.3456117945167048,0.9194405663958686,-0.39322811559525667,-0.0008330492461286641,0.3927547032035758,0.9184335370934895,-0.04715486245780299,0.019307718071130332,0.04302890943710476,0.9988872433741154,-0.40342408357231185,0.1893091062360132,2.8632786049773213
-2.368863187629042,7.528616658403054,0.15523011530302977,0.9001014513822131,-0.4356253902823894,0.006920734133600065,0.43553425207384616,0.8992747084751537,-0.040185992178921,0.011282397356400211,0.03918568665016083,0.9991682488308201,-0.3355382669177638,0.2804462084425245,2.3035061241880723
-6.313806926765629,10.7193213325035,-1.4996971490594135,0.8705752810686002,-0.49156474063399647,0.021512455874635746,0.4920187811670239,0.8700713433645463,-0.029889403385339894,-0.004024794559095379,0.036605508072513074,0.9993216888507475,-0.23668780917859167,0.311488024869782,1.605960067895362
-7.794946762480529,12.986580861018185,-2.4628565061885417,0.870883763200974,-0.49065563482096475,0.02860977125641215,0.4914273869967239,0.870219928260526,-0.03487692314150738,-0.007784234225706774,0.04443337120546006,0.9989820224712941,0.11940097139056609,0.17107490208776885,-0.01711415509302897
-7.610920852625315,13.404078683719696,-2.6183243012606185,0.8796918286403558,-0.4746057241976812,0.02986123209413551,0.4754902331478773,0.8788021370939214,-0.040197537488447635,-0.007164133189915809,0.049560169470575496,0.9987454454452771,0.23253213786575175,0.0940635698560541,-0.8854245857094343
-6.723512731932767,12.866502179319987,-2.229738860508925,0.8988686148548917,-0.4374777046680589,0.025465096646453307,0.4382182187879301,0.8973394224753942,-0.052409479999911295,7.714389519912664e-05,0.05826850598645707,0.9983009442342152,0.6169621707759944,-0.13696608288914341,-2.338862780780927
-5.164744945178132,10.956004848047842,-1.4078129690961911,0.9204194261242769,-0.39045501407559685,0.01931222401176377,0.3908391069201142,0.917997719076329,-0.0672679736021988,0.008536539986593025,0.06946272204487815,0.9975480227694171,0.6169621707759944,-0.13696608288914336,-2.338862780780927
-3.458246875349642,8.155349964790465,-0.3334674975777925,0.941620527464601,-0.3363222811414843,0.0154306663846092,0.3363317949910749,0.9375969471300938,-0.0882773380342369,0.015221890006379742,0.0883135773260135,0.9959764084176472,1.1829544629367708,0.038558510604047136,-3.4371000196980335
-0.8958522888340773,4.476062640260792,0.7945344824287374,0.9646477677130482,-0.26338944863781366,0.008982348941084479,0.2626524688908031,0.9580323132743267,-0.11483800463178177,0.021641738187967094,0.11313746094248393,0.9933436213615565,1.2093717627203084,0.063798879401323,-3.605667148951676
2.094372399573699,0.4693193688657663,1.5792561969608572,0.9799443133404734,-0.19922773841152544,0.004177439298750351,0.19795523464603154,0.970851768267832,-0.13513167329482584,0.022866303328269735,0.1332484607740514,0.9908188431158572,1.0718632356048123,0.18644820174235383,-3.538498495944617
4.455840269533349,-3.521507227905372,2.046442490933159,0.9931197686712786,-0.11704109565398362,-0.0038088059046346564,0.11492462338351174,0.9803738636552096,-0.16018557488711505,0.0224823489533904,0.15864573549223682,0.9870795685230574,1.0718632356048126,0.18644820174235383,-3.538498495944617
5.741129984440055,-7.03062652461943,2.5553697684157073,0.9970986447549242,-0.07582519538817994,-0.006695698039480459,0.0736398729590043,0.9831408489922011,-0.16736558831933374,0.019273342690701134,0.1663869309388194,0.985872165888807,0.4871812474303817,0.255673669962018,-2.6852517992523723
6.109755512647869,-10.404867626058074,3.1565350740726603,0.9998812137174184,-0.009761927626308356,-0.011927414807858985,0.00747595731911832,0.9839014418398391,-0.17855548943577607,0.013478446392026118,0.17844511064892085,0.9838575475994235,0.4871812474303817,0.25567366996201807,-2.685251799252373
6.894814863664666,-13.126110101101608,3.787858744555363,0.999843069785696,0.008718565937562211,-0.015421491805467407,-0.011377612682067759,0.983276420831871,-0.18176366569180802,0.013578870761980676,0.18191060124154096,0.983221311518811,0.22849726890753833,-0.006959432440672153,-1.2197672987162231
8.116124659920285,-15.182787026076744,3.905050286460309,0.9997472403047698,0.01433886310150727,-0.017316249823532505,-0.017284453530331905,0.9827482838273798,-0.1841386931106512,0.014377175284198334,0.18439145218609526,0.982747724083628,0.11025543619972257,-0.03659936623361577,-0.2575720223878728
9.593255642989828,-16.047764538369258,3.4482713028590055,0.9998668270836185,0.004601660872051432,-0.015657356576188254,-0.007381256797748342,0.9831962748345077,-0.18240230864666732,0.014554901092792354,0.18249358856893316,0.9830993057598059,-0.14456761902977833,-0.011516617890513031,0.7390018905434496
11.047840021795933,-14.887823282519319,2.90324627134711,0.999213367592412,-0.03885197535565285,-0.00794795795114683,0.03691640623105874,0.9845037468120971,-0.17143381073734232,0.014485336572301659,0.1710055453016284,0.9851635795645717,-0.4542507588624308,-0.004003368155063469,1.717752316989465
11.510635248127809,-12.609481566221962,2.366113148364679,0.9969935804017929,-0.07748413528780676,-9.703768676349797e-05,0.0764426344337069,0.9837956271768473,-0.16218103338106293,0.012661922383523603,0.16168603132743334,0.9867610161508906,-0.63117386244436,0.08495486667044855,2.609948486272578
10.37815577848311,-8.621555985157755,1.9863118735561354,0.9892888070932655,-0.14531248587325604,0.013854154947761314,0.14573535318393482,0.9778347574070503,-0.15033427433240254,0.008298372872769334,0.15074305508391145,0.9885381471403285,-0.5120365242942579,0.13818708814778946,3.0985060089243923
7.490712856395169,-4.125831658247416,1.8451923468056797,0.9731807299121001,-0.2284196818887697,0.027271154240030248,0.2299737964437881,0.9631480719809689,-0.1394913774703461,0.005596416441021778,0.14202197141701983,0.9898476851303145,-0.35645216789269524,0.03870128610355472,3.331621124440066
4.21163999054524,-0.3295710428108557,1.7160388398538975,0.961791319743642,-0.2717083177450288,0.03364591110295939,0.27373699595807677,0.9520711834457043,-0.13648633153596468,0.005051169134923521,0.14048149956654063,0.9900704186924821,-0.12102865243199397,0.00998133396430445,3.3292417112010124
1.762510168133717,3.029010235979222,1.328841489635213,0.9411737100399596,-0.33479055847024475,0.045905658570572785,0.337905379653205,0.9310072415423111,-0.1380053281478709,0.0034643803255227697,0.14539875568573382,0.9893670703606426,0.19548864982838246,0.13961693868163078,3.105948680002235
-0.30860137582592406,5.869139078733918,0.6116376622300834,0.9205424191781942,-0.3857882200396308,0.06139302706504671,0.39064171898026606,0.9094380760297366,-0.14255326463983678,-0.0008377861894367251,0.15520900471939686,0.9878813000397949,0.3699432364065641,0.36753486640715566,2.7311906398485126
-2.5492874600060382,8.23516640467111,-0.2723517642643458,0.9029986625938188,-0.42256811589705107,0.07765051693961333,0.4295849595892298,0.8909874040770819,-0.14696328885372723,-0.007083632436316104,0.16606514746689174,0.9860893412608753,0.38641579967719125,0.527955291533384,2.2064432383285446
-4.8970129581479585,10.161209078383663,-1.0157865222353741,0.8889355112616875,-0.4481969014347686,0.09440971540150149,0.45779679904736137,0.8760096735568734,-0.15175355882736766,-0.014688349121341688,0.17811959291176682,0.9838992138532465,0.3691463301089153,0.5947804370145616,1.5238555199154746
-6.824459340964913,11.75418284854541,-1.508485361035349,0.8817851696013546,-0.45925016429228604,0.10744394477408482,0.4711749775015416,0.8679684513906581,-0.15692325502272123,-0.02119092370640084,0.18899749730621362,0.9817488939461342,0.34875671941277675,0.5597865934780532,0.7681873046325619
-7.958708581179688,13.069034130566457,-1.8837590982556573,0.8820672863374546,-0.4566169822878513,0.11600962830564052,0.4704183509719182,0.8670948112084673,-0.16386934870260192,-0.025765819259986188,0.19911684976839528,0.9796369749535654,0.33721136611906005,0.43119768156271954,-0.05051976218690666
-8.198868363785563,14.1821302512537,-2.2971849604341616,0.8898784370721086,-0.44052178234903444,0.11856191003070489,0.45534460172512287,0.8735800326735563,-0.171811583410021,-0.027886572286470245,0.20687794901849543,0.9779692496679089,0.3068012351109635,0.2816050323355089,-0.8715644527904945
-7.6207266708438235,14.962728620777543,-2.7423477826051164,0.9040863158750749,-0.411557412647934,0.1151018224963014,0.4264561242805992,0.8862657049601861,-0.1807436700827877,-0.027624400645122962,0.21249375592229422,0.9767718752006708,0.25712730773968284,0.11212584519020186,-1.5794563952270262
-6.5137160713090125,14.896389627750947,-2.993568875590963,0.9223668173433934,-0.3718545071440295,0.1047075917996767,0.3855962189247672,0.9027168787484222,-0.19083446432348264,-0.023558654773564627,0.21639422898815586,0.9760217863582157,0.2654454036281872,-0.10572720973150396,-2.2560384155129727
-2.7864707623352585,9.760909988825446,-2.4384014250523003,0.9580531638661787,-0.2766433272429595,0.07485054908247156,0.28635243002046945,0.9346761343171199,-0.21067228047225062,-0.01167994124021314,0.22326888146347537,0.9746869166776964,0.2879632264721335,-0.24016928519939396,-2.8716632682111767
3.010241100915741,0.40895878867865926,-1.155185044993438,0.9899850274935543,-0.1364063940427811,0.03637225594913708,0.1411468192877192,0.9612938043271085,-0.236625859041813,-0.0026871441241363425,0.2393898858067352,0.9709198019558027,0.425679689624896,-0.12313077801039474,-3.499692610965269
5.029564805661646,-3.147262152763242,-0.3305482685433785,0.9959336768087228,-0.08716819899177172,0.02275558135461783,0.09008074978237259,0.9670590700448761,-0.23808026705837343,-0.0012529632481689673,0.23916199557720683,0.9709788720433765,-0.004092036522569245,-0.08741774766487442,-3.095661615905297
6.048315665494565,-6.098321033470198,0.696754758853495,0.999185923314357,-0.03951614862872032,0.008121862347138794,0.040317947044593405,0.9711640392035993,-0.23497845029674655,0.0013977827235694736,0.23511461663474745,0.9719666471891689,-0.2054598732284876,-0.15040771922157015,-2.571541588587737
6.270626547849733,-9.361717582880447,1.8545600514888345,0.9996274616232093,0.02484505512165074,-0.011298725801532152,-0.026776622197680563,0.9729040326020664,-0.2296535561456025,0.00528682063425483,0.22987054309467522,0.973206855167462,-0.20545987322848758,-0.15040771922157026,-2.5715415885877375
6.5634158766832265,-12.722657880021938,2.9430445034920876,0.9976406483016192,0.06318376166242234,-0.026850495684585293,-0.06761735479473467,0.9719864212069341,-0.22510062265551564,0.011875613116163112,0.22638509061226647,0.9739654822228517,-0.1815979309372237,-0.300652428253984,-1.9183585839198316
7.24201357050824,-15.657398549041355,3.715041486401255,0.9955923094186098,0.0841550517635227,-0.04139904212895276,-0.0913005055753505,0.9706291033292762,-0.22258338089779311,0.021451599199162476,0.2253820557029451,0.9740342693452393,-0.08487164302485736,-0.4590036524874719,-1.1533536600261596
8.723817125756934,-17.281377136826872,3.990638364165923,0.9965232092561438,0.07063442091803865,-0.04418452212490321,-0.07871804972200212,0.9719586023303745,-0.22158507170825195,0.027293993144961788,0.22429278619153162,0.9741395095162929,-0.09826066797395829,-0.35682965367880803,0.7841416116292657
10.309914708404648,-16.81063446245501,3.879998517457835,0.9985318736521188,0.03699779381805037,-0.03956337388776406,-0.04482355799727764,0.9744652778443098,-0.220018796752183,0.030412924049665342,0.22146915254366875,0.9746930124517871,-0.16878291987502844,-0.16179643629564375,1.8669975035781559
11.071527282664992,-13.61259432912439,3.6855908654597944,0.9993137130985864,-0.02439945768733295,-0.027870580863652586,0.017812062601191246,0.9762334057730454,-0.21598858275069432,0.03247819636316905,0.21534392008442327,0.9759980342417037,-0.28109556869543745,-0.08855282167425182,2.792044665220522
9.779909550487702,-8.852615288291112,3.4278614419507765,0.9966074877738699,-0.08083956248746539,-0.015442812240262564,0.07574360255662459,0.974304341270412,-0.21211779098739983,0.03219350842634056,0.21022848455541293,0.9771220815725835,-0.2975944042455799,0.002229541366920107,3.2826058190384764
7.118417744812233,-4.176199920303947,3.0898866410481616,0.989780533876228,-0.14257798347765796,-0.0024522208568507186,0.13884027494948778,0.9674705428918186,-0.21148079508211107,0.0325249567507271,0.20897910724293967,0.977379076880771,-0.06853382821567357,-0.025950900010756395,3.5285686020168288
4.517393126274674,-0.5986946065395856,2.5403674966975784,0.9719557056884651,-0.23433298659497118,0.019752406767675625,0.23285904837441262,0.9472969261025591,-0.2200118119256482,0.032844630760561655,0.21844126256301716,0.9752972085677668,0.3547589477291975,0.05516138974841234,3.5577214656057046
2.635013057327026,1.9427902291996197,1.699393884626483,0.9596115925995,-0.2791702654139858,0.034778646571320966,0.2795415402118876,0.9322923019814688,-0.2295377767646551,0.031656257590148174,0.22998918795191178,0.9726781866478794,0.7630071340733017,0.28665720263682204,3.335001386963172
0.8820117302972956,4.633321688552884,0.6454699825427228,0.9386862933874834,-0.3388178896706864,0.06380031540335004,0.34379553450153266,0.9059397573563794,-0.24713920469620188,0.025935941534287417,0.25392044754247006,0.9668773103432318,0.9349567844539906,0.5675882100244749,2.955354035631834
-1.3763536041553044,7.415395991459789,-0.38362607638907,0.921518067973923,-0.3778860021455292,0.08947971714346376,0.3878516934919027,0.8841063124010877,-0.26062826444577103,0.019378190139140047,0.2748785145387332,0.9612836667664291,0.9140321700808376,0.7217227107766712,2.455722882947461
-3.8978344169595323,9.767345653429164,-1.125266768165044,0.9065662057604363,-0.40625237662618807,0.1144409064045592,0.42189096630627154,0.8644923680458796,-0.27324157469094845,0.012071748932285613,0.2959931622115658,0.9551137737472504,0.8380539267575724,0.7616520312825129,1.8333979652810948
-6.028262164426388,11.440529575317575,-1.5486816643003372,0.8972827931446364,-0.4206282691562726,0.13399794145118435,0.44141263645761303,0.8505996629333439,-0.2857185639632509,0.00620270119353861,0.31551873574208117,0.9488990746615904,0.823186307908395,0.7297833848119799,1.1253294671016678
-7.216646275943901,12.666224476649617,-1.7319955578418185,0.8946364465530793,-0.4218368740046444,0.14723885434512907,0.44678866022997665,0.8429172036706746,-0.29978405702424293,0.002349806115266746,0.3339823939760921,0.9425763836025276,0.7519357258174942,0.577680340931638,0.28958502059414526
-7.460861224372145,13.798497551546793,-1.987101169115399,0.8987263475521139,-0.4117119938445428,0.15094431536227268,0.43850725365793897,0.8425978734031299,-0.3126343106984527,0.0015299362753318584,0.34716286935828194,0.9378036049375785,0.6190281543429189,0.351949613112866,-0.4669936049992961
-6.7594747050184445,14.680859443257347,-2.420180186870531,0.908469129992227,-0.3921315616874347,0.14462599413569102,0.41793577829628226,0.8492675441822352,-0.32260552323008584,0.003677644768672793,0.3535215364404976,0.9354191564222454,0.3476892627943688,0.047669389399636386,-1.1206507689900493
-5.480007387504328,14.963912887813272,-2.9355431544931223,0.9229151244380863,-0.36212260268863883,0.1307474424431881,0.3849500600280156,0.8622890074235806,-0.3290457703130134,0.006412828381927934,0.3540125538712764,0.9352186842304211,0.07579154724805268,-0.10969065102235576,-1.723141788007983
-4.209563413810888,14.400746303957748,-3.1717393465326627,0.9395495451328766,-0.32396599196420306,0.110872396435053,0.34225245616973526,0.8786021929633459,-0.33304870929908137,0.010483724833535204,0.3508621133303659,0.9363684472166732,-0.08338275871197831,-0.2543309996398122,-2.326834027098371
-2.927491483529557,12.761618792834835,-2.9273356870679192,0.9577670578841033,-0.27533022720097045,0.08291880861112166,0.2870578767400782,0.8987442471321379,-0.33144615497598673,0.016734342936129912,0.3412507058400756,0.9398233437886855,-0.37673012833300107,-0.4461009129941552,-2.8412016328190797
-1.326217895719577,9.684514902265029,-2.336517090106591,0.9735707741898811,-0.22175364876275136,0.05463759606460662,0.22734374165712953,0.9181639157050262,-0.32448397036918625,0.02178923524700255,0.3283296257690143,0.9443118584820003,-0.6141060551975777,-0.43319384965987395,-3.19742482800769
0.6240423566894368,5.4082205319974035,-1.6810763236083122,0.9868995519939375,-0.15942996292185918,0.024725719340335968,0.15907791979128172,0.9360410614382935,-0.3138811028659615,0.026897764015638828,0.31370243579578483,0.9491402910353928,-0.6839194118222555,-0.38699537068366197,-3.3870313637398906
2.4634412473878244,0.9393383725156497,-1.0807547835334983,0.9952902983525382,-0.09691349216649636,-0.002235406318115904,0.09182527564969063,0.9499243402310746,-0.29868355593908547,0.03106993333064818,0.29707157870226003,0.9543495881332875,-0.8220309285332018,-0.3103310875435722,-3.3491289833625286
3.9686842313630932,-2.867287649067262,-0.43235827422632417,0.9989708448586881,-0.03770845343890979,-0.025205627577221806,0.02924568900251723,0.9602761034613904,-0.27751485509027785,0.03466901782693077,0.27649209330513524,0.960390640074475,-1.0493844071380716,-0.24235691709771656,-3.1408786293942286
4.83506386502054,-5.9145280564265486,0.3600360327353296,0.9989144450161681,0.015166542935004189,-0.04404438117897422,-0.0257248300140718,0.9678650796386937,-0.25015079599460155,0.03883509570974699,0.25101227777020485,0.96720456561672,-1.2800444560360122,-0.20462077407222645,-2.7172570404308356
5.194780407816839,-8.798079982940198,1.3496047865426917,0.9966406682009782,0.056849322958839585,-0.058953651006755634,-0.06856554936617759,0.9728606534621711,-0.22099980630143606,0.04478999808014147,0.22429958409297077,0.9734903967927474,-1.368119094818157,-0.2301118055033342,-2.177861524962598
5.3653763861839625,-14.383742378212178,3.4427736543576573,0.9900587401389415,0.11343323063874768,-0.0831660583492203,-0.12600661452208065,0.978026390904404,-0.16609247963466112,0.062498193343272695,0.17492078458937704,0.9825969137685419,-1.2914384532410503,-0.31851581110502863,-1.5132000780700532
6.098093674630647,-16.148733177131714,4.112151958515194,0.9901696303277372,0.1100188676279469,-0.0863710133233009,-0.12212065816975834,0.9810635282160504,-0.15033595196246463,0.06819565986787299,0.1594057789734731,0.9848548875875295,-1.2379090400430302,-0.28290027675929574,0.21704560954758667
6.85685350528492,-16.353088453603522,4.6141037536681955,0.9902961089952766,0.10316833085489933,-0.09311236232330394,-0.11385819914092128,0.9864731795045301,-0.11792784491632902,0.07968642919091405,0.12738509185472796,0.9886471116510499,-1.2379090400430302,-0.28290027675929563,0.21704560954758667
7.561187432662134,-14.526486419828538,4.3731122835307135,0.9936980047837918,0.064991694020794,-0.09132554405540587,-0.0739826393468759,0.9923548381435873,-0.09878483835227293,0.0842071515013925,0.10491880156255187,0.9909092797601095,-1.2768890991821458,-0.13310610756368257,2.134951792470395
7.324185250341204,-11.250227750220073,3.9188262242053233,0.9957714283071781,0.017715616167008612,-0.0901411088843628,-0.024527515401581986,0.9968794327034837,-0.07503197745631993,0.08853057977503842,0.0769256367968691,0.9930985766015834,-1.276889099182146,-0.1331061075636826,2.134951792470395
6.1651113014893575,-7.553595585659934,3.3991017459278554,0.9953925016978952,-0.04337032167247715,-0.08551481018881106,0.03828261436240433,0.9974481221719559,-0.06026346333574254,0.08791023263068923,0.05671206903001223,0.994512710941973,-1.0706758690430567,0.02550447704946293,3.236328413896363
4.357830397421691,-4.309866201998843,2.9360639900100356,0.9913728103041647,-0.1031074984146596,-0.08092462394284221,0.09887528716751778,0.9935963794348747,-0.05468009108852487,0.08604434076196005,0.04620691013884725,0.9952192185032699,-0.6077912251742841,0.06537101571502094,3.43221267561327
2.635903857606328,-1.5526180706509038,2.352726564971746,0.9797119435206777,-0.18580783769097825,-0.07509963498936813,0.1826952708368641,0.9820719859718755,-0.04644407801971019,0.08238292139016493,0.031781469787584574,0.9960938672842845,-0.6077912251742842,0.06537101571502091,3.43221267561327
1.1082098052885276,0.9376870101204557,1.4883686273934018,0.9691807071933917,-0.23746311199373674,-0.06557459299426845,0.23386507171978305,0.970533030392141,-0.05807551245876169,0.07743310037454702,0.0409500593418017,0.9961562164672202,0.4805463487158816,0.41080588008683616,3.2243808151196065
-0.4492318532676678,3.660587344266281,0.5553763654885605,0.9552489960802958,-0.29160677223526676,-0.04964721416266284,0.28751745680945384,0.9547671443685766,-0.07585124958823788,0.06952026695437821,0.05818238926687767,0.9958823936900323,0.7370290159214741,0.616036911880438,2.8793446145094332
-2.2444982852866886,6.307321719343263,-0.3254665263028761,0.940862833079952,-0.33741775482382314,-0.030436623636887882,0.33327311020788875,0.9379489255822471,-0.09581673659370879,0.060878266574564924,0.08000669802434045,0.9949335479971098,0.8704191636188168,0.7241569877900202,2.385128820530898
-3.9834062867200304,8.449928120882344,-1.1385109478618625,0.9291123212802872,-0.36962386319279256,-0.011335528377146346,0.36589464884101797,0.9233159115685505,-0.11665690461281775,0.05358544946775866,0.10423975826320545,0.993107583498669,0.9901540407058016,0.7524203704139378,1.7702752247774383
-5.242382926103373,10.066602080629526,-1.8759926784908263,0.922144921425024,-0.3868120473858432,0.0050183550298124845,0.3837391299328482,0.9130248078880249,-0.13831117214243746,0.04891854503574345,0.12946868416032603,0.990376108240389,1.1047238049461485,0.7031972046491786,1.0394763411531414
-5.78603538854753,11.505693255934029,-2.4799450797952773,0.9208325628220427,-0.3896084679589774,0.016511600202398037,0.3871123681740615,0.9081866688715301,-0.15918853253517548,0.04702558509211305,0.15297782904294013,0.9871101145100543,1.188978591656984,0.6126971590107675,0.2675213520710556
-5.631568549550608,12.956327477281294,-2.837780641892352,0.9247509339593839,-0.37979095823250225,0.024383153735347298,0.37756393050185355,0.9075138744420342,-0.18402186304675391,0.047761789384776064,0.179380589083781,0.9826196699307006,1.1635264775772876,0.44499048950195946,-0.4213023703167598
-4.969003139343837,14.097686048251711,-3.130790737278157,0.933025346068325,-0.3588961612802248,0.025636868225232055,0.356305156685851,0.9116653592514141,-0.2047264224765831,0.05010328245884178,0.20014948953047068,0.978483440292957,1.0202106962390103,0.27792142349897686,-1.0819485591927256
-4.029667683870165,14.495946703906021,-3.300040755128378,0.9447967715509038,-0.32709020674080597,0.01926284302077073,0.323068258779086,0.9201496758669897,-0.22124980038707967,0.054643944188132954,0.21525931026585082,0.9750269066581874,0.7963934652371568,0.04925696922930889,-1.704055033095041
-3.004179464027909,13.879713803948027,-3.059412019207722,0.9587081666766364,-0.2843424627934835,0.005292919804407693,0.2776983018993777,0.9319678446582143,-0.23306563377152828,0.061337625237057714,0.22491176131020466,0.9724466028294917,0.5730113828858144,-0.16830069407661552,-2.331629319932276
-2.017679533610723,11.914056736650252,-2.4034905205273382,0.9696176895103531,-0.24445792190061721,-0.009047685263797827,0.23533825992293647,0.942262887182035,-0.238236342432928,0.06676405923133778,0.22886890540090118,0.9711650655452693,0.3528572530983546,-0.2735518423739025,-2.8448096487826975
-0.5508003243366624,8.5654295583161,-1.5615641363980084,0.983856879905481,-0.1761182022971265,-0.03174930994961908,0.1633349489334946,0.9562201961274501,-0.24282633912916657,0.073125469704757,0.23372059245519808,0.9695500762430217,0.2762837120089152,-0.23058209826827636,-3.2283297854128046
0.8461615846514201,4.423950559690546,-0.7618697540374675,0.9928862550223649,-0.10649325812304127,-0.05325477032153006,0.09032365579898595,0.9650846113098621,-0.24587258939539858,0.07757913244401435,0.2393133489532738,0.9678381058947834,0.2977405266697677,-0.17259316052142137,-3.4330531146573176
1.9977267375832546,0.5327802625869678,-0.024342996804258193,0.9967162437963033,-0.0347798994423469,-0.07312378510009478,0.01570687298301242,0.9689473395930869,-0.24676780024260506,0.0794356563117602,0.24480892894308232,0.9663118362185469,0.2702339725953818,-0.0725981666764105,-3.4753308746536433
2.7280518395251825,-2.5052078391989765,0.7304605849286321,0.9959428446586364,0.022971563227432653,-0.08700665179253723,-0.04381503594357847,0.9683079466632669,-0.24588607738957075,0.07860084476977745,0.24870067895294393,0.9653858707738688,0.22808910941632232,0.044405632384047156,-3.3774232690030375
2.8368950506258455,-4.763718421861893,1.5167154836420198,0.9908573577090474,0.09018951547977135,-0.10033717143394777,-0.11227689612043887,0.9636031078440946,-0.24261687729991405,0.07480371161514317,0.2516642641511218,0.9649194281793023,0.15138146215686105,0.16468940542849586,-3.1720750910628777
2.464605095904089,-6.5289652933947355,2.249191654394698,0.9835633116817502,0.1440042031316971,-0.10893117732784009,-0.16648758110028172,0.9567898230193683,-0.238401174296483,0.06989347074656943,0.2526183367195858,0.9650382783599971,0.08152542001496085,0.24625761409524782,-2.8398696684791167
1.8715550366678462,-8.21427886309224,2.8022205782572325,0.9743747626286273,0.19315614017666144,-0.11525852447631109,-0.21565285670581358,0.947868716451482,-0.2346033711762064,0.06393486800662378,0.2534474341647061,0.9652340290148816,0.09140533311402381,0.27762059097409336,-2.431639746498586
1.4192937788300581,-9.7847247340127,3.017240970471073,0.9660840650375154,0.22978855553928637,-0.1178083147479597,-0.25191651254940256,0.9389234193086929,-0.23443737624068822,0.056741959655380765,0.25616407323596274,0.9649664852198889,0.2262882607872506,0.3348246221108264,-1.9488712657335732
1.5932346909408346,-10.387202561782495,2.0977013057143705,0.9572517038040215,0.26649125002899887,-0.11247928352490409,-0.2866328426333313,0.9261684715264071,-0.24505831117179802,0.038868870426477575,0.2668227426746443,0.9629614919109428,0.37999746697681147,0.3570254896154912,-0.8812628550272229
1.9269886846614555,-8.34218685117947,1.5068453368710621,0.9549851597931247,0.2756405805724204,-0.10966136473979968,-0.29483606004111973,0.9227608435810982,-0.24816148624016646,0.03278783729259743,0.26932266131018023,0.9624916944215542,0.2176723845675358,0.2638259300897887,-0.43702861724451314
2.0412800041369557,-5.5584581180729895,1.1216788451091761,0.9519894374614812,0.28713652087422153,-0.10615427142614949,-0.3051001914490419,0.918346261271798,-0.2520992217081748,0.025099484845851276,0.2723834847936952,0.9618613481537317,0.2176723845675358,0.2638259300897887,-0.4370286172445132
1.6416321863164836,-3.0456522621637157,1.0159944041337026,0.9526362708011558,0.2858028744729896,-0.10392714995149166,-0.3032028391530656,0.9190116699641373,-0.2519634671916678,0.02349838044597377,0.2715405446939793,0.9621400930756975,-0.026817085185148304,0.13462386828808326,0.14869906099637487
