0.35778895343392825,-0.8105847254968007,0.010568234082269978,0.9999879756445397,0.004872524898879632,-0.0005541366665830086,-0.004872522452020396,0.9999881291753981,5.7655682013041565e-06,0.0005541581813984513,-3.0654555246421684e-06,0.9999998464496447,4.6381655,-8.454303,1.7777313
0.40926088640040814,-0.9344305355417719,0.008441454198764875,0.9999637837783466,0.00840698293947855,-0.0013242996441356894,-0.008406704691564633,0.9999646398050281,0.0002155361438032704,0.0013260648253258626,-0.0002043953418671272,0.9999990998869066,4.673772,-8.435603,1.7751312
0.5292608314158013,-1.1142721112228469,0.020075065073265952,0.9999420184655832,0.010455651130860244,-0.002576638586450835,-0.010452117216598339,0.9999444212330738,0.001381191711349318,0.002590936638734115,-0.0013541802992041525,0.9999957266123948,4.6979156,-8.424973,1.763263
0.7303533782532792,-1.484438124975676,0.05764520042085978,0.999937830766182,0.010287316071548855,-0.004301828758363395,-0.010274743808664798,0.999942907550887,0.0029344979714699218,0.0043317712645677756,-0.002890115347578436,0.999986441403577,4.705159,-8.42442,1.7465699
1.0012360893330736,-2.0272865951916685,0.11573184178026637,0.9999560081328527,0.0072910450762110664,-0.005901055897630891,-0.007271084672337075,0.9999677955815693,0.0033969291167977806,0.005925633020868868,-0.0033538726024555003,0.9999768189372535,4.6900496,-8.434656,1.73544
1.342578081681407,-2.6529420746225774,0.15270461385248968,0.9999692668037841,0.0014030780520390446,-0.007713418171122378,-0.0013755858432732187,0.9999926872715933,0.0035683563338762252,0.0077183684474441405,-0.003557636198041418,0.9999638843544262,4.647087,-8.458437,1.7275223
1.7960878880808746,-3.328324824746875,0.1363986583719943,0.999892372267859,-0.009990083642965265,-0.01074439897620997,0.010058966645305638,0.9999290778437778,0.006376242821695157,0.010679937761150705,-0.006483634112066228,0.9999219476629759,4.5662475,-8.503392,1.7013245
2.4434798356533665,-4.141515903630051,0.032177836182542774,0.9996518640761849,-0.022425724225466195,-0.013900990683116482,0.022587279904072766,0.9996778546917504,0.011575907110671156,0.013636914443664374,-0.011885862689058658,0.999836367028422,4.4369307,-8.574799,1.6319306
3.4062760377448003,-5.149209662002291,-0.10217295997050109,0.9987215230051828,-0.047101908583769746,-0.01835019602004715,0.047500060044671846,0.9986310912245544,0.021901779274950937,0.017293460670453554,-0.022745413766786092,0.9995917078340625,4.247154,-8.670812,1.5311264
4.51766033900521,-6.114016097901209,-0.10237587411273838,0.9967368118019853,-0.07799829284522866,-0.020784472859410326,0.0786440069602366,0.9963790957001115,0.03230816957159311,0.01818923220072436,-0.03383731616216796,0.9992618214796811,3.9877486,-8.786784,1.42574
5.337341561425555,-6.474768679111652,0.19418734061212994,0.9928911386589458,-0.11712878446285793,-0.021166828359375254,0.11796419037444475,0.9920494376029428,0.04384476184206164,0.015863056510132083,-0.04603000327980344,0.9988140979362566,3.6565125,-8.916695,1.3201447
5.511624953666502,-5.932348467267436,0.6616548482956998,0.9865018299417058,-0.16236184157152925,-0.021278437987020334,0.16330595593871416,0.9850493772159721,0.05485334266358784,0.012054222356028849,-0.05758781857240187,0.9982676689523026,3.2533524,-9.052834,1.2173691
5.091173478205783,-4.755060188651275,1.0204301913180112,0.9769738065262497,-0.2122903814043909,-0.02133015060397668,0.21324177018921897,0.9748614778467238,0.064599121178778,0.00708017006705467,-0.06766012838947585,0.9976833055725357,2.7934067,-9.186495,1.1254638
4.3593515582720475,-3.2972791323692348,1.1295885620041366,0.9641353265361895,-0.26452755805774414,-0.02163892679783315,0.2654065128139554,0.9613901957744682,0.07272052271997212,0.0015668697747212893,-0.07585553702095206,0.997117587059005,2.2980087,-9.311834,1.0504624
3.4084830302994242,-1.5595470464402545,1.046916324352822,0.9483420006213661,-0.3164592596749706,-0.022382734940890103,0.3172205729052133,0.9449335641091576,0.08044667516842062,-0.004307897764905365,-0.0833912248736919,0.9965075742968104,1.7893264,-9.426651,0.9834579
2.187990470815933,0.39416037869999293,0.8201960710300966,0.9317131478376974,-0.3624212857610252,-0.023694340541445296,0.3630716859781263,0.927712734174769,0.08676424200657859,-0.009463666697932659,-0.08944212920822354,0.9959470591027066,1.2884277,-9.528616,0.9237488
0.7456802239493309,2.364672234486812,0.44272827284720406,0.9126341167714248,-0.40809403204960565,-0.023626889561183476,0.4084982323572394,0.9083503988682999,0.0896032758151849,-0.015105067555353423,-0.09142654910526082,0.9956972547179449,0.8212921,-9.610153,0.8982681
-0.9879702338829708,4.357541687808923,-0.053582523373753466,0.8962073794799033,-0.44314569599041287,-0.02083806831107329,0.4431916575161541,0.8922225838354854,0.08671802351308061,-0.019836523733970927,-0.08695259064055404,0.9960149392991293,0.4187332,-9.666064,0.93638915
-3.1951946550599635,6.577807655828907,-0.6328604979587503,0.881572097565691,-0.4717543745751911,-0.016686727144582116,0.47152086278874655,0.8783623455105901,0.07840705289762823,-0.022331877408394124,-0.07698961006723998,0.9967817650785508,0.11179962,-9.697782,1.0248153
-5.556495372190117,8.848898739113405,-1.3763578325605033,0.8725798513196508,-0.4882608375218885,-0.014344253671757453,0.48806027328833423,0.8702645622988295,0.06660901774192363,-0.020039279146026535,-0.06512254716495086,0.9976760401763975,-0.076942444,-9.70768,1.1341445
-7.227881095821639,10.706938603957349,-2.3312172904236235,0.8705349127675458,-0.4919104488346637,-0.01389517830330105,0.4919232310531854,0.8690925807912867,0.051861553811429234,-0.01343504384047217,-0.051982654230241926,0.9985576113856347,-0.13542786,-9.697588,1.2566178
-7.175433017045924,12.72574256846731,-3.984266073121489,0.8911229237298514,-0.4535248986320407,-0.014666326191588221,0.45373961674655433,0.8909343261618419,0.018878205985613898,0.004504996986792163,-0.02347749533792585,0.9997142152709478,0.1570816,-9.619429,1.5394837
-6.473592613525762,13.143717130865104,-4.297769826570279,0.9049283359712955,-0.4252331075695731,-0.016778289035098797,0.4253220338819492,0.905039941611534,0.0019676336837823986,0.014348318742753993,-0.008916743492733735,0.9998572985355167,0.48641664,-9.548243,1.6900604
-5.404438967886064,13.156984347045267,-4.199352934433052,0.9261723293075255,-0.3763935358153597,-0.0230807846808432,0.3759355231426396,0.9263873467399085,-0.02188529734005777,0.02961923132935642,0.01159266995149365,0.9994940275653748,0.91517943,-9.452593,1.8332306
-4.029677392020959,12.185622680115586,-3.755247221933427,0.9444763357122012,-0.3269780826470936,-0.0324003819126123,0.32567302705134593,0.9446462118319148,-0.03975693553113602,0.04360654458755159,0.026997554334493426,0.9986839346505432,1.4270111,-9.332815,1.9471436
-1.9258507658414241,9.809901652360777,-2.9140831464903556,0.9610674712241225,-0.27273940090736265,-0.0443005073059306,0.2703759969595028,0.961308331287427,-0.05275521268593038,0.056974871856151896,0.03872352502130513,0.9976243544475545,1.9927566,-9.192942,2.0135713
0.8932961450684973,5.709348074600705,-1.915723082960871,0.9736139811340776,-0.2213962726380816,-0.055312803239537994,0.21806904485831588,0.9740644281130348,-0.0603687134152161,0.06724364218893492,0.04671381323324876,0.9966424194455984,2.5585952,-9.046289,2.0415542
3.6444665964873275,0.6117424554721701,-0.9475125120253178,0.9841765651322208,-0.16461019357549622,-0.0655741779634384,0.1603422851717601,0.9848666585562308,-0.065787661838548,0.075411141288546,0.054232361513424907,0.99567665973158,3.0887513,-8.897809,2.0578523
5.403326201418389,-3.946110654623488,0.12864160988378193,0.9904434562980281,-0.11615629077071284,-0.07436044641343352,0.11133561298268367,0.9915889300548395,-0.06599829599670835,0.08140111275766213,0.05708861451365455,0.9950450989451314,3.5539505,-8.763205,2.0480545
6.28601244255519,-7.355944791595801,1.5227829784266862,0.9934638471929876,-0.07831733203014722,-0.08304203648867853,0.07331973252355503,0.9954032021560654,-0.06161722129507415,0.08748600541333293,0.055125861817584915,0.9946393005585931,3.9322617,-8.655876,1.999974
6.89609178871162,-10.12884034696052,3.0443642019968897,0.994322566217721,-0.054738650247282666,-0.09124864097240593,0.04990086134174388,0.9972670197477995,-0.05448298230360173,0.09398158515133408,0.04962027299852541,0.9943366080759547,4.1974397,-8.587064,1.9216385
7.650211376825776,-12.649728991574468,4.364504679872161,0.9940558334844055,-0.045313507643390656,-0.0989933631142786,0.04100327892620105,0.9981383483012649,-0.04515051237498247,0.10085500003928033,0.04082307773154378,0.9940632501463884,4.32635,-8.564934,1.8260132
8.70380978056065,-14.643244155190054,5.286541296962355,0.9932303179517343,-0.05237881401293263,-0.10368218431386726,0.04908740911400485,0.9982139880657654,-0.034047911776126066,0.1052803959337658,0.028727928439745913,0.9940275370227881,4.297923,-8.59518,1.717247
9.926766234475403,-15.630498240743423,5.763544014336745,0.9916430883190679,-0.07643135203145061,-0.10393379534908355,0.07479963583490577,0.9970076440133107,-0.019513386635686372,0.10511422295762951,0.01157610494392506,0.9943927764853991,4.103433,-8.675654,1.5964096
10.79379571553105,-13.234275749021474,5.049480654839086,0.9843568236604165,-0.14913703760485075,-0.09380718377408202,0.15028877791854098,0.9886279597710845,0.005295317801139118,0.091950676696404,-0.019310649220388484,0.9955763013861672,3.274234,-8.931158,1.4688644
9.250252146690595,-9.150016471159846,3.981306944736971,0.9756746845578312,-0.20300574555605758,-0.08275008872626845,0.20473642303559436,0.9787320628758458,0.01290527726871079,0.07837031960867795,-0.02953330949997498,0.9964867669138473,2.7160873,-9.063687,1.5175034
6.615600369388088,-4.245585468367831,2.772589711954432,0.9610321824376884,-0.26784341229209824,-0.06838896702523183,0.26933563287551415,0.9629524659536882,0.013448612465890644,0.06225320218751451,-0.03134413510429704,0.9975680849004562,2.122589,-9.182263,1.6147354
3.8583830979553744,-0.21326776739395448,1.488096017617009,0.9423867286372145,-0.33027335380470385,-0.053167334473729226,0.33117491772061514,0.9435274619082454,0.008893958496012138,0.04722740265134697,-0.025989236071453745,0.9985460089786697,1.5379899,-9.275461,1.7647202
1.4936005555978988,2.740000255624581,-0.024645414735895436,0.9198285812292233,-0.39078691605704313,-0.03465497644580337,0.3909715804504214,0.9204014314350222,-0.001558297937575493,0.03250545237238782,-0.012115743930435397,0.999398121028391,0.9897873,-9.336096,1.972667
-0.6836961431230064,5.290573105555694,-1.700797175707084,0.9008941366407388,-0.4338352167380059,-0.01329508496493046,0.4335896066608956,0.9009326554980461,-0.017899811532218902,0.019743544818176823,0.010361224595882868,0.999751387827437,0.5130981,-9.365511,2.2127395
-2.932125105877054,7.759145415661327,-3.2817467638869715,0.8849427841657901,-0.46562938114648633,0.008096182189131164,0.4656185198676543,0.8843299651099507,-0.034057403965781496,0.008698431419204783,0.033908586254419774,0.9993870847019547,0.13564606,-9.363482,2.4636352
-5.074705680968996,9.949539086130217,-4.474843827442809,0.8731783344677184,-0.48645239819975683,0.03039178346010478,0.4874004519846586,0.8715589120079567,-0.053158840324609116,-0.000628984365046107,0.06123011665195248,0.9981234779291873,-0.112385556,-9.330075,2.7200577
-6.868332270853264,11.676710494520727,-5.234055970632659,0.8608822870860077,-0.5060609702601212,0.052763454785948904,0.5087219987276105,0.857966274425302,-0.07138487206230903,-0.00914416711076159,0.08829590210282444,0.9960523168386785,-0.21231842,-9.272955,2.9785538
-8.064609285648388,13.321586358592441,-5.730006477003602,0.8640133718103532,-0.49916444510546826,0.06569436867383446,0.5033591891148865,0.8591632470965065,-0.09202196244479341,-0.01050809528449499,0.11257607019760735,0.9935875443826555,-0.16522828,-9.204317,3.221373
-8.027786495051199,14.38717982688216,-6.034398299734733,0.8735776330939745,-0.48148461567156875,0.07095550598459897,0.4866233939568521,0.8664507808463247,-0.11162758093190116,-0.0077324906623583885,0.13204396708064758,0.9912137001402682,0.009971619,-9.134033,3.4084535
-7.48399064171978,15.060388995066312,-6.215576924665089,0.888556628072609,-0.4536326443099793,0.06844371939462524,0.4587618294501041,0.879307698126531,-0.1278888417924511,-0.0021685358720558694,0.1450358439550596,0.989424025087533,0.31569672,-9.062597,3.5307312
-6.264402162134432,14.927042849521671,-6.266765335480818,0.9073861605783075,-0.4164832249663126,0.05649848593207847,0.4202243439418265,0.896477653562317,-0.14049668117810998,0.007864880775909872,0.151226783292714,0.9884678060844062,0.7200241,-8.993864,3.5776932
-4.504248373928826,13.669270218817942,-5.978967485718272,0.9269699203401702,-0.3733354008096535,0.036707564436136396,0.37453936124042086,0.9155399687128988,-0.14665208000843818,0.021143170674132686,0.1496904946597444,0.9885068144137225,1.2016449,-8.924263,3.5404449
-2.022670286445077,10.778663077268595,-5.094101855226055,0.9472729215682926,-0.3201753240192881,0.012719038981559558,0.3184652192037481,0.9363422351791987,-0.1477941906068376,0.03541067947638792,0.14405200626428363,0.9889363494534192,1.7392257,-8.842707,3.4426284
1.0209537459738933,6.052273290953987,-3.66107359540922,0.9631589709328972,-0.268733506730935,-0.010348868130201831,0.2644493613356915,0.9533980108777836,-0.14525415017626794,0.04890124743426137,0.13716608623992765,0.9893402512710144,2.2900558,-8.746813,3.3209672
3.9907655131930797,0.6746655102407237,-2.0349816805941545,0.9754272924511916,-0.21799320309696102,-0.031946213310244116,0.21163517914017524,0.9673811537490098,-0.13922734760649616,0.061254780153410134,0.12904521213420175,0.9897450101584733,2.8272643,-8.6434145,3.1847045
6.054954012312397,-3.8528695327179707,-0.4102669722032345,0.9837474712174034,-0.17174751118076917,-0.052380390191126815,0.1639208976541367,0.978080341608543,-0.128408662757531,0.07328609817438285,0.1177354566905261,0.9903370689074745,3.3087463,-8.554212,3.0286102
7.263221491903366,-7.328559622706518,1.3626159858373759,0.9883960698736501,-0.13416567604670748,-0.07122345420752474,0.12563493005959533,0.9856053955176308,-0.11312766538497276,0.08537607046029998,0.10286678617252334,0.9910243947024182,3.70681,-8.492755,2.8438582
8.236998291239068,-10.302813767794627,3.275812176338919,0.9899938099146378,-0.11208749342889315,-0.08572426813643182,0.10350978970526196,0.9897190614190833,-0.09870107850930701,0.09590609868966385,0.08884015578867312,0.9914178972328334,3.9977813,-8.463315,2.6478698
9.173398019349397,-12.985895987787972,5.178265183917246,0.9897507105466024,-0.10090293098238676,-0.1010550814737124,0.09278214354297575,0.9922975597940541,-0.08207939245837095,0.10855876202345753,0.07186202993186504,0.9914892051061404,4.1514254,-8.47137,2.4622421
10.137123747542429,-14.881614247978087,6.683114631566895,0.9881915030199792,-0.10592608213998185,-0.11071232307917428,0.09871491560890577,0.992740298858388,-0.06871727918714544,0.11718753686053969,0.05697687377376222,0.9914740122966049,4.1476502,-8.520414,2.294368
11.034051103077326,-15.508636931610312,7.611909083142578,0.9851925738684443,-0.12679070149488916,-0.11541104976952125,0.12106380934007926,0.9910989307973139,-0.0553756574722956,0.12140488648542136,0.04058358518975254,0.991773071902342,3.9799836,-8.603697,2.1525757
11.59823179831733,-14.764934648604703,7.631768300774064,0.9806599303265892,-0.15995285885753727,-0.11278822631440387,0.155598652105486,0.9867270512911474,-0.046462734672340814,0.11872304121275064,0.02801444615867079,0.9925321306091901,3.6421921,-8.711363,2.0611434
11.365428504430872,-12.284514099710847,6.667903085037846,0.9716051230066095,-0.21234747249494926,-0.10436491686537748,0.20915259636873848,0.977032109305587,-0.04078539957006315,0.11062855137588166,0.01779910983394369,0.993702427947921,3.1687622,-8.836603,2.030571
9.609373644316449,-8.135323982660646,4.932875555557336,0.9584572402116454,-0.26984632971559613,-0.09242660344780274,0.266988533692901,0.9627736680147413,-0.04223727091034951,0.10038347255594625,0.015805774782061105,0.9948232686870307,2.6126924,-8.9606905,2.0724473
6.699669133606614,-3.3400231357586625,3.1142649676335967,0.9391648813521425,-0.33497407619938857,-0.07590582263029419,0.331983761428274,0.9419877416425276,-0.049455805959912204,0.08806876735114702,0.021247655625403032,0.9958877594125121,2.0165496,-9.072962,2.1774154
3.617783227400578,0.6026893997720572,1.6333521026460045,0.915734181950247,-0.39769844564348467,-0.05715640244686139,0.39439076182025407,0.9169060962375774,-0.06114848872380382,0.07672571276144065,0.03345380419506368,0.9964908469153777,1.4269226,-9.160881,2.3261733
-1.593003918458251,5.741527462319434,-1.3516381579094032,0.8750206529961186,-0.4838424070013813,-0.015342164689347626,0.48033719531216795,0.8717453841710506,-0.09662382716548892,0.06012516636056663,0.07717843198443163,0.9952027200558378,0.40221557,-9.237979,2.7523484
-4.017898901400351,7.856117054561255,-2.897487249506698,0.8578737841239559,-0.5138161465691392,0.006748187733348138,0.5111426834208461,0.8519141018843065,-0.11391014088302631,0.052779993351462454,0.10116981039566594,0.9934681382743606,0.029852295,-9.221567,3.0019715
-5.9466277046927605,9.658206653544791,-4.11618538718636,0.8473377722909369,-0.530354279509947,0.027258720705797962,0.5290395533981763,0.8385433315683407,-0.13023913399022896,0.04621526359645662,0.12477747908878245,0.991107829715293,-0.21681671,-9.173691,3.2515137
-7.2450681946725854,10.931266995856308,-4.86479216171014,0.8350839230998561,-0.5478161563901235,0.050321965165369825,0.5487009447673259,0.8228618609598481,-0.1477350025861789,0.039523595377912585,0.15098283536762058,0.987745953589665,-0.32591096,-9.103983,3.4956543
-7.575386863025441,12.116208068768273,-5.301206686273689,0.8388593875040932,-0.5405719691223537,0.06400682928749202,0.5431020788346708,0.8231816342372354,-0.1655660865635601,0.036811139098324334,0.17364890801181054,0.9841194016909681,-0.2944809,-9.0269375,3.719783
-7.319833610129236,13.330723460054779,-5.600085904367563,0.8489380006177215,-0.5238240670126538,0.0700900700920438,0.5272030484020556,0.8301275294195334,-0.18150821098617154,0.03689467255261701,0.19104091634553932,0.9808884500385817,-0.14343567,-8.958921,3.890761
-6.702346618177657,14.271441118237435,-5.919240132794455,0.8630411209179867,-0.5006034520862083,0.06749968417701033,0.5036655631191185,0.8426347163103782,-0.1904933998762914,0.03848407635017474,0.19840090379808942,0.9793651296832937,0.11115112,-8.910934,3.9734511
-5.812941098010999,14.498932405594918,-6.17399820735078,0.8812190888405591,-0.4693882124236156,0.05592515981896843,0.47069066969939655,0.8603772877220097,-0.195451314219298,0.04362580567677874,0.1985588799572557,0.9791175416001756,0.4514084,-8.879423,3.971344
-4.680616399733587,13.72937848656392,-6.141133472596289,0.9004273788237663,-0.43327768173135595,0.03874256029307737,0.43202509840480735,0.8802935654352905,-0.19605497443711914,0.050841418281530486,0.19327102516084677,0.9798272608069227,0.8586823,-8.85491,3.9004242
-3.030371271330922,11.785026346517025,-5.574131328829685,0.9208034090912434,-0.3895584678628187,0.019112349994621563,0.38562903984137614,0.9019884512712875,-0.19418310277735684,0.05840655303099192,0.18617474020284386,0.9807790988155495,1.3287948,-8.815183,3.7878678
-0.7613387312600575,8.41461130848271,-4.4949360002930705,0.9395393195123407,-0.342440435923849,0.0006441541520389206,0.3363566748210789,0.922491279077218,-0.18940440155863428,0.06426549924799721,0.17816954810169353,0.9818989549519053,1.834459,-8.7521305,3.6611466
1.6714278641204334,4.028532764060368,-3.113534469713824,0.9565561370012329,-0.2910182703677239,-0.017570517279138328,0.2831718164969302,0.9417272007353202,-0.18155881068415775,0.06938356510807916,0.16869571929185195,0.9832231054981863,2.3542495,-8.669439,3.519568
3.4699712348115543,-0.14453199838423236,-1.6992795165548644,0.9700235227177986,-0.24062457479676944,-0.03397321559738075,0.2315882794483354,0.9577070507640746,-0.17077492128218633,0.07362903093421748,0.15778789218647646,0.9847241983840129,2.866101,-8.575172,3.3630905
4.384686380100106,-3.248578515742734,-0.4540030108391917,0.9804611008458144,-0.1905802988265757,-0.04873581257541783,0.1807622270440556,0.970597890126251,-0.15894890045716592,0.07759540580657133,0.14703361990253058,0.9860831950784232,3.3478775,-8.474811,3.2101853
4.872678608194855,-5.813552138484911,0.7223939839531082,0.9877185051507998,-0.14388015228831708,-0.06091515706422772,0.13360620464337591,0.979902035122973,-0.14812624224845153,0.08100331266967571,0.13816838762663933,0.9870906543966433,3.7917314,-8.366949,3.0753798
4.87745805599639,-7.439274434341866,2.009860106675799,0.9922125501543753,-0.10222155019725736,-0.0711688835898127,0.09181545943376747,0.9863534989465402,-0.13666271080613931,0.0841675514976939,0.12906405305578258,0.9880578391388316,4.1832476,-8.263548,2.9471328
4.964966491245248,-8.885250934379513,3.2405406762081155,0.9940495943584138,-0.07722953555744212,-0.07681798483072864,0.06692686620787867,0.9894262802814418,-0.12867179359914643,0.0859429958487893,0.12276495723947621,0.9887075233548719,4.5072875,-8.170644,2.8309357
4.9331599057023725,-10.28234457563338,4.2708695241939285,0.9955029101942204,-0.0488213255628829,-0.08118148782277822,0.03889826260312671,0.9920584225885574,-0.11961191971354847,0.08637639122639422,0.11591619533691216,0.9894961115119755,4.756601,-8.090454,2.7397263
4.910852780071033,-11.237292359769217,4.6867369202287,0.9963167955533141,-0.027505668232691172,-0.08121749265674355,0.01795140588325049,0.9930745153012202,-0.11610664962034063,0.08384861313814251,0.11422103691666825,0.9899105842451081,4.936525,-8.015593,2.7037551
4.765919868144117,-10.897262761287543,4.351981134995276,0.9967443424238652,-0.017728706770784274,-0.07865372719872515,0.00848184834180724,0.9931690668669213,-0.11637552520781291,0.08017963640926867,0.11532951736187612,0.9900860206721203,5.0370893,-7.958084,2.715573
3.164180946223541,-5.346003741895661,2.3865208453120945,0.9972826621251227,-0.010014766360112795,-0.07298627459584582,0.001146049355877648,0.9927061139084447,-0.12055396293638385,0.07366124079529043,0.12014273121394196,0.990020073403036,5.071547,-7.9130735,2.7860703
2.073547550971119,-2.2675477847803958,1.5227140004291408,0.9975230461728621,-0.011003834754593681,-0.06947436919258168,0.0023527852695385217,0.9923549127135111,-0.1233944553650375,0.0703010437724007,0.12292535472412686,0.989922785074906,5.0391493,-7.9170976,2.8307984
1.1507644673843596,-0.4354611061549052,1.0482924244154381,0.997629679237245,-0.01611514483772544,-0.0668978715046325,0.007531895029061919,0.9919220954290543,-0.12662474938535592,0.0683980530590045,0.12582074036696875,0.9896922994705201,5.0001817,-7.927971,2.868817
0.3804153418182529,0.7091203863244087,0.7004172742221577,0.9976473613428424,-0.02055656817228678,-0.06540007576938793,0.011995537241213982,0.9916113762321728,-0.12869726342556753,0.06749703320856565,0.12760997622409237,0.9895250600546348,4.9606066,-7.9424133,2.8985915
0.0136170658117191,0.7525074001125948,0.19759286641905127,0.9976643755335938,-0.02409430320378383,-0.06391602572350649,0.015394505069680606,0.9909604845897273,-0.1332678775825274,0.06654925247381367,0.1319726582850254,0.9890168929094997,4.9295073,-7.946373,2.9421692
-0.19604959814344383,0.6038534292118366,-0.9672182995254099,0.9978438943317943,-0.025309068952345897,-0.06055587150329546,0.01623832776725204,0.9891741996936585,-0.1458448469152493,0.06359150301794672,0.1445470639244348,0.9874524125519892,4.9048676,-7.916072,3.0693374
-0.1152671089926091,0.6160434047158094,-1.3179865596446438,0.9979305975551532,-0.02546927055134318,-0.05904099186833301,0.016285510414060202,0.9883830493995479,-0.1511083379903415,0.06220373472523676,0.1498341213383396,0.9867524671714787,4.902939,-7.8976336,3.1217651
-0.049052116281664664,0.43490223728168775,-1.4741618641384922,0.9979258885954129,-0.02600359380976375,-0.058887468786080394,0.01665878623058337,0.9879382379179198,-0.15394974147740012,0.062180428692463284,0.15264943880870138,0.9863223322621312,4.9020004,-7.886954,3.1510253
-0.010330651174073707,-0.019082573094250432,-1.600108298482121,0.9978209039709168,-0.027101285669414426,-0.06015782504152105,0.01754253762617023,0.987902625969578,-0.1540800473002439,0.06360584070897794,0.1526889711717118,0.9862253166037811,4.898288,-7.8888597,3.151921
0.02964753640385801,-0.6228554951156272,-1.8616564409242224,0.9974871885568528,-0.03028812758605395,-0.06404637376366822,0.02019990833130071,0.9880714301819254,-0.15266568888145907,0.0679063499854883,0.15098833791248373,0.9862004103862835,4.8881135,-7.9036436,3.128656
0.08572957125205677,-1.241416213240482,-2.3570404493144475,0.9968847205624776,-0.03603208507486036,-0.07016083490258566,0.025181640350203094,0.9883942515960055,-0.14980883952972995,0.07474449075579345,0.14757537822119726,0.986222474315267,4.865706,-7.9322767,3.0856414
0.1257711086482748,-1.7760414832383236,-3.0885773870774127,0.9959858597202197,-0.04421451296258729,-0.07782829871489495,0.03248784587331441,0.9887566405409227,-0.14596179519565824,0.08340687686207594,0.14284741030102277,0.9862240669657203,4.8260345,-7.976326,3.024147
0.08711805349722379,-2.146679336576379,-3.9766879655279475,0.9947456844383843,-0.05454852819573524,-0.08663418126171775,0.04193953184898537,0.989089885649187,-0.14121711572881349,0.093392178256517,0.13684171943583676,0.9861806350067652,4.7660675,-8.036563,2.9448562
-0.06831724027861388,-2.3375647312367676,-4.9721148002165645,0.992792251877168,-0.06854835478324667,-0.09830904164506137,0.055032689985013095,0.9894320836760997,-0.13414751143939893,0.10646571112651118,0.12777039895406284,0.9860729067900841,4.6842623,-8.114359,2.842102
-0.34785098818015725,-2.3911880728520742,-6.034284213979082,0.9901061813636566,-0.08391587400448486,-0.11246277479921918,0.06973276561477833,0.9897532544636909,-0.12460271537268094,0.12176654312737502,0.11552757838972637,0.9858125012426119,4.5813932,-8.21139,2.7003694
-0.628070787983515,-2.4642551302900157,-7.008021757572767,0.9859465902903778,-0.10238749833037014,-0.13200803490858035,0.08783491009745001,0.9898504600637882,-0.11171882240552981,0.14210682482889211,0.09855387814365238,0.984932882708206,4.4607573,-8.324539,2.5148895
-0.7330068640311427,-2.7105994417629993,-7.635377755793254,0.9808874193289597,-0.12068785036769987,-0.1526247469311441,0.10642214735283949,0.9894359094853005,-0.09844240739541717,0.1628932078233548,0.08031826563502495,0.9833690960419688,4.3244615,-8.448183,2.3002121
-0.5618606335269635,-3.0613809871968036,-7.643885652854876,0.9743515394473101,-0.14069787253912674,-0.1756222828675768,0.12764575923485583,0.9882918332662498,-0.08358117281176944,0.18532576109654264,0.0590200047627689,0.980903155929162,4.1752486,-8.575743,2.0735154
-0.3214765713491684,-3.2205297289007118,-6.974698096422323,0.967156091282294,-0.15953385620855373,-0.19788391500771885,0.14841029233425232,0.9864508760872523,-0.06992177197377536,0.20635765123885144,0.03825725800314663,0.9777284397956648,4.0141006,-8.702075,1.8404328
-0.10355190537428494,-3.1378878251550795,-5.785967316067445,0.9575114403778627,-0.18116368301745153,-0.22439153616182037,0.1734494590041967,0.983372362515844,-0.053796671004418296,0.2304064380972476,0.012590337388586278,0.9730130300709136,3.8395722,-8.825908,1.599025
0.05772358831048752,-2.859148557865124,-4.294338958727294,0.9465129133542143,-0.2020562579436407,-0.25156822827918707,0.1990921702271966,0.9792646261530948,-0.037457972708930365,0.2539204848135363,-0.01463080965124178,0.9671144331468782,3.6543167,-8.944551,1.348497
0.181415064759808,-2.386688300115921,-2.6260669217927526,0.9366562956872309,-0.21807612160087822,-0.2740762465756423,0.2200080144925132,0.9752011349985711,-0.02406698686083513,0.272527901889945,-0.03775647606724443,0.961406777179383,3.463469,-9.055193,1.0925567
0.3593894504746916,-1.7406172881535344,-0.7755236192734366,0.9245620302200926,-0.2349046126109889,-0.30000812530559956,0.2435295093689152,0.9698528150247369,-0.008882300103443388,0.29305021812282395,-0.06484859414569698,0.9538952927315932,3.2727065,-9.156469,0.83510894
0.5727440135722013,-0.9358162360034895,1.279990678043819,0.9128543999041973,-0.24876787006664744,-0.32374587471974087,0.26451585138993217,0.9643692937291183,0.004819717404538728,0.3110115897181422,-0.09003561592449862,0.9461317978622694,3.0882416,-9.245451,0.5835968
0.8540123481568251,-0.040909525590479,3.463016949270785,0.9043034881946684,-0.2578713915024403,-0.3402022144013012,0.2792918713382615,0.9600945005372008,0.01464925399444695,0.3228486516052466,-0.10826308458018798,0.940238189329628,2.9160721,-9.318248,0.3506729
1.1686596382421814,0.9761110040779751,5.547546964396867,0.893690885660143,-0.2682733109485454,-0.3596470930241103,0.297784912072442,0.9542168179797873,0.028185287412696696,0.335619944326907,-0.13228641244373274,0.9326626174843563,2.7606277,-9.375582,0.1442627
1.4238438432792635,2.141500550245099,7.246674637865738,0.8870977496432388,-0.27371072481009134,-0.37167192751381545,0.3092711004459542,0.9501980817848436,0.03840562200188073,0.34264992194198607,-0.14901692687858398,0.9275693971325346,2.6260314,-9.42042,-0.046453856
1.478937521883494,3.450522351876949,8.396766478465569,0.8802224219273624,-0.27822035251465616,-0.38445015721540227,0.3214376323528386,0.9455186374893042,0.05169482244645279,0.34912223710862167,-0.1690796901079173,0.9216971964529794,2.5113723,-9.455241,-0.23148194
1.490930697245977,4.637374955958104,9.0529636739278,0.875232848687826,-0.2805996426668413,-0.39399403690034784,0.33128464790004936,0.94124923317007,0.0655771539676335,0.3524456591356067,-0.18791945506518298,0.9167706014944375,2.418068,-9.480116,-0.40346527
1.562192741497951,5.588303428107702,9.389715051935298,0.8726115384462457,-0.28126381390902166,-0.3992990983659067,0.33869976739629903,0.9375036345629781,0.0798085380576407,0.3518971021991628,-0.2048843629137083,0.9133404772029301,2.3504348,-9.495326,-0.5479981
1.6714567944466303,6.308771323401061,9.596443283567764,0.8731095582544547,-0.2803674038578441,-0.3988405923908973,0.3422876677155282,0.9350815464999983,0.09198724870890859,0.3471582518313137,-0.21683316224503793,0.9123949407664662,2.3127563,-9.501886,-0.6535263
1.842089148877882,6.952081571725865,10.033822236763005,0.880116921563706,-0.2764072444214264,-0.38599642434688114,0.3424833362688479,0.9327030912312374,0.11300490248592054,0.32878468449029574,-0.2316548700956812,0.9155526486257194,2.3276582,-9.495381,-0.7261063
2.052110024678298,6.807883313872373,10.226431476777526,0.8897661751825969,-0.2723857739920833,-0.3662269018350024,0.3358868586005769,0.9340539402371985,0.12133942041562312,0.30902454873418583,-0.23097451559446305,0.9225804037727748,2.3761673,-9.483258,-0.6893555
2.220312262923871,6.4758443924634665,10.354371017682503,0.898922878011919,-0.2690579407278648,-0.34575350167141927,0.3286147725344421,0.936025733027317,0.1259688786280567,0.28974124776928906,-0.22685601522100723,0.9298313598170057,2.44496,-9.465573,-0.5936127
2.6758179030181584,5.806232484348969,10.175891573145508,0.915694383963325,-0.2634547139759083,-0.3034722538584003,0.313200954936661,0.941003337912791,0.12813227487151096,0.2518113520173166,-0.21237780420951957,0.9441857398173065,2.5295455,-9.439722,-0.4259781
3.0461511944668715,4.9643699913285335,9.785158531551353,0.9286629157446727,-0.2585780061519294,-0.26593721750648935,0.29927837719057576,0.9458931537926135,0.12537381925441168,0.2191292811715876,-0.19601927543676692,0.9558027002422981,2.6265762,-9.401484,-0.18471375
3.610868966724142,3.7592130401720265,8.919860479475947,0.9433872242707266,-0.25089393634144663,-0.2169626184158599,0.2804176973322923,0.9526374034200974,0.11767706925254678,0.17716224232501393,-0.17185520158583448,0.9690610556524627,2.7361343,-9.346724,0.12677613
4.207540280300569,2.185872653555193,7.6045479090010355,0.9564305687153574,-0.2401859642545922,-0.16598575180390657,0.2596462447985394,0.9597153133699705,0.10737944330827716,0.1335080326753166,-0.14579855917762072,0.9802644466433007,2.858705,-9.274196,0.49311066
4.769441227707122,0.2261799861722269,5.894720502573724,0.9686964423968818,-0.22419807205187914,-0.10659468549530654,0.23424279658492325,0.9676788731498102,0.09342328782261505,0.08220410412927859,-0.11546784378229803,0.9899038651892261,2.9896271,-9.183424,0.8996002
5.069765853832208,-1.891229029527591,3.857080987707951,0.9776708710068729,-0.2049396612783709,-0.04646937937790093,0.20804490507825857,0.9751149964442118,0.07660327134386946,0.029613940224818815,-0.08456050463845755,0.9959781802829067,3.1190033,-9.073866,1.3384231
4.974294940598863,-3.766839676661401,1.5290205059793167,0.9832015174444404,-0.1818984857685478,0.01509029390228344,0.1808062977968748,0.9819315422854406,0.05585274336971349,-0.024977165009980047,-0.05218608186139843,0.9983249741882749,3.2413025,-8.94294,1.8014069
4.450320088778347,-5.099314990060993,-0.9726085231496939,0.9849121567797131,-0.15643926402458683,0.07399189211648383,0.15444006382301245,0.9874823280418118,0.03204556898334491,-0.07807887111040784,-0.020134757921763925,0.9967438394138969,3.3519058,-8.790503,2.2799408
3.5424486110315776,-5.868658438891444,-3.543687156941563,0.9829578518386392,-0.12858642234589604,0.13137501093072745,0.12897613548517428,0.9916320309537889,0.005574196065129693,-0.1309924348352834,0.011465041419260729,0.991317070790763,3.4438705,-8.622663,2.7604873
2.2631410357597237,-6.215856384987721,-6.084714896978619,0.9776407713926375,-0.1000162028385921,0.18497373132571074,0.10577435195703792,0.9941576422142135,-0.021502764825551628,-0.1817424237179515,0.04058745615117933,0.9825081932606469,3.5126297,-8.446383,3.2282379
0.6644647918646163,-6.119357723384747,-8.270046629185094,0.9695854241038818,-0.07193287964277996,0.23394393813815959,0.08515161552866327,0.9952640658870193,-0.04688967399008451,-0.22946308578538852,0.06538424871737111,0.9711187323296324,3.5584502,-8.269498,3.6576493
-1.1339668417261128,-5.798348572160223,-10.1227497454226,0.9602131292141921,-0.04601057336447434,0.2754519443085486,0.06751019664877463,0.9953240999529741,-0.06908190357282233,-0.27098546055670847,0.08492916572929061,0.9588294514539043,3.5900834,-8.101476,4.0303087
-2.7805122841271577,-5.191810866522253,-11.480345253645002,0.9509773936705525,-0.023459862674670828,0.30836931035828924,0.05310219828095264,0.9946962897355234,-0.08808772743187804,-0.3046672828928173,0.10014452570993629,0.9471794553858522,3.613362,-7.9498014,4.340544
-4.054978693269126,-4.229963184937504,-12.46338606688937,0.9432071832809075,-0.005777855118890103,0.332154822029607,0.04272507494945671,0.993654988793265,-0.1040400462169189,-0.3294461676478547,0.11232265860671434,0.93746938242572,3.6270263,-7.821176,4.5933623
-4.983609774200775,-2.8419602366115493,-13.135949094630979,0.9373710474538188,0.007717263553641453,0.3482469859719858,0.035677592006734364,0.9923696050990547,-0.11802404968541884,-0.34650054664304664,0.12305694096144651,0.9299432028125593,3.6343048,-7.7184324,4.789923
-6.140832983126686,0.3440808216163378,-13.660748062477554,0.9322384577668485,0.023186841349509664,0.36110085606201314,0.02843781894018763,0.990163231268546,-0.136996590825305,-0.3607253086690917,0.13798241131413708,0.9224088604591376,3.6667664,-7.6009245,4.982721
-6.347839853808318,1.8046061798750967,-13.86643436877701,0.9416607203674888,0.014933378711216864,0.3362321845351034,0.03100140933884655,0.9909194669150058,-0.13083395089916444,-0.33513280999625505,0.13362486403789967,0.9326469832551151,3.7427552,-7.6666613,4.7786207
-6.030999411243015,1.3354923734658861,-13.836817479696052,0.951315379145816,0.0021239996424685685,0.30821183952951825,0.035280208809009936,0.9926533327730414,-0.11573533514430638,-0.30619333151955413,0.12097458228938483,0.9442514464764485,3.8006654,-7.7610292,4.514282
-5.31947916757972,0.04206819149695096,-13.647020492129078,0.9627006251545682,-0.014322482642059951,0.2701895127831021,0.04168702064002011,0.994525915641769,-0.09581438006405027,-0.2673381728020914,0.10350395938256518,0.9580277823502675,3.8683593,-7.8791018,4.1688538
-4.101433189705764,-1.6022532265457174,-13.199676866823562,0.9749524924265843,-0.03290934326608818,0.21996502594045353,0.050685032834229336,0.9958445397420485,-0.07566161584673844,-0.2165609959290518,0.08491541551297477,0.9725691272349108,3.9329116,-8.009967,3.7813582
-2.521309143720273,-3.090185452872251,-12.29756626736873,0.9852849684036916,-0.053047153262784356,0.16247932351056105,0.062977631937755,0.9964094137156452,-0.05658708451895829,-0.1588941437349017,0.06598696681586273,0.985088001803491,3.9826996,-8.14856,3.3828094
-0.8354450446866717,-4.192840554507714,-10.747483015017195,0.9917101221985767,-0.07329657415142912,0.10553978276719467,0.07776864459933736,0.9962124266770133,-0.03889522916088091,-0.10228915605314465,0.04678047832119239,0.9936541226211342,4.0088854,-8.293406,2.978473
0.853133996374511,-5.037504642513683,-8.496605594572946,0.9943467699797619,-0.09449271909311494,0.04843167423497342,0.09554837072875562,0.9952246369316017,-0.019960733840246398,-0.04631425139083226,0.02447545878529258,0.9986270284922976,4.006215,-8.444499,2.5573533
2.473961752057143,-5.780292315102005,-5.643646226389663,0.9930679155203167,-0.11705577257369408,-0.0106799471584434,0.11707653351689616,0.9931219944220623,0.00133772000499403,0.010449902573643664,-0.0025788180083632026,0.9999420729391683,3.972168,-8.599085,2.1260254
3.778375868439788,-6.276448522787394,-2.3771064287062966,0.9885460388037526,-0.1369623131053743,-0.06338812155470265,0.1385107142221376,0.990144722432572,0.020693252151301494,0.059929218341988236,-0.029236166433877657,0.9977743910129027,3.9109025,-8.747419,1.7046204
4.606697846858388,-6.260469663018572,1.058864159237976,0.9822238398376861,-0.15338670205735444,-0.10820743082838019,0.1580645155552658,0.9867717794766573,0.036014776838811664,0.10125185122648123,-0.05247832753088263,0.9934757610343454,3.8277802,-8.873843,1.3130859
5.040626128924419,-5.632435625931827,4.309516865027649,0.9754024281128654,-0.1665048835367843,-0.1444514693242238,0.17490807334185363,0.9834393635661917,0.04747824837084556,0.1341539008428979,-0.07157612693436817,0.988372191505664,3.7296386,-8.971623,0.9634491
5.2574994380757145,-4.2956051235250845,7.113695554220874,0.9679516931946291,-0.17871978121618318,-0.17643344196520389,0.1914104772292768,0.9798182811579236,0.05760351652105733,0.16257782397519635,-0.08952863067628566,0.9826256028827659,3.6184814,-9.047121,0.65849304
5.246104412262607,-2.1943559558515986,9.390678325625528,0.9593187643739987,-0.19123629495139327,-0.20769253191486448,0.20956989150618704,0.9752862904067026,0.06997937066605568,0.18917708342721734,-0.11065862477907389,0.9756878086088683,3.4998016,-9.108136,0.3887558
4.860560676078247,0.396147032067383,11.116010999404509,0.9489638340819804,-0.20414464888011594,-0.2404009233302581,0.2309497870939606,0.9688972171430295,0.0888840731163167,0.21477857771593706,-0.1398683128735975,0.9665955812066453,3.3787065,-9.16086,0.13549042
4.282597266379948,2.742629248601478,12.187186313780147,0.9430807813586165,-0.20994316612782543,-0.2579195743410037,0.24283027981253363,0.9646146400878443,0.1027231781749606,0.22722696811379356,-0.15950693754323758,0.9606900862595547,3.262323,-9.2074175,-0.11508942
3.5010486193387886,4.677142435155924,12.637174158261502,0.9372366017719569,-0.2139551975136647,-0.27533747611947385,0.25385465901814513,0.960002153636075,0.11812568352766634,0.23905096610081808,-0.1806074153266852,0.954062679877627,3.1625779,-9.243596,-0.35448915
1.9934587921712177,7.516182150615848,11.700105318511836,0.9275384628898626,-0.21717234868237184,-0.3041522165424607,0.2698793932146731,0.9521972349310293,0.14312770139907147,0.25852952051552947,-0.21484086379803105,0.9418099013413089,3.0416336,-9.278328,-0.7209381
1.3678755506706466,8.712615817329437,9.79278958616232,0.9272102365127128,-0.21309315583378294,-0.30801377281354947,0.26831469703245237,0.9516922373389413,0.14929537415869024,0.26132049414927483,-0.2210728213182232,0.9395948100175839,3.023709,-9.280561,-0.8892258
