-0.12097186702979584,-0.28937239163738515,-0.5978740869564501,0.9999965516477676,-0.0011637726101952873,-0.002354214494340275,0.001159684438272041,0.999997818712148,-0.0017371536919906208,0.0023562310110072505,0.0017344175557593483,0.9999957199764232,0.081243895,-0.11023681,0.054375004
-0.2361522726018023,-0.3779263036841113,-0.8220297881784171,0.9999805053417368,-0.002583916494639626,-0.0056843919668914744,0.00257275460410625,0.9999947499242228,-0.0019700400347086935,0.005689452542343698,0.0019553770838470854,0.9999819031513663,0.011816110038524289,-0.17332828042515097,0.07353685453472365
-0.3347595695067419,-0.5228726744697387,-1.1228068829840432,0.9999335585405652,-0.004583485691361251,-0.010576869258837426,0.004583799365345343,0.9999894943218441,5.414862243182696e-06,0.010576733322709482,-5.3896749067868606e-05,0.9999440633392253,-0.10157313713296491,-0.24961066814018498,0.10173544655687987
-0.4261847362697056,-0.7060910068457128,-1.488546953529031,0.999818922746378,-0.007369373445189908,-0.017544630326598098,0.007462310531069297,0.9999584397662942,0.005237619850335802,0.017505303191020376,-0.005367594916167714,0.9998323625913527,-0.2670001117444211,-0.35253330907162206,0.1420442191245892
-0.541414139617654,-0.8828956066227811,-1.9113566663340398,0.9995634254649434,-0.011112028580608752,-0.02737665599761118,0.011525499682594077,0.9998211878733371,0.014991835665320162,0.027205171013142522,-0.015300820251645903,0.9995127630849806,-0.48354863339572984,-0.4812184860101941,0.18884137435545809
-0.7202261288642579,-1.016972176819232,-2.371611059141247,0.9990769105969446,-0.015474247498808989,-0.04007336242954359,0.016636684965498815,0.9994456248504305,0.028838579727362514,0.039604891433037644,-0.029478647046265613,0.9987804873659172,-0.7050644872368536,-0.6341448034058919,0.23373165945015528
-0.9850167487157528,-1.108910151254369,-2.856178738125375,0.9981585276742745,-0.020330196796720004,-0.05715099937298195,0.023071133906480492,0.9985944568215676,0.047716177398320334,0.056100591898777655,-0.04894684773757518,0.9972246134573503,-0.9237110033005966,-0.8137144416801062,0.26597740579302104
-1.3240075645162301,-1.1369020710240445,-3.371725874150274,0.9964133702243657,-0.02515511308470613,-0.08079366264637317,0.031047576119740135,0.9968832758543201,0.07252435686752655,0.07871749268878714,-0.07477268624073266,0.9940888299026077,-1.1004401857397572,-1.0142588845872804,0.2727931669841467
-1.7107008018554903,-1.0620794765534654,-3.906965970563024,0.9939116508894896,-0.028267979939611408,-0.1064920256932987,0.03877301465266667,0.9944401438002386,0.09790533046420363,0.10313235942647958,-0.10143826550515615,0.9894816798356769,-1.2703581061737157,-1.2387236106977981,0.26179146279884247
-2.2704122694841278,-1.0421335070586144,-4.580327793858619,0.9856438702205417,-0.028332204678874647,-0.1664435257818864,0.054602077031389584,0.9863340057101715,0.15544723337385447,0.15976474667625942,-0.16230377493380038,0.9737210639406488,-1.6547749176000595,-1.6629307424923736,0.22321711997516439
-2.3647490029874603,-1.2579012586402987,-4.505263635776913,0.9792418472957426,-0.02581661367136377,-0.20104453975018644,0.06427214704694525,0.9802202943961457,0.1871824392615646,0.19223552122018606,-0.19621844182562717,0.9615320210313989,-1.7363437610666363,-1.8168161668045535,0.19872106733961037
-2.2629220113540125,-1.5750969341043581,-4.098676449714434,0.9697257009399909,-0.020194601644803297,-0.24336031517248297,0.07649505590013392,0.9715382288889902,0.22419182908857194,0.23190638490407706,-0.23602043952092747,0.943670377181074,-1.73783861178534,-1.904935078279667,0.17005733261532352
-1.9619394807947403,-1.7622061974997403,-3.3008956240087604,0.9600137593896104,-0.013370946047371995,-0.2796333306035332,0.08762170613163689,0.9630243691429962,0.25476754316693334,0.26588722872151593,-0.2690822964048963,0.9256882301100409,-1.6803407389026506,-1.9083871972505249,0.1446281274103276
-1.4655409127559957,-1.7001391367026106,-2.118802856496048,0.9481581657695904,-0.004699407187572323,-0.3177640764097331,0.10023743950117134,0.9532735122919771,0.284994853435578,0.3015767703366663,-0.30207205487201727,0.9043251214351522,-1.5479377069796771,-1.8531270595269789,0.14084900652439908
-0.8668136234801492,-1.3820725860430239,-0.6534538058615795,0.9371665010283656,0.0027946179058532606,-0.34887123621905297,0.11155271577690663,0.9450736331541264,0.30723251702848176,0.33056760420986014,-0.3268455568424022,0.8853796027802614,-1.349465095988757,-1.7437554406366171,0.16895708051901293
-0.18633073964230604,-0.9081651791961336,0.9701653860772845,0.9255065793429254,0.009171948398744717,-0.3786204523735185,0.12376495509496077,0.9374959856090453,0.3252437745096237,0.3579382732864697,-0.34787519648502596,0.8665235370070482,-1.0942864831324561,-1.5646202922249957,0.23193524199231996
0.5566557579102156,-0.36246401527847316,2.682193590898916,0.9158218964597413,0.012548669478011282,-0.40138857091254365,0.13471716113954005,0.9319928911358298,0.3365123138412326,0.3783140764753352,-0.36225927423132825,0.8518489759188571,-0.8429938324783867,-1.3088745059873785,0.3028560532725225
1.3454790670809857,0.21480440884501273,4.430758106950218,0.9071550979269324,0.012890917948813177,-0.42059892122973186,0.14598723911484535,0.9278092179405959,0.34330421075204515,0.3946610625851027,-0.3728322402085108,0.8397849524374088,-0.5755481584639067,-0.975415566634863,0.36733679949588594
2.1573110297366265,0.8323407377723195,6.088761343285848,0.901219162993257,0.009153699474497163,-0.4332669270088166,0.15586288684032154,0.9260294082385773,0.3437677931149329,0.4043646630945067,-0.3773403567911082,0.833128726174548,-0.25137261314774606,-0.5813795712847669,0.4379166641212807
2.9726425592065273,1.5152414397124259,7.523141396612625,0.8982379775253814,0.0009852570195471584,-0.4395083218776606,0.16439591086556427,0.9266554106838972,0.33805877350090946,0.40760583928814553,-0.37591059990224174,0.8321951097304905,0.07488264373889852,-0.16353754617568164,0.4994201990727195
3.7979043687051015,2.294712348167193,8.675013512463664,0.8985776005720173,-0.008532365425319991,-0.43873168849592364,0.1697444208070422,0.9287374831701278,0.32959599354315317,0.4046543307010532,-0.3706398333895932,0.8359910206155429,0.3475681192514004,0.26623609752205535,0.5224475933067999
4.585951928898,3.127822781415791,9.507002215550186,0.9025196865856634,-0.02450682360760048,-0.4299507308075903,0.1746274790802489,0.9334405012775703,0.3133593370633073,0.3936539836904899,-0.3578941829247079,0.846727993486257,0.6288483132500069,0.692341669865475,0.5326849101817646
5.247964855444036,3.800050609537832,10.007681951083663,0.9103199922725678,-0.045462592590763365,-0.4114008560319212,0.17726140922229328,0.9410066662647368,0.28824442205505546,0.37402660930660825,-0.33532015555324535,0.8646759443920878,0.995175688187252,1.1256249377603427,0.5465576710581015
5.774891305820085,4.104873119009711,10.225417591695326,0.9202389996154728,-0.06580992288955193,-0.3857839260985147,0.17681395793016574,0.9493305945151932,0.2598234912368383,0.34913751999431797,-0.3073116925317048,0.8852471495382043,1.3561808697406792,1.5928530448142504,0.511840497350098
6.296776890149229,3.9758701783197976,10.181779557351023,0.9323880772490309,-0.08441543844244338,-0.3514633795382164,0.1731260134997387,0.9578543316972833,0.2292214272236324,0.3173008932441615,-0.2745707795839185,0.9077064669512585,1.6101669307327662,2.0799448482295753,0.3735107402915485
6.942354975748853,3.433320110633538,9.76999033813591,0.9475056203293473,-0.10104109012171848,-0.30335424432717717,0.1655182616283933,0.9667394343597847,0.1949835149986745,0.2735631636602648,-0.23495864351144513,0.9327151930398949,1.7386058333489118,2.5570528781575232,0.15615864909742094
7.601169262733071,2.665384074277057,9.07216575078431,0.9622347346605004,-0.11233500064919473,-0.24796201935373313,0.1556823423807571,0.9743089246603973,0.16274251933020206,0.22330992741854663,-0.19519981290013033,0.9550024656303653,1.7787994811702625,3.009336568648338,-0.06764640055179627
8.261836719685133,1.2661078534125259,7.665638814637437,0.9764995817861745,-0.11902265207260733,-0.17967241041692789,0.14360603222062523,0.9809737159296827,0.13064408201276853,0.160704306977986,-0.1533759334077981,0.9750127941570876,1.683646737757953,3.4109482907376667,-0.2743316981846513
8.91863267841091,-2.0253945454529294,3.974502961674298,0.9926860755301746,-0.11577895095013621,-0.03419926849197302,0.11828136010807713,0.9894575295789279,0.08356624324778959,0.024163511737401305,-0.08700018204838027,0.9959152037317558,1.387286737438587,4.028100084354008,-0.5826464217960114
8.702446380430674,-3.6492618126534215,1.712849689190739,0.9929516662941034,-0.11002736000681215,0.0440564235236458,0.10746498302620343,0.9925832415573971,0.05683120623907269,-0.04998265526101354,-0.05169611812642742,0.9974112720155696,1.387286737438587,4.0281000843540085,-0.5826464217960114
7.939685494158265,-5.164627472104113,-0.806562190151128,0.9857726762889689,-0.1004116956078617,0.13479511143671966,0.09738897416759401,0.9948281262913319,0.028851115234279474,-0.13699495754467467,-0.015313083452788666,0.9904533765314247,1.297185488526069,4.358871467341365,-0.6117814122635996
6.621519078654598,-6.581937778298679,-3.554660126274835,0.96968392719636,-0.08776351159443332,0.2280584297272477,0.09067720783694483,0.995877660180504,-0.0023086646140200104,-0.22691567886759093,0.022918376600846904,0.9736447107123016,1.344426159600576,4.327978551643206,-0.5635910736975899
4.736527886456179,-7.60147774317949,-6.4554543685523,0.9456341011837659,-0.07225344146829045,0.31710500922306384,0.08859968512674939,0.9953643742916,-0.03741467875757406,-0.31293168978838154,0.0634760000872761,0.9476521275969931,1.4937994326031732,4.172890459442704,-0.5184487245000741
2.46196946897748,-7.780426667444162,-9.00962263103271,0.9194806550462616,-0.05718356419332897,0.388954193937853,0.09194657818675622,0.9932051120863743,-0.07134025571330038,-0.3822318036943605,0.10135899225840658,0.9184907201125745,1.662976469863843,3.8995114197990586,-0.43926793346225335
0.13623856326234252,-6.993161309404007,-10.714016804752776,0.8910090835536961,-0.04272425535925131,0.45197063071487287,0.1008893786053391,0.9893015451521247,-0.10537450376749988,-0.44263319612228685,0.13948867611249208,0.8857870866788209,1.7473130370282364,3.5251706934975338,-0.3017124170109286
-1.9578161346497296,-5.620506804160819,-11.534858804773954,0.8629305411210902,-0.030756631918882563,0.5043856766339313,0.1151343912761231,0.9838594662874061,-0.13698402294478257,-0.49203145544359117,0.176279834892328,0.8525435277241828,1.765116619308993,3.0554516951399404,-0.12220984837262994
-3.449131437742245,-3.714230605039809,-11.426779918503973,0.8376851709374642,-0.022070990179276023,0.5457072711481658,0.13338002091545903,0.9771957307347211,-0.16522189278187582,-0.5296162048238922,0.21119037673705726,0.821526201871612,1.7702225613483988,2.5413688262558027,0.04467105780543568
-4.773203666722857,-1.5762929814162345,-10.990954924519732,0.8149367687766028,-0.017676437704802626,0.5792802486241163,0.15581735165725677,0.9694140755345637,-0.18962410995963963,-0.5582105479283496,0.24479357366061483,0.7927654700325919,1.6521615759471664,1.9857462498603269,0.24378281352948572
-5.901545523708782,0.7116078296400112,-10.28389002319177,0.7975961491864642,-0.019345436787746632,0.6028815280620355,0.17916409760023824,0.9619759907250465,-0.20616114910345554,-0.5759692777692363,0.27244806357185974,0.77073435353689,1.3941910353611702,1.382337883676158,0.45594223629239367
-6.830980829886863,2.819333436921691,-9.548121575898135,0.787992866414046,-0.02619140535016053,0.6151270216519179,0.19830471122731508,0.9566495052094403,-0.2133001774204233,-0.5828743294961842,0.2900616046089458,0.7590268648381668,1.0533232564097057,0.7589695226718273,0.6389208192176332
-7.562719062843548,4.707206431179155,-8.8032576405994,0.7812870248884086,-0.043541866343211166,0.6226513395282861,0.22252959756722906,0.9514428098343061,-0.21269028614670535,-0.5831562080159877,0.3047305128961493,0.7530392762415938,0.6345897538424746,0.1851633545543003,0.8163193686936963
-7.992473545072227,6.422304996379542,-7.997961651735877,0.7810077037525743,-0.05926294886703615,0.6217032005472662,0.2347350574896659,0.9503493962771918,-0.20429262781828375,-0.5787282777473848,0.3054896526679088,0.7561412914584058,0.07714934996450065,-0.37953293756642686,1.051038119496226
-8.223474955011223,7.684807182364212,-7.252432422150498,0.7857595919982214,-0.0934432238083606,0.6114329296881951,0.2502024904791234,0.9520551794870278,-0.17603877121238679,-0.5656682573212257,0.2913061948126463,0.7714662167087705,-0.6090328373188473,-0.9551529640000473,1.3528172138867864
-8.360714026124565,8.346245649165741,-6.7875165132623,0.7942323795854809,-0.13026680081508818,0.5934858783689692,0.2602571881799525,0.9555467187168575,-0.138552027592927,-0.5490547542992859,0.2645014725003407,0.7928290155049207,-1.3085465756044,-1.5368302548493618,1.5974596554430578
-8.557053604788358,8.188977795035056,-6.971364014755205,0.8080573342014755,-0.1752120418801754,0.5624447395285912,0.2675294620502135,0.9597600900724629,-0.0853730428134124,-0.5248536287178818,0.21945685198753073,0.8224155631658453,-1.9309351093567622,-2.0902505998230483,1.731157707179985
-8.75724517196732,7.4537313697117265,-7.6327783079928695,0.824429725704087,-0.21693615714265835,0.522737344274981,0.2706524667599977,0.9622840133078975,-0.02750854355966003,-0.49705419182641664,0.16415901271700303,0.8520498512009531,-2.4598998976916215,-2.5783067478087642,1.7383988203643441
-8.748609751086786,6.325652105936188,-8.50388489728011,0.845468952203304,-0.25709077380475787,0.46806685941723986,0.269896756674215,0.9620208318497826,0.04088593674836441,-0.4608014665742576,0.09176193716090839,0.8827467107225552,-2.882422720865372,-3.0265136884747945,1.6097211220875314
-8.475682896951191,4.944132658126605,-9.171958539241572,0.8680227831619566,-0.288002018182649,0.40446419549138374,0.26662131246772963,0.9575458944963945,0.10963090655050034,-0.4188669522052989,0.012676650023583244,0.9079591284272783,-3.141529201095612,-3.428008066663225,1.4218662190012257
-7.9226701280180745,3.021705778990359,-9.537925105086254,0.8914759313525512,-0.30921447617801645,0.33114509137394227,0.2624304875097688,0.9482163872272423,0.1789299366207374,-0.3693249288153814,-0.07260916413009438,0.9264593926556318,-3.2388502440081597,-3.751347730515816,1.215937277545492
-6.946824513800444,0.41209111422722744,-9.517916446088222,0.9176771398998776,-0.319202733446719,0.2365972989391968,0.2583521788402316,0.931777060020347,0.25504051072004896,-0.30186556377580664,-0.1729194187475236,0.9375372291415061,-3.1482478670012313,-4.053196708303112,0.9777398824976896
-5.746427341048488,-2.3180428040341714,-8.434544215857002,0.937075890553758,-0.31424548583418843,0.15211360877882274,0.25613664788871104,0.914870640249995,0.31209890934910095,-0.23723994805094722,-0.25349849356830295,0.9377930053094792,-2.86010873387525,-4.238025841277468,0.7132320246351882
-4.375431519674314,-4.703626726414545,-5.920083651858758,0.9510932562619624,-0.29983014085554516,0.07432028341954514,0.25549992081867096,0.898779063521211,0.3562526988495489,-0.17361281160867797,-0.3198407128720148,0.9314292834321084,-2.4119825985282786,-4.179047429457494,0.4895510199227826
-2.585290625448343,-6.0183577701111775,0.9731667957575687,0.9649731650159145,-0.2527441029322066,-0.07033640047772916,0.25849531456748,0.8702097141086389,0.41942249083426597,-0.04479914224434267,-0.4229130784262348,0.9050621884435436,-1.7240229416582016,-3.8332095587062005,0.27490291398968214
-2.1950674767206837,-5.396656304603988,3.627981372713425,0.964365946054607,-0.2220304425547886,-0.14387774209073448,0.2636033488541373,0.8528301310923052,0.4507704981184604,0.022618500460621825,-0.47263437251220497,0.8809683043997139,-1.7240229416582014,-3.833209558706201,0.2749029139896819
-1.8753356705116395,-4.911134935741409,5.750282180102934,0.9603450000468439,-0.19098772669131114,-0.203128454772621,0.2671019784103869,0.8391440725596189,0.47380772325629483,0.07996257883713404,-0.5092748901539733,0.8568810140529275,-1.4266201990727696,-3.5474948304174068,0.11640273345153918
-1.3909170511260092,-4.908394141310607,7.726285024679866,0.9566045417707651,-0.16224516892536156,-0.24204184725771224,0.26368521945377577,0.8354964430447764,0.48209521746345946,0.12400748245633786,-0.5249973322026571,0.8420213450233514,-0.4550879337915413,-2.562566813452536,-0.23743747132444737
-0.6195281675499764,-5.141959915316667,9.644076130607292,0.9538923905302038,-0.13792626146962778,-0.2665814203683093,0.2557605834559585,0.8383421165022955,0.4814239500156995,0.15708542656415028,-0.5274076621508859,0.8349642666998964,0.17636770387342451,-1.875574330408901,-0.43487914247632065
0.37365689642446975,-5.017271080983733,11.140432857583207,0.9530953210689131,-0.1138917514201782,-0.28042463856621047,0.23989074943307057,0.8492012585917084,0.47043559680651037,0.18455822195986074,-0.5156412428856929,0.836691323812021,0.8300157419929077,-1.1459147402608922,-0.6378636130608042
1.6352407298500098,-4.115434900230641,11.915046213457984,0.9555201896517356,-0.09554830916110524,-0.2790191530780011,0.2185989135541554,0.8645279357846063,0.45255492842410855,0.19797899424144494,-0.49341865475928354,0.8469606537346847,1.3873644301526848,-0.392992378129921,-0.8741453465019772
3.0888412787806963,-2.5887372797461747,11.615104378591914,0.9613185444647216,-0.07838201925836713,-0.2640509706954512,0.18951120151896114,0.8838967457142098,0.4275652551537236,0.19988036563671976,-0.461067025466808,0.8645606036942237,1.7968952205337418,0.2847262630239621,-1.1239258716240605
4.683196754963444,-0.8889475558400206,9.938460115691917,0.9690333208859595,-0.060475024258639695,-0.23941009680806286,0.15446649406667748,0.9048836990882083,0.3966429040524856,0.1926513047541547,-0.42134102881793656,0.8862038209188471,2.1877886948198664,0.7688362013608674,-1.3923439408630562
6.333968274359739,0.18335356175954853,7.315425861417144,0.9781554230961764,-0.03741336767115016,-0.20448033692031015,0.1095279546439561,0.9288109500108294,0.3539969580257598,0.17667935764840137,-0.36866035732023517,0.9126192774215677,2.720341471289556,1.1632381390436253,-1.719201161875795
7.750022502160859,0.3835669512178128,4.70134855366013,0.9860067614521624,-0.01281172487859389,-0.16621229219361,0.06309634374741356,0.9515486649017192,0.30095512909645417,0.1543033304122986,-0.30723118010610584,0.9390417904408099,3.4126364883776024,1.5039757585907552,-1.9234090578439182
8.783595368487363,0.14516811622728354,2.5694449319378476,0.9925319670410863,0.017301671589023834,-0.12075159030744864,0.010969521788243801,0.9732205645455696,0.22961141595604484,0.12149059220075281,-0.2292212575347849,0.9657627302297815,3.919413266064976,1.7488435539950633,-1.9988176177700074
9.438697932746836,0.2576701142902345,0.8286877054399728,0.9959589931489943,0.050691209732330544,-0.07413558674155574,-0.03909599863079485,0.9878753021756528,0.15024609892580718,0.08085287166639635,-0.1467405486129701,0.9858651147779098,4.049659939261695,1.8788205653916126,-1.9731874225704342
9.715757136455245,0.9665051372434804,-0.6962717707782001,0.9958054849563471,0.08707707674132015,-0.02808947911658375,-0.08502145408944546,0.9940869141643823,0.06754672036192606,0.03380515456806965,-0.06487518626811152,0.9973206213306263,3.8341308259675673,1.878999046477207,-1.8466880619887345
9.747868660866672,2.084054742276175,-1.9081213999094153,0.9928678970515021,0.11892485136827016,0.008379661780955415,-0.11891491216690366,0.9929030333601374,-0.0016763080191613544,-0.00851954628286871,0.0006678856731245769,0.9999634849632567,3.4591972491468375,1.759467953016993,-1.6490642083825222
9.385874627817017,2.357701988768915,-3.3702447401500955,0.9870644887009977,0.15230603430038528,0.05006562754154215,-0.1475928998961495,0.9851939398459284,-0.08723093941430443,-0.06261015129900048,0.0787132314579113,0.9949292417794188,2.3600342496182884,1.2023207676205423,-0.8906608213715232
9.31286891087523,1.2346161860058946,-3.9201582967695705,0.9845822346070287,0.16165362530255545,0.06682760449673134,-0.15255101408727634,0.980466225895605,-0.12415380775059452,-0.08559212228455432,0.1120450146350519,0.9900100521198036,1.7727478413339675,0.8548598495560463,-0.37589914910538963
9.34893636281855,-0.4274367551666764,-4.450248399924571,0.9842216987381455,0.1569702359058195,0.08165777839661673,-0.14314957086025987,0.9776534332969452,-0.15395442418202282,-0.10399926968745006,0.13983600896180554,0.9846979448044514,1.1685444966761274,0.5367356586835897,0.2512495562926732
9.310604676494165,-2.3528322174684173,-4.770656268039293,0.9860583243345136,0.14036034812038775,0.08937535278887143,-0.124495588097951,0.9786686825907565,-0.16342722619018496,-0.11040756113037248,0.15002193970081884,0.9824986453189879,0.6028850647289944,0.26915650508833416,0.9562790647729529
8.997795192524027,-4.056059952469334,-4.778946880439872,0.989338056516094,0.10935207469319037,0.09618905181596075,-0.09277797119040002,0.9823354286725625,-0.16250954937013912,-0.11226066983031915,0.15185265666094644,0.9820072874853121,0.10747314964163474,0.08526395254335717,1.6495807992360365
8.448268047051064,-5.1538033306538615,-4.497885844586304,0.9926437202618936,0.06399175135971082,0.10277889074389245,-0.04770567744056925,0.9869573014765997,-0.15375127122064441,-0.11127718977654118,0.1477170972499281,0.9827497373265945,-0.21286004646498408,-0.0344913183928926,2.296179332033198
7.763909576643357,-5.6727933276175,-4.014641614709115,0.9940143662591849,0.008949751758760793,0.10888223736591834,0.006597036606960247,0.9899030115841527,-0.1415927496894902,-0.10905007463710432,0.14146352745524454,0.9839187728779042,-0.3255985645313983,-0.10724545677681308,2.8153011177644345
7.125837981704504,-5.9082081532248,-3.444763213423034,0.9917313660623156,-0.05687508076875097,0.1150396573174757,0.07178441267567798,0.9889227215717772,-0.12991862397622841,-0.10637619877106962,0.1371024286678274,0.9848284258633079,-0.21152291348082491,-0.13965268008820125,3.2240408136743572
6.548780143951601,-6.093004461066005,-2.8687329455194344,0.9844804838158837,-0.12572889453314123,0.1224353791398497,0.14066664323489825,0.9824924925278931,-0.12215317272733194,-0.10493365745398514,0.13747998838304354,0.9849305459409448,0.026043171544234314,-0.07129284648767759,3.5351821114455664
5.803771463005753,-5.520262526739983,-2.296061681813842,0.9709357729154982,-0.1980363775799849,0.13440728413290287,0.2143053922988644,0.9693923085747159,-0.11979879343220488,-0.10656886836508568,0.14512113984936847,0.9836579339710552,0.35876580782996315,0.1469728366154281,3.6469403709696744
4.654469641466686,-4.454074629485795,-1.7677399935308165,0.9518621241363152,-0.266682036254536,0.15112639800457547,0.2857943806084125,0.9503609175955435,-0.12302722592828794,-0.11081547115523492,0.1602960319099964,0.9808287890893866,0.68933288245595,0.39886589665183025,3.6185221199776048
2.8297655912878037,-2.8261262567496543,-1.273345416007127,0.9273851021730428,-0.3314349137209395,0.17351590772689712,0.35526474897894716,0.9255631477560399,-0.13084272103887232,-0.11723408378292177,0.18298567562168364,0.9761006157752666,0.9617594361918271,0.6590030263858186,3.4649506750625063
0.46010599962041754,-1.1004908168039664,-0.7410940697840815,0.9030278836785469,-0.38142504342738975,0.19762484040590472,0.41126719892983205,0.9005082451893808,-0.14122390530767703,-0.12409646402478632,0.20880573888750248,0.9700516641005205,1.1854826957389095,0.9043889766055522,3.17279669583161
-2.059634377413347,0.5606363155838391,-0.07128052580573968,0.8751815587295704,-0.42675974659008653,0.2278889158121681,0.4653680901449061,0.8713656801673431,-0.15541683339132145,-0.13224893169535415,0.24207017601693243,0.9612035424136601,1.3283551087285805,1.102006622628277,2.7758138171479994
-4.2536209444413275,2.1233516566648576,0.7163398359193116,0.8550687228039866,-0.4534243276481336,0.2515230772298991,0.4997973376145819,0.8498954956822217,-0.16697385343953125,-0.13805832316718525,0.2684846839503303,0.9533393277780772,1.358153097705182,1.1876234453758125,2.3363326695192104
-6.5241179036312165,4.416016770835482,1.9154217600724621,0.8189253174551467,-0.4855405174050934,0.3059603412028788,0.5534474560605173,0.8092068776661832,-0.1971804820916322,-0.15184609909750468,0.3308090613869897,0.9314011633518231,1.1708059357497205,1.1340839920847854,1.3437139590887444
-6.853228760096534,5.353526632665693,2.1115538529834037,0.8049351137613356,-0.4912123506704908,0.3328511516921598,0.5712657888229601,0.7932055451699563,-0.2109036785646785,-0.1604208875256181,0.3599102522301958,0.9190918067228593,0.9582290148919005,1.1452872096809037,0.8164970559567297
-7.052573232934508,6.413862551788313,2.134735259178929,0.7976178873344936,-0.4871693739414207,0.355628608097808,0.5783904881361793,0.7850093562798106,-0.22186652245606941,-0.17108520987406178,0.3826569111445419,0.9079116362926881,0.6845146058363927,1.1307689023078038,0.28577906394035835
-7.132807381357816,7.540883761154113,2.0497342698325403,0.7957978280801097,-0.47506466742619513,0.37552546995672625,0.5765637023857932,0.7840103755021478,-0.23000440907984257,-0.18514889660531947,0.3995513644930025,0.8978187975408026,0.35750410679661826,1.110340372286658,-0.19049291124159382
-6.997771339351118,8.494193720524233,1.7284910230797887,0.7979535446368525,-0.45793842049916045,0.3918705700001188,0.5680052492170137,0.7888224056032703,-0.23479618668152993,-0.20159409084445254,0.4099409902034734,0.8895550613017693,0.03486487126086385,1.0833998686308424,-0.5592556782715188
-6.647502819016859,9.056967056071532,1.0562444072307455,0.803767606034293,-0.4344624164771561,0.406448082980758,0.5519270319751554,0.7995705087823296,-0.23677743317441,-0.2221130047183146,0.41464371471710154,0.8824604257305849,-0.2971652305223998,1.0437611195905074,-0.9020728406293196
-6.178696604554372,9.326487408688863,0.11262945566342353,0.81265082142912,-0.4067443079083668,0.41732207036618807,0.5289986485322108,0.8152946730884172,-0.23548890819897483,-0.2444566879462937,0.41213306591172105,0.8777170749737832,-0.6602850322187638,0.9640593276217815,-1.2517979154669951
-5.680146036985928,9.590827369633441,-0.9740663686521658,0.8253020462387564,-0.3716224093021658,0.42517445522817654,0.49586018476825583,0.8371762921218688,-0.2307781035338281,-0.27018365908343434,0.4012887250017539,0.875196063491349,-1.0168597228318779,0.8449488250152337,-1.5884041209413782
-5.420434832995751,9.9002389200147,-2.161303827889888,0.8384310424881083,-0.33650630133317627,0.4287154022838125,0.460113113482621,0.8586506715407871,-0.22586488674400837,-0.29211181043161116,0.38662971099699656,0.8747503396859847,-1.2569150837259435,0.729674307050111,-1.942058507953014
-5.351140492242159,10.218639140309211,-3.5444658447988524,0.8569031679577963,-0.2863483664101105,0.42862754670944275,0.40714304512704247,0.8859535974648376,-0.22208278623925654,-0.3161510739323416,0.3648161676699289,0.8757611901985916,-1.3428067739006568,0.59500181247872,-2.3429079633001066
-5.571630734188055,10.217233257856368,-5.016094097944984,0.8722173529177941,-0.24506216184959367,0.42329827084300925,0.3614030778360893,0.9060506853757105,-0.22013625521664204,-0.32958262181079745,0.3449879597316533,0.8788393499613637,-1.485733110962445,0.3167263626277887,-2.772565415858138
-5.484933159317631,9.560251810612872,-6.507196213147447,0.8962869364150787,-0.17560218957169943,0.4072267164974557,0.2810194616298795,0.9352601665226663,-0.2152126462391249,-0.3430711147807791,0.3073309160068657,0.8876091021781236,-1.6969922283476635,0.015139977626625112,-3.1184286027339425
-5.437893928833664,7.47212112972515,-7.373668608155395,0.9126112373654696,-0.12386824097021315,0.38961184313777386,0.21745739823805627,0.9540760747429999,-0.20603670438668112,-0.3461979338265947,0.2727553894645062,0.8976366125177062,-2.0289539595274713,-0.3620502761426533,-3.2328677478586005
-5.2728060010070275,3.907671088207242,-7.640486742480293,0.9268410036540823,-0.07192305598264688,0.36850078421030796,0.1517881671586087,0.9694760514307799,-0.19255268892646912,-0.3434037074000876,0.2343997860926933,0.9094672253707524,-2.2332714616908906,-0.6232659311893272,-3.2747752342202787
-5.019342231309518,-0.27757744408750495,-7.704060791056453,0.9397463580875417,-0.013371883357089684,0.34161085345270836,0.07781802599108952,0.9813709182573673,-0.17565726751131433,-0.33289808844758084,0.19165675968818754,0.923280319932019,-2.2238481796979923,-0.8544119012546392,-3.2840920788942105
-4.494538713008322,-4.175244777000463,-7.801835938616838,0.9487935161849577,0.046381139774057244,0.3124734445015215,0.0030171250615986193,0.9877870639785863,-0.15578065731318047,-0.31588251075637064,0.14874644906626575,0.9370660239750603,-2.1169029325414614,-0.95922804227835,-3.0912359959919433
-3.623545475839414,-7.392446814935737,-7.3314078982990605,0.9536227223711644,0.09630428638565242,0.28518272703857933,-0.06002537161604916,0.9892503489398428,-0.13334429828363176,-0.2949587397243312,0.11004195357294025,0.9491523114411539,-2.065107951896444,-1.0555132946207793,-2.7035930180194954
-2.16830454649583,-12.025579163085398,-3.1354003262605126,0.9572115991499898,0.17516248495674286,0.2303563724243366,-0.16304549458064801,0.9840765156250999,-0.07077837305359555,-0.23908601203264207,0.03019131098413666,0.9705289091991987,-2.192469515299211,-1.208222415991345,-2.0869344266794716
-1.7538239297697669,-14.13830522334266,-0.39161570227562825,0.9576864373830043,0.20404389867771652,0.20298466706884094,-0.202477267787634,0.9788668348191919,-0.028682324179029224,-0.20454741181913097,-0.013631107932002666,0.97876174282337,-2.3598716152463877,-1.2595494585769587,-1.405549472924885
-1.1624573256606272,-15.943252478730884,2.3259370272880178,0.9591931313892558,0.21837685330446321,0.17961093128347316,-0.2249433235427582,0.9742272031701317,0.016788621052378726,-0.17131560900634119,-0.05650580982645326,0.98359445686047,-2.4475042143229575,-1.1847741332673878,-0.6899885009065438
2.6944881395473588,-16.16406234979591,5.831164143042002,0.9738506205543019,0.16897072862706422,0.15186790876693354,-0.18417806951944124,0.978550695562857,0.09228745809447834,-0.1330165687201956,-0.11784493659333536,0.9840829047215576,-1.6800343249761216,-0.6258195854096562,1.3090870923303894
5.2493213493983255,-13.69818092285676,6.399369700513561,0.9804043415431564,0.1430978491352622,0.13538955888913043,-0.16099612800858623,0.9780792367483057,0.1320653376480527,-0.11352345065921197,-0.15127462515145423,0.9819513297183889,-1.6800343249761216,-0.6258195854096561,1.3090870923303894
7.657364616077405,-10.15628516280879,6.589887572468578,0.9871699469573055,0.09958010747141634,0.12481705821037939,-0.11987592079913979,0.9785786771611905,0.16737244760716263,-0.10547634539018909,-0.18018761001088618,0.9779607179031752,-1.476650462516392,-0.19134253929005218,2.219242650688465
8.97636523479723,-5.736124179175816,6.9457004379336995,0.992405204867182,0.04859330684399048,0.1130070789043493,-0.07150981402245926,0.9753908273711541,0.20856433151113954,-0.10009123763347792,-0.21506144333697064,0.9714578321979895,-1.702876590516442,-0.09383257446010984,2.498244243812402
9.225042306979303,-1.8977239073904273,6.940582467484693,0.9949725634562547,-0.002901332929568447,0.1001058451666157,-0.022314179583011382,0.9680296538824219,0.2498412828053354,-0.09763029938921497,-0.2508190014163806,0.9630982053610428,-1.8477925550068925,-0.03706479472596258,2.6686456655884845
9.145294089394753,0.7120535276779494,5.932750391146347,0.9946576520419219,-0.05720604190818752,0.08592801640705622,0.029940364966792615,0.9564954358929498,0.29020691870045245,-0.09879134466190777,-0.28608381618881296,0.9530982742271319,-1.719555925783918,0.04812260142839797,2.6322250136876884
9.161527118811797,2.335773459479183,4.358330809245506,0.9922001369979689,-0.09975180328351711,0.07475604245076052,0.07111189973296027,0.9454893068434961,0.317794065962495,-0.10238156991169231,-0.30999927158993745,0.9452081600135098,-1.4380881738289117,0.13195928921704952,2.4976398865146696
9.16541111516986,4.084436553662469,2.8309147011875804,0.9873987151609335,-0.14536404174490267,0.06255455751682308,0.11554921310271037,0.9323306918493645,0.3426483042231927,-0.10813027628691076,-0.3311023654449957,0.9373788278742188,-1.1073023254784824,0.17579266112520053,2.283710156578734
9.027737670385,5.949988110799097,1.6085496640465058,0.9828760894161682,-0.17625885678949704,0.05373460949185023,0.14616535317579524,0.9233255868343067,0.3551134329028939,-0.11220642755643269,-0.3411783640566072,0.9332775800985899,-0.7131397925450326,0.16602043729668342,2.038238720621673
8.601894055624442,7.715045086344977,0.5966411716744777,0.9759707253903438,-0.21400354904947888,0.04103198965776791,0.1848575198281065,0.9128502951146275,0.36404949673380765,-0.11536394819894519,-0.347716579563536,0.9304753300075107,-0.3376386889006867,0.08738112404546367,1.809167291887966
8.129774459965429,8.795321351534321,-0.3400128437335521,0.9703357197088488,-0.23999657071521144,0.029158825457323213,0.21297869180101897,0.905647619203091,0.36666396969227777,-0.11440571618515603,-0.3495769384223046,0.9298963900496924,-0.09671987492742704,-0.07537301288712289,1.6431932873537318
7.650336957935842,9.2056850510164,-1.256093758957277,0.963271098837642,-0.26830353347996494,0.011045545087890712,0.24576681173810716,0.8974403223453535,0.3663325566705116,-0.10820103692760447,-0.3501629360038458,0.9304184294482551,0.04891807460349065,-0.27733528385012035,1.5212535263606664
7.276862919335694,9.257873661912672,-2.0537159059530765,0.9571219617625242,-0.28958692043559475,-0.007547570767300695,0.27243066777500907,0.8909494374840659,0.36330514874205866,-0.09848391527311065,-0.34978352642663935,0.9316396315491432,0.1683573947110785,-0.4703663655140608,1.3972279276833917
7.119035806787189,8.798502403627381,-2.4561785963152505,0.9509187249856856,-0.3081458518910703,-0.028279187292533824,0.2976474157622064,0.8858605110562913,0.3558892676678615,-0.08461438625718165,-0.34683899566429,0.9341001641820362,0.364973490376163,-0.6026205093098369,1.258885321426735
6.995271527082086,8.287612758320842,-2.6241952928971966,0.9453563085447991,-0.32242769324645404,-0.04839248415118465,0.318775415259669,0.8829021110493342,0.3447696287822562,-0.06843744969369668,-0.3413564777946949,0.9374391023138637,0.5657687963595215,-0.6931258820394195,1.0998006249327328
7.038346556526618,7.187766140233652,-2.1715640467843746,0.9369285347560135,-0.33877324054914343,-0.08600937302284739,0.34811149985661843,0.8823787807732472,0.3165850137146315,-0.03135768530242918,-0.32655838487007255,0.9446567190485248,0.7193713532670768,-0.7635481736696733,0.7675942207116682
7.202739304720945,6.4823525034908105,-1.695361951811475,0.9331253757429313,-0.3442254825263319,-0.10385494848166199,0.3593437344037195,0.8830261501868345,0.3018888845767711,-0.01221121162716108,-0.31901980387701984,0.947669378551858,0.6922785089855821,-0.7252307364328675,0.5629656492472321
7.422219707139211,5.593038972691161,-1.0537314540849536,0.9304898112860023,-0.3463693518406795,-0.11923499150169402,0.3662643574511875,0.8852486223390614,0.2866797814769334,0.006255521865491342,-0.31042414331404944,0.950577571634177,0.6493899736479691,-0.5962404465588033,0.3161287030997136
7.596742940311042,4.552729930014451,-0.17790170289230856,0.9302649705957211,-0.34463631857533183,-0.12582882182308688,0.36646569379016686,0.8892950077821538,0.273600592851387,0.017606242002051103,-0.30063299395206383,0.9535773818573843,0.6643750965265804,-0.330579240958685,0.01902400612718161
7.631430547494833,3.368514679637462,0.9993131717156932,0.9326160105777667,-0.3394473558486395,-0.12248620094271745,0.3602178515220178,0.8960665996761312,0.2594373689153461,0.021690464699346004,-0.28607716013730183,0.9579610546305645,0.8049869470606766,0.08843013117183009,-0.3281062482559213
7.493680694696139,1.977374581147904,2.274360378965801,0.9380054265211839,-0.32996739770864114,-0.10614770966064684,0.34621957985012375,0.9066325531110678,0.24114190048125256,0.016668003636209648,-0.26294282665380797,0.964667428477861,1.002428363581308,0.6378452700992402,-0.7020916491607518
7.202522858117184,0.2774577452082436,3.286245005401458,0.9452505033553575,-0.3171572090793125,-0.07689467234773942,0.3263451965962224,0.9190296693855923,0.2210956341667146,0.0005464110333206311,-0.23408496645028376,0.9722159893341359,1.1631128748044977,1.2936180750898525,-1.0720416828197004
6.708281838778565,-1.7923681854989768,3.711898140525122,0.9534882491750832,-0.2998214700828183,-0.031100558876229922,0.29983933225857873,0.9328078497586537,0.1999147074613727,-0.03092787603061669,-0.19994149520801022,0.9793195928695702,1.1384507320233155,1.997224727881979,-1.3839836893477537
5.789796089141143,-4.022649695965212,3.4988435022487243,0.9595953090939782,-0.2801887111452081,0.02590615586344826,0.27107236019449216,0.9451995149167833,0.1819825610866726,-0.07547594519726858,-0.16760716914220772,0.982960435902033,0.9312266999511827,2.640160429506964,-1.5772258008042788
4.348667554081083,-6.199223334231758,2.706890906995575,0.9612445550317273,-0.2585899941882616,0.09560397652594177,0.2407653667422188,0.9563066106907147,0.1658604971858045,-0.1343165797634172,-0.1364143733444266,0.9815040372539,0.7018657291900806,3.1804658819110196,-1.6184871247179267
2.5034663691009693,-8.137536660459814,1.4842989533040092,0.9556280641476003,-0.23973528172255967,0.17117826296266853,0.21535491358048536,0.96505406096832,0.14930813978244867,-0.2009907067758427,-0.10581896855459738,0.9738609149584907,0.6551867601997572,3.6612244832281613,-1.4505360331707096
0.35995594026089095,-9.639766502032513,0.12142714495040119,0.9426150789604939,-0.22534432237826266,0.24636710269064976,0.19834536793107235,0.9715090152675591,0.12972797799297128,-0.2685813246236428,-0.07341777458994037,0.9604550496705561,0.8422329394830514,4.0416064629885895,-1.1792443527330068
-1.9657198653625367,-10.425810745744089,-1.067433108833233,0.9183105252564794,-0.21229115020231348,0.3341231011901893,0.1890154789160831,0.976755280518382,0.1011052457075321,-0.3478202523334342,-0.029691573303478415,0.9370909681250111,1.1676351105422555,4.2840020437273845,-0.8625572787803512
-4.252088233261628,-10.201686274142261,-1.940419220008503,0.8838774586693277,-0.20100612256489053,0.4223235451021892,0.19045154231588074,0.9793705055209723,0.06753978786683622,-0.4271871347381078,0.020735274462217894,0.9039254395729895,1.4585762703985368,4.379679400940307,-0.5535527567597527
-6.3946259796080955,-8.906997075103707,-2.5678299419486468,0.8469297275799175,-0.19282500676022943,0.49550837864694675,0.20070868457773972,0.9789180444938606,0.03788780937701616,-0.49236781015464554,0.06736452280120132,0.8677764462067897,1.622630161862725,4.301046681351473,-0.24295629174369476
-8.437407974655441,-6.830101713882218,-2.9367671497208674,0.8039470779370197,-0.18674985503369362,0.5646180899700466,0.21977393116621818,0.9755024001587901,0.009720414815529353,-0.5526015879965192,0.11627363815299824,0.8252950539136843,1.684123806513603,4.023749026947609,0.07181458698514309
-10.243789498121798,-4.439276484720676,-3.131701199165177,0.7691153267421659,-0.18455289307024592,0.611883848315753,0.24028903996667944,0.9706571161134867,-0.009270394281827708,-0.5922185335179774,0.15415898481000637,0.7908933025131548,1.6843540715489742,3.5472625441353647,0.355996024096965
-11.708144176950633,-2.0159495997045,-2.946990133255101,0.7261037885411303,-0.18248963799791174,0.6629259538512656,0.2721221150073122,0.9616855383946117,-0.0333238618202179,-0.6314450433649513,0.20459339497172765,0.7479429790724541,1.7688642357457822,2.9467845932927412,0.4518282026054504
-12.500717215803098,0.3721362150641456,-2.7677079388237473,0.7003907782252244,-0.17914520465087527,0.690912261743604,0.2956725731651382,0.9538507474259902,-0.05240688039547925,-0.6496387359563552,0.24098910200562282,0.7210365909297202,1.923118748794184,2.3547995464848226,0.33019333117346195
