0.05995670344763497,0.3195686823273689,-0.7642565549608051,0.9999724519304074,0.004624603446042683,0.005805895560195133,-0.004545917842683716,0.9998986245304468,-0.013493527822183975,-0.005867709200072311,0.01346676297732062,0.9998921023208734,4.3802843,-8.718414,-0.83866274
-0.09674491033242694,0.3162012674879835,-0.9772199617035323,0.9998714680003761,0.010223695653346434,0.01235004153680058,-0.009858138552766916,0.9995218603380389,-0.029306446571704187,-0.012643756682545144,0.029180931334922243,0.9994941764029338,4.43452,-8.704536,-0.66749877
-0.27011351814020235,0.43544239795454864,-1.267551592516985,0.9996913079583292,0.01627051645331219,0.018776556843775317,-0.015412152891176598,0.9988686477057275,-0.044987666907611815,-0.01948728651772804,0.044684392408017956,0.9988110685907029,4.4908495,-8.68704,-0.49613953
-0.4449296913911938,0.5708736491018275,-1.6133890021908657,0.9993944621331051,0.02348559758919978,0.025673639468521164,-0.0218565500707701,0.9978374632334974,-0.06198941995810801,-0.02707397785116464,0.061390745830433885,0.9977465490041533,4.548358,-8.665532,-0.33091736
-0.6219912446529043,0.5670943333703683,-2.001650859952837,0.9991638072975267,0.0282917837106364,0.029517133349656305,-0.026093423851820452,0.9970360520969586,-0.07237571450839278,-0.031477284164935046,0.07154499139270128,0.9969405673299777,4.608087,-8.639206,-0.17005768
-0.8289909270229551,0.4683525434839683,-2.4356619406839917,0.9986771397948345,0.03735540102809972,0.035334748693579485,-0.034018547777642585,0.9952939754504648,-0.09073390126689104,-0.03855786376744463,0.0894118361630021,0.9952481171525275,4.671733,-8.607145,-0.009715271
-1.0647382150787006,0.38372847730372817,-2.903696055543246,0.9982176578970441,0.04529358114437548,0.038858705197908724,-0.040999008258219546,0.9936296003216886,-0.10497284737685374,-0.04336575589543608,0.103192581475994,0.993715604357674,4.7399187,-8.569684,0.14356232
-1.2783995121284009,0.37790822064897944,-3.332856402573159,0.9976733648200128,0.05427109510036145,0.041261427087794796,-0.049102791701448184,0.99187689451619,-0.11734198725112459,-0.04729453431251938,0.11504292399589999,0.9922340211173143,4.8120527,-8.528689,0.2707138
-1.4154181456003578,0.3160930608166256,-3.714505377423628,0.9971428354650813,0.0627552958887273,0.042046860983626096,-0.057030183815545886,0.9904225040838515,-0.12574108929955338,-0.04953507660863296,0.12298388610786169,0.9911716500905304,4.885666,-8.486116,0.36175078
-1.5081588399160661,0.006946224154593672,-4.149522208159782,0.9966761861039507,0.07043687065478405,0.040929540745586336,-0.06453083297719493,0.9892702593260418,-0.13107297817725522,-0.049722747797690675,0.1279960986333063,0.9905274590268054,4.9581223,-8.443518,0.41748506
-1.5998495494002751,-0.5811413904181313,-4.706951217006446,0.9962988621140342,0.07752675815107465,0.03712383494287634,-0.07187562304755547,0.9882542581883569,-0.13486072810164568,-0.04714310301419342,0.1316932911851058,0.9901688769573741,5.024629,-8.404127,0.4424408
-1.654331308813032,-1.3421962777797738,-5.307107458396909,0.9961099672625471,0.08271662396690956,0.030379157982485683,-0.07781924556390796,0.9874930399193318,-0.13711914939475375,-0.04134124018546282,0.1342216682596126,0.9900886049387366,5.0773134,-8.373288,0.4397537
-1.6176348374306138,-2.1933553151854213,-5.7658892430976865,0.996155082022725,0.08519120766345112,0.020433078503774474,-0.08157315232436602,0.987023251666269,-0.1383145743947844,-0.031951109216495625,0.13611597557593055,0.9901775435813759,5.1083207,-8.355766,0.41176453
-1.5104619128574597,-3.114679599878909,-5.984215166797771,0.9964516126472405,0.08398609130999557,0.005524501713606678,-0.0824075934650786,0.9868638812795655,-0.1389556345209713,-0.01712227181214224,0.13800730521353027,0.9902831976337324,5.110405,-8.355333,0.36239165
-1.0088358450910042,-5.2901086885675745,-5.878337667107889,0.9972635624215539,0.06087688927748598,-0.0419451000495767,-0.06605738317760783,0.9885244845618909,-0.13585199869480827,0.03319351132373566,0.13825103172687067,0.9898408170167848,4.9914384,-8.422084,0.18752441
-0.4503997893983553,-6.524651383216394,-5.542805236756908,0.9966758243563574,0.04431454929280648,-0.06836316160441692,-0.053219592436595534,0.9894848861653374,-0.13448916324838836,0.06168448852392994,0.13768035724584832,0.988554066859368,4.862422,-8.490252,0.07255249
0.39373808322141285,-7.653196786446629,-4.960567900808579,0.9950501229819009,0.022921692200906476,-0.09669461608771876,-0.03580160695348973,0.9903818015173819,-0.1336492879245256,0.0927011202373101,0.1364495630254337,0.9863001668137925,4.6817,-8.578985,-0.051513672
1.4912968098673463,-8.501212117681275,-4.080721918665976,0.9916452461266284,-0.005054328690666395,-0.12889592544353667,-0.012295758320452346,0.9909786414050722,-0.13345466123849742,0.1284076328018862,0.13392455353834024,0.9826371119583115,4.4454894,-8.685341,-0.18406066
2.7724439428262495,-8.983461125922362,-2.7713522556223897,0.985910546316845,-0.03873285619373832,-0.1627272580494602,0.016617741846412824,0.9906891202605952,-0.1351255625454114,0.16644592310160777,0.1305175576248769,0.9773745043914792,4.1529756,-8.807353,-0.31212464
4.081586825685277,-9.003433878329128,-0.872318952980659,0.9778320158778996,-0.07551015023216948,-0.19530173049944688,0.048812772067427096,0.9892188339278051,-0.13807031500509828,0.20362186033738294,0.12547635559908824,0.9709757062760703,3.805362,-8.941304,-0.42957458
5.169993316227072,-8.58380391345013,1.5259167272313965,0.9683897494104573,-0.11018530886673036,-0.22378670860150512,0.0798595486927091,0.9868786535940435,-0.1403316627244355,0.23631281327796935,0.11802423814772584,0.9644825210911288,3.4094086,-9.078024,-0.548056
6.067247097322284,-7.854910576917849,4.101454887142273,0.9531577705016718,-0.15502401841699026,-0.25972642962573345,0.12109553760305035,0.9824335627707634,-0.14198649764739088,0.277175279029192,0.10388382191367886,0.9551869012081854,2.9756927,-9.207426,-0.678714
6.794196528530181,-6.877325696454324,6.523759950244244,0.9306882762253678,-0.20783367667818564,-0.30103902626583323,0.17089034543458723,0.9746290927823658,-0.1445497192645843,0.32344369267911355,0.08308606586335673,0.9425926391211891,2.51707,-9.3244095,-0.8084167
7.300947070267078,-5.692775052398291,8.650931881505265,0.9112604557675887,-0.24574114507055683,-0.3304779438535318,0.2076852379524805,0.9671625818684523,-0.14650386401105897,0.3556279287272976,0.06486778748316317,0.9323738233434969,2.0471756,-9.424403,-0.92903745
7.482955229435481,-4.150623078528725,10.704639703638833,0.8867946915493738,-0.2862846679090294,-0.36281712192241933,0.24839221606127967,0.9572535196294646,-0.148212705788569,0.38973899219864716,0.04131329177418689,0.9199982227606545,1.5779693,-9.505033,-1.0459793
7.344724320868803,-2.5356017417524095,12.51218681939991,0.8621007869993585,-0.3213746716476932,-0.3917914668269642,0.28478763782848415,0.9467864411242077,-0.1499714514280278,0.41913987449914447,0.017713139944530797,0.9077488696099522,1.1179336,-9.567627,-1.1554
6.938230663635203,-0.9250394837880132,13.85258199855616,0.8357950118949705,-0.3553731298037223,-0.4185171880639946,0.3203214728248035,0.9347091802812258,-0.1539899423512696,0.445915745560565,-0.0053560163839688505,0.8950589147925734,0.6807022,-9.613698,-1.2394822
6.398158631758353,0.462879613442297,14.697913700320383,0.811576250966596,-0.38507021309316053,-0.43939153366376205,0.35086119998574594,0.9225767938364566,-0.16046332234815064,0.46716207809663546,-0.023937219195888263,0.8838476126152065,0.27797395,-9.646133,-1.2809036
5.7040913523894945,1.8441694287588515,14.92795314174318,0.7883001564551726,-0.4131461396489686,-0.45595299168434644,0.3790170836303487,0.9098073307217571,-0.16910550340333827,0.484694660223419,-0.03950807839045127,0.8737907061149125,-0.08303833,-9.666685,-1.2859405
5.0728490380749225,3.132783705375438,14.4945586431473,0.7699175836074931,-0.4370029727362002,-0.46503259699909544,0.40139299311367027,0.8981520585317767,-0.1794618199907186,0.49609533310770804,-0.04849001520783305,0.8669129938430357,-0.38989562,-9.678619,-1.2461914
4.714759023158571,4.21262320164176,13.47400420632402,0.7562487877991936,-0.461357810472387,-0.4639361396446451,0.4204551364019758,0.8859635729930324,-0.1956681517330191,0.5013035499828882,-0.047090530317090824,0.8639891392425069,-0.6339874,-9.685293,-1.1309586
4.573763345437573,5.141387008302159,12.018410262422309,0.7505174896734218,-0.4833227247027702,-0.4506912928826068,0.4334902656791036,0.8748183673398988,-0.21628456654651573,0.4988082670282893,-0.03304493835134465,0.8660821813162937,-0.81094056,-9.686963,-0.9065674
4.418601006644877,6.10212780850478,10.295321406651402,0.7517479155874455,-0.5054424504837628,-0.4235599138951893,0.44322944177132023,0.862845452170077,-0.24299256699845637,0.48828550393905273,-0.005065068448140857,0.872669245318408,-0.9224304,-9.6772175,-0.5862991
4.182002366439946,7.211496660561421,8.382767780478758,0.7603106396448376,-0.5238074139840667,-0.3841269637739362,0.4488223005230592,0.8511335731296827,-0.27226858659178416,0.4695596594641055,0.03460395565283947,0.8822223599847876,-0.9690399,-9.650731,-0.18143615
3.7179339838206,8.472734064203165,6.310178161841088,0.7759207843339063,-0.537658465914769,-0.3299550127954314,0.45106019444137857,0.8385228586010689,-0.3056535892051619,0.4410120604123673,0.08833340044212798,0.8931436463062186,-0.95539093,-9.600969,0.31254578
1.6463316796211984,11.315333063378766,1.9814745967690799,0.8127337636560344,-0.5452712209072639,-0.20528790773886169,0.45016315542589236,0.8113616706806913,-0.3728878824086962,0.36988777069606016,0.21064551977324286,0.9048820376651079,-0.7553085,-9.409189,1.5108887
0.3336137488125699,12.640884764688552,-0.08474558247937436,0.8415349681218037,-0.5269039722701514,-0.11912640947401529,0.4417387347965569,0.7981392284028846,-0.40968361239471807,0.31094338328475835,0.29214033629470615,0.9044159642006783,-0.5786713,-9.28242,2.1412003
-2.1304858450903916,14.068192209739976,-3.6782528550597196,0.8912216358743488,-0.4530847666304743,0.020932988244843215,0.412086752999782,0.78956998419846,-0.4547128193210972,0.1894953924282768,0.4138761098447851,0.8903920832690504,-0.08660126,-8.998357,3.3166611
-3.5268891057136216,14.271650294806179,-4.876691290403013,0.9160244198203189,-0.3867530483062564,0.10640179471544292,0.38795513380139646,0.7868101856261496,-0.4800214015563111,0.10193172445313177,0.48099044836749416,0.8707801744006617,0.2180893,-8.831526,3.8322845
-5.094178901817085,14.398899366266294,-5.8976635666665045,0.9316613596062853,-0.32102257763491004,0.17015174305662234,0.36243283576497415,0.7883018281545181,-0.49721491056444056,0.02548628211269486,0.5249044983393486,0.8507794761553595,0.55315703,-8.649623,4.2744293
-6.609840519091312,14.427744736466376,-6.7642648638144705,0.9415514558887859,-0.25373201681474844,0.2215872730028251,0.3336326526103721,0.7933315304564375,-0.5092291585286669,-0.04658442900664361,0.5533942052703185,0.8316157433258203,0.9105881,-8.464727,4.63143
-7.794213397209152,13.944380292150306,-7.739932681918893,0.9467854773628072,-0.1860666817229197,0.262633679880368,0.3008796053329453,0.801453802726675,-0.5168590380264658,-0.1143185153401361,0.5683757489967126,0.8147884909612139,1.2821076,-8.287625,4.900458
-8.663439607147856,12.704736079010694,-9.000710670336412,0.9483647531988563,-0.11978910838918713,0.293691784701916,0.26340460560616485,0.8132715513267645,-0.5188519996569534,-0.17669835493159983,0.5694207173205782,0.8028310769088249,1.668019,-8.13017,5.0699873
-9.39601719502592,10.857821254369997,-10.423669307268861,0.9471626883222612,-0.060667685662598184,0.31496392454770417,0.22428646392883766,0.8272435668581696,-0.5151346068651105,-0.22929985597127128,0.5585584239881426,0.7971411813746895,2.0631332,-8.002062,5.135152
-10.044539701262009,8.658056913621852,-11.74207134478244,0.9443098116911252,-0.006911767107247826,0.32898511671400515,0.18324571641803972,0.8414552979439497,-0.508305015690873,-0.2733129835158067,0.5402825270518327,0.795861045663232,2.4571075,-7.8988523,5.123709
-10.515084539537776,6.268660424370472,-12.812632502122478,0.9412730316015447,0.040565286733314505,0.3352007420813413,0.1417207803147645,0.8536084379123621,-0.5012662517582764,-0.30646419106742623,0.5193333151619115,0.7977296580648896,2.8474426,-7.8064866,5.0660295
-10.73813190402621,3.8022846482405335,-13.742315602203464,0.9396260235467768,0.075246138337192,0.3338277318303747,0.10707820565248105,0.8618870177261513,-0.495666245117989,-0.3250187590707913,0.5014865774280118,0.8017942497371882,3.2262313,-7.719476,4.977666
-10.651197172846471,1.3232364538231618,-14.643166096513475,0.9395020919938465,0.10692190722027366,0.3254282177309852,0.0702154402709533,0.8697494688919152,-0.4884727764264741,-0.33526946041466743,0.4817712809192874,0.8096238767444088,3.5810287,-7.6472154,4.8528733
-10.014078362516768,-1.3862115338240057,-15.493954338684576,0.9410771526389958,0.13313509638225846,0.3108839637102033,0.03406813933305707,0.8772571006676787,-0.4788103394983466,-0.3364716253464227,0.46118870914130705,0.8210309494150085,3.8951232,-7.5997987,4.6941237
-8.749545978927523,-4.606362586803258,-16.079011143393195,0.9440318449240857,0.15169774636460004,0.2929021500725604,0.0034768216150212108,0.8833487429403507,-0.46870343508145934,-0.3298360008863258,0.4434893370686648,0.83338191750584,4.160066,-7.5754623,4.5215516
-7.102637258718616,-8.186931484232062,-16.0464804683199,0.9481434685891048,0.16382406559350512,0.27237040680704705,-0.02142960859596585,0.8879337138041755,-0.4594719705981515,-0.3171194330961837,0.4298085567114034,0.8453992368877643,4.379771,-7.567682,4.348793
-5.2591476177095435,-11.488125300958085,-15.111886562448845,0.9530605263803466,0.16884553578020361,0.2513300978846605,-0.0392093605227942,0.8919108574765455,-0.45050821120468737,-0.3002303434082079,0.41950710049121864,0.8566653567960122,4.5576096,-7.57946,4.167413
-3.129213677794752,-14.116274579463585,-13.294257227897383,0.9599317205613546,0.16636387158658428,0.22550865635456283,-0.0524850036588823,0.8972074462905502,-0.4384793298568554,-0.2752751646099677,0.4090743948862019,0.8699894960270736,4.686656,-7.6210494,3.9573867
-0.7300703445913119,-16.238242864077865,-10.894926850401403,0.9676128609758381,0.15656242972463721,0.1980241320467575,-0.05970844144770395,0.9041281212719448,-0.423068838778218,-0.24527587181384083,0.39754313718637085,0.8841940967807789,4.76111,-7.6985993,3.6981583
1.8628007632952635,-18.087118575240044,-8.129773598959758,0.9764745425113632,0.13867930163758577,0.1651227395743406,-0.06190146577910702,0.9138069548038245,-0.401403858833668,-0.2065567146369781,0.3817393098037883,0.9008936801803552,4.779013,-7.811432,3.3769073
4.467735683445262,-19.430997711952706,-5.199668836460696,0.9841750364300076,0.1164018348817743,0.13360430570961954,-0.05801958865766595,0.9240991095536767,-0.3777228654107362,-0.16743125454940766,0.36399374796589284,0.9162288613887648,4.7304826,-7.955527,2.9995818
7.065296771917657,-19.959415901643077,-1.9087610850647518,0.991909135192518,0.08409391899954119,0.0951024726751615,-0.046167655959390985,0.936791294472042,-0.3468293790102149,-0.11825741019000263,0.33963257115402595,0.9330942618762896,4.609215,-8.123421,2.5832412
9.298461576518982,-19.5303388185169,1.4824081529056938,0.9968324473124879,0.05156964528466727,0.06054455937745367,-0.029666398561039493,0.9474402679486833,-0.3185543022245106,-0.07379008592903233,0.3157491256591866,0.9459690866323508,4.412735,-8.305409,2.1448624
11.035848585082976,-18.073924498538233,5.195415247972269,0.9998998225570439,0.005474828956898201,0.013052628022180955,-0.0015938877424628226,0.9598519214525162,-0.2805026709423233,-0.014064294232457655,0.28045376647819437,0.9597644922041741,4.148158,-8.493297,1.683815
12.061609983383777,-15.948496370813222,8.281174384827757,0.9992103970335071,-0.03082635353386709,-0.025066279898438334,0.023592990056635538,0.9679763713394497,-0.24993022095917,0.031968004009154206,0.24914148682288365,0.9679393401775509,3.8234603,-8.684361,1.182579
12.618974556986625,-13.18771913861372,11.030990923760593,0.9944958489182236,-0.07505523248036577,-0.07310758210842784,0.05811165732667683,0.9757131402477284,-0.21120346405933774,0.08718395361056486,0.20579256552469377,0.9747042516618024,3.4376297,-8.874217,0.6354507
12.731320377823383,-10.100046639258888,13.299803789536009,0.9834680742819936,-0.12499083673954377,-0.13102609510786917,0.10245466236934049,0.9807016585738715,-0.16651516155966817,0.1493103781619082,0.15033811094199212,0.9772946655802127,2.9903061,-9.048485,0.056214906
11.82536823369772,-4.168073425375351,16.065058083250904,0.9423351827928611,-0.21777340928680883,-0.2541242717222138,0.20305653888445918,0.975633694330335,-0.08310798098622736,0.2660309103976631,0.026713979391755835,0.9635942704364975,1.9362625,-9.276408,-1.0734451
10.759106955196643,-1.3185590606043829,16.703552431597835,0.914050276998713,-0.2573184143193292,-0.31352723130656857,0.2549584732138422,0.9656960942247137,-0.04926693146117085,0.3154493113878089,-0.03490397185592574,0.9483002924673366,1.3596604,-9.322281,-1.5583938
9.437345954180685,1.2144929333834678,16.938960384199554,0.884158110242003,-0.29123181634572876,-0.3653059885099865,0.30288729516207324,0.952660600325205,-0.026402026767342497,0.35570173252697757,-0.08730297667312453,0.9305130132036395,0.7759201,-9.331652,-1.9727341
7.821470627718978,3.5342838405962995,16.615665588913895,0.848321036233938,-0.32306070877357906,-0.4195035136082786,0.3535837840540046,0.9353876934055828,-0.005326413374375106,0.39411917884953157,-0.14381113125240513,0.9077380852376266,0.21162415,-9.32101,-2.3005416
6.42972889229432,5.145294203319942,15.962068461425035,0.8158001479885681,-0.34834363891520354,-0.46165661239621103,0.3932827876697441,0.9194167387556555,0.0012285839938391144,0.42402684757518083,-0.18256387847334227,0.887057868919623,-0.31360322,-9.2982025,-2.5415802
5.1429958407639385,6.284978020713353,15.096332291873914,0.7828017068407491,-0.37170344043431636,-0.4990571511725921,0.42868669283751615,0.9034530913190152,-0.0004808015687361915,0.4510534415690046,-0.2135627873844319,0.8665689405311885,-0.7792923,-9.2736435,-2.6879165
4.0755611737820105,6.986165630737876,14.06390336806959,0.7536946599723788,-0.3930648105138226,-0.5267299253553512,0.4564519502436008,0.8896827701483173,-0.010778943363338943,0.47285936244081506,-0.23230286962702248,0.8499643522613842,-1.1738586,-9.255884,-2.729056
3.305667487814433,7.403556198919065,12.791996963011941,0.7293312519175934,-0.4151485452002653,-0.5438084317058905,0.4773615160522597,0.8781878294493806,-0.030201311217800963,0.4901039766912778,-0.23756645728109335,0.8386657679947978,-1.4907669,-9.2495365,-2.654245
2.899556745919397,7.703598058831587,11.21961786941257,0.7123105845146173,-0.43913357344089127,-0.5475174297366966,0.49107001999268235,0.8691710163655014,-0.05824070547777148,0.5014617299982435,-0.227383924205726,0.834765047399549,-1.7262542,-9.257559,-2.4456558
2.7079564244871612,8.051260139724079,9.411490863782102,0.7030978961454128,-0.4667628262885028,-0.5364567199980479,0.4988513192076498,0.8613908624511587,-0.09567206180718155,0.5067550786728062,-0.20034531709231126,0.8384873547994014,-1.8803208,-9.279472,-2.1008973
2.5660638837256,8.560951335697863,7.464128685518388,0.7033404899349487,-0.4951354209587696,-0.5100520268855414,0.5009188463261561,0.8543254324372199,-0.138594245501863,0.5043733385234983,-0.15801572834037766,0.8489043320561619,-1.9540131,-9.312723,-1.6434326
2.407995558121512,9.173840915740877,5.488065487875729,0.7129129696357906,-0.5217247023941096,-0.46857062715972353,0.4984568218605172,0.8470085995772278,-0.1847084973219598,0.49325033650854305,-0.10188114228846197,0.8639006530731441,-1.9540253,-9.350795,-1.0974334
2.1478811402657283,9.893706011804314,3.4038919002887007,0.7307403109531465,-0.542803010380985,-0.4139848908709587,0.49256087053181574,0.8391192451124205,-0.23078709084977383,0.4726546167859134,-0.03526732770288214,0.8805417814207663,-1.8855178,-9.385836,-0.47817993
1.6729558581914574,10.67165637456712,1.4689928151619633,0.7558749170916546,-0.555450320609533,-0.3465949379988866,0.4840476712155787,0.83056703068295,-0.2754201509208851,0.44085253963480764,0.04041471114922616,0.8966692196235259,-1.7601058,-9.405252,0.16980438
0.8238042240279855,11.555690747880517,-0.5230558886548926,0.7861296713163046,-0.555737475081405,-0.2704736561409714,0.4734723601325027,0.822781625009357,-0.31441107127058987,0.39727076920744747,0.11910607178942324,0.9099393823745698,-1.5832443,-9.411446,0.80695647
-0.27758278255060986,12.352327303209412,-2.4327361971983645,0.8155402678488005,-0.5438799243275212,-0.19770862254994734,0.4621837508578172,0.8177422019608838,-0.3430508294337224,0.3482531435035532,0.1883940525750638,0.9182741578604048,-1.3619843,-9.4029255,1.4027512
-1.5028786027409256,12.945645548199098,-4.144429473633011,0.8445541628711917,-0.5205979649611367,-0.12532368034519525,0.44863989499622553,0.8157181327609133,-0.3651385661674553,0.29231919299751274,0.2521540932909332,0.9224791610881561,-1.098053,-9.373655,1.9497802
-2.9184889988852896,13.368008010767698,-5.476500993286521,0.8774534564330427,-0.4781435249804531,-0.03813399156886439,0.42871855588672425,0.8174346185007062,-0.38470903851483307,0.21511818061732696,0.32121552577027235,0.9222498329476762,-0.7949585,-9.322141,2.4386475
-4.376015387128747,13.506143962596877,-6.69771172268063,0.8981837944068021,-0.43909401589411173,0.021501550432055025,0.41139346866109355,0.8222652310452033,-0.3932369562454334,0.15498801698194078,0.3620446588753391,0.9191857154959725,-0.45935974,-9.251897,2.8493195
-5.912274647225305,13.370674961312814,-7.668834034666725,0.9221850311297115,-0.37348326876713545,0.10042418190510588,0.38116572753921096,0.8337349827803333,-0.39949801831521264,0.06547867217497631,0.4066893488146616,0.9112169429125572,-0.094380185,-9.16907,3.179036
-7.2842016637011575,12.851309007308968,-8.801518370601388,0.9368696474662621,-0.310004703587463,0.1617786988762493,0.3494561012445464,0.8465537595092906,-0.40153102690034836,-0.012477858766797759,0.4327167849926046,0.9014435573158521,0.2977783,-9.078924,3.4348006
-8.45412411064244,11.911980488043657,-10.061356231462035,0.9455080867367971,-0.2474412102980345,0.21163011449594424,0.3148104251813542,0.8606647319447073,-0.4001882249438143,-0.08311951703695955,0.44500456922686715,0.8916625366441898,0.7089859,-8.987719,3.6165345
-9.402383309822026,10.413328900510141,-11.31903895236948,0.9499677445919491,-0.18585068221401924,0.2510394553759833,0.27608249947802865,0.8755022360327465,-0.39657822454545594,-0.14608127093111817,0.4460441218335303,0.8830090054245778,1.1389084,-8.89638,3.7273116
-10.122467974904195,8.327177832683489,-12.434172672187662,0.9516921693172077,-0.1236167817559344,0.28107099837694755,0.23146257499210987,0.8903004828151148,-0.39216084286577607,-0.2017599842345601,0.43827382030812595,0.8759046564519386,1.583635,-8.804907,3.7769547
-10.578019151498717,5.95944384398977,-13.40647023643774,0.9520435551364363,-0.06899905878974835,0.2980808598506542,0.18712602638532663,0.9020980636439119,-0.3888482143705217,-0.24206800567694634,0.4259791232631404,0.8717481672888967,2.0343506,-8.711476,3.780777
-10.793817413777735,3.7374722123871194,-14.28793653787225,0.9524146194405643,-0.01769359691690229,0.30429152026309986,0.14024653841511053,0.9117988875639871,-0.3859451996069585,-0.2706239108771891,0.4102556827945447,0.8708920562252909,2.4777436,-8.616325,3.7446258
-9.981879145775613,-0.9644736827411897,-15.72223017501313,0.9528798647112302,0.05819004561660582,0.2977144303171183,0.06295504071484581,0.922126467751209,-0.38173215782963726,-0.29674336770431886,0.38248751099064165,0.8750123871464227,3.2716568,-8.429982,3.5978866
-8.777216053967658,-3.9061994138430007,-15.958168408774103,0.9533931183356819,0.09708558506693205,0.28568505575612024,0.020358418819261974,0.923964763884366,-0.38193540014417054,-0.3010433468677643,0.36995067816172417,0.8789251384699003,3.6063247,-8.332662,3.541504
-5.2497067381137885,-9.743223754247941,-14.66463045708737,0.9601998303471491,0.14871907291417902,0.23642953105070147,-0.045876944225289096,0.918941865802855,-0.3917156535847368,-0.2755205832417187,0.36527863970716234,0.8891906002561127,4.1510086,-8.168291,3.4034545
-3.323710838907607,-12.250871422562113,-12.867936849050981,0.9640284293859375,0.166436588665222,0.20723911138867465,-0.07354462486728926,0.9162685015735361,-0.3937552808246726,-0.25542195576890636,0.36434996223091715,0.8955494009453158,4.35607,-8.124103,3.2810287
-1.275741049801769,-14.342937652800028,-10.603005798137943,0.9688077970063147,0.17569933537062318,0.1747603960000491,-0.09506122633713994,0.9147493240977753,-0.39267930593544464,-0.22885544718675901,0.3638178357543576,0.9029184717791311,4.507022,-8.113391,3.1125793
0.9018240695937987,-15.923968254217066,-8.185159001822727,0.9748048062378293,0.17718751594461032,0.13549971929494123,-0.1123538488185889,0.914802433239275,-0.38796020516948854,-0.19269717795359337,0.36296155765160637,0.9116615080586865,4.596892,-8.137056,2.901825
3.2324226012921438,-17.1131809418485,-5.710185205011192,0.9818616862416534,0.1646961852512687,0.0939297378596265,-0.11771027423354397,0.9178881454301917,-0.37897974064399215,-0.14863351045629675,0.3610491919979927,0.9206256353844554,4.622653,-8.189107,2.6678467
5.459084853093126,-17.977896820178408,-3.060202532283134,0.9880129313323974,0.14549181301384556,0.05160019249875862,-0.11650524515390773,0.9220670488606789,-0.3690784269731658,-0.10127672670259691,0.35864256544825057,0.927964727172915,4.5814667,-8.264732,2.4285035
7.379765082877443,-18.208076842543058,-0.1825906494880023,0.9923183211898722,0.12286714076265193,0.014422730383866607,-0.10959272461255613,0.9271645584768016,-0.3582671017781487,-0.05739149887319035,0.35393438265493293,0.9335077228559804,4.4746003,-8.363802,2.1791
8.854430550771138,-17.40010450970827,2.9413512478855353,0.9954713365252931,0.09024650212492807,-0.029872847382922164,-0.0950254621866412,0.9359442117909772,-0.33908493619030317,-0.0026419108166677308,0.34038801575434763,0.940281350999823,4.3060837,-8.491391,1.8814743
9.867276538064559,-15.683338159202801,5.7823989726365355,0.9959058407703172,0.05550831382356414,-0.07134692296121578,-0.07522684924972498,0.9465585953421395,-0.3136363287884159,0.050124619415294544,0.31771945593617784,0.9468589492886935,4.0743456,-8.648376,1.5078598
10.616959777952816,-13.51722453883023,8.262720106759453,0.9929686046495516,0.013079470145421709,-0.11765320922541306,-0.045787488684684574,0.9589571014865128,-0.2798299186801444,0.10916435343221573,0.28324936887714575,0.9528131710731241,3.7749984,-8.821246,1.073645
11.173635622749071,-11.385177324326097,10.162146725492498,0.9866511944384497,-0.02833360880263744,-0.16036404561310144,-0.012376311776146499,0.9688532568906258,-0.2473260874215399,0.162376868488099,0.24600929499644258,0.9555695575704312,3.4086807,-8.9895935,0.61307985
11.53711419236549,-9.244745777426159,11.583312588461252,0.9779251019219904,-0.06666503233762792,-0.19803602827336414,0.022462427737555607,0.9757887804752031,-0.21755848693822927,0.2077448780860812,0.20830753553853887,0.9557458010720514,2.980043,-9.136103,0.14924164
11.46791983847951,-6.595642772722667,12.968343942715256,0.9631252903562373,-0.11399853064181271,-0.24370886337538564,0.07077921486343446,0.9812490098361195,-0.1792782291271077,0.2595765355719396,0.1554178744776279,0.9531344640045935,2.4975524,-9.25166,-0.3150589
10.887970107224609,-3.7487380304837776,14.084699164318733,0.9435999442352611,-0.16013772657409112,-0.2897844953873395,0.1236273625823146,0.982359857893844,-0.14030461439214473,0.30714071768515844,0.09656613343439402,0.9467521119138707,1.97426,-9.331362,-0.7698959
10.085885235090778,-1.3202053114662309,14.784131882924425,0.9258360845019105,-0.1928102639525783,-0.32504114623953284,0.16513411754674218,0.9800087730503795,-0.11096633708629573,0.3399386236605527,0.0490612561888486,0.939167038010246,1.4245148,-9.375949,-1.2075714
8.935183932999397,0.9610445065846196,15.101430128266482,0.9015759711680066,-0.2282228336721584,-0.3675256540748103,0.21408588006462706,0.9735830165626697,-0.07939361320463714,0.3759361703393552,-0.007102679169425315,0.9266183398677112,0.871492,-9.39451,-1.6077011
7.801127057601697,2.7212693529855545,15.10986137945708,0.8764991118027163,-0.2570448068659119,-0.40703473349619257,0.25748427437614685,0.9647289521026059,-0.05477131935600958,0.4067568751208016,-0.05679803023234966,0.9117690652263234,0.33327484,-9.392728,-1.9589676
6.537895940733315,4.1907413361267425,14.911072410552547,0.8447083189135753,-0.28671496599538726,-0.45195396251439857,0.30463663835177357,0.9518446895144065,-0.034470358526632265,0.44007314679713516,-0.10856433722676956,0.8913750109525044,-0.16763306,-9.379512,-2.2369294
5.618618766576626,5.067478946303497,14.398810850501912,0.8228648563435322,-0.3052142955588025,-0.47930956800514934,0.3327996815628633,0.942555852175555,-0.028858923771873032,0.46058419441660764,-0.13576707743837543,0.877171306266595,-0.6114334,-9.364194,-2.4127808
4.708465516272424,5.820770626301702,13.563295287104827,0.796609391609348,-0.32879600284059085,-0.5072540445534521,0.36238076735246283,0.9313869955969415,-0.03461854829342179,0.48383226086405745,-0.15624164921349815,0.861100975727132,-0.98576814,-9.354246,-2.4640641
4.2308453339907075,6.391786010309952,12.242851626702855,0.780339720145628,-0.3475178474798331,-0.5199050556072977,0.3786000456257331,0.9242341297398572,-0.04953058526004444,0.49772675899054936,-0.15818539473349927,0.8527868750618577,-1.2813781,-9.354193,-2.361934
3.963990595681948,6.7676976177692865,10.623187533915347,0.7637066384959104,-0.37721865085296913,-0.5238876404019698,0.3932385850984762,0.9154165439523659,-0.08588344571601536,0.51197225071973,-0.14042307683202507,0.8474466201395809,-1.4968704,-9.358914,-2.0976563
3.9414719332295562,6.988981268863128,8.87718088866215,0.7565866611107985,-0.40144628259438125,-0.5161564747442067,0.3981513761114929,0.9089871241432922,-0.12336081161468082,0.518702328826215,-0.11217526613679267,0.8475639230980745,-1.6327957,-9.364288,-1.677565
3.8768370109544312,7.190219768304068,7.238791540793787,0.7551810939511977,-0.4347867572602926,-0.49057312507897594,0.397596030288887,0.8988102232807919,-0.1845469566924708,0.5211707129503645,-0.0556835544574295,0.8516339763805769,-1.6921813,-9.368729,-1.1315506
3.6784335956572716,7.774828874103738,5.362382173125866,0.7607755049914467,-0.45651373796830463,-0.4613196701325623,0.3927792196078816,0.889706597476009,-0.23269433824630906,0.5166673162192797,-0.004168627336446379,0.8561760957284982,-1.6790451,-9.372502,-0.49733886
3.38550033388058,8.545628111867192,3.5500021730316926,0.7742636519508135,-0.4761340052429261,-0.41690791107763797,0.38388604506678936,0.8770760818380613,-0.2887369929028398,0.5031374580278923,0.06351342943759804,0.8618693303571626,-1.6041763,-9.366219,0.18686828
2.991897749402749,9.304514520566784,1.8177031905865897,0.8014551674099679,-0.49184252215907504,-0.34023601812280396,0.36858501619517425,0.8542355322539132,-0.36664252518124196,0.4709720803489992,0.16844164814877044,0.8659172655055789,-1.4721298,-9.336039,0.916272
2.3811527178952416,10.125195865352602,-0.0747168276853909,0.8211058741202341,-0.49264981679505004,-0.28823827208934416,0.3588953778693814,0.838302256988266,-0.4104186078534625,0.44382344601118245,0.23354974617880409,0.8651446496572539,-1.296022,-9.272168,1.6635361
1.211437880647114,11.147451534329129,-1.6652694294315178,0.8524264086497899,-0.47946506371489234,-0.20852450818380214,0.34412263216779715,0.8147535355130904,-0.46664364390702606,0.39363540474191255,0.32602136286721195,0.8595122099702096,-1.08582,-9.177298,2.3882446
-1.8282875806383792,12.936276148621616,-3.9550477642949353,0.9115420985737172,-0.4061806755293337,-0.06409572024994398,0.3121137774315565,0.7849046617612795,-0.535265973029126,0.2677237241359643,0.4679123109856652,0.8422482275213297,-0.59570616,-8.911647,3.6377258
-3.3578982818905336,13.32949430047881,-4.641422212862141,0.935421263813197,-0.3534885722292454,0.005734850429804095,0.2952927940395495,0.7722952050408232,-0.5624609160281894,0.19439450865299418,0.5278313609234322,0.8268039848907816,-0.32362518,-8.742155,4.1343355
-4.829791692522404,13.536504718918167,-5.268912593670229,0.9533942191723181,-0.29393924687309597,0.06811154084649751,0.2773089294321521,0.7646575262213074,-0.5817204012670563,0.11890845430834956,0.5734968062167283,0.8105320430144689,-0.033680726,-8.566292,4.542224
-6.136963759506152,13.526241038558725,-5.932002164478369,0.9656091915655844,-0.22761956693287302,0.12565119145217382,0.2568939893866041,0.7608146399690694,-0.5959585235784208,0.040054555060504704,0.6077420640025063,0.7931237080436292,0.26972046,-8.396828,4.8711214
-7.2071936172991125,13.033792734818523,-6.787797348464002,0.9716412840440227,-0.1593302050752294,0.17472006436574186,0.23369398148591072,0.7597314478491464,-0.6067909443674181,-0.03606020186502777,0.6304141598185473,0.7754209495117642,0.5892426,-8.235654,5.137782
-8.157188835973018,12.039624390162135,-7.814103055227463,0.9725477460755835,-0.0907262301993351,0.21428866688913054,0.20649981245600763,0.761007594267236,-0.6150002186367319,-0.10727865145935217,0.6423676459951972,0.7588511700720039,0.92997897,-8.081899,5.347449
-9.037208870126088,10.753934966233981,-8.862476626164796,0.9697437969339517,-0.024860925835833447,0.24285572399000366,0.17500190655398887,0.7643919727080405,-0.6205475362629198,-0.17020957966751593,0.6442723387094123,0.7456150833796951,1.2946975,-7.937622,5.4900146
-9.72324580202829,9.318395926883122,-9.884132590446145,0.9648024784301943,0.038042296699892654,0.26020945654751443,0.13802796182738847,0.7689735136849101,-0.6242019040381573,-0.22384025412943975,0.6381477249923256,0.7366566511736554,1.6854279,-7.804822,5.565193
-10.08811782127809,7.6245009793024465,-10.997872046704057,0.9594166331497831,0.09487402081739382,0.2655534677037307,0.09710704500348269,0.7729519330570667,-0.6269892590738984,-0.2647450582092644,0.627331036500893,0.7323700053910497,2.0940857,-7.683656,5.580556
-10.132760665776223,5.538204728903235,-12.23561656964818,0.9549778544793871,0.14372062944716413,0.2595412840479495,0.05462890907587325,0.7746829143699384,-0.6299857652967082,-0.29160414905677695,0.6158009117032952,0.7319537262684445,2.5079255,-7.5681825,5.554634
-9.82263779070934,3.087103939800312,-13.42245304393709,0.9522125456731498,0.18157726752561085,0.24560326500393467,0.0159160399317166,0.7735163710022211,-0.6335764385332261,-0.30502122472961074,0.6072084647874131,0.7336620017112503,2.9106965,-7.452339,5.510788
-9.081116422264676,0.42880710674415123,-14.317831808274256,0.9510998579204031,0.20991047313294553,0.22659799984309825,-0.01846284137539233,0.7709255524762348,-0.6366576128717539,-0.3083312889606508,0.6013413222191831,0.7371027271958404,3.2933533,-7.343332,5.448262
-8.001705578776292,-2.2389554979314976,-14.858342944981558,0.9509079265261279,0.23222300977685345,0.20456438839632007,-0.05004616582986644,0.7676960129022397,-0.6388569582150098,-0.3054005510072142,0.5972564821784558,0.7416300950880452,3.6439407,-7.2472444,5.372714
-6.7467367445765944,-4.799935388731253,-14.978615036117993,0.9514651425395549,0.25271478760900645,0.17563974110639133,-0.08517869602778866,0.7646573972853987,-0.6387829478936695,-0.29573412429949725,0.5928189444513858,0.7490707755775495,3.9592545,-7.173639,5.278047
-5.3530743592820835,-7.348602559951807,-14.497219646602808,0.9529819442240665,0.2659039369020973,0.1453289727579632,-0.11611674832224438,0.7634195375174568,-0.6353798159335106,-0.2798969716556209,0.588630364555379,0.7584009356411762,4.2347536,-7.129547,5.155757
-3.7562312538344917,-9.90538601245512,-13.356871788703394,0.9562714144929668,0.2723836573859074,0.1065463514752995,-0.1480096443577596,0.7648665222665183,-0.6269548215725053,-0.2522659846287457,0.5837690864588487,0.7717353994046715,4.4647627,-7.119054,4.9989915
-2.0066416386617596,-12.26961309747165,-11.719089720867219,0.9596460613456842,0.2702667854623721,0.07768720370532337,-0.16663776714124903,0.7690614880007699,-0.6170707270939217,-0.2265199582948372,0.5792238706664967,0.7830634815544804,4.6404676,-7.1502137,4.798915
-0.10370732475143019,-14.4563513130375,-9.777277890254172,0.964376036457648,0.26065636991806945,0.0451344339431967,-0.18206853817581725,0.7777850235849391,-0.6015825001556291,-0.19191119746580437,0.5719341866929367,0.7975345624981574,4.753352,-7.2251067,4.5555587
1.8284191613398075,-16.338865336462653,-7.603673030230594,0.9690227407814853,0.24641602046363956,0.016555141412946207,-0.19064635562372825,0.7889542646911017,-0.5841276703881735,-0.156999665400058,0.5628768187486378,0.8114929401909053,4.801248,-7.3345156,4.281146
3.7237297536726093,-17.56792244436978,-5.049677442424699,0.9734992316560999,0.22851780320115045,-0.008880291949284996,-0.19362188657328333,0.80293321559004,-0.5637453470690836,-0.12169556690687902,0.5505250811019962,0.8259009166194523,4.7877746,-7.475165,3.9768128
5.47031532135388,-17.868601785971823,-2.054449498832181,0.9781884094957902,0.2046395812422829,-0.035638144130697415,-0.19165225271449726,0.8229780412607902,-0.5347677604643085,-0.08010524051243822,0.5299337556634196,0.8442472179704859,4.719371,-7.6554627,3.6205459
6.978867420870859,-17.315619054627444,0.8984859054472869,0.9821888296227314,0.17751258486029567,-0.06159858099458652,-0.18430703822225333,0.8464093128845287,-0.49962204787627357,-0.036551588557421584,0.5020762464791151,0.8640505911666108,4.5944886,-7.8762956,3.2023377
8.232579015803015,-16.303567989612517,3.4991566531395666,0.9850833090607395,0.14655218721494356,-0.09018498008238862,-0.17171427826730512,0.8712457310757916,-0.45983158082209646,0.01118395498395312,0.4684584640122602,0.8834147308292908,4.415227,-8.122885,2.7350845
9.97698115419004,-13.707281506007245,7.534732710440981,0.9848879719523668,0.08235661839743186,-0.15235836081323173,-0.13566359356136615,0.9137025871316582,-0.3830704525944691,0.1076618413625342,0.39795096390768425,0.911067482813085,3.883757,-8.618721,1.7492355
10.555343255735592,-11.637229098536082,9.556670894844185,0.9803563789052235,0.034786080740910205,-0.1941424706923391,-0.09973786095769048,0.9366307998945096,-0.3358200467222824,0.17015795435836423,0.34858667971633495,0.9217014686398821,3.518872,-8.846064,1.2537186
10.776129093740694,-9.26492069292587,11.29523114584815,0.9724129335781019,-0.011628924836446883,-0.23297608185644175,-0.05885053647918651,0.9542183673418043,-0.2932642524817056,0.22572040440807073,0.2988847194733952,0.9272099133956475,3.0843399,-9.048976,0.7711304
10.038974265076886,-4.381759648861249,13.89476115830124,0.9460522573716034,-0.10616558593943139,-0.30612741576708224,0.03889533290623641,0.9751753882423949,-0.21799108982802,0.32167107330347205,0.19432403487070815,0.9266962231882448,2.0465074,-9.350485,-0.12299347
9.101112132141626,-2.048959333916396,14.669870025036099,0.9263609921134135,-0.15088133333591355,-0.3450943864241065,0.09149064794092082,0.9789544951961199,-0.18242137395234387,0.3653556809877244,0.13741513594246973,0.920669488352854,1.4770463,-9.440407,-0.54206085
8.035988190751592,-0.10071588797181441,15.097850734085775,0.9037213666676286,-0.19088099580902945,-0.3832129132314675,0.14225639614471283,0.9781308202063657,-0.15173403151020953,0.40379550416555315,0.08261079833397102,0.9111117641729295,0.8997574,-9.492787,-0.9264572
6.888353881064691,1.456129967997781,15.199649649241124,0.8787495204053883,-0.22718858982533138,-0.4197435229285604,0.19038567700137618,0.9732994845674489,-0.12822405130655642,0.43766719591492004,0.03276366881037636,0.8985399087553386,0.3353424,-9.51575,-1.2505004
5.6255545801997355,2.8232488374027875,15.064242117562681,0.8495233497149374,-0.26376150037071655,-0.45688067283624745,0.23964630840501372,0.9644709375166007,-0.1112000789284726,0.46997843052310645,-0.01502270308692336,0.8825500514050163,-0.18944092,-9.5227585,-1.4907852
