0.3092373846250426,-0.41170580886778363,-0.37634462620180775,0.9999959133611314,0.002820539977871555,-0.00046670683510965303,-0.002823384894818819,0.9999767214489488,-0.006211687206153438,0.0004491756587557554,0.0062129795142596205,0.9999805983751799
0.48806470241729294,-0.8252008387602647,-0.29448532261308824,0.9999854070286781,0.005240126611962524,-0.0013140786808644505,-0.005259089518123584,0.9998756329876041,-0.014868104622926447,0.0012360045021208139,0.0148747985105186,0.9998886001261053
0.7210348845111856,-1.157520764122919,-0.18177824181542496,0.9999733144152775,0.006661752442200334,-0.002998584953525235,-0.006734263863633713,0.9996682875708405,-0.024858892079056602,0.0028319865006082067,0.024878421967280483,0.9996864728367982
0.9863877680315154,-1.4332987244239588,-0.08866380871891581,0.9999650713332828,0.00630840706538708,-0.005482710435525674,-0.006482365355448613,0.9994568019304579,-0.032312227009906186,0.005275893556633552,0.03234663931907928,0.9994627856363342
1.2747325657105066,-1.716742650254901,-0.09761450804120564,0.9999427099820006,0.0033358511516355135,-0.010170980825191647,-0.003737297736427743,0.9992042683215803,-0.039709731471825924,0.010030421700087031,0.039745468484210386,0.9991594909600215
1.5546765673529366,-2.0599989591490995,-0.23012867598961756,0.9998736794015417,-0.0018949540033265206,-0.01578082346863057,0.0011901167031423054,0.9990062524319037,-0.044554362571986715,0.015849569781407537,0.04452995341664332,0.9988823125806443
1.8008238405170705,-2.453852679599956,-0.4024630133897791,0.9996909580446139,-0.009635801010492018,-0.02291592770821159,0.008519333265964924,0.9987951656229342,-0.04832843975298876,0.023354001039333754,0.048118275812221736,0.9985685866120133
2.0363598526089373,-2.779665458916746,-0.4992464664169972,0.9992675370795144,-0.020605846998821935,-0.0322457502394035,0.018904622679047224,0.9984575999657073,-0.052201880350058634,0.03327167835267261,0.05155405066704384,0.9981158125585509
2.2825943553536607,-2.91362792987797,-0.4701667865138836,0.9980265354146736,-0.04041522825407556,-0.048058755012524566,0.03771390691080949,0.9977268706659979,-0.05584579461837102,0.05020653178328172,0.05392310150766042,0.9972821081770639
2.4069771378095415,-2.8998333690350835,-0.3620291620168916,0.9969340967425746,-0.052836656214594956,-0.057712169532316615,0.049633157042125335,0.9972188007964384,-0.05559867858271494,0.060489308758638255,0.05256378123930031,0.9967838744821915
2.3924611199754318,-2.828204251528206,-0.19776135738618741,0.9944169950348348,-0.07448489086176174,-0.07474517388567667,0.07066435549586557,0.9961164376506545,-0.0525222953089707,0.07836701377647695,0.04694724353442101,0.9958185414402956
2.2898981118932737,-2.9029995432226148,-0.05597834038965277,0.9911167808440503,-0.09605858956205585,-0.09197974831817227,0.09191934236207348,0.9945974215072705,-0.04823695295944685,0.09611639417419762,0.03935373555885731,0.9945918370208526
2.227159800950972,-3.122308267811891,0.07807042602196813,0.9865385273246755,-0.12021521218946818,-0.11086043867088358,0.11612548781075029,0.9923179378229091,-0.04266123949914838,0.11513733184669021,0.029213233869764918,0.9929199271754475
2.1211335315813176,-3.284532974942003,0.251480905612005,0.9809020546006643,-0.14517785345292886,-0.12943936861324085,0.14151237789858973,0.9892399538378771,-0.037128972949990985,0.133436899625558,0.018102613005706793,0.9908919664729777
1.8350624581835904,-3.2484780623982825,0.4768809364067252,0.9738102922910241,-0.1724294198425338,-0.14819449990076097,0.16946537928871894,0.985000216453169,-0.032497058478272306,0.15157506341941623,0.006532132881140291,0.988424165725132
1.381374897960625,-2.9634419880662572,0.7385609032989409,0.9657603675108184,-0.1999636230439853,-0.16529205063913677,0.19784564044952271,0.9797936407438644,-0.02935173100518622,0.1678213785561487,-0.004355573097267724,0.9858077976373023
0.8122993405525333,-2.369735542029156,1.0129336645277423,0.9569081112931846,-0.22756669561355372,-0.18038920585455614,0.22636475366163408,0.9736542776475178,-0.027501743915573612,0.18189520290820466,-0.0145171163189641,0.983210754870371
0.13035707278271863,-1.514452997966346,1.219926807451684,0.9477554782525497,-0.25391494569450573,-0.19309778298892047,0.25368821448717604,0.9669277943072011,-0.026323571690016045,0.19339556166724342,-0.02403832251150506,0.9808263433341523
-0.6276673306141256,-0.513466109500749,1.2821303964880364,0.939368068632091,-0.2769174507179942,-0.20224825616618242,0.2772298553075137,0.9604138561511943,-0.02736479926781735,0.20181981805707153,-0.030363636156433366,0.9789518939349219
-1.346713778296167,0.5843903552197817,1.1679838071898767,0.9309209644928312,-0.3000705920429075,-0.20819173292605814,0.2999062773390588,0.9533934031655681,-0.03312466774178966,0.20842836342581514,-0.03160155995193031,0.9775269606145097
-1.9449350534416607,1.829263366663315,0.884323096037759,0.9241864573942098,-0.31937311870588664,-0.20947602014840538,0.31767478341254174,0.94724042589655,-0.0426416173604749,0.21204274086356784,-0.027136444044829237,0.9768835598225963
-2.5352803310892966,3.318351892465598,0.4793737935768,0.9198876395276787,-0.33318097350339965,-0.2068747677691058,0.3293558000285341,0.9426769144428253,-0.053712121202932984,0.21291192458798255,-0.018726288256920492,0.9768919277465448
-3.2554833464291484,5.021711969361148,0.01629271535055595,0.9180636820621031,-0.34188840838060813,-0.20067733278461514,0.3352263528914449,0.9397249747741706,-0.06738148197231174,0.2116184491146107,-0.005411838935067628,0.9773373747041849
-3.9632662061493678,6.766960134385277,-0.460448687723811,0.9191956627104885,-0.34377372051359384,-0.1920910272200827,0.3340152532209167,0.938984348832555,-0.08211092048728669,0.20859804474153654,0.011314668874697762,0.9779360071079622
-4.431122530944354,8.397573280023346,-0.8797879830536586,0.9233503362017768,-0.3381059975554258,-0.18195738801465358,0.3252868278324596,0.9406137917646986,-0.09712967816651993,0.20399175540879266,0.030496379442259886,0.9784974882778971
-4.619314626603575,9.773893244882569,-1.1957094549357556,0.9300915892065867,-0.3250695441135607,-0.17105387214841583,0.3093892768634268,0.9442883751478118,-0.11223965396699567,0.1980098761402843,0.051470924321472954,0.9788477066941531
-4.588796564353844,10.796872090547652,-1.3939934902818538,0.9392948481370472,-0.30393323983480924,-0.15921612351365913,0.28551994486627197,0.9497159406777972,-0.12852234477337918,0.1902723031519867,0.07526099750868692,0.9788422921529475
-4.169234671099323,11.6754958803961,-1.7048228422724485,0.9596186915736357,-0.24497465575007626,-0.13827286365239588,0.22306196533466116,0.9621499405277808,-0.156559418635308,0.17139231722437534,0.11939392774558832,0.9779415951957154
-3.7856917604475306,11.392655183523317,-1.6422702257464814,0.9713161988174009,-0.20168393722460118,-0.12596996221519344,0.1785673967066689,0.9684748589309666,-0.1736955164995529,0.1570303370317892,0.1462191406219664,0.9767094942547945
-3.324924080251785,10.520199206950142,-1.2795144258011755,0.9817369577654194,-0.15223158640141093,-0.11409684421230896,0.128834315300774,0.9732856814130315,-0.1900439463843844,0.13997951621033317,0.17187357696306818,0.9751231761082501
-2.87472204672539,9.207689178540576,-0.7502816688796625,0.989618503222967,-0.10028757280831531,-0.10294474643686505,0.0777057691983143,0.9759342581394029,-0.20375018336971037,0.12090091609260831,0.19363555079093592,0.9735955227700356
-1.7324756211126089,6.638448581194373,-0.14778026848598946,0.9946098954417167,-0.0482607461490679,-0.09177176183637,0.027758832746554135,0.9767054438286543,-0.21278139768320736,0.09990296839416246,0.20908700671396493,0.9727805613443504
-0.4595357351785307,3.4531284618365277,0.2073807091790898,0.9968312299443144,0.003944536751012192,-0.07944771637702633,-0.021152362326092133,0.9759550239486524,-0.21694323865336307,0.07668165736165468,0.2179363022977224,0.9729458831636351
1.1651413201867455,-0.46516492490480593,-0.0034170267035599777,0.9965191392032571,0.051837762448784984,-0.06528745351062457,-0.06480659631866773,0.9743370499469697,-0.21556302599060118,0.052437679918049804,0.21904373874854013,0.9743049472520776
2.674577123801482,-4.336767351939234,-0.48358199836330573,0.994526449134332,0.09127667411333189,-0.05084988431712213,-0.09996157502368797,0.9728380874954081,-0.2087911373527605,0.03041094360653198,0.2127313429682714,0.9766373688467365
3.6879676936233197,-7.657456870690318,-0.6447193102730225,0.9915494857624165,0.12460741905511613,-0.036091666638006996,-0.1292755284238169,0.97231638921253,-0.19465014004477338,0.01083766741643312,0.19767101554130204,0.9802085056659331
4.470818214536477,-10.615487755154799,-0.256877980418051,0.989179851097068,0.14455692128727657,-0.025030355401503702,-0.14670145313442232,0.9730279043350114,-0.17803196632533144,-0.0013805186816243948,0.17977762345008122,0.9837063079368815
5.470273953119516,-13.35872235882663,0.4573319802551121,0.9881726769147181,0.15243966956852814,-0.016640545094351034,-0.15312067829623052,0.9750280585740619,-0.1608550368232129,-0.008295690284804877,0.1615005638848759,0.9868377523116787
8.598616586907761,-16.149617521091592,1.3303161680528695,0.9941292964525643,0.10781387977752617,-0.009116428140765513,-0.10808270478508941,0.9856338984498915,-0.1297842330670703,-0.005007081092590639,0.13000763652103506,0.9915003497655192
10.255308031922835,-15.95588379701722,1.402378683193243,0.9983375639913712,0.05739554365947191,-0.005278247039274395,-0.05762856229936062,0.9923508513996313,-0.10917296613051752,-0.0010281688006567409,0.10929565084878753,0.9940087542745575
10.664336728783944,-14.224324059629573,1.3450145898568728,0.9999649139425327,0.007979138703641598,-0.002550339085347365,-0.008174195601377372,0.9960115992289206,-0.08884861691505498,0.0018312318729807927,0.08886634653790944,0.9960418761492068
10.136115849251503,-11.518010910355999,1.3072608444654965,0.9991323151247989,-0.041648662915555745,7.583340158307103e-05,0.04150934418752348,0.9956379808198385,-0.08355827603604696,0.003404587857599284,0.0834889215784998,0.9965028894866181
8.58272404532014,-7.339831805411655,1.80085651504475,0.9932286198916902,-0.11612276333875525,0.0035231325009162802,0.1160569609513034,0.9903792894656552,-0.07536341826278142,0.005262170920377642,0.07526198796254767,0.9971499098556497
6.1816523955717155,-3.1669585428944025,2.4170402843567342,0.9848824509360258,-0.173109000659216,0.006311238310599666,0.17308561072647433,0.9819860624438401,-0.07579409294585686,0.006923091627958404,0.0757406565644189,0.9971035170660576
3.8996342096806584,0.443355262972477,2.6722079275073707,0.968046049090036,-0.2504241356539819,0.013213596146640453,0.25067047414541105,0.9648050824872643,-0.07946990750250954,0.0071526381766048724,0.08024278839059934,0.9967496850656218
1.7864887307791615,3.3224001785668973,2.270319925586285,0.9543851524154157,-0.29787222059031154,0.020521234114927945,0.29854124957507777,0.9509280697540284,-0.0812953163228258,0.004701398850792824,0.08371347773491285,0.996478775737031
-0.4909736705431105,5.9070214544179285,1.3457224464467754,0.9356679047233551,-0.3514407491517545,0.03185862373453629,0.3528783759136809,0.9322361673074698,-0.08007858750253694,-0.0015568825030691479,0.08616918358399285,0.9962793021624708
-2.734979564749785,8.124017968800699,0.31962649503576157,0.9235393944238118,-0.38139914193400437,0.04012083597462753,0.38343041545510265,0.9203396643340841,-0.07717524705079905,-0.007490223709972153,0.08665792973196057,0.9962099677092904
-4.755005265454519,9.86482842284895,-0.5052127717123134,0.9103259572974965,-0.41071409619888716,0.051191626795078334,0.4135435913192047,0.9076500277006054,-0.0717852721239096,-0.016980858317829382,0.08651796575636851,0.9961055627051633
-6.136771159390201,11.370550528505692,-1.1197785159953697,0.9064572993984692,-0.4184590225991607,0.05680854489060541,0.4217033809026398,0.9040875460691937,-0.06922403901727651,-0.022392474238373573,0.08670499090558255,0.9959823400289519
-6.882649714358786,12.716039123224652,-1.661951818461114,0.9076823504728204,-0.41510543682785206,0.061645980859201074,0.41875169817581076,0.9055453912049806,-0.06807760088525619,-0.02756385159969373,0.08760719595658399,0.9957736757424426
-6.8563483442815985,13.764266779014722,-2.176881562737899,0.9174356942166174,-0.39253837451594437,0.06500285770373793,0.3965895574553655,0.91533267343273,-0.06987717698825349,-0.03206976605199797,0.08988727095017544,0.9954354869234371
-6.507135503455988,14.079098709857261,-2.5672440608401237,0.9261929932443869,-0.371387835952727,0.06509696284276459,0.3755873567528197,0.9239377147639937,-0.07261705504988611,-0.03317644815878346,0.09170700378399706,0.9952332132442777
-5.715037618272109,13.78722089592296,-2.645612027026733,0.9428462704738055,-0.32742432012734335,0.06192111790642445,0.3316689355198223,0.9400448673602113,-0.07944409708008159,-0.032196699594564594,0.09544088190533524,0.9949142729885573
-4.693661154993497,12.786722239561575,-2.385495206810392,0.9603260809664234,-0.2731702570591761,0.056141151341000214,0.2773185399741002,0.956670630255755,-0.08874532434268802,-0.029466007573186542,0.10079343165245906,0.9944709339811889
-3.2526333266864556,10.646532907481522,-1.8397858240626026,0.9756441718562706,-0.2132192688995818,0.05153632983457922,0.21753073249514646,0.9707020815602351,-0.10206786602428157,-0.02826358687456331,0.11079265419942463,0.9934415722288006
-1.0671046689560835,6.77701511550443,-1.2211312602670013,0.98791754959917,-0.14775628869837654,0.04676531133278532,0.1523214054679389,0.9813640937011378,-0.11714395003761473,-0.028585042071724628,0.12285192202088371,0.9920132562751028
1.5725746614810683,1.7230908880448255,-0.725448043616665,0.99518653439606,-0.08746629848879323,0.044197379847994614,0.09256545630260261,0.9870665494730123,-0.13088645159424048,-0.03217760177902749,0.13434758479447909,0.9904116964190403
3.720725263206318,-2.990719628223404,-0.2795617703008941,0.9985812078735947,-0.03136965597546042,0.04302924546971296,0.037217649933648934,0.9890738234341628,-0.1426457792251222,-0.03808435131557276,0.14404484191149364,0.9888380381556756
4.812638193669045,-6.633463134540077,0.3966100770280129,0.9990673492405793,0.01304631150354474,0.0411609698325206,-0.006794164882353002,0.9888851587222305,-0.14852603200267575,-0.04264118906588564,0.14810785467037516,0.9880515130194311
5.399483220145319,-9.639504090229032,1.289638188719715,0.9982556548802296,0.04576379101295036,0.03730044144196742,-0.03971306604049052,0.9879886251569024,-0.14933636176844772,-0.04368660990860073,0.14759455272026847,0.9880826524749831
6.235864283931292,-12.517747854631944,2.037698507364124,0.9975226065391732,0.0626677732365308,0.03195934356126963,-0.057377123467902726,0.9876520491089865,-0.14577824115199278,-0.040700308915799635,0.14358335588916402,0.9888009429434039
7.537766678950625,-15.066592180765344,2.3553692653004976,0.997674649771924,0.06289630747054724,0.026255431991073018,-0.05860749942930661,0.9883319388630026,-0.1405885473071735,-0.034791582503692645,0.13872286448119497,0.9897199162677396
9.108058465594121,-16.65368926931384,2.2241806804119797,0.9986439702217373,0.046625339768731344,0.023158118041295094,-0.04305561194932227,0.9897646178634083,-0.13605960276794213,-0.029264911061432253,0.1348780149511077,0.990429950104204
10.584539146721168,-16.72817298994158,1.8717103400196313,0.9996878110417451,0.008571030096464748,0.02346950995756281,-0.005446116611976464,0.9914845541246894,-0.1301104098295522,-0.024384836854311753,0.12994197310819464,0.9912217024240029
11.218143886043388,-14.863756929679123,1.6942302382546943,0.9988383824018817,-0.041729724005868746,0.02409389912788248,0.044361219129986966,0.9915795999464525,-0.12166338482605996,-0.01881403938796478,0.12259089323610725,0.9922789450640794
10.34713758762121,-10.649170962638344,1.8877935461763977,0.9949255612092579,-0.09758733527165499,0.024491624017592143,0.09975538426902304,0.9884948318014103,-0.11369622162253469,-0.013114532465214615,0.1155624484704199,0.9932136374122847
7.829627805771496,-5.1002924991938405,2.302024767956323,0.9876995558287552,-0.15478299562756354,0.022176827551197317,0.15626994658789617,0.9820383369022102,-0.10573745149073989,-0.005412135354384189,0.107902405528783,0.9941467596245581
4.7515105443204675,-0.11726857418172687,2.5223490973940637,0.9757217950825149,-0.21836831087300046,0.01680057759202316,0.2189538412035931,0.9707885023407467,-0.09812695422360374,0.005118009685900743,0.09942315891924694,0.9950320806121652
2.2290816555517905,3.5599977765360378,2.1719375881865113,0.9623721881514096,-0.2714341290768682,0.012778303680391801,0.27139127892615544,0.957728858753162,-0.0954054863946019,0.01365815490805063,0.09528350688155095,0.9953564728884132
0.14167423544754776,6.4709549026125535,1.2370603404637959,0.9490636596694617,-0.31487836604738334,0.011392299598269267,0.3144912448334025,0.9444402001866437,-0.0955403851496754,0.019324254654291665,0.09425668605855564,0.9953603620374464
-2.131148328978511,9.0773232332168,0.1854348733464407,0.9379998325101249,-0.34640763132384766,0.01257247674793783,0.34594014007533935,0.9332051180995746,-0.09722976415384599,0.021948432646346498,0.09555082685858209,0.9951825489783326
-4.3613122960527475,11.187916129956163,-0.7842597354613483,0.9306755430492694,-0.36553025112393045,0.015187793889245606,0.36515150889313014,0.925552835123976,-0.1000815914493744,0.022525743561902397,0.0986893353267976,0.9948633101937872
-7.172920098361184,13.937043752333967,-2.038889534388411,0.9267550126400661,-0.37517585772231976,0.01918912006400769,0.37499258565536026,0.920827659571434,-0.10703729290159467,0.022487935654855285,0.1063931254852293,0.994069814248209
-7.253451443030981,14.840321124811513,-2.4915224771829347,0.9334921838660378,-0.3581294801945347,0.018319882003062258,0.3578402673517552,0.9269851335665795,-0.11246735174340254,0.02329561595318779,0.11154298526640719,0.9934865256837764
-6.760418986893133,15.223226661257629,-2.889308952989004,0.9433155463676147,-0.33147306316879377,0.016774634859327696,0.33100216840718405,0.9358598610738196,-0.12084653466538643,0.024358663569854794,0.11954885538718822,0.9925294588498141
-6.0940309859589785,14.749182354222782,-3.140229226677909,0.9535406134506811,-0.30093426835030873,0.014101937191797182,0.300214129213885,0.945269092079175,-0.12781948278787603,0.025135137167836486,0.1261146688227645,0.9916971892605523
-5.206635278710618,13.368391135437385,-3.023212555223977,0.9659650971381488,-0.2585014337830096,0.009404246009815322,0.2573351101261129,0.956643715289269,-0.13642376293712294,0.02626922547899546,0.13420063610009875,0.9906059342963093
-3.9822509927450254,10.778152872804538,-2.5726711516742564,0.9774050801506994,-0.21132478422571166,0.0045983548752956795,0.20978914462181755,0.967183673983915,-0.14333267449475975,0.02584229274752875,0.1410587691387207,0.9896638821108009
-2.0563285964940334,6.819732429889612,-1.9020097697673735,0.9886685930180193,-0.1501145396307373,0.0001953745626396249,0.14840813559696472,0.9772327090111865,-0.15162868372207547,0.022570743638633633,0.14993951257126312,0.988437506421874
0.24752479360335927,1.9665432575974306,-1.3449995684220273,0.9953161796408643,-0.09666115762127793,-0.0015241891048442067,0.09519511811259283,0.9827232289054892,-0.1587228554969246,0.01684019099186241,0.15783433079302644,0.9873220001552059
2.2897514325429054,-2.384093984623783,-0.7185122516456042,0.9993117820694084,-0.03702895130706455,-0.002195218066730598,0.03617947880287115,0.986026933423022,-0.16260975332969063,0.008185812776631878,0.16241842053624714,0.9866880201663026
3.8807811946144,-5.851677889607117,0.011313389429882692,0.9999848004440001,-0.005030169361110343,-0.002257493559287192,0.004602535062945087,0.987019258944528,-0.16053597460877087,0.0030357127607925083,0.1605231443399738,0.9870274082208879
5.076311305455666,-8.91721504890258,0.843501386283571,0.9996300881263507,0.027080121965020888,-0.0025206957099776477,-0.027144267530089285,0.9876119465828616,-0.1545504180099969,-0.0016957749725817974,0.15456167041401112,0.9879816872726307
6.1965438219502715,-11.792958277314737,1.6546286735207594,0.9990858721462237,0.04262047256113067,-0.003303845711283525,-0.04263694954023679,0.9879266284802023,-0.1489398109091132,-0.003083927969544953,0.14894452678230571,0.9888407441695932
7.394539632497154,-14.145625784676334,2.268108476019423,0.9990502318284683,0.0433878533956665,-0.004016025547493654,-0.04351671185301167,0.9888088435414396,-0.14270026882855452,-0.0022203767662056615,0.14273950088169673,0.9897578010882568
8.76603900486473,-15.50307505810041,2.488362788603956,0.9995933230239779,0.028445559008791674,-0.002009661304098867,-0.0284515023766653,0.9900825335400075,-0.1375757565543774,-0.0019236887457273802,0.13757698554509773,0.9904892086590014
10.145159335299168,-15.469088237056534,2.2535096001134542,0.9999658949056047,-0.006151080857395116,0.0055111913337443945,0.006836153828504296,0.990901013816243,-0.1344189265645794,-0.004634223393879845,0.13445201754613614,0.9909092687785851
10.571190257307247,-13.84415812461915,1.8371241274000891,0.9991030705897453,-0.040441327556971225,0.012552026273495429,0.041753245506956305,0.9902378436496477,-0.13298751630785038,-0.007051299722506237,0.13339232372788412,0.9910382268826464
9.863629133033992,-10.127376313474475,1.5872487005451823,0.9947863393108379,-0.09944946259256911,0.022581928850084393,0.1015779424973915,0.985926024589921,-0.13278477184643653,-0.009058737138131392,0.1343863029715554,0.9908876126257208
7.828847755428005,-5.168200478077706,1.627451199838676,0.9832281325245944,-0.17911835310947546,0.034337370189732375,0.18210793059342154,0.9744832176497777,-0.13122179748013127,-0.009956958731416008,0.13527407031018232,0.9907581868824187
4.902527001087235,-0.8673060758241486,1.6984029294553684,0.973445973765273,-0.22526277794171953,0.040738397540379154,0.22870706506058155,0.9646469076221633,-0.13095580172856627,-0.009798701523847514,0.13679555727060744,0.9905508371403619
2.1284114753111227,2.5142007398119217,1.4831052743722266,0.9569326185023279,-0.28579182787094465,0.05101955280538434,0.2901346895140141,0.9475785802418912,-0.13385326371578546,-0.010090866508076697,0.14289109625496316,0.9896869752725718
-0.4314453946369563,5.223651715067286,0.8782589992728765,0.9397476344758436,-0.33609093801977447,0.0625880569920749,0.3416590916241979,0.9297114428638255,-0.137497993143868,-0.01197700328058652,0.1505971925005615,0.9885226537633656
-2.846689369364021,7.595474181776395,0.004414477689887342,0.9248328734533185,-0.37303482645244057,0.07435841871418901,0.3800377147862266,0.9144029189336363,-0.1394225131953514,-0.015984102106153315,0.1572015270257978,0.9874371819921601
-4.9597875392980795,9.540388792066103,-0.8691278572528347,0.9128281652307331,-0.3991090270325623,0.08635233235190552,0.40775290064844255,0.9022661930342706,-0.14019018838786568,-0.021961620483791557,0.16317996644369406,0.9863518569846979
-6.506027048961245,10.999818241815117,-1.5429938252021582,0.9064266904235911,-0.4113152690489313,0.09597085148595659,0.4214394108559437,0.895806298069402,-0.14113787343086953,-0.027919130808991433,0.16837703461695153,0.9853272026836941
-7.338416579904877,12.128037155838584,-1.985205298248474,0.906160163950063,-0.4105599162009942,0.10155940369570195,0.4217080528671771,0.895370783163746,-0.143085564623807,-0.03218812540314196,0.1724868570812623,0.9844857585141906
-6.632473306689425,13.913326762398468,-2.765782346740978,0.9263592341914221,-0.3635999251209433,0.09825305939422709,0.3748591143482909,0.9153990456705557,-0.14671479671611212,-0.03659526770357552,0.1727416615570177,0.9842871048348779
-5.627111183639242,13.891377088535453,-2.979759114773357,0.9427862724413416,-0.3205530196828899,0.09165045590906941,0.3314151162675917,0.9310082932144838,-0.15292997964817737,-0.036305167751966246,0.17455463195811732,0.9839779546597928
-4.5040234282319425,12.65460085103199,-2.8007913818457584,0.9584370420229348,-0.27297938514705206,0.08294993528064734,0.28323799885284345,0.9453197375963217,-0.16169981359499852,-0.03427349535957817,0.1784736647115137,0.9833475878448478
-2.942270479514357,9.974532164306519,-2.113073728915384,0.9732322674552588,-0.21757500405332736,0.07402750296402902,0.22736213932092078,0.9585115168807254,-0.17193641153177638,-0.0335471487210034,0.18416511509567865,0.982322655340132
-0.7447706159000504,5.854443142091442,-1.108677919772997,0.9856752759309497,-0.15549073604547206,0.0653213703353095,0.16502441664112663,0.9691071185385917,-0.18329848529129544,-0.034802188590680724,0.19145240610100617,0.9808846944811788
1.6873882476274147,1.034881850486566,-0.22587711674172423,0.993742718337502,-0.09607098250083743,0.056971712915404905,0.10532140514995876,0.9758058266865863,-0.19159955694558795,-0.03718617173668009,0.19640100540942002,0.9798182656522282
3.695653456362103,-3.2422986781555707,0.3942936541008373,0.9979679237014378,-0.04110394953524779,0.04868766369055183,0.049739962408718155,0.9801167921243208,-0.1920859441383199,-0.039824105798119805,0.19411733340568577,0.9801696289259566
5.000647412721156,-6.507010048927922,0.9715897458182177,0.9991421522908084,0.00354317626425118,0.04126021591861834,0.004183208869612133,0.9826015735954017,-0.18567888499071009,-0.04120024610659243,0.18569220088576835,0.9817438292400708
5.825444220157259,-9.352510031474491,1.6611557269699997,0.9987309275002592,0.03717501756420792,0.03397870691436611,-0.030559520905925314,0.983579152569904,-0.17787120709060644,-0.04003311300001382,0.17660710262888601,0.9834669700424921
6.489513452534738,-12.159574179882352,2.4433441350465452,0.9980385088570454,0.056722276982781476,0.02648996285941882,-0.051330633559199146,0.9836875051852795,-0.17240666518662104,-0.03583714409402591,0.1707087444633373,0.9846696012708713
7.2649205038881,-14.526724902355278,3.0920027194371382,0.9979936579983048,0.06008461695512109,0.019962399668339723,-0.055872581343748964,0.9840821051794655,-0.1687028894818854,-0.029781088783795116,0.16724906298962458,0.9854647825670616
9.323198364661103,-16.011338892514157,2.9732690036911924,0.9993088115641252,0.033042717892815036,0.017031674155852418,-0.029910075166352117,0.9867535767031265,-0.15944518264008448,-0.022074567579874565,0.15882555731947712,0.9870598542177271
9.38926019308027,-10.323499985678087,1.6146154964977617,0.9968357798489236,-0.07237455801200042,0.03286869887226737,0.07648424162551748,0.985926153941366,-0.14865994671516347,-0.021646911926594334,0.150703491422572,0.9883419797201223
7.350612393498028,-5.585088420203188,1.1715390853363246,0.9870900389674336,-0.1538673512823461,0.044475759472157705,0.1587412122588768,0.9767931458298628,-0.14379282941225793,-0.021318595212923244,0.14899660556252753,0.9886078742499442
4.5578719075812035,-1.6608838668146,1.0603860638815414,0.9740204769506919,-0.21971550271280746,0.05485625168022888,0.2255072312304325,0.9632326884300573,-0.1460454607394163,-0.02075088295785866,0.1546217507579778,0.9877557972743104
2.023001419829196,1.1049626778758186,1.0559279623919455,0.9572283095249834,-0.28146100963269116,0.0670347932083663,0.2886294161711807,0.9450712329244825,-0.153406078169289,-0.02017482502094923,0.1661928541037324,0.9858868655582298
-2.249412729719307,5.5959958143641,0.2818658889322522,0.9178760984953986,-0.3854972928210099,0.09431492479208975,0.396316424866807,0.9028574296285403,-0.16667859234268168,-0.02089878445407519,0.19036884984738836,0.9814901638916848
-4.113004870010276,7.5383405476821475,-0.46519151417847526,0.9045890488746056,-0.4130874060840169,0.10524945411219325,0.4255936994503013,0.8892154443644389,-0.16782698380165248,-0.02426222669796006,0.19660795619336358,0.9801819504138641
-5.817640566648192,8.873164341594842,-1.0876921223714722,0.8848868951786217,-0.45002026781518056,0.1202370213232674,0.46493167856543904,0.8691019939234121,-0.16882019554743005,-0.028525725362598356,0.2052887788309483,0.9782856435002188
-6.947404862354366,9.88988294106681,-1.5476485110734002,0.8718204534996179,-0.47176652809823144,0.13177799446744082,0.4887633540304353,0.8555649314113004,-0.17064299544984543,-0.03224097729039931,0.21317830824292797,0.9764811970939558
-7.538015004253639,10.980331601650349,-1.9441883813161809,0.871674462751877,-0.4713290565132801,0.13428533602939524,0.4890675693481478,0.8542228307655699,-0.1763980385683211,-0.031568078784136276,0.21943626839052172,0.9751159831100725
-7.231683782192894,11.877882024640343,-2.461793287011044,0.8715040487537395,-0.4707911558617813,0.13724569416986274,0.4894220147039646,0.8525886994647548,-0.1831900681481125,-0.03076986397357286,0.22682195023261184,0.9734500595119013
-6.631021794822425,12.603368146686279,-3.0551567491656995,0.8800411868701136,-0.4553563397862691,0.1348262334588255,0.4739357360918536,0.8601788364183436,-0.18835415427607974,-0.030206414340587004,0.22965838367983818,0.972802446202851
-5.856364155406913,12.857790295459592,-3.6133366834196594,0.8945676550895814,-0.42767779750524615,0.12977061296221698,0.44596063346691656,0.8733048171011183,-0.19610662871450388,-0.029458850373271325,0.2333032317586772,0.9719577039077595
-5.1051953963213865,12.54168415872044,-3.839977646867036,0.9122574169677319,-0.3911215194102865,0.12169783170439301,0.40868908930163095,0.8890819775468611,-0.20617096179424912,-0.027561449039660478,0.2378175650694261,0.9709187258835238
-4.2550637139650505,11.464581695300524,-3.4782524639798234,0.9329223487662077,-0.3430855457050968,0.10930781994339711,0.359258177796266,0.9073432063087803,-0.21831598121028206,-0.02427865027239195,0.24294158617564274,0.9697370431449008
-3.0189725675437704,9.227476809006415,-2.5959502268324335,0.9514561656160836,-0.29218911862449193,0.09672995331634544,0.3069381536751512,0.924051256372366,-0.22785575572089672,-0.02280646245320339,0.24648487692776191,0.9688782538153482
-1.1177960480736377,5.83972017177282,-1.5066290246490006,0.9702965824081151,-0.22723794868860128,0.08299070335241412,0.24072013296448666,0.9410035627078902,-0.2378363146296572,-0.024049111266155665,0.25074929640350685,0.9677532901522247
0.8770807697246772,1.9723873092818076,-0.6030775920946594,0.9821428990281852,-0.17287332897357555,0.07423030390686573,0.1860629574863839,0.950934301754932,-0.24719330411093224,-0.02785501283309786,0.2565906581998912,0.9661186947702731
2.466227782334764,-1.344702878997989,0.044110665990239106,0.9923646672854511,-0.10431106377541462,0.06581465716295042,0.11793573502161821,0.9587115769591734,-0.25877263110569715,-0.03610442532912171,0.2645587159374942,0.9636934970690421
3.3340314147952106,-3.6595418285782806,0.6319787984199616,0.9969654760592168,-0.049155163746633944,0.06036231790662164,0.06346445970448111,0.9622701514472609,-0.26459103913035964,-0.04507884093936802,0.2676189931800556,0.96246972554406
3.565783820132615,-5.423232462257828,1.1943775782441146,0.9983718970897293,0.011785283868111777,0.05580915861758164,0.003513419298599837,0.9638586969643044,-0.2663908184812403,-0.05693163431947683,0.2661531877893272,0.9622480291709067
3.493160067525025,-7.154013618595135,1.6854046353381602,0.9966736805441468,0.061714159258306804,0.05322534224994372,-0.045405332204510956,0.9628538816117658,-0.2661780578345131,-0.06767518243773932,0.26287595023545945,0.9624532739150636
3.3464078251640057,-8.921795204300771,2.0764254502509627,0.9932413405378807,0.10380620014356912,0.0519221750147868,-0.08636932318232218,0.9598655569526943,-0.2668303816826737,-0.07753695544410051,0.260542482884552,0.9623438237723636
3.384504845098304,-10.280542378891703,2.2102879578675156,0.9896244587316367,0.13345872175930254,0.0532184203682058,-0.11451396005346041,0.956351330247138,-0.2688469566266351,-0.08677547829305471,0.2599632718691286,0.9617115542854369
3.5939671728286613,-10.672822535714712,1.9022138915924032,0.9856944163361858,0.1582280351877581,0.05805520204328336,-0.13677230645262872,0.9522235252919676,-0.2730635348562046,-0.09848783575291421,0.26121685772774905,0.96024262530235
3.7916766295356723,-9.521283645166646,1.2895155356756156,0.9837669860675935,0.16855921758033304,0.0615654715907237,-0.14538053448754637,0.9497430363861274,-0.2772231322025174,-0.10519989218434371,0.26377254406925127,0.9588310735888981
3.5664336954396854,-6.896260109968062,0.7045119458248554,0.9823076315918863,0.17536901265327864,0.06570712531645677,-0.1503354381972355,0.947643311855508,-0.28172931959164216,-0.1116735104596586,0.2668667512009294,0.9572414346261238
2.8373428306207247,-3.7792089414376986,0.4638642538557022,0.9817876754932076,0.1768087674922567,0.06950985532651226,-0.15070858345465724,0.9475977458259143,-0.2816832174247104,-0.11567144471620522,0.2660773794284574,0.9569863870681506
