0.23110061195660805,0.5598097546265416,-0.613936980983509,0.9999850563644275,0.005127267993698191,-0.001896884486117701,-0.0051292851779149076,0.999986283229913,-0.0010600875378736292,0.0018914231140858772,0.0010698013577906274,0.999997639019042,1.5656189,1.3434875,9.586408
0.26246871617277123,0.7459766991184069,-0.8032533554453279,0.9999129837475877,0.012300700241311168,-0.004766309533572932,-0.01230661579361213,0.9999235340467665,-0.001213782160677965,0.004751014702654302,0.0012723336820861875,0.999987904439997,1.5834564,1.361592,9.580994
0.3184460023575063,0.9742233929513048,-1.0304503324818186,0.999734481087069,0.021405543217211748,-0.008530536040898744,-0.021404777122138546,0.9997708751094994,0.00018110532246164808,0.00853245814056928,1.5369871144469381e-06,0.9999635979153026,1.6073959,1.3697586,9.57583
0.411408113059738,1.2513302800317418,-1.2813925275579017,0.9993368860430245,0.03372877865552429,-0.013717058148076545,-0.0336733121576915,0.9994238366546984,0.004254735565673975,0.013852661916098657,-0.0037900154102318002,0.9998968644520435,1.6396744,1.3613541,9.57115
0.5556252429545618,1.5598765274790398,-1.5416148647650576,0.9985732430898342,0.049407882986736214,-0.020256833015551725,-0.04916700760969501,0.9987157920181101,0.01222178940857168,0.020834671769892562,-0.011208384023054527,0.9997201051193441,1.6823318,1.3273666,9.567244
0.7492697978707968,1.8718269263031024,-1.8051472529932864,0.9973061565044709,0.06793641359727425,-0.027659969374892894,-0.06725754932584338,0.9974279713093234,0.024776281166663815,0.029272038824818276,-0.022849195988216463,0.9993102931450922,1.7370056,1.2576355,9.564081
0.9815557201944893,2.1190999223318436,-2.0648321126732925,0.9952701410705165,0.09024800824993318,-0.03595334894546533,-0.08869880784056791,0.9951480120847078,0.042578815525049156,0.03962155702564467,-0.0391884045448925,0.9984459931153459,1.8061997,1.1467743,9.560277
1.2554231334728103,2.2113131090905322,-2.292713131597404,0.9920439329738006,0.11760968724324049,-0.044908757680666406,-0.11454271355640645,0.9912460185727725,0.06566047086917533,0.05223793469317757,-0.05999410079477777,0.996830931526915,1.8904358,0.9996567,9.553897
1.5677654920206887,2.1395067067154265,-2.4289708106272685,0.98726416240321,0.14979588773255853,-0.053578593231841797,-0.14441473303776434,0.9851216062791158,0.09316547495551068,0.0667372348537135,-0.08424139635873414,0.9942079906255084,1.9872863,0.8243271,9.543834
1.870780845681518,1.9964612623737645,-2.4190376916654994,0.9814848573978515,0.1818305412787092,-0.060209043814123606,-0.17368327890965116,0.9774034370964256,0.12048501889980223,0.08075638257074023,-0.10779691744379805,0.990887597693958,2.0946229,0.62382203,9.52915
2.1691610550325766,1.7490818272969846,-2.2868362460522467,0.9705086423511322,0.23149033395299426,-0.06726960984050384,-0.2182687332156396,0.962277165318007,0.16242357343680378,0.10233149672609276,-0.14295062921817478,0.9844254072218602,2.212419,0.40203094,9.508619
2.3887253560634045,1.448579738118354,-2.0494637919729946,0.9580064744487213,0.2779564440388539,-0.07045431237055233,-0.2593722734240926,0.9447538502472534,0.20041503491955848,0.12226863331676519,-0.1737250058577223,0.9771745001004604,2.3375535,0.16792908,9.482615
2.5231692543864717,1.0765424282200933,-1.7332424681709437,0.9424543917439069,0.3268811372202991,-0.0702028604273858,-0.3022690010602489,0.9228005959069047,0.23889853744194592,0.1428746670360503,-0.20393082730040013,0.9685035091293743,2.4643188,-0.06960449,9.452421
2.518365298685703,0.6779394141728736,-1.350791952195109,0.9236295629838234,0.37749841298475456,-0.06635795789732782,-0.34642424356862883,0.8962762336816529,0.2769100149964506,0.16400815177976732,-0.23277427076767498,0.9586018281947735,2.5897095,-0.30360872,9.418253
2.344260191812001,0.2778304606640145,-0.9347719883180818,0.9016572766762733,0.4283677033832194,-0.05928967966613466,-0.3907418690395818,0.8657455300919752,0.3127386591152733,0.18529691631589826,-0.2588161274417632,0.9479869540135392,2.7121568,-0.5232803,9.380567
2.035661902674996,-0.13420065491953026,-0.5031860349194287,0.8696293780953439,0.49153094444986883,-0.04628256044911041,-0.44583050665858476,0.822113969366185,0.35406748044055825,0.21208466254318153,-0.28727330544482454,0.9340739499058676,2.8288636,-0.7207306,9.339923
1.6460258830106456,-0.4072739504828154,-0.07283286993253271,0.8389928058234504,0.5432244008223119,-0.03159623597415647,-0.49104377097374974,0.7808629090067548,0.3861724126933307,0.23445060623588476,-0.3084807411958627,0.9218853212557824,2.9361358,-0.8988708,9.2967
1.2119166767945948,-0.5095811099920295,0.3338849142722048,0.804520832987969,0.5937935863248085,-0.012466199415510124,-0.5353907682046524,0.7341584651971675,0.41757403331693344,0.2571049486291096,-0.3292727210366228,0.9085573843030286,3.0346923,-1.0726211,9.249354
0.7268893550110076,-0.49502864547611874,0.6627140870030429,0.7698722141557203,0.6381234385964252,0.00975966110291596,-0.5743661496620844,0.6861229027804945,0.44647383843000266,0.2782090940162113,-0.34933342152439806,0.8947434607823272,3.126976,-1.2578903,9.194771
0.17424445676697242,-0.47485015651063617,0.8836127467402609,0.7361194012959099,0.6759642221583236,0.03464963777074866,-0.6078893690892654,0.6377390257689179,0.47303218702279265,0.2976554081215494,-0.36927131674854496,0.8803635343667918,3.2139099,-1.4615097,9.129888
-0.4237119622949229,-0.4520930686535539,1.0185425813192737,0.7021284976748368,0.7092439645665521,0.06315513818207157,-0.6378553181603683,0.5870676673653769,0.4984898665256003,0.3164745895761812,-0.39028778184833685,0.8645919739926415,3.2957215,-1.6840851,9.053042
-0.9871590763259463,-0.34706129297142424,1.0826230661077043,0.6661890661300112,0.7393630673441205,0.09764416427169514,-0.6656015619312671,0.530388706041658,0.5250355999911945,0.33640256973376653,-0.4147650842958574,0.8454603692223359,3.3759246,-1.9295502,8.961519
-1.4589483984508667,-0.18577175271479163,1.0755745462670459,0.6330207978728931,0.7623201670916563,0.13473170490168834,-0.6877230707975646,0.47387285787610833,0.5499831747072795,0.35541756759216914,-0.44080888989864914,0.8242365408262282,3.4578934,-2.2052474,8.850504
-1.816908045551744,-0.018464562288458053,1.0503040188033603,0.6008783622942522,0.77951215022809,0.17693502020051805,-0.7062322084531725,0.4140380771590363,0.5742895945477359,0.3744078811536056,-0.47003540112339204,0.7993031091024477,3.5407028,-2.5107117,8.718738
-2.021942215152702,0.1686234445975281,1.0309091730332742,0.5744699191348428,0.7887945361695725,0.21860350344456198,-0.7193522917374819,0.35910444614260284,0.5946228023988378,0.39053372758475047,-0.4988458443944821,0.7737158594400894,3.6229584,-2.8499513,8.563896
-1.9524344108705431,0.4510797276415315,0.9481890939959026,0.5460140326650323,0.7911678832638699,0.2755395736090138,-0.7309068338155806,0.28912201923052266,0.6182100438182387,0.40944337388038476,-0.5389451163966822,0.7361346922252844,3.7061906,-3.2351775,8.37357
-1.7870737185393533,0.6696364880833116,0.7863811774164551,0.5275207256385994,0.785703040399642,0.3230984622812136,-0.7366541147907519,0.23361184965895426,0.6346386521957011,0.42315788918981495,-0.5727968540465994,0.7020264701638672,3.7913773,-3.6673188,8.134611
-1.5632222634858992,0.72977339505538,0.4802084777609693,0.511658325625522,0.7718912258096542,0.3773455887328718,-0.7401169279390059,0.17290145968492168,0.6498707703974324,0.4363859424823584,-0.6117916481588268,0.6597562341099099,3.8740754,-4.142499,7.832179
-1.2336615827013186,-0.02407568497751656,-0.28098719664410415,0.48797750815713986,0.6805274821660882,0.5465896976246754,-0.74214810375416,-0.006138040299176306,0.6702078159462114,0.4594498271050428,-0.7326968475965835,0.5020569548319946,4.073654,-5.634534,6.576523
-1.0515127253138123,-0.2864012744523285,-0.31753732411112584,0.4813639960787071,0.6370133721524416,0.6020819437403138,-0.7420095384017984,-0.06950757185000868,0.6667762311122573,0.4665946294160371,-0.7677126162533033,0.43921155568315773,4.1225753,-6.1051545,6.084131
-0.2508110538207379,-0.760650528720038,-0.4541605070993073,0.47443797947535205,0.5366819858142593,0.6977686219183329,-0.7401936135327583,-0.18582165539686046,0.6462071857159193,0.4764682760863138,-0.8230691091810178,0.30908772766854103,4.2010713,-6.969899,5.0215545
0.1301258901659511,-1.2205888400131453,-0.46993226061721105,0.4726453275953381,0.48308172433609475,0.7370471096983976,-0.7389244718319643,-0.23849654002399925,0.6301666647200835,0.48020518450986016,-0.8424674759354494,0.24423663271672513,4.236348,-7.358859,4.4572725
-0.03816620562331949,-2.0264198784572365,0.27651234990759427,0.4714311125904208,0.37226465410063464,0.7994821657730043,-0.7377366100207625,-0.33024849276686213,0.5887959130804916,0.4832156871592975,-0.867383975141662,0.11894384957036219,4.2781067,-7.993811,3.3564453
-0.22312224969874864,-1.875247238325009,1.4486877690291133,0.4723620412104693,0.2881662425193468,0.8329671774420411,-0.7365644343928361,-0.3899912396836686,0.5526116782674407,0.4840939330450662,-0.8745667782635451,0.028035947401192043,4.287912,-8.389839,2.3875992
-0.002444313469552706,-1.557824568639475,1.9228656572742773,0.474208165699859,0.24902570749421848,0.8444600716378365,-0.7356384397753142,-0.4148885620630013,0.5354470720755108,0.4836969107907526,-0.8751306634304957,-0.013550661060757672,4.285428,-8.5129795,1.9926713
0.4670502868294144,-1.1684343346822064,2.2951330247337243,0.4836238868590551,0.19361338955542562,0.8535934579436513,-0.7327565955963404,-0.44383090382052465,0.5158312712737743,0.47872299680441704,-0.8749445606429677,-0.07277573862134819,4.262399,-8.683874,1.3631027
0.4037736846298416,-1.1514562897711218,2.2536554669770092,0.48872925457310634,0.173026605306133,0.855105554642614,-0.7313563338226701,-0.4531364560548512,0.5096913430415646,0.47566966342397726,-0.8744879336218917,-0.09491693867711135,4.2421875,-8.743553,1.1233841
0.16991895242750152,-1.0570108202941784,2.1938200219265536,0.49444159758286027,0.15699864569189154,0.8549145757504791,-0.7300929034246793,-0.4587263121916003,0.5064923719781151,0.47169042702670133,-0.8745979623541361,-0.11218977358637353,4.215068,-8.788824,0.9377686
-0.03824442817877838,-0.754996835253672,2.0884433750104696,0.5007030383859555,0.14537720063988374,0.8533240515098496,-0.7285807411407959,-0.46151713790333193,0.5061344041460198,0.4674040767791848,-0.8751385038698893,-0.12516400462820806,4.183853,-8.824671,0.79718477
-0.0319611414750986,-0.3847477374612098,1.8336362428071529,0.5084636027995846,0.13669676865088654,0.8501639595210286,-0.726199822714171,-0.46246675531254994,0.5086829245419876,0.46270787989613227,-0.8760356691773962,-0.13587834342137964,4.156041,-8.851797,0.69361573
0.13405315400607581,-0.15894344035471997,1.4884403940345683,0.5149966293321223,0.1336503810887322,0.8467089508274908,-0.723833543137901,-0.4613201812871707,0.5130776667967579,0.45917695238871203,-0.877109608869957,-0.14083770952058922,4.134332,-8.868689,0.6362778
0.33783905565485517,-0.1100548950842889,1.0518204106913607,0.5209037758162032,0.1340440749054526,0.8430251730068118,-0.7213987898900035,-0.45883202067581974,0.5187070105057221,0.45633654498150994,-0.8783537799686901,-0.1423080986066947,4.1199903,-8.877081,0.6195053
0.4877316873648216,-0.1782527846713096,0.5168904768623143,0.5260019068719,0.13588729795670473,0.8395574049587982,-0.7188690599455023,-0.456472879888217,0.5242707168816771,0.4544769175878959,-0.8792992392698765,-0.1424204311158396,4.111247,-8.881166,0.6208099
0.49815690072394,-0.30314195690989876,0.0035081385497412187,0.5304518933534645,0.13908575500811152,0.836227206918998,-0.7160163877159837,-0.4545648809333538,0.5298030780810924,0.45380758186689524,-0.8797874298805762,-0.1415371218594318,4.113879,-8.879184,0.63121337
0.41231379957820674,-0.38067693984347933,-0.37343486130367526,0.5341400347764407,0.1430454116776372,0.8332061170244722,-0.7129291852624273,-0.45346377891052453,0.5348855746954095,0.454341721670016,-0.8797207576351502,-0.14023190983425773,4.126851,-8.871867,0.6474655
0.36807481082504495,-0.15483014719340027,-0.33012342738798345,0.5375710571152453,0.15355160026214884,0.8291195719610841,-0.7070429889896171,-0.4536994275566876,0.5424454268913714,0.45946443852884394,-0.877826141950482,-0.13532809847074193,4.181108,-8.842264,0.6936005
0.44932695743255247,-0.00751281371945399,-0.05409099373572558,0.5382870687382479,0.15883455302416713,0.8276585143613265,-0.704524215053349,-0.4541294312003484,0.5453550129237932,0.46248531007227395,-0.8766630164910925,-0.13254921155590285,4.2147,-8.823718,0.72384644
0.5488610878686423,0.07230247608190755,0.24997453557099128,0.5383761505649829,0.16264742995599213,0.8268596821901175,-0.702524335580892,-0.45527719755714474,0.546975530806579,0.4654145232150125,-0.8753676295781239,-0.13084660739705609,4.24579,-8.8072,0.74539644
0.6267867355941998,0.14755840146848612,0.6662624595584714,0.5383295105564309,0.16378494358966525,0.8266654887664082,-0.7013787645770818,-0.4567316914263133,0.5472330313926467,0.4671928581050875,-0.8743973091794082,-0.13099686650989195,4.2680144,-8.796328,0.74999845
0.6386612262103967,0.29075894014778786,1.2975987787474137,0.5387123724219288,0.1624469243675636,0.8266800932422753,-0.7012509643185937,-0.4573820741181155,0.5468534751811066,0.4669433208021933,-0.8743069455511204,-0.1324813198880892,4.2730484,-8.794733,0.7398437
0.6098544623555482,0.49267732220164373,2.190530086446025,0.5402276725661537,0.1579409849787423,0.8265643998247821,-0.7023341160529349,-0.45644010252628475,0.5462501462095342,0.46355242553771614,-0.8756238222374603,-0.1356542321800569,4.2500944,-8.8067875,0.7146881
0.6151742506363376,0.6452935077770532,3.2862864556533506,0.5431232376831919,0.14836370336705842,0.8264413834094584,-0.7050694948152472,-0.45389677405694706,0.5448437629097622,0.45595411629844934,-0.8786159172379636,-0.1419151641178346,4.1879363,-8.836057,0.66257477
0.7125766236233736,0.6939450183149845,4.476649672080929,0.5479693544473474,0.1318106816991308,0.8260481407137049,-0.7094725311819844,-0.4499108549124628,0.5424287512016353,0.4431459286564489,-0.8832927978999642,-0.15302130274333156,4.076654,-8.883128,0.56596833
0.9502624197673576,0.6624668644361873,5.722817826279683,0.5547590697596874,0.10861600223731564,0.824890864646561,-0.7156038119810071,-0.44348857804150876,0.5396564327653035,0.42444500091015186,-0.8896743478400979,-0.16830328576019363,3.906952,-8.946741,0.42406005
1.3333615480374228,0.5225042045370674,6.972743286396966,0.5629866320101604,0.07802513834765865,0.8227746532093014,-0.7242295742531719,-0.4330440661455024,0.536623108478604,0.39816777362680517,-0.8979893733012646,-0.18728990758467218,3.671936,-9.025907,0.25062102
1.7668123652157401,0.2888854658691775,7.965554285003119,0.5701327694230263,0.04410962077902547,0.8203675801643812,-0.7349025319717309,-0.4189831237055434,0.5332648596630805,0.3672422820585489,-0.9069219830860179,-0.20645973666493345,3.3697922,-9.117744,0.05819855
2.2221735913726173,0.04518036338821485,8.287176984692996,0.5762270396761732,0.004676506987736768,0.8172762868384406,-0.7480263215817299,-0.39985662691294854,0.5296898150188524,0.32927043743242695,-0.9165657686146652,-0.2269100501010606,3.019403,-9.215398,-0.139299
2.6660774442200434,-0.19864991234235596,7.737826335253511,0.581004844746462,-0.04067894716497374,0.8128828904821963,-0.7639365372694192,-0.3717991997242017,0.5274147534049961,0.2807745312629871,-0.9274214674795875,-0.24709327034959458,2.6182008,-9.315903,-0.31818238
2.9405056547032915,-0.35975234579155435,6.440712232300699,0.5838588839887447,-0.08102953952971166,0.8078013476783893,-0.7776249573110607,-0.34169408009305313,0.5277732291394985,0.23325571665961345,-0.9363115770687471,-0.2625117164864179,2.1872132,-9.414569,-0.4675339
2.97461981212483,-0.4665638670249419,4.570261800947641,0.5854372390526512,-0.11081700999494751,0.8031082302069815,-0.7866721120330795,-0.3171238424434835,0.5296975143450221,0.1959852731197528,-0.9418874979792753,-0.27283275805979745,1.7486908,-9.506828,-0.5923706
2.755489465264131,-0.702183148699955,2.210315981719833,0.5870607029411169,-0.14709582785934205,0.796066924629241,-0.7958623446514363,-0.2848849684977172,0.5342692982850256,0.14819871601401072,-0.947208198945949,-0.28431280031220807,1.3222824,-9.587375,-0.6959244
2.2400687415697393,-0.8458822453207628,-0.33153469234891186,0.5882062051670047,-0.1725585108062121,0.7900867171085557,-0.801011135829186,-0.2588079251293039,0.5398144293809701,0.11133112988140362,-0.9503904556752483,-0.2904537162453312,0.9237854,-9.652,-0.76703036
1.3176082510917717,-1.2007384845785891,-2.8301290782422184,0.5890937716683213,-0.19277070204176508,0.7847343401533526,-0.8045475127836075,-0.23043068033283795,0.5473618558458901,0.07531153865978249,-0.9538035216938913,-0.290838467450621,0.57675475,-9.701689,-0.7795334
0.1994722302912011,-1.4810256719385315,-5.344310315959511,0.5897391508011298,-0.2033653030667865,0.7815691188378142,-0.8061387219330219,-0.2063067011568754,0.5545970663986262,0.04845714614540854,-0.9571207335369559,-0.28560778424461936,0.301503,-9.738571,-0.72837675
-1.0093000212459122,-1.6950706752479592,-7.868567331243139,0.5912254286140605,-0.20471997660269034,0.7800911637365954,-0.8059114455444955,-0.1871076273155689,0.561691621568918,0.030971511111079722,-0.9607707671344561,-0.27560895943231684,0.11495972,-9.763486,-0.6256302
-2.111278374970077,-1.8586493293065764,-10.334191208176653,0.5952102380082414,-0.19641371089109763,0.779196013044319,-0.8032400240975309,-0.17321184830621042,0.5699150105885482,0.023026859490001078,-0.9651006733912965,-0.2608648193254379,0.033203125,-9.776461,-0.48046264
-2.9643805192093318,-2.1791062453158947,-12.36281447283118,0.6010999072530575,-0.18002997363490747,0.7786322046341146,-0.7987954364766103,-0.1653261816988411,0.5784402339991782,0.024591709263667605,-0.9696682227637944,-0.24318467385424447,0.04446411,-9.778926,-0.3003052
-3.601684954612069,-2.7595572713149927,-13.689160121554574,0.6070445936901046,-0.16092842850132408,0.7782023529723562,-0.7939242327290186,-0.1651701999521808,0.5851522175753899,0.03436821143522974,-0.9730471961564094,-0.22803065604188577,0.15848541,-9.768361,-0.10610352
-3.8435574121492744,-3.5612811943962868,-14.410325743078698,0.6157569982497537,-0.1270898481880479,0.7776191160163138,-0.7856668585397676,-0.17387920663278703,0.5937117220444666,0.05975706233331044,-0.9765317158127997,-0.20691762011245363,0.36415863,-9.743617,0.085307315
-4.044730142484038,-4.273118252772574,-14.510185252236228,0.6207113705163717,-0.10328064100408675,0.7772068603052048,-0.779789708551431,-0.18439000676343253,0.5982711223542853,0.08151935321727821,-0.9774115993784632,-0.19499015475523548,0.65287477,-9.702377,0.26285705
-3.7753527019411184,-4.762574355348256,-14.065917718839284,0.6267764258785788,-0.06392848214454036,0.7765722510710587,-0.7696783091981959,-0.20611612793236703,0.6042445218253742,0.12143563032603905,-0.9764370389210267,-0.17839309602799822,1.0191987,-9.640475,0.4281357
-3.1401064098421534,-4.830154048844082,-13.060028393396326,0.6311927071026996,-0.019771561293603253,0.7753740077307085,-0.7572523888408973,-0.23200946226957317,0.6105247161353411,0.1678230797450761,-0.9725125679297909,-0.16141474258406924,1.4579391,-9.552218,0.5944641
-1.8854643889800926,-4.150027469796239,-10.901770336628566,0.632697890903674,0.02418877744385481,0.7740208536543548,-0.7434805473404434,-0.26063393760120923,0.6158787431766455,0.21663345672448478,-0.9651346297881245,-0.14691865712475197,1.9467728,-9.435526,0.7485855
1.049546598646953,-2.304597080330878,-1.1639482978431692,0.6252158653451697,0.1070498876980697,0.7730753153894666,-0.7141232811903604,-0.3211434441166678,0.6220087037677197,0.3148540312313087,-0.9409607908115591,-0.12433715925932597,2.9169984,-9.167677,0.9877014
1.8704565536089233,-1.229314969373255,3.917631741342072,0.6165278723662002,0.14455710167509442,0.7739487237219949,-0.6994280736474882,-0.35080114878118757,0.622686858547347,0.3615159089021835,-0.925225268985394,-0.11517139072500962,3.3337646,-9.043193,1.0565201
3.57323000468209,1.2879384323184553,10.637221139487133,0.6042998762758497,0.16144340835577833,0.7802292518429851,-0.684051951725371,-0.3969756065112543,0.6119504025456091,0.40852733919984446,-0.9035188950616861,-0.1294566313203156,3.9298553,-8.870413,1.0200851
4.584600128728423,2.689184847842091,13.383525710846607,0.6017599205294216,0.16059121242036317,0.7823652986538859,-0.679667329421651,-0.4114863263642803,0.6072325127429117,0.4194488280604279,-0.8971563217793128,-0.13846737857758007,4.0681486,-8.835701,0.9485718
5.592908743899631,3.64777617378104,15.81426221117597,0.602565734792726,0.15116481125482634,0.7836221889992633,-0.6813189840064573,-0.41388618589947207,0.6037405627866962,0.41559472721163343,-0.8976900494936321,-0.14640217810540843,4.0641694,-8.842482,0.88191986
6.456680830579549,3.7779148195251397,17.614642874191865,0.6047169925980346,0.13274193207935073,0.7853005401316314,-0.6899588369362155,-0.4052192461691661,0.5997951032375287,0.3978368537438614,-0.9045313383194267,-0.1534564948161261,3.907599,-8.889551,0.82436526
6.993806820700389,2.9392841853625806,18.3294237990277,0.6048171176459273,0.10420376465290183,0.7895174663265137,-0.7066360474219219,-0.38695195667653487,0.5923965561244635,0.36723527974092746,-0.9161930793541082,-0.16040103072374307,3.6096299,-8.973958,0.76273954
6.943533734384394,1.3387234479359753,17.116568287360856,0.6027972382437558,0.0703780612421758,0.7947845104564479,-0.7284334204736947,-0.35795200945428957,0.5841704467573052,0.32560749607878386,-0.9310839314602246,-0.16450675084590344,3.1867843,-9.089549,0.71635437
6.135998804910283,-0.4154526654850743,13.253506375682543,0.5988993975388297,0.03442614285654622,0.8000839657908724,-0.7538870834029511,-0.3127746156419897,0.5777770376955088,0.27013658972049637,-0.949203287235156,-0.16136710444249186,2.6845336,-9.213463,0.7268311
4.710195523373366,-1.4561500311548856,7.628385624180816,0.5944395188680587,0.006358223535192218,0.8041151854065373,-0.7747476278381324,-0.26335760249494194,0.5748120443825987,0.21542463082734656,-0.9646773275046907,-0.1516241479161842,2.1497986,-9.331276,0.79604495
3.1475985067152368,-1.876546643195562,2.2976125623535486,0.5904077966245748,-0.010063745013886464,0.8070423500171553,-0.7891512764642722,-0.21693056997746812,0.574614123272358,0.1692893869671857,-0.9761351591073573,-0.13601931706462983,1.6284988,-9.425145,0.9348343
1.5904411511642107,-2.197190428260121,-1.815321580176463,0.5847883483185307,-0.021320892332001604,0.810905670976011,-0.802684003283282,-0.15956101173473067,0.574663966512007,0.11713658072527934,-0.986957802078871,-0.11042335971901004,1.1470153,-9.492551,1.1346741
-0.08544684340779596,-2.651519460322079,-5.163332015148522,0.5794931059654913,-0.0243896763176593,0.8146121063595793,-0.8110762219051683,-0.11494055041860585,0.5735364261574902,0.07964359609226156,-0.9930729145226886,-0.08638914308467847,0.7258316,-9.5366745,1.3721024
-1.8603789479932136,-3.150830405057871,-8.288986543702567,0.5736248141491409,-0.02184397163544418,0.8188268519629509,-0.8176110331280837,-0.0758817559712558,0.5707487692653804,0.04966659943656655,-0.9968775250821479,-0.06138753038279854,0.39516145,-9.556572,1.6189544
-3.4575777301719786,-3.5080713448733647,-11.10647816920957,0.5679829975180254,-0.01297407544998488,0.8229380219048452,-0.8224254691596963,-0.047587263759192755,0.5668789994393569,0.03180663779611606,-0.9987828220860282,-0.037698966802494766,0.18559723,-9.550801,1.8534104
-4.533440390554501,-3.709923414403049,-13.34676033745776,0.5638753341147651,0.002697155618971131,0.8258555157704838,-0.8253878342170757,-0.03196660519542951,0.5636604113105022,0.02792007706666055,-0.9994852982929995,-0.015798980750199077,0.11238251,-9.52507,2.070172
-4.932858329036709,-3.9114552614864784,-14.839296694345077,0.5632918781156488,0.02414849905711764,0.825905024831691,-0.8254192935047684,-0.02857969470644855,0.5637962317722379,0.03721894623756988,-0.9992997803681207,0.003833927123758834,0.17458192,-9.485891,2.266931
-4.810446070941644,-4.293781342282379,-15.574215564115347,0.5656606054049607,0.049263839968512885,0.8231653257787606,-0.8225275342243845,-0.03766688448262865,0.5674765733104109,0.05896214832965805,-0.998075287683714,0.019214192135562608,0.37090454,-9.433726,2.431952
-4.287570030581142,-4.920940410381469,-15.650506235478288,0.5712733494752547,0.07974929819501674,0.81687625110339,-0.8149081355542592,-0.063523135565625,0.576098552207339,0.09783399606888055,-0.9947888523125462,0.02869927748011592,0.69194794,-9.369792,2.5299942
-3.5580896429286613,-5.425462827468095,-14.92668317444817,0.5782606835268845,0.10471290656445248,0.8091043128582663,-0.8034817230643579,-0.09895121812612387,0.5870483601313323,0.14153339743167292,-0.9895675134270425,0.026915307564052617,1.1012634,-9.3002825,2.5332808
-2.567688878183728,-5.419744990950347,-12.854173480032985,0.5853900560579628,0.12704354487018898,0.800736173764664,-0.7884331998318118,-0.14093774627345143,0.5987567461651938,0.1889221312377844,-0.9818332289050804,0.017661793408280235,1.5765839,-9.220903,2.4534302
-1.3355202643360933,-4.83829694504675,-8.632472336373377,0.5906297494332124,0.14938864823175468,0.7929940295260441,-0.769993620303033,-0.18962734223272365,0.6092218772913377,0.2413841829472062,-0.9704249084072615,0.003028756455544946,2.091388,-9.12533,2.329451
-0.029966315518997644,-3.7954696974294206,-2.4970668010983426,0.5927848740174073,0.16961048399894613,0.7872981499113361,-0.7510709539175491,-0.2364180682807671,0.6164405236288194,0.2906862833323072,-0.9567333906099614,-0.012755546809748206,2.6032257,-9.023547,2.1862168
1.1071652708239468,-2.477564019273678,3.509801884665783,0.5922392676384926,0.1885314185869753,0.7833955284992425,-0.7311711560739842,-0.28279958243783954,0.6208165080749838,0.3385873452928449,-0.9404681283161942,-0.029636282306951096,3.0859025,-8.919731,2.0455062
2.060316360752032,-1.0466537384257282,7.683829261170353,0.5903997420959758,0.20197610335434685,0.781430609975577,-0.7132369550415989,-0.3226162828290399,0.622263432973978,0.3777845821311321,-0.9247293591788716,-0.04641574923060637,3.5090759,-8.827609,1.9050385
3.0722331399966802,0.4787230398827673,10.348707476726172,0.5885458877915883,0.20942147524777702,0.7808689926413128,-0.6972362240721031,-0.3574338418900766,0.6213716251273267,0.40923756646389103,-0.910155862683279,-0.0643499791605843,3.8533874,-8.754663,1.7584045
4.192048988710526,2.054649934142889,12.492070898835282,0.5884230262663248,0.20898137335234904,0.7810794631478599,-0.6861881597205917,-0.3818939805826943,0.6191145266055155,0.42767294936533934,-0.9002687227636369,-0.08131466777083216,4.0852585,-8.712774,1.6096299
5.243339506037918,3.412321276341004,14.593510126912197,0.5905635211994581,0.2004496733108448,0.7816998502610037,-0.6818149489037625,-0.3942451560066157,0.6161973161388145,0.4316979301315414,-0.8968783002363777,-0.09615722378088744,4.1741,-8.710373,1.4760116
6.249219101479216,4.192629811847278,16.63187099341948,0.5937674135510902,0.18493261954939652,0.7830965360869945,-0.6854609145392088,-0.39344747203537395,0.6126519577933659,0.42140668390987857,-0.900554836184655,-0.10685220531419828,4.1062865,-8.747961,1.3718109
7.0471156255909015,2.3557596661686024,18.136977660507394,0.5928944452072135,0.13578935889488233,0.7937489696707329,-0.7200653779188788,-0.35190022126205245,0.5980569252155349,0.3605302045113184,-0.926135780696672,-0.11086247042345485,3.532846,-8.917961,1.2780014
6.748613878683336,0.17026740285884578,15.722396026123599,0.5887705606390782,0.09825590831816164,0.8023060534517494,-0.7475433680574015,-0.311360151282279,0.5867143845747025,0.30745428895714283,-0.9451987265512202,-0.10986913819543807,3.0500426,-9.042978,1.2752304
5.569241503354,-1.4201446002073355,10.713471494221007,0.5838239264749259,0.06642724747919956,0.8091582315392587,-0.770796131501118,-0.26767703539781207,0.5781196488474932,0.25499597357274495,-0.9612161180051937,-0.1050743924498842,2.4939437,-9.168108,1.3178543
4.017289254163736,-2.095291017800076,5.207703370802937,0.5758818807655179,0.032188681714215676,0.8168989828463944,-0.7956615112964256,-0.20751531459706174,0.5690871230744635,0.18783721369169146,-0.9777020420236332,-0.09389301451843189,1.9009583,-9.281837,1.4042526
2.540380591281434,-2.106264243608722,1.0848011505122768,0.5675802746115728,0.007841503873876518,0.8232807192500323,-0.8133076729264583,-0.1501178518774267,0.56213455658468,0.12799711336901598,-0.9886370119334505,-0.07882637632478329,1.3250535,-9.373418,1.5333649
1.1566798076394427,-2.184711286087287,-1.8858530808537293,0.5588467603839262,-0.008203584234795568,0.8292303658297229,-0.8261684758620317,-0.09192341363569868,0.5558738485640125,0.07166552797683226,-0.9957322869281993,-0.05814864459760907,0.7837402,-9.43613,1.7156082
-0.3797436388485095,-2.5208691197844217,-4.570630365022779,0.549904999754958,-0.014528988107578241,0.8351008320850077,-0.8348046100172292,-0.04136304226784289,0.5489903112335673,0.026566037312354622,-0.9990385414181564,-0.03487460999925471,0.30821532,-9.462542,1.9466385
-1.9827134840266352,-2.80383320251237,-7.384454837434058,0.5405179703908315,-0.013281454188153394,0.8412276307036206,-0.8412707223404859,0.003581583176047943,0.5406022049480269,-0.010192910148386797,-0.9999053831421252,-0.009237388489496963,-0.069085695,-9.453825,2.1978836
-3.484508473918785,-2.9611280985506663,-10.070240583597242,0.5343641149460893,-0.006735895237450506,0.8452275553797544,-0.8447900783037539,0.0288841496324165,0.534317723362746,-0.02801278739111503,-0.9995600700384952,0.009744235589204465,-0.32698363,-9.417208,2.450026
-4.188883542352472,-2.883847492279158,-12.068879557703085,0.5276869650344154,0.012434375082242922,0.849347898831265,-0.8484068217492625,0.056990398042329506,0.5262679539362911,-0.041860861697801684,-0.9982972908143597,0.040622498823023566,-0.46237794,-9.361592,2.699791
-4.61103281947379,-2.9219753931421746,-13.687759834426837,0.5252639330425335,0.03385805811003742,0.8502655070892322,-0.8499732510269419,0.06847659472948618,0.5223566104807549,-0.04053730606959092,-0.997078024968593,0.06474672919421662,-0.47479096,-9.29711,2.93806
-4.682211432229112,-3.2155426297673713,-14.76084784671219,0.5266870126977274,0.05819496192928096,0.8480649368188713,-0.8496235078221144,0.06797938380848431,0.522990151277309,-0.02721553989155626,-0.9959880269275666,0.0852476662750524,-0.36558992,-9.233049,3.1503952
-4.508763055496763,-3.8440991844770123,-15.40427507827542,0.5305527056322379,0.08320912744048553,0.843557981206335,-0.8476484824589943,0.05492718553662804,0.527707356850354,-0.002424197037181011,-0.995017208594714,0.099673857500886,-0.13806152,-9.176638,3.3052475
-4.116328108373354,-4.671032099989695,-15.583091619290386,0.5380184856998153,0.10856404583324965,0.8359126491431962,-0.8422320326191891,0.02880052993541571,0.5383453656395554,0.03437022367436876,-0.9936721679848711,0.10693133449470468,0.19945374,-9.127817,3.3835082
-3.567297324240342,-5.306519119513738,-14.96651137472258,0.5470987533997718,0.12917320613023967,0.8270412546218312,-0.833686539393064,-0.004634236881390175,0.5522185055603825,0.07516453993228364,-0.9916112174973417,0.10515457798025812,0.60862577,-9.08344,3.3755798
-2.713733646644159,-5.603524704611473,-12.787710433800557,0.5559018798108316,0.14999067711252048,0.8176037529281001,-0.8216537322497954,-0.0498584956183538,0.5678021439679971,0.12592952117261572,-0.9874294542872423,0.09552396821339294,1.0850967,-9.033023,3.2886612
-1.5521745374761395,-5.3571963409240135,-8.409236680177075,0.5614443257384547,0.17360337796056474,0.8090995836463986,-0.8076442302843423,-0.09802045738095569,0.5814660671296635,0.18025278467891453,-0.9799254344568817,0.08517673696489601,1.6105789,-8.9586735,3.1855712
-0.3232691493257196,-4.529046209694123,-2.6598925590408746,0.5635481551053231,0.20280559622875727,0.8008017026803121,-0.7912813487424277,-0.14588465253474228,0.5937941522844258,0.2372494552359394,-0.968291050404327,0.07826325892226772,2.1576264,-8.84979,3.114589
0.6677101853545828,-3.278105503342885,2.269241823758106,0.5618388414989225,0.23364084740589286,0.7935673069164373,-0.772603423141118,-0.1946642586207331,0.6043093388044444,0.29567053748010486,-0.952637276637386,0.0711417769466646,2.7049668,-8.712471,3.0593522
2.074622480189906,-0.5845672125431172,6.762504936337139,0.5529624204238843,0.28493168554938225,0.7829728578750029,-0.7325765524977982,-0.28142412664863803,0.6197838781950447,0.3969435178075075,-0.9163047503478512,0.053117305659844016,3.7027879,-8.436902,2.9127412
2.656894346431419,0.7746544713395342,8.038503156074466,0.5471428874690155,0.3060297438596011,0.7790895048486388,-0.7106697602356372,-0.3219291015702632,0.6255478762243405,0.4422478406715953,-0.8959394228603789,0.041344866500215814,4.125894,-8.315906,2.8169296
3.0687883155386646,2.219751988545857,9.440762699622844,0.5414606170308908,0.32171596793733787,0.7767362719602264,-0.6903514814610759,-0.35715330634307824,0.6291711593936127,0.47982833622976384,-0.8768924402356014,0.028712645448078708,4.475583,-8.208046,2.7265472
3.2049281189078798,3.601034023403485,10.831510726872578,0.5356365873429041,0.3348114558537772,0.7752385022228473,-0.67147204949069,-0.3878295717253538,0.6314376533341188,0.5120729762957799,-0.8587720956833668,0.01708082618546826,4.741086,-8.109975,2.6719253
3.0059099200305734,4.417966894650205,11.777786900010852,0.5295234427224197,0.34573239821820934,0.7746444554953478,-0.6586275424411082,-0.40794666958149856,0.6322889174383396,0.5346163895218522,-0.8450139783457123,0.011691554856788711,4.930046,-8.017288,2.6803575
2.5484642966299336,4.120378268139718,11.441280257136835,0.5241937140335249,0.3548740408330105,0.7741352370940054,-0.6563947039928802,-0.41078146608442395,0.6327752995271134,0.5425559351235931,-0.8398351042105712,0.017608378624409962,5.0414686,-7.9388,2.7485244
2.1598535724923615,2.8430631757428,8.926168848856138,0.5202434490707634,0.36170542880547946,0.7736381172561254,-0.655972650543972,-0.4108164461878342,0.6331901209588728,0.54685156618343,-0.8368984587835262,0.02354430394992122,5.0881515,-7.890607,2.8169112
1.9647341243059044,1.147050531079607,4.969757430107604,0.5191289056662582,0.36148668404921025,0.7744885774218117,-0.6572636577728772,-0.41041319732201526,0.6321119296730099,0.5463603787545079,-0.8371907696093084,0.02453470619760378,5.0899277,-7.8808317,2.840999
1.6493078832729235,-0.14709129198488013,1.6286629836875468,0.5207300733655533,0.3577431484507797,0.7751516177040663,-0.6591825878546193,-0.4084996408751587,0.6313528009553382,0.5425112962528896,-0.8397308396988815,0.02310000642031993,5.0577545,-7.9040284,2.8343506
1.079781782311832,-0.6805805524930186,0.02051714154074291,0.5239224180975577,0.35311951975065314,0.7751205742243448,-0.6610641738439048,-0.40527924139653415,0.6314609208439764,0.5371214554222177,-0.8432409746117159,0.021099783434905338,5.0143113,-7.938333,2.818669
0.3417386080438607,-0.7142630214534795,-0.30183849162958354,0.5276767165038604,0.3496960802170699,0.7741252704443403,-0.662597665076828,-0.4008027631816054,0.6327096326599767,0.5315276258995743,-0.8467997381357679,0.020213520197005192,4.967447,-7.971869,2.8097367
-0.4290703193795272,-0.6961036569578767,-0.20335537555214758,0.5318916784360693,0.3482086282134613,0.7719080214948943,-0.6634544579382794,-0.3951021290638002,0.6353916035415269,0.5262313413816041,-0.850085324450993,0.020869032099384163,4.9250793,-7.997322,2.8136551
-1.1099711869060767,-0.8901786697742462,-0.14722573482886986,0.5362903897718454,0.34766754821408397,0.7691033049969109,-0.6637268606196054,-0.3891941652649602,0.6387445156052227,0.5214012584664546,-0.853027067356316,0.022035199728575268,4.888669,-8.015767,2.826013
-1.6598912146201688,-1.2127607520037853,-0.17375850981423,0.5413089917048897,0.34588247125202454,0.7663875596459208,-0.6635315318531455,-0.384111360246042,0.642015863640884,0.5164402015103503,-0.8560512712510425,0.021580992873828295,4.853592,-8.036161,2.8281708
-2.148136312576301,-1.4592830169131148,-0.13619077177451736,0.5475144299784649,0.34133143898788165,0.7640162287044826,-0.6626575363313818,-0.3806849608332631,0.6449526727897149,0.5109921119827364,-0.8594020068360542,0.017755341100156197,4.815175,-8.06721,2.8011184
-2.684545898863163,-1.5685188447299874,0.10016438241964709,0.557460565115871,0.33096873736000965,0.7613786267232725,-0.6607100541307426,-0.37844291664262864,0.6482616626128437,0.5026926921203871,-0.8644308264594338,0.0077073702010167465,4.7681656,-8.115561,2.7299576
-3.3616589598668813,-1.6183448497950637,0.5519327877209834,0.5688344918747763,0.31741807115277487,0.7587312363144268,-0.6582844688384208,-0.3773153769812893,0.6513790481582765,0.4930404435131875,-0.8699878587653497,-0.005678614373171498,4.7075624,-8.181506,2.6170487
-4.170383020599512,-1.6897483218459821,1.1276856878351436,0.582489129148912,0.29978217284422976,0.7555375988447802,-0.6554192674989202,-0.3765431401114501,0.6547066880872565,0.48076189347172504,-0.8765534281946535,-0.02284927363571621,4.629837,-8.263155,2.4699326
-5.032434194563236,-1.806127709096842,1.6263901195404307,0.5965786882163269,0.28054383314578646,0.7519235509345065,-0.6526346961391309,-0.3756870924685801,0.6579720069637349,0.46707796154546655,-0.883263474981487,-0.04103427350590469,4.5315337,-8.358478,2.2952545
-5.87842876298208,-1.9369822871052653,1.9291851367091222,0.613771371458307,0.2563860087483309,0.7466933226541478,-0.6491733400487963,-0.3743458223102813,0.6621474004243508,0.4492868550804445,-0.8911405163255335,-0.06332378711813572,4.410411,-8.464727,2.0963943
-6.627756716946406,-1.9934626598449126,2.0405718528068646,0.6320869796318824,0.23086075138465742,0.7397089722654154,-0.6446170665209572,-0.37310971246599384,0.6672765393848757,0.4300405652142105,-0.8986058401399654,-0.0870210108915488,4.269101,-8.577728,1.870375
-7.093979129870816,-1.9417201155952508,2.1353173676060995,0.6529000178643359,0.20130117867601996,0.7302050411606293,-0.6386689162490251,-0.3719749600535547,0.6735997658182852,0.40721441783174034,-0.9061525614138051,-0.11429765243938697,4.109288,-8.694455,1.6193695
-7.325521410410523,-1.848194970206773,2.2312608792477873,0.6730852968556661,0.17076968117030555,0.7195789735322411,-0.6323328085355966,-0.37171773379549927,0.6796919490706209,0.3835510427651089,-0.9125040506074089,-0.14221446909111188,3.934218,-8.8127,1.347612
-7.067911943211259,-1.6331665271864362,2.411732912972571,0.6938811290040257,0.136418235239016,0.7070495342664282,-0.6251115181473846,-0.3732812720204718,0.6854901033846129,0.3574416997099931,-0.9176334546282895,-0.1737362203323759,3.7500443,-8.928853,1.0520966
-6.339648583092405,-1.2867550233979088,2.563020743201216,0.7123856969257916,0.10296519673020303,0.6941936236223051,-0.6180790592986677,-0.3764583004582943,0.6901140662763828,0.3323926823382651,-0.9206939319222001,-0.20454287679997532,3.5603988,-9.037343,0.7364197
-5.160927732871641,-0.8106350079955692,2.580629728030032,0.7311290875985379,0.06665612556038472,0.67897512339747,-0.6101921107133064,-0.3812464568877377,0.6944902642469393,0.3051488903643078,-0.9220672969126613,-0.238067332226845,3.3702576,-9.130873,0.4144226
-3.5945959795774747,-0.2012570805002405,2.2498287811890463,0.7467696597672469,0.03453997183257501,0.6641852645135371,-0.6027799109668533,-0.3868657761011902,0.6978475838006557,0.2810541837189082,-0.921488937333176,-0.26807962284864084,3.1847014,-9.207502,0.09222259
-1.666882400643539,0.4631171876004375,1.602109815556086,0.7623929588343624,0.0015445062391481051,0.6471125024447182,-0.5942907184564898,-0.39404943591530245,0.7011016930597859,0.25607717250128836,-0.919087948215679,-0.29950262965195534,3.008925,-9.268179,-0.22485809
0.5436081754865227,1.0836918402312092,0.78968101353793,0.7757681627760641,-0.026600018570129967,0.6304571330670474,-0.5858385795189672,-0.4016068234480352,0.7039212442505017,0.23447156836223906,-0.9154258016748515,-0.32713710467891677,2.8497207,-9.314056,-0.5265137
