0.07177555543392783,0.15919250202341478,-0.016435914042196503,0.9999993179789196,0.000679861669651832,0.0009496472006875538,-0.0006807151571616638,0.9999993644754089,0.0008987077684817394,-0.0009490356001994102,-0.0008993535947875452,0.9999991452469053,-0.043648683,0.04609131,-0.033028565
0.1294677451355775,0.21791158218319162,-0.028047596981067267,0.9999964963040768,0.001797760820623687,0.0019430480185370354,-0.001801927972092234,0.9999960759473514,0.0021450280843401783,-0.0019391841464651575,-0.0021485218013897324,0.9999958117006865,-0.06427169649322757,0.05107464665191368,-0.057652152023415656
0.22020307601001635,0.3460025298035674,-0.0351853250344784,0.9999885446230161,0.0037172340964685647,0.0030154259092678684,-0.0037299914934167612,0.999984070852892,0.004236177986997845,-0.0029996310108529925,-0.0042473769729726215,0.999986480909941,-0.10246666308834002,0.05212721526037853,-0.09400735042493327
0.34803851255647855,0.518910857001315,-0.06514599412788519,0.9999691463409647,0.00659732956853847,0.0042639897615695905,-0.0066267105699235156,0.9999541440992855,0.006913494462855948,-0.00421818363103672,-0.006941537382278074,0.9999670104486572,-0.13986757391368473,0.06413455271984234,-0.1502328160851624
0.5190136616194722,0.7515562275122235,-0.12100539229322302,0.9999123750237252,0.01168509524658648,0.006220998592791358,-0.011754965063186035,0.9998668783244168,0.01131576007828785,-0.00608794470873263,-0.011387896156195815,0.9999166228993088,-0.1987882733101659,0.08574771941900856,-0.22914727468707444
0.7277095897065758,1.0652501165674162,-0.19281334798445127,0.9998251417883701,0.016833926996055223,0.00814277285432689,-0.01695954552856946,0.9997342821830011,0.01561213769808846,-0.007877795588237813,-0.015747505514562565,0.9998449661856273,-0.2815589476373627,0.12033450943901383,-0.3361896491391379
0.9612492580932384,1.467879271530541,-0.2843850086142506,0.9995501966977519,0.02740180357105834,0.012187921994279143,-0.0276986151432082,0.9993063940722724,0.024890108184192142,-0.011497434524011661,-0.02521650109205252,0.9996158947676053,-0.41243395621074613,0.16826677434276358,-0.46790078847220146
1.1863364937620948,1.9521680458601611,-0.4035114985768174,0.9991290283608955,0.03833096125142466,0.01649006052611588,-0.038899245613113524,0.9986071607823361,0.03564529597257333,-0.015100774064393228,-0.036255700845294184,0.9992284477429934,-0.6132814612486471,0.22293476266174658,-0.6212889841000537
1.4054401489360415,2.4407448856211196,-0.583734469081979,0.9981394905564578,0.05616878182443532,0.023719724704436854,-0.057404747876246935,0.9968285096835461,0.05511458249270511,-0.020548778867850233,-0.056373666107852674,0.9981982555868347,-0.8738795795021777,0.2821842143075552,-0.7997833873568843
1.62425611721589,2.8189906972282195,-0.8070518118549275,0.9967623035396582,0.07402116519988791,0.031397091342437775,-0.07621205042830644,0.994226659109612,0.07553193818016848,-0.02562486315724927,-0.07768022539997177,0.9966489597496108,-1.1440465587133406,0.3541664033663665,-1.001825096803876
1.8530438664921665,3.039465681538632,-1.0924559617710279,0.9942725520856551,0.09796127613478935,0.0427279831857514,-0.10194180871140418,0.9893478192082227,0.10391708360313728,-0.03209298686201982,-0.10767767180793561,0.9936677307773943,-1.4456497696703048,0.4482491740156316,-1.2266361381049182
2.0248743221974603,3.1204623855217575,-1.3850626604133507,0.9915600892489527,0.11816877783059274,0.05333600429947041,-0.1241632312253955,0.9839245514657347,0.1283587512973764,-0.03731060734265892,-0.13389778552678444,0.9902925333510015,-1.7346643613536232,0.5524754259213884,-1.4511552309655777
2.170277338155238,2.954695618437837,-1.7458543542261196,0.9850948141626206,0.1545990496206367,0.07541446125451072,-0.16567350535054298,0.970666735538915,0.17423655799828464,-0.046265502642636167,-0.18413370787181232,0.9818117339340581,-2.0542080942881267,0.6800252314473748,-1.669144401419477
2.2022521612152643,2.69891821554436,-2.027581811685234,0.978967879121734,0.1808867130534704,0.09434982081914994,-0.19718571558582934,0.9575863429845053,0.21010994573904818,-0.05234200241487366,-0.22429532489615742,0.9731145472208952,-2.4291402647604867,0.8310915532242843,-1.8606677472846245
2.112973404229734,2.2730646407298565,-2.326882181225911,0.9687201074479319,0.21487135976857308,0.12414367554278248,-0.24084816439863455,0.9345972855683307,0.26176339605475096,-0.05977888533483611,-0.2834752415282727,0.9571145554783979,-2.8130819451223372,1.001671297615132,-2.0045495466995646
1.826082593176207,1.6761622993560046,-2.5259361699152865,0.9563272945649239,0.24588522805160296,0.15804607016988603,-0.28483847986557004,0.9053199050829639,0.3150601686161618,-0.06561361183477518,-0.3463182410537803,0.9358197101233817,-3.1448190960058087,1.1637110607214936,-2.0941619227426744
1.3515292890650765,0.8201003919944407,-2.50517959637027,0.9406493675690902,0.27548831356723735,0.19820432987134842,-0.33215595454846597,0.8671669954896529,0.3710711842644823,-0.06965047846115742,-0.4148826231855553,0.9072051696440026,-3.3380329816637087,1.2902142527209643,-2.1591604700198324
0.778618450415939,-0.16537638695653667,-2.1742504046425477,0.9241791368161634,0.29913979604572444,0.23750432731942805,-0.37522876597256016,0.8272527403720971,0.4181581958225443,-0.07138834821202432,-0.4755715361210951,0.8767755800494104,-3.3467593168098513,1.368681175980371,-2.2044505742921743
0.13467434921120222,-1.0989757312090251,-1.5969156026453042,0.8959763450174393,0.32824328889895465,0.29913664513393995,-0.43859078797900053,0.7597987653098034,0.4799416182554471,-0.0697460383760298,-0.5612149138489598,0.8247262034180516,-3.267049459892244,1.3968890212669092,-2.210425053691691
-0.44859188700816005,-1.674928665175556,-0.9475393612301113,0.8786631961840401,0.34066154685451305,0.33451561722337897,-0.47278900230776577,0.7184084781983655,0.5102546597038929,-0.0664947138385833,-0.60649729508663,0.7923001224814531,-3.1994292440326224,1.413487352565446,-2.1694085498379714
-1.514576315005533,-1.864629910604969,0.2126667419140278,0.8365908246332994,0.35242662197911634,0.4194177729421655,-0.5453996354639504,0.6078162574605863,0.5771469785092839,-0.051526981040680445,-0.7115861671554576,0.7007068552096788,-3.1524062102540777,1.4411902399222867,-1.8695863906203514
-1.9714313637406877,-1.7291408075095807,0.7164280050578715,0.8160021398508887,0.3514898772295485,0.45890671597169763,-0.5766473761387105,0.5502265756068319,0.6039275776848737,-0.04022824071608934,-0.7574335493633325,0.6516717785417379,-2.991347728727615,1.3705566174093726,-1.6604610037488778
-2.3651385505296547,-1.586811704172844,1.207150424548598,0.7988652917124304,0.34773670261709816,0.4908089560615231,-0.6008529386382496,0.49945207888467746,0.6241180713835749,-0.02810679325347904,-0.7934902687183764,0.6079335503344457,-2.71039428694749,1.2081806903393142,-1.4192135166269164
-2.654041919998764,-1.4813145605429199,1.7507239214684334,0.7835655623746326,0.34289796236663733,0.5181177442100731,-0.6211386399704081,0.4518612750111465,0.6403188097198238,-0.014553329386704514,-0.8235547192203494,0.5670501080624645,-2.355206358450453,0.9863755671965482,-1.1823324147230165
-2.7673296840082724,-1.3522231406252367,2.241221396425273,0.7708210717662285,0.338594057330462,0.5396192543466731,-0.6370510273439027,0.41092811354452863,0.652153412977968,-0.0009294521188649004,-0.8464585931037796,0.5324537409761788,-1.9820454616816763,0.7534504269683453,-0.9740960264310448
-2.68727568877659,-1.0452087160466106,2.4149795635492213,0.760829023369942,0.3338044997166903,0.5565193196707829,-0.6488415876130965,0.3754381143047799,0.6618540749372074,0.011991304418489643,-0.8646506683604427,0.5022304553909308,-1.7048852629133915,0.6172085779041527,-0.7552236660827708
-2.500399634919547,-0.5740597602315262,2.2286649351480534,0.753639634245368,0.32684383293550295,0.5702634571551448,-0.6568499439814746,0.34284193989701134,0.6715709607622912,0.02398859700027946,-0.8807000131257421,0.47306662754233125,-1.5505938899339768,0.5935472995763934,-0.5329939658329133
-2.303894853749157,-0.13894376105845796,1.942592810844619,0.7492607393103533,0.31817771261082983,0.580836713479652,-0.6614225154048949,0.3150164477850831,0.6806503461692563,0.033594652008381444,-0.8941630616518484,0.44647935958320323,-1.4145337371594522,0.6116618161780828,-0.3536547805250045
-2.1281133302132877,0.1654680096631399,1.7315375700542361,0.7468584688458156,0.3096421243268455,0.588493145546864,-0.6637309356877006,0.29282993068784424,0.6882673003306788,0.04078814195833481,-0.9046393682212319,0.42422157057353393,-1.2047934343342643,0.5674981631949049,-0.22022904373506372
-1.9514340966983066,0.32635769652947755,1.6347363581099623,0.7453062251367076,0.3019902237998025,0.5944077182387665,-0.6650919331872446,0.27444885190379104,0.6945002146133175,0.04659775940670508,-0.9129511117349248,0.40539969955617683,-0.9306110613199833,0.4519634146578123,-0.14276569768949826
-1.7097923376946507,0.44207059176338376,1.483237013075099,0.7444737747003332,0.2963818290927287,0.5982613226401039,-0.6657852204306979,0.2626045524406047,0.6984045312664546,0.049888265548972965,-0.9182574042288565,0.39282884382310407,-0.7314973727450589,0.3922528811176235,-0.10241323793108964
-1.3782740974757148,0.5844938371806174,1.201062712502864,0.7437404953494302,0.2901404343140311,0.6022197306245037,-0.6664713921823663,0.2522612434668935,0.7015555205734146,0.05163292534694172,-0.923137472655401,0.38098720135919895,-0.6579257825596418,0.4449158527375085,-0.10154111475826405
-0.9729706876788213,0.7527042601990723,0.8694681402570954,0.7421762377044507,0.2796406110185696,0.6090776312228415,-0.668158941994534,0.2377708068460766,0.7050026039983898,0.05232647914404018,-0.9301968458777562,0.36331221765784494,-0.6680060294614357,0.5573535916905176,-0.15048809471696206
-0.5484597702355505,0.9271804783399649,0.5270829002926016,0.7399207814838666,0.26772719866626676,0.6171218552462855,-0.6706840386190205,0.22273828587619987,0.7075101245541381,0.05196303946060286,-0.9373952224644868,0.34436904540154306,-0.7166622928190575,0.6711498244537994,-0.21549030946644354
-0.15625503714714417,1.0612462099038615,0.15973310921320683,0.7372905528117363,0.2536570315554409,0.6261475473696647,-0.6736632768521523,0.20635460164085412,0.7096446771465733,0.05079793455825397,-0.9450269248672895,0.3230227253932587,-0.8401489538036181,0.8475079693300526,-0.270485753962596
0.16701901634187016,1.0623462599546443,-0.11634299991533623,0.733736813546911,0.23484990034352168,0.637554556688809,-0.6776898208404001,0.18577922298884558,0.7114932094088929,0.048649719170126005,-0.9541129936303655,0.2954684419872432,-0.9676274629256107,1.030827207069475,-0.3314264429723422
0.42604520470904783,0.9304596171488303,-0.17163221849616703,0.7300151413123399,0.21596464908450846,0.6484112613153243,-0.6818707230094934,0.1660860088357098,0.7123677103656053,0.04615420411225198,-0.9621718703094727,0.26850527262594814,-1.0751170138074768,1.1923324654568084,-0.39422412972513016
0.6450933714213577,0.7492168764577838,-0.07959065714684632,0.7248935197071814,0.19087175309408017,0.6618892346588869,-0.687530911649688,0.140788830836014,0.7123761300310228,0.04278586931082887,-0.9714661491697072,0.2332871415331239,-1.1763739414576015,1.3321618649063498,-0.44987964370065536
0.8195219845816761,0.5691182317727466,-0.01582196169891234,0.720035487066459,0.1656025860870332,0.6738877360853618,-0.692823954693187,0.11656909037842934,0.7116225228108214,0.03929204968260105,-0.9792790361534508,0.1986673203677634,-1.3000361269790548,1.5123303732915776,-0.483485698343736
0.9313308002855254,0.3579230389426257,-0.03848565701126147,0.7139604270744049,0.13203261100831024,0.6876248237244363,-0.6993410071301239,0.0862332989359144,0.7095674554972577,0.034389886855841066,-0.9874873203160417,0.1539029820928915,-1.4091788223116115,1.6975125151798558,-0.5103731306212189
0.9901730102711043,0.11880227168729686,0.01751563559816563,0.7077090310159918,0.09724216215822057,0.6997798863336961,-0.7058930816446892,0.056141678998159784,0.706089986591958,0.029374899226555787,-0.9936760406581518,0.10837454275505708,-1.4630134122519076,1.8000705759995066,-0.5280811165322015
1.1878735118837709,-0.24028633255871606,0.35026598677521664,0.6934775480591914,0.03596394411878162,0.7195800755032296,-0.7200824701671183,0.0014975219579032514,0.6938868737669034,0.02387732178937314,-0.9993519661017364,0.02693550357353572,-1.3309287379025634,1.5502496869131834,-0.5558822043214645
1.3734984193233062,-0.48703784232817476,0.26192248390265993,0.6789174661929442,-0.016594002984561186,0.7340270520649095,-0.7339405564849886,-0.042650863025356076,0.6778732650206064,0.020058256271620147,-0.9989522225552832,-0.041135427640919764,-1.110743967275058,1.3173823331352172,-0.5456504950159043
1.2319878890048575,-0.6924134056293909,0.5649377490274429,0.6642207287175063,-0.05610352814639402,0.7454282109442278,-0.7472901572334559,-0.07543233117955225,0.6602025327994546,0.0191896962972913,-0.9955713723999622,-0.09202933235481311,-0.7436250117093948,0.8486760614658794,-0.46125198020797237
1.0632543921072986,-0.7582474996555019,0.6249906321564714,0.6600929461289587,-0.06560812444490008,0.7483133544696462,-0.7509303759653431,-0.08351380607754415,0.6550793956819209,0.0195159658572252,-0.994344516855835,-0.10439400785195874,-0.5460827004322303,0.5860397418968254,-0.3702393097670351
0.8382058174769942,-0.8297654257811751,0.6263384712978807,0.6553276244923455,-0.07368197151181555,0.7517424237405734,-0.755052774749108,-0.09157049960081458,0.6492381311556875,0.021000283828853807,-0.9930688851620457,-0.1156424550159604,-0.3407266364587947,0.3003140363655606,-0.25982154901988974
0.6724985500607119,-0.8538221840008594,0.5902104419832541,0.6533404139038455,-0.0744931332016382,0.7533903879568383,-0.7567121929945259,-0.09460312758448938,0.646866991911512,0.023085938000601394,-0.9927240408880178,-0.11817790872069385,-0.165139122229245,0.02889330126878322,-0.1343559947615778
0.5838665717356256,-0.8346066807118546,0.39910155819086074,0.6526921377821284,-0.07098680967807196,0.7542902930100087,-0.7571817476562606,-0.09510325642824362,0.6462438948515913,0.025860670788019968,-0.9929331515608047,-0.11582306436077745,-0.02843571283500955,-0.18359046166988455,-0.03771172173281705
0.4510929934673249,-0.812809706653664,0.0618491004014452,0.6530325509100148,-0.0655849058135187,0.7544846635826279,-0.7568079976996095,-0.09349087492507696,0.6469166182157106,0.028109465841014796,-0.993457636960517,-0.11068776578717901,0.07046646107672049,-0.22726454454592376,0.027104473199987107
0.21532220503552768,-0.7757205508774779,-0.17631725019383976,0.6544300557519941,-0.06214226681134359,0.7535646228453071,-0.7555792649053364,-0.09151892476180194,0.6486326085354904,0.02865792339918508,-0.9938624779545661,-0.1068461433110952,0.10972433247897605,-0.17052450713879735,0.10244870799813854
-0.05176103653634174,-0.7118307256432006,-0.24255495530966187,0.6569538878560491,-0.06002509973465618,0.7515374752017802,-0.7533972894898969,-0.08975983074738099,0.6514105441067696,0.028356893696210368,-0.9941529863084679,-0.1041908172242439,0.09571521155054372,-0.08793782542675045,0.16506992532056206
-0.24109157561750666,-0.5971763159431339,-0.3013031482913908,0.6596124333910967,-0.05949475571076009,0.7492474969986841,-0.7510973629475332,-0.08884197932856239,0.654186406219393,0.027643970213011414,-0.9942673064885011,-0.10328762829575446,0.06373595549655303,-0.012076881543117427,0.19871557444238724
-0.34339406977772396,-0.4319145133509086,-0.4177509581345229,0.663509255906223,-0.060375442526864186,0.7457280156105547,-0.7477006718206364,-0.08873711345294512,0.6580801091470609,0.0264418737183926,-0.9942235818143338,-0.1040206550572346,0.018742191963391226,0.06063256367720079,0.23208210648478628
-0.43223138452102833,-0.28645668352600534,-0.5375427618972135,0.6661863498753473,-0.061237458155545106,0.7432669244345597,-0.7453413770838284,-0.08905155314167934,0.6607087501235597,0.025728949581042843,-0.9941427435744332,-0.1049677405289535,-0.006566184327965097,0.07815335726115086,0.2339779273088536
-0.4696580395213743,-0.18622431741484982,-0.6664971595031957,0.669821034148545,-0.06344574846176998,0.7398070148452905,-0.7421086362528657,-0.09046613247677254,0.6641465582788233,0.02479020393393131,-0.9938765093696599,-0.10767975627801785,-0.047803561047257484,0.11308266108937687,0.20433232881179797
-0.3983074885596829,-0.10216921387645876,-0.801642195392518,0.6717559198086703,-0.06621626800795441,0.7378071496353953,-0.7403773239212373,-0.0925461821248598,0.6657902240175496,0.024195090932558977,-0.993504207351539,-0.11119346900584696,-0.11128749602691235,0.17414730233990083,0.14480408199524233
-0.2804729137021993,-0.023273168988549017,-0.841796051526353,0.6730296194708643,-0.07127154486105329,0.7361735516901047,-0.7392460834553564,-0.0962790148219046,0.6665175011962097,0.02337433230748301,-0.9927994350310847,-0.11748583910896282,-0.17301697094797683,0.24820942972944163,0.07360616340449136
-0.18661120147118299,0.05060280199382146,-0.6760502628373429,0.6732881172311134,-0.07554433267942295,0.7355108190879343,-0.7390331628369022,-0.09923486145798595,0.6663200631068367,0.022651609714724026,-0.9921922676938344,-0.12264342014921512,-0.19827458678483445,0.2895698092399236,0.014392584893652723
-0.08112391434065133,0.12880788825784634,-0.34807421499471014,0.6730629145939103,-0.0817717086920545,0.7350508150161682,-0.7392655527772809,-0.10360313643903657,0.665396748261438,0.02174294081427056,-0.9912516218284713,-0.13018243640050323,-0.21131737201418724,0.2962167920916034,-0.02338428571539488
0.040189729542183805,0.1882116246361393,-0.05395924295622499,0.6724195255309632,-0.08709969621815236,0.7350276352651107,-0.7398709305790445,-0.10733327270531338,0.6641314438079748,0.021047274617254304,-0.990400530840463,-0.13661552160026902,-0.1970688544850859,0.269551084841829,-0.052307123355102236
0.13019942189003159,0.22752481190734528,0.1510065373836892,0.6716496520795291,-0.09085737817204904,0.7352766021662526,-0.7405792414364845,-0.11008641349747346,0.6628901633880414,0.020715501799612766,-0.9897605358847983,-0.14122658952982534,-0.13890592361268866,0.1767826426050729,-0.05508914942970472
0.2079588149174738,0.20923551088991482,0.2820794789814771,0.6705822466919972,-0.09108248085487705,0.7362224066834935,-0.7415288718974495,-0.11081712743122889,0.6617057476026533,0.02131625117159,-0.9896582975700301,-0.14185228756272508,-0.02214571530058028,0.001690661518462912,-0.036675780572115554
0.38651878866265443,0.12296945655798681,0.23116962617710468,0.6691537787183821,-0.09041990853730283,0.7376025085145909,-0.7428057133124959,-0.11043034240164067,0.6603368926141945,0.021746096137593193,-0.9897622843982088,-0.14105930556192475,0.004913559998518323,-0.019996146711973476,-0.04306912173710525
0.4508776718880329,0.11991173836042923,0.23948188745617274,0.6684988131849207,-0.09015488184809163,0.7382285784560972,-0.7433970198467487,-0.10994448593057415,0.6597522875264883,0.021684272026655512,-0.9898405463974574,-0.14051862885132232,0.020966054320627755,-0.018583980892821123,-0.0443712586680161
0.46674192191751446,0.12599860831023735,0.2281664614548216,0.6679491869111163,-0.09014688649202442,0.7387268930806388,-0.7439019455837537,-0.10928963585961012,0.659291794921171,0.02130209054260242,-0.9899137913724945,-0.14006036765997357,0.028743954845602587,-0.004334088983053705,-0.03561145761913344
0.4645040094492782,0.13388790236969658,0.20560006054301136,0.6678504283304293,-0.0906637165932111,0.7387529329027187,-0.7440133846545753,-0.10864696366253103,0.6592722660189455,0.020491189172564282,-0.9899373352795707,-0.14001493986670033,0.03286735631742723,0.026153264106211365,-0.007597013816244779
0.4556522407484258,0.12905189985852564,0.17389333994532213,0.6678633631122023,-0.09140743814676336,0.7386495843523537,-0.7440294472611658,-0.10794262488951338,0.6593698289580784,0.019460468152213733,-0.9899459934680306,-0.1401007501617651,0.03425597798662275,0.03616974086409858,-0.00013377695378056012
0.46180126094869695,0.12710738276578512,0.16801562235059142,0.6679254933170391,-0.09232919104844484,0.7384787443505266,-0.7440017561382832,-0.10731104604639716,0.6595041518137533,0.018355441709230456,-0.9899291186124218,-0.14036886365177756,0.033063180227195774,0.04817188246458175,0.0030661308590358306
0.4790124070647948,0.13063942360437117,0.17799751290371948,0.6679456805893109,-0.09357870413999979,0.7383031856314595,-0.7440140575185957,-0.1067322993605951,0.6595841860505115,0.01707776322585469,-0.9898743568780218,-0.14091524970180844,0.028619975585929748,0.061803994244079626,-0.00014284908201414592
0.4962147141917983,0.1398893537220734,0.1736812494113212,0.6678484187632341,-0.09521730998231945,0.7381816534127488,-0.7441310573401668,-0.10637966878813263,0.6595091626128725,0.01573083142283466,-0.989756045674012,-0.14189965114294095,0.017420979553530433,0.08381670604247975,-0.008538617849310856
0.5017904868854187,0.1526344910662547,0.15978623857230662,0.6676492920393579,-0.097535519682231,0.7380591068740106,-0.7443403147688287,-0.10637682659693891,0.6592734383948784,0.014209808203692595,-0.9895305923332945,-0.14362203238825313,-0.0013450008020118253,0.11207447430486071,-0.015242759227188917
0.49724531832011437,0.17468435750480385,0.14553127152457762,0.6674468488759706,-0.10000435267497416,0.7379118059575936,-0.7445483396725492,-0.10658439860563998,0.6590049589075365,0.012746521736845816,-0.9892617931669718,-0.1455974957328551,-0.012319789999737084,0.12561230178817304,-0.016152975006131862
0.4805832351464842,0.20229239652261916,0.12059991091189892,0.6672281731315771,-0.10253594293319358,0.7377621197827249,-0.7447668938284521,-0.10693323560185687,0.6587014171692942,0.011350719651967116,-0.9889649455519229,-0.1477142431618017,-0.01919031178500721,0.12515130508290068,-0.016589660080515604
0.4588037773487764,0.22473747196155403,0.08279582080931082,0.6669416873269414,-0.10477970635646759,0.7377059026748706,-0.7450396424167178,-0.107375846698901,0.6583208630852153,0.010233129192086255,-0.988681769166169,-0.14967846333187554,-0.025998579300963942,0.1176851548742541,-0.022056591234675533
0.4495827833802554,0.24223659698018815,0.025010480360300083,0.6664151647391554,-0.1072506978084694,0.7378266165063996,-0.7455233158436406,-0.10815084581164297,0.6576460902976076,0.00926357054207989,-0.9883322732612865,-0.1520312595849596,-0.04203700674803776,0.1178192324693015,-0.035946869588396775
0.45400776173886553,0.2561182742727319,-0.05679236966439198,0.6655827695134436,-0.10969412757561946,0.7382186500639487,-0.7462749796646829,-0.1091621437410916,0.6566256780695725,0.008557549491044182,-0.9879528454077514,-0.1545184247830511,-0.05893543878362326,0.12038042070917905,-0.05867817833399376
0.4575991842211439,0.2662547907406296,-0.14171229605809735,0.6643194773187374,-0.11215103504694018,0.7389869940620473,-0.7474048295282906,-0.11038971610692744,0.6551336744326447,0.008102644799495006,-0.9875405084935662,-0.1571562637361977,-0.07179987887659316,0.11485661599281587,-0.08587844019640738
0.44628702391949376,0.27309181447054487,-0.19702348512657114,0.6625781142928744,-0.11419879752295677,0.7402356902395413,-0.7489500253439841,-0.11158192912404491,0.653164093188076,0.008006372296146407,-0.9871717721537963,-0.15946093648724202,-0.07237769241782267,0.08873422665939495,-0.11504757728292281
0.42328467014788485,0.276934183016265,-0.2194293434647635,0.6606039153436719,-0.11554188957468092,0.7417900907845315,-0.7506884390024422,-0.11262336730591706,0.6509860556761201,0.008326738898728724,-0.986897182532298,-0.16113539812568728,-0.07412307119056691,0.05767167916217894,-0.14382415059164388
0.4061459704952617,0.2786509117293748,-0.2387168354184527,0.6576954740613845,-0.11687962869732353,0.7441611490764262,-0.7532277548497828,-0.11410384098591657,0.6477872048722603,0.009198517441766878,-0.986569544364631,-0.16308256010081867,-0.08869074112335214,0.041244111829941824,-0.17575562886256615
0.4200561100632781,0.2862934468212316,-0.27771993010161544,0.6543359311570749,-0.11818051622915339,0.7469122135703867,-0.756132834961665,-0.1158011058639058,0.6440910182369657,0.010374251280903173,-0.9862167456824622,-0.1651329932080608,-0.10934656288871601,0.03878241988586113,-0.21662082376521935
0.474870166309547,0.30503464626904636,-0.31920882149347524,0.6503933621228923,-0.1194767101375913,0.7501425132874276,-0.7595053817560184,-0.11767333059674825,0.6397691477008816,0.011834254945915295,-0.9858388828814603,-0.16727715746302235,-0.12920570038561546,0.03565966289099168,-0.266532558057804
0.5739826154771066,0.3334515519639558,-0.32909750964641027,0.6453414907314162,-0.12099676619547235,0.7542507162149679,-0.7637721344601671,-0.11985348508433008,0.6342611991406222,0.013656022946438393,-0.9853907472081204,-0.16976038511357108,-0.14698017707540667,0.03605660404999255,-0.3231368311879264
0.7192318227846539,0.37061557368545794,-0.29538978226527807,0.6397424682254913,-0.1227416000869381,0.7587252954507677,-0.7684321104609454,-0.12211078551311974,0.6281727848879682,0.015545609067950142,-0.9848976879196469,-0.17243804211727626,-0.16443603489489259,0.044822223207013144,-0.3767018436533998
0.9144908114451192,0.40543709278791595,-0.21769940153928868,0.6330881110409978,-0.12460153556170059,0.7639855371629805,-0.7738795720013161,-0.12432364483138306,0.6210104986028008,0.017602604852717738,-0.984387164011958,-0.17513440447522807,-0.16259632076640274,0.039361304940787586,-0.4217581809572823
1.1890966865093868,0.437580665240618,-0.08395726806726284,0.6261490632920296,-0.1261452151450138,0.769431436344092,-0.7794617458710664,-0.125836630024933,0.6136811299588708,0.019409720815687596,-0.9839982353845892,-0.1771178576481515,-0.1378352823829727,0.022230410157208218,-0.4605966680116457
1.579009109080323,0.48900639371005056,0.10288950847126116,0.6181433496289516,-0.12717578798502832,0.775709429013137,-0.7857848885654589,-0.12633299519798827,0.6054602243140944,0.02099781444981414,-0.9838019583608741,-0.17802471321038288,-0.08783006683949357,-0.012667587037600625,-0.4931959361383343
2.0649417488251878,0.5549159909245014,0.2858712496732188,0.6104761690249177,-0.12797332683826007,0.7816275805462649,-0.7917314263711527,-0.12590382710382686,0.5977537744062422,0.021913364619786057,-0.983753553456635,-0.17818179063103745,-0.044459105144089905,-0.023449131585530317,-0.5246213171826971
2.5918572092731487,0.5875114875311451,0.41346264803035276,0.6007720963387571,-0.12974723480824607,0.7888209830629183,-0.7991123642275506,-0.1248561289986103,0.5880734447244969,0.022188231100951136,-0.9836547169159995,-0.1786926979188423,-0.024640587381764154,0.011419109305012276,-0.5632928182815975
3.120200710793264,0.5664729100442125,0.515582873866026,0.5911883585955364,-0.13240624467859533,0.7955909193996794,-0.8062463606495669,-0.12333976053910135,0.5785793890292711,0.021520469336038336,-0.9834916826492576,-0.17966908348207167,-0.0027209808076674447,0.060345650871817744,-0.6056478705269805
3.6202983752937907,0.4655455988387727,0.6782617040204885,0.5804974618313117,-0.136173545277266,0.8027947822289486,-0.8140208526430792,-0.12104673476866257,0.5680825111408362,0.019817877526074387,-0.9832621489554373,-0.18111542773020786,0.02597325989272145,0.10866939288123208,-0.6593046897495753
4.049748803358978,0.26193497003608424,0.9292342142692048,0.5686075376193866,-0.1410480604642125,0.8104263771630964,-0.8224355958917676,-0.1176994858039585,0.5565487594556615,0.016886644799077023,-0.9829813201077459,-0.18292776045931972,0.06830743004994805,0.16165489188486232,-0.7411402569649315
4.38197067544361,-0.029781192434887777,1.217192036082512,0.5541789976092324,-0.14752183967264515,0.8192209381042607,-0.8323071777586837,-0.11270370689420242,0.5427362492994914,0.012263786536004042,-0.9826164975573651,-0.18524151334918232,0.12130768027146473,0.2189953960110162,-0.8462564664346344
4.7548858298923165,-0.7843978641246934,1.7432383692617028,0.5181514211953051,-0.16892500404467264,0.8384410818428406,-0.8552783317340359,-0.09746338562830931,0.5089202921166643,-0.004252055917957634,-0.9807982623712045,-0.19497868742530758,0.2212723960506627,0.44161552802084236,-1.0969059858484949
4.688558364717139,-1.2612060130690208,2.044798860129797,0.4975581876980992,-0.18053693962459288,0.8484351850822603,-0.8673292783575715,-0.0885944493099866,0.48978663360201424,-0.013257931901959778,-0.9795700265843406,-0.20066586720027077,0.2212723960506627,0.4416155280208425,-1.096905985848495
4.2997296924798,-1.8151459511697092,2.4090221124203914,0.47496442682611706,-0.19577021470518446,0.8579526888378077,-0.8796646454603311,-0.07850939375611107,0.4690697033695494,-0.024472531068271942,-0.9775020706506627,-0.20950130571616632,0.26160798369703564,0.6497813059335195,-1.2417741342807356
3.714100736591803,-2.4111839428796027,2.7663670289761493,0.44786573802067436,-0.2206471771995673,0.8664474040015698,-0.8931434467652676,-0.06557297763362326,0.44496625501774545,-0.04136501187542222,-0.9731469610485984,-0.22643747038514425,0.34880604984894725,1.174682107540932,-1.4968490188615566
2.7415306492169456,-2.965809341799075,3.318689352772875,0.41655990221191486,-0.24794196131907165,0.8746442886605115,-0.9071491404836235,-0.05023615831088987,0.41779991062467403,-0.05965136032834917,-0.9674715046012541,-0.24584670629390634,0.34880604984894736,1.1746821075409322,-1.4968490188615569
1.7555850011616376,-3.3982776049867773,3.947200971599509,0.39052575769937226,-0.2736299378945304,0.8789859439497123,-0.9173433803727135,-0.03552499578528466,0.39650863440890916,-0.07727066105381661,-0.9611787720098119,-0.2648860380956596,0.49420764339137474,1.5618726475807878,-1.6339114759128388
0.7093958504260367,-3.679886791463233,4.440120159946624,0.35576486949272323,-0.30851434298158964,0.8821849340186352,-0.9289146005400881,-0.012993007213915567,0.37006600312239857,-0.10270843460141765,-0.9511309488909381,-0.2912059331874079,0.6292951106775859,1.70326749081089,-1.6347240474306561
-0.4025435308304093,-3.783124604579322,4.748412152433956,0.3296820410589672,-0.3360596757900175,0.8822548646004179,-0.9358341233790857,0.007003174430381767,0.3523711808124996,-0.12459632949044351,-0.9418146579108891,-0.31218729125591066,0.8029552058310322,1.8199496673978446,-1.5321951395098328
-1.5459184309989589,-3.8349412849372704,4.949687148892963,0.29240509300287826,-0.3780621927819084,0.8783895718728184,-0.9425755121561776,0.04108785016446536,0.33145616973045067,-0.16140218545452556,-0.9248679727170775,-0.3443378683396662,0.9897904605222099,1.8902747706105392,-1.3486833387587736
-2.7622554319417745,-3.789057760445158,5.1056126836301745,0.2670162995166313,-0.40874063104546526,0.8727161006449917,-0.9443365939961792,0.06961080260929499,0.32153185440914656,-0.1921736012883651,-0.9099919959497688,-0.3674015164302071,1.2028965915496554,1.8671549894515407,-1.099341872184989
-3.9240317067559216,-3.6278265723145457,5.098588253214895,0.244749998284139,-0.43904676157740474,0.8644856155473654,-0.9421757126602339,0.10280974757219988,0.31895937402327623,-0.22891562815389782,-0.8925626571577668,-0.3884965099384705,1.4348446460574524,1.7134204118167566,-0.7687704607531884
-4.9498114550150625,-3.3298049228569293,4.791221627990313,0.2310463488756232,-0.46311815954406116,0.8556513045462883,-0.9363720120622363,0.13300778695052207,0.32483285492240943,-0.2642442803501381,-0.8762593787863531,-0.4029199193278875,1.6558388276305163,1.5308806943340612,-0.3907950264560658
-5.796392502613721,-2.980336735648854,4.1913212316983,0.22326292403847495,-0.48932553837069087,0.8430386611822873,-0.9242197810497947,0.1686019442422414,0.3426239640101156,-0.30979261299465966,-0.8556482349049574,-0.4146017788649382,1.8326609364651985,1.3258655750615733,0.040568907824985234
-6.702519342737212,-2.528065499539385,3.493740266476245,0.22449469535141175,-0.5028804649293336,0.8346935783576712,-0.9136975219622807,0.1891430155368065,0.3596967584419274,-0.3387609335786281,-0.8434074683485441,-0.4170190309983891,1.985810949453029,1.0358819601503413,0.46070614589309755
-7.3713435143706825,-2.138472876304469,2.4798811272370638,0.23519621207129104,-0.519674418641421,0.821353298183563,-0.892868237800818,0.21836156108904872,0.3938331354332885,-0.3840169940950238,-0.8259883336031172,-0.41264297037241227,2.108523193492349,0.7177336364032558,0.8289337084632898
-7.994007521933265,-1.6407108923080054,1.2964374703699901,0.25512965705004415,-0.5338221192407689,0.8061903020396738,-0.8663661538830445,0.2440051560323251,0.43574209256800184,-0.4293233577379959,-0.8096267219150654,-0.4002324645273515,2.214426854342388,0.4369873194823919,1.2298985394533277
-8.440842503187689,-1.1088382424248797,0.07171125186971716,0.28257355791387084,-0.5457598715059697,0.7888588891694654,-0.8357069864628038,0.263643893532286,0.48175276873142636,-0.47089915814870037,-0.7953854789075065,-0.3815965445308974,2.266171833161539,0.19076386415158753,1.636559145134794
-8.655529473287572,-0.5896491642214092,-1.0441887374205634,0.31414328177830614,-0.554780778737468,0.7704104659575982,-0.8034631336831041,0.2769181460174458,0.5270325732043386,-0.5057281792877293,-0.7845601493510288,-0.3587539278176745,2.2310097637746966,-0.07578941653012505,1.952068050404736
-8.613887823517093,-0.0699647308779674,-2.1414375708922115,0.3538944460969156,-0.5625024169588406,0.7472280454702025,-0.7644359842254861,0.28636001568396263,0.5776119522990263,-0.538884354052861,-0.7756216682977226,-0.3286558696023665,2.1692854461609157,-0.32542586995677525,2.217721998421258
-8.310552417106223,0.49935566825204236,-3.2566289967086046,0.39479532370709447,-0.568375054431909,0.7218631794727681,-0.7246128993389049,0.2904248412504821,0.6249716455138568,-0.5648652923402855,-0.7698072545021615,-0.2971935268897484,2.0534606324905327,-0.5191452379503754,2.436954987037549
-7.808914393635727,0.9794701319536916,-4.258344863271102,0.44018120034821534,-0.5736303421700195,0.6907884925227906,-0.6798534514190655,0.2896374717068556,0.6737280011821122,-0.58654905630611,-0.7661973411107387,-0.26249159800124183,1.8782331562234036,-0.6483879055340516,2.5928973277253506
-7.218452890945552,1.3557123776112778,-5.007108560887471,0.48399197277317796,-0.5769955730557992,0.6578965564320398,-0.6360184339787118,0.2844233531658546,0.7173450409762082,-0.6010260576134733,-0.7656235790830246,-0.22932120098609493,1.6661340177455912,-0.7805853417993408,2.678568951275791
-6.610304984153268,1.701066361765705,-5.59127338559659,0.5281735825468695,-0.5781089450206678,0.6219507330863873,-0.590829628670464,0.27586819884213387,0.75816692538828,-0.609879509890869,-0.7679106618316263,-0.1958575984244332,1.4561611495710411,-0.9017337002175293,2.6641895522681467
-6.068318733555486,2.134301430539197,-6.165303939962317,0.5691630193521228,-0.5778760464958529,0.5849040368199699,-0.5474141762946036,0.26446910470968044,0.7939734329596676,-0.6135072754203289,-0.7720850779158873,-0.16581150583099533,1.23755000834906,-0.9466295678148947,2.6540102615036565
-5.612718105898666,2.4980383226411305,-6.705002551831637,0.6097006636240017,-0.5766191775704566,0.5438523925059271,-0.5028061179938521,0.24905312974024055,0.8277430436279986,-0.6127406535267625,-0.7781277932477159,-0.13807979175475,1.002573775603437,-0.9566158427661522,2.6490193286305392
-5.150269016396846,2.598479579125823,-7.110075456800086,0.6457654736049145,-0.5740364306833196,0.5034571772734735,-0.46187646588624576,0.2313684196817499,0.8562352390753377,-0.6079943119472843,-0.78546217644284,-0.11572418078096093,0.7522287349203238,-0.9627274027375264,2.586225849082674
-3.892617066702522,2.416174479908906,-7.559945919421219,0.7027017355856636,-0.5624891875203896,0.43567899275446714,-0.4006483161841674,0.19319753956645064,0.8956314182989902,-0.587955098237686,-0.8039158069276414,-0.08960009948761989,0.29001478194679997,-1.0187810445027552,2.2887984213309336
-3.245562953398964,2.394659021691369,-7.718533618137776,0.7320918504726902,-0.5530614264834333,0.39769910863312363,-0.36850391516728304,0.16948638064681623,0.9140455302016557,-0.5729279073128273,-0.8157189622114662,-0.07972570294950143,0.0488172871055359,-1.032795802518121,2.1137587808009672
-2.6411793371790413,2.2699339798409763,-7.831278338910378,0.7566825980254278,-0.5423173307523483,0.3651347129637714,-0.34350089083693264,0.14541393789885054,0.9278264517995715,-0.5562720412169949,-0.8274942292429573,-0.07625428991132888,-0.23828540217359806,-1.0479690913232271,1.9249682168245776
-1.1954432846044685,1.7769770365496207,-7.836730203657523,0.8013276165346158,-0.514675871933029,0.30493080826464036,-0.301896299653344,0.09214360050948363,0.9488773267081296,-0.5164616880607596,-0.8524190892601619,-0.08154152948225771,-0.5194444601426511,-1.0608139465537374,1.6911514912104346
1.3611717882988352,1.8056558013065016,-7.174212884834052,0.8336939567993962,-0.4731415561087068,0.28476561288048263,-0.301544653780446,0.04195656681247903,0.9525284606129838,-0.4626285855549751,-0.879986769437098,-0.10769437052632776,-1.0661021525404524,-1.2388295215431648,0.649070045904551
2.911418486487734,2.124524071703791,-6.810310184684456,0.8505993686934394,-0.44876429518784117,0.2740279572286038,-0.29996963898976087,0.013875849682122635,0.9538478266893264,-0.4318552184038933,-0.8935424266145162,-0.12281287463929276,-1.0661021525404522,-1.2388295215431648,0.6490700459045509
4.491314793522481,2.5459182757977294,-6.435730911022645,0.8639104754401558,-0.42425373830721796,0.2714174938302867,-0.30561429484176234,-0.013239108858661317,0.9520633533462994,-0.40032311101550955,-0.9054465702232118,-0.1410954118952322,-1.2840821794574968,-1.296809370167591,0.3099225891152541
6.05828591931396,2.9649753125437925,-5.897379929898516,0.8744107119941037,-0.398032959267473,0.27744489558602775,-0.3184512369860392,-0.039402696117510155,0.9471199698035789,-0.36605288745210807,-0.9165245173346144,-0.16120822780654,-1.399756399746658,-1.3675180361647583,-0.08336614994571123
7.628303154198628,3.2329983476289312,-5.216019504743057,0.8791482193129431,-0.37071461305285147,0.29944796567676846,-0.34316748586266044,-0.056486587414678824,0.9375741795127169,-0.33065765547705345,-0.9270274759203835,-0.17687728447457596,-1.3496308605285492,-1.5876365046118814,-0.9279931522206137
9.19261507287603,3.3720150469507626,-4.5418225852242635,0.8826427376619357,-0.3401083108185492,0.32445051173452555,-0.369849445775886,-0.07651896416812187,0.9259353301294359,-0.2900916839757956,-0.9372679366300702,-0.19332777827642,-1.349630860528549,-1.5876365046118812,-0.9279931522206135
10.79918302491255,3.37245288206623,-3.8150081749002935,0.8802283749222738,-0.31172576762977733,0.3578058884050372,-0.402211994196503,-0.08993403234150439,0.9111187527162796,-0.2518402662525686,-0.9459063989753014,-0.20454232977897818,-1.3047920749326294,-1.752680174824828,-1.5652083492840632
12.394442677939077,3.0530481784123236,-2.6883530589371682,0.8728342003696181,-0.27984940793502305,0.3998059123419077,-0.4413933946673092,-0.10325147601049664,0.8913534673998428,-0.20816418954565105,-0.9544754798212837,-0.21364509966468126,-1.2534480896219309,-1.815641213353523,-1.840998219657555
13.627705114814654,2.3430035023753724,-1.215225621826736,0.8610457577386426,-0.25050905062076345,0.44254425613419646,-0.4804331685136028,-0.1154811543214943,0.8693952343948954,-0.1666858532457577,-0.9612020175559651,-0.21978741495835225,-1.2406751842991288,-1.8334392772628707,-2.0782579695526797
14.251489484145244,1.2567475048655652,0.3376468542851243,0.8429939595008658,-0.22065563705301078,0.49058360559825204,-0.5239547958545759,-0.13033493460919335,0.8417150210857632,-0.12178898203877733,-0.9666043113172764,-0.22548514185376217,-1.293575338476507,-1.7823188320101144,-2.2478354128470697
14.282268850304469,0.22769919666708394,1.7608775674150263,0.8209144304942997,-0.1946485986410765,0.5368532582124125,-0.5654686076489673,-0.14594827242294875,0.8117538762089745,-0.0796539488648062,-0.9699541354228152,-0.22987871499210433,-1.3060895263235892,-1.6746976043875845,-2.334421390783674
