0.255694015888226,-0.05112813839415322,0.06385230245939427,0.9999976416014893,-0.0021690612439129613,-0.00010938363471497842,0.0021692089786256746,0.9999967100712206,0.0013690796698326185,0.00010641365719898094,-0.0013693137169596998,0.9999990568275943,-0.07816406000000001,-0.0061596674,0.12383056999999999
0.29140949638723196,0.048425524327016765,0.03443067826213201,0.9999905774147211,-0.004339927279336661,-0.00010056332722591872,0.004340252091018352,0.9999844804096327,0.0034930146955459724,8.540233675994176e-05,-0.0034934182525083917,0.9999938943490375,-0.08603374786930049,0.0005709931184016925,0.08792446650881049
0.36624149228208663,0.2973449580776931,-0.04245438195088506,0.9999921721434913,-0.003923926953455991,0.0005083788014583688,0.003920041254639656,0.9999647043250782,0.007431243544704208,-0.0005375205147282162,-0.007429192508121355,0.9999722587003969,-0.12242564593634024,0.018858253245220842,-0.013034805271982378
0.4169845069632556,0.4690959562250068,-0.09466318882313009,0.9999964985286481,-0.002342587543010994,0.0012309403099355091,0.0023293003991470035,0.9999401785060099,0.010687084215043009,-0.001255902103600437,-0.01068417956476853,0.9999421338342203,-0.1661788947630188,0.03613020707328174,-0.08100534773435578
0.48623071380177285,0.7207842302312745,-0.16229514177182144,0.999996070649656,0.0010423764671863343,0.0026023329050718913,-0.0010836579027804355,0.9998728000355311,0.01591255588069971,-0.002585415014636048,-0.015915313393311016,0.9998700007644967,-0.2514142626822357,0.06372505441785528,-0.16350603053981272
0.5698231257018194,1.0159747515126338,-0.24394635880622872,0.999967133393429,0.006499922023396857,0.004845941252000682,-0.006612761618873077,0.9996985502923594,0.023644871053292355,-0.004690790626327395,-0.023676138980936554,0.9997086760282994,-0.3566416349377667,0.0982045791709911,-0.2530014455863892
0.6810525832455079,1.3545933707318951,-0.3579851901398414,0.9998584894187584,0.014560901244925666,0.008425039594795479,-0.01484384818390642,0.9992924678326474,0.03455754482063852,-0.007915889610870534,-0.034677714571073215,0.9993671971821947,-0.49649561309752305,0.15128042519063867,-0.3693719244696444
0.8106517024686524,1.6990223079798614,-0.5098380048870264,0.999613316999141,0.024436431527621698,0.013269411899945446,-0.02504231805335016,0.9985527085337794,0.047595909344896783,-0.012087133013639386,-0.047909801649022046,0.9987785300663314,-0.672101598983193,0.22649883381832442,-0.5142736948615718
0.9422250778605478,2.0107090430741485,-0.7037201904942939,0.9990670208599979,0.03796295199257656,0.020588883066782287,-0.03923252401346815,0.9970983680311114,0.06523537023139361,-0.01805261447715964,-0.06598226084110544,0.9976574784788792,-0.878417336428575,0.321072050480738,-0.683298162912466
1.0611008715136465,2.215084747688973,-0.9185656379577645,0.998054709543574,0.05443236085084923,0.030395967661762256,-0.056860284336382606,0.9946937092557403,0.08573991388054161,-0.025567651888229487,-0.0873014482082623,0.9958537805911379,-1.0719562284758402,0.43553808231867114,-0.8772288340317989
1.1582219363416715,2.215463873939127,-1.1145544609054108,0.9961744566958345,0.07547227783484357,0.044049825257074786,-0.07991243719772877,0.9907455389933622,0.10971453570913738,-0.035361761945323096,-0.11281494689611259,0.9929865726931807,-1.2131014500867796,0.5608566865140129,-1.0871857220957537
1.214073282980816,2.0132960898260652,-1.2471402456962881,0.9932537183847531,0.09899611017746165,0.06038891524603689,-0.1063294343480475,0.9853094538052237,0.13363881035566028,-0.04627204670300865,-0.13915836450527777,0.989188479149515,-1.3027167839391238,0.6826502980734432,-1.3041525932224203
1.2155561613768486,1.7176622333128626,-1.3229863911202187,0.9884756669654045,0.12765932564463198,0.0813569443456181,-0.13938920736486066,0.9771888116372328,0.1602269492975789,-0.0590466314661054,-0.16972072055871923,0.9837216945485826,-1.3869964684969687,0.7835517102222139,-1.5090041359024005
1.1563412471360133,1.4011244082857064,-1.3415122737573026,0.9825907378733143,0.1549473485255437,0.10250249280129096,-0.17182230496768086,0.9677560150417474,0.18418846561636515,-0.07065788958897859,-0.19859409491578883,0.9775315074734984,-1.4766411113756883,0.8692173838757784,-1.6795323821097234
1.0400660158187984,0.9893466652971867,-1.3210738583946462,0.9738789479627388,0.18692054439727315,0.12892053675507037,-0.2110968353362191,0.9544705594453778,0.210770200130524,-0.08365357628949059,-0.2324793780838528,0.9689971196756589,-1.5296385254561842,0.9386640515189552,-1.8113471697815025
0.8490436725092841,0.522033471586905,-1.259052187755942,0.9636331360827773,0.2172257673748931,0.15564107758448464,-0.24965707689255864,0.9395259023769846,0.23444065927261076,-0.09530227175012043,-0.2647716841943303,0.9595902418470938,-1.5452194024185448,0.9865812186121832,-1.906718470686667
0.548399710700975,0.06407484953042558,-1.141249637983338,0.9507259359220538,0.24882190853345074,0.18495364986640578,-0.29120913474299465,0.9213969764939485,0.2573418962198869,-0.10638343201537709,-0.29852180748076307,0.9484552155220867,-1.512848802871677,0.9893554060336889,-1.9477302230027616
0.16947602647451238,-0.2718027632945665,-0.9689998975400432,0.9367676074173186,0.27791450259195866,0.21267340911053254,-0.33052562365480853,0.9023010594384574,0.2767771851938626,-0.11497504860286721,-0.3295699127428079,0.9371042689121987,-1.452756326060787,0.9395036662090787,-1.9390920519994745
-0.2257674591330595,-0.4740367232836582,-0.7558444115900149,0.9212676425471272,0.30630586102829255,0.23967196393273466,-0.3695714714433459,0.8814343564762545,0.2940925070764157,-0.12117284469243933,-0.35951383105940127,0.9252388594228704,-1.369193522812455,0.8428187583386186,-1.8855285457017978
-0.5794739998074652,-0.5435474373848669,-0.5666545643807597,0.9059770762052924,0.3316851553448522,0.2630408620620948,-0.4047015830053527,0.8609023975769611,0.3083240025674324,-0.12418601412184273,-0.38578753164157803,0.9141913444823397,-1.2808049043829015,0.7112687544410716,-1.7930350281497893
-0.854705887511959,-0.4366942729323464,-0.489290410209278,0.8896993338044896,0.3567210013580126,0.2849302065734399,-0.43938750697643825,0.8385300070230541,0.32218945674082444,-0.12399078248352588,-0.4118465181497274,0.9027783400963214,-1.2256573638339705,0.5658261696902,-1.6633130788190413
-1.0238169391362342,-0.18416725486970653,-0.5054415802825842,0.8789274781089792,0.3726283352395417,0.29771565629237023,-0.46127223604983625,0.8228470250627223,0.3318895864515974,-0.12130297801197414,-0.4290348437155607,0.8951059660193261,-1.2102767391468854,0.411978366853656,-1.4959761714767166
-1.0628009834535583,0.212510554869405,-0.4420554790515347,0.8520975168803032,0.4103102069714302,0.3249236153028625,-0.5124010021013912,0.7804998579217098,0.35814129171275594,-0.10665380805161626,-0.47166249144833744,0.8753053520851086,-1.197058475877452,0.2529733920518592,-1.3094813677957786
-0.9694663174367255,0.32020690808458824,-0.42485788330742524,0.8417320083531937,0.42516056257243556,0.33275474774492436,-0.5316863862212752,0.7598438732180148,0.37409474072754206,-0.0937913259350756,-0.49180868675343226,0.8656369925166119,-1.22331393554092,0.03330872391337755,-0.935892418422753
-0.8330100146224388,0.4689340616708866,-0.42317721860884516,0.8329660105215868,0.4373477187921907,0.3389610570301809,-0.5477161924395395,0.7386992282259023,0.3928491094020579,-0.0785786094002969,-0.5128844149374431,0.8548537764196823,-1.3274717722489162,-0.0013082655050102865,-0.7663053402020297
-0.6562300172080199,0.6242812421845765,-0.3857109750979165,0.8236350519633285,0.4495788054587155,0.3456937934931411,-0.5636782084536148,0.7160216359455476,0.4118007942833344,-0.062387326372329424,-0.5340336267878419,0.8431582929485639,-1.327471772248916,-0.0013082655050103698,-0.7663053402020298
-0.4810101054193456,0.6591553161121655,-0.3160503205809598,0.8165100091326419,0.45833029474120124,0.351062310578415,-0.5755071772921083,0.694460367087156,0.4318753146805713,-0.04585732080575595,-0.5546693965486252,0.8308062148665608,-1.460502800572656,0.005760646677833325,-0.6254082889894172
-0.35949614341459857,0.542392275805252,-0.22450437355750416,0.8102016061361637,0.4658524085137526,0.35574554234215705,-0.5854873638661857,0.6720693684333295,0.4533512002483838,-0.027890933426555534,-0.5755903903780545,0.8172623803510317,-1.4999884548035898,-0.007774239165240726,-0.530998236815875
-0.2739245804880154,0.4043427061948257,-0.10445165489264654,0.8057966315008281,0.4711518146119787,0.3587586322999869,-0.5920790343390228,0.652825182494812,0.4725057652524313,-0.011584720889523337,-0.5931570185780952,0.805003444435772,-1.4228804325016515,-0.029917694844571463,-0.39647219029711245
-0.18134524468336402,0.3279304334739237,0.01134420890524318,0.801835487602329,0.47505580667935265,0.36246631755483677,-0.5975216499351211,0.6320991879372336,0.49337459852317117,0.005265802915515153,-0.6121867338887043,0.790695689990995,-1.4346358753696795,0.030399850022965524,-0.32742866098825685
-0.12589678196198598,0.22805979921169128,0.07330532647725371,0.7992654601792536,0.47685151038924223,0.3657695465780925,-0.6007184253198072,0.6160192701884485,0.5095661215561553,0.017666285567044637,-0.6270031066876699,0.778816413898856,-1.4069251471383732,0.09014604684646454,-0.26834919577618865
-0.18307637207052357,0.0481624713131768,0.06310645067108321,0.7965121234584565,0.4781385797511571,0.3700701767736033,-0.6037723941285966,0.5965533933608999,0.5287560353866592,0.03205204005866863,-0.6445987491634944,0.7638488851238417,-1.3104888150471357,0.11752056245065792,-0.22587017222067973
-0.33364082707153875,-0.10772760021916246,0.055889312377637196,0.794196323380093,0.47898033496025183,0.3739385492977512,-0.6059297587263213,0.5778081402861023,0.5467969280354251,0.04584023799462796,-0.6608446048357213,0.7491215394314298,-1.1990634565471767,0.10628093062463193,-0.18475978814084693
-0.5281802437087371,-0.2081931092301497,0.1082111132319927,0.7925950751773639,0.48007249880864095,0.3759301034663429,-0.6068419520482669,0.5609334949407735,0.5631131853258082,0.05946336720063168,-0.6744508952778967,0.7359212578938092,-1.0480039040299074,0.029880625283306067,-0.12118048915035251
-0.7552776376666939,-0.3505953338936558,0.2084551585633721,0.792154111274157,0.4810167789674943,0.3756523956308362,-0.606241105668329,0.5491019948176961,0.575290119057566,0.07045272024195817,-0.6834543566610453,0.7265855466299512,-0.8594968511982931,-0.04419075813097159,-0.03207242755085832
-0.9883025600539982,-0.5351443988052126,0.4102899050793154,0.793118077451294,0.480993440770303,0.3736429112881805,-0.603785245768115,0.5402867450061763,0.5861174030545138,0.0800443140560225,-0.6904603848929898,0.7189279273200654,-0.6861238833882985,-0.06652463440228173,0.08598940018788603
-1.1504107483263422,-0.6316380020079122,0.8037355019564614,0.7956129613558168,0.4782470305596709,0.37185991110024724,-0.5995761791490257,0.5338320496773543,0.5962648305361717,0.08665114609560577,-0.6973543722513911,0.7114692251827808,-0.6478644532747065,0.044942827893887316,0.21601566856569843
-1.2123189599810864,-0.5825725217906121,1.3511846032518677,0.8007400199962995,0.47019036377833645,0.3711286059930176,-0.5919394971030048,0.526187597046741,0.6105196511854618,0.09177718750194275,-0.7085531980904272,0.6996637144586401,-0.6831683461824752,0.23764335037033102,0.3292672320171278
-1.2756979564970021,-0.4892944638657457,1.9314111912882683,0.8062640594389443,0.46041040074466894,0.37143038290259306,-0.5842431517788627,0.5213400533907737,0.6219843151800579,0.09272651215555554,-0.7184892564378668,0.6893293714377963,-0.636111975786239,0.40362770840250206,0.4291992379777473
-1.4025456693267917,-0.40742841447015476,2.4696720343114165,0.8142478591348764,0.4452824408955872,0.37245667093547585,-0.573553560431618,0.5179920235042915,0.6346026921642732,0.08964785112027929,-0.730347733217539,0.677167225560658,-0.5369692902688143,0.5533437879841231,0.5287895267000502
-1.5289697606285388,-0.2505686351514014,2.884287222198955,0.8212944106821237,0.4305783906544785,0.37426960935093473,-0.5642728751563776,0.5163870321469631,0.6441587967211236,0.08409288522257431,-0.7402342078908882,0.6670694897258399,-0.4972545461275044,0.7475743538194731,0.6181986657502194
-1.5271024796560968,0.0775482747314502,3.1243256954129666,0.8303617757990965,0.4088678127879454,0.3785847764474579,-0.5522759951884166,0.5135269586119537,0.6567200986092936,0.07409822150641619,-0.7543985514598757,0.6522210354817052,-0.5846081733152826,1.0172473138177573,0.69066237342497
-1.4179082460648464,0.5146923245675097,3.1716757536995352,0.8400563614769154,0.3815748287997422,0.3856241169437055,-0.5391192690237259,0.5079616619050523,0.6718075347910146,0.060462577760865326,-0.7722535853339271,0.6324307682500959,-0.7595533949578266,1.332527974494583,0.745703715399308
-1.2530680516166832,0.9637391629125402,3.1000957075582773,0.8509166813809351,0.3448685655401605,0.3962404243006098,-0.523669718320766,0.4975119098813867,0.6915576083306612,0.04136215010737182,-0.7959570164452647,0.6039384078778631,-0.9752327613715934,1.65215361794959,0.7818511496774366
-0.6894818328572914,1.4931175194696107,2.798643358588909,0.8669339935603002,0.2717866004561355,0.4178007834148776,-0.4984217945123609,0.47091632286042784,0.7278829106516315,0.0010796132021836543,-0.8392674547938284,0.5437177335338836,-1.2357741209765738,2.076510772490408,0.8101229068347251
-0.3095310902330312,1.5179949998575304,2.5129055078082536,0.8744312400442351,0.2253663795399172,0.42962774748352844,-0.48447454073718355,0.45232937559284175,0.7487873899534397,-0.02558174763763276,-0.8629067915765065,0.5047152100332865,-1.278029510706773,2.1911085511598403,0.7868407348940322
-0.09742146608917163,1.271448241320742,2.051357333844069,0.8814124528846629,0.16873383311217588,0.441181347592023,-0.4688057401614491,0.42666478892636567,0.7734198962284946,-0.05773444285274502,-0.8885302760478636,0.45517104768953703,-1.425453620444207,2.3238286196135465,0.8229547139797099
0.05973527929662144,0.9857033672734059,1.4621055861288994,0.8862156173794242,0.11925136219460719,0.44766169383535137,-0.4555287868089949,0.40025241539542505,0.7951676102297257,-0.08435285354468156,-0.9086127429135359,0.40903236976309176,-1.68988329367464,2.4634960835808375,0.9238318333046631
0.27603549151744744,0.6766778593458775,0.651868928908383,0.8911670938721563,0.06188790668806762,0.4494341974140639,-0.4393216647772008,0.36494034624266886,0.8208623627269491,-0.11321521830939245,-0.9289717060761596,0.3524115259935555,-1.9728240400482555,2.5684101017113266,1.1037953524336435
0.729273375785531,0.3043501180185072,-0.030584899210386637,0.8945293669705855,0.005362807952252691,0.446977014977359,-0.4240591215823107,0.32645975832928636,0.8447472329605009,-0.14138979110969055,-0.9451958878890936,0.2943019885891136,-2.1411287003548174,2.6480753894709403,1.1789816946327132
1.3062030256596064,-0.19603121046143518,-0.290875122506025,0.895996226277567,-0.049538398126448654,0.44128982495342384,-0.4104980977343465,0.28660282077796584,0.8656501226700056,-0.1693578290273021,-0.9567678768819422,0.23645962766184922,-1.9940163187061803,2.4343345991252265,1.0757682839935003
1.8388100202243298,-0.7422882828928733,-0.2445302117515876,0.8958627701409874,-0.10008553401090048,0.4329119806116114,-0.3985138568227165,0.2499119448080467,0.8824572090263317,-0.19651107601252066,-0.9630819828675092,0.184001334996213,-1.853153368639428,2.3713190304762373,1.0557033287485935
2.2041279534698366,-1.0612828674254193,-0.3189538105716587,0.8941206451238022,-0.14675750652204025,0.4230963321075093,-0.38836137297233186,0.21633250821350952,0.8957542575244043,-0.22298815203153688,-0.965226647046944,0.13643241507821766,-1.6064543259417687,2.172842954622919,0.9388648980184182
2.368360126367889,-1.0647566353520426,-0.6057378121208283,0.8911266750001602,-0.18654735640516976,0.41363429853120287,-0.3806937986492818,0.18866916299283962,0.9052492356282666,-0.2469118886832665,-0.9641597537513296,0.09711070215500665,-1.385854054021857,2.0250774334782626,0.8224734142094487
2.2635340342296835,-1.0344350063185337,-0.7820898462747767,0.8866465129035636,-0.22789789048799544,0.40239347990129204,-0.37306599005592245,0.16170039833724587,0.9136053569464061,-0.2732759195749679,-0.9601643258779707,0.05835014217427567,-1.1123576656271816,1.8111891802285327,0.7130528378521149
2.0419709731772753,-1.1469575605777032,-0.7230905865139937,0.8822208993730737,-0.26049475866039384,0.39221010366871856,-0.36698929823223553,0.14141392712538361,0.9194133761252267,-0.2949663365409266,-0.955062606285808,0.02915953329848034,-0.9447247459371723,1.685216719445537,0.6648802234201675
1.8077993158124677,-0.7861212233112927,-0.9211697100977916,0.8706148054084767,-0.3121002366763318,0.3802937060616921,-0.3632347833321196,0.11355259854439537,0.9247520205663156,-0.33179866301904715,-0.9432387023603269,-0.014505088361675432,-0.7183537178142564,1.4911215645935998,0.3783556515008315
1.9824684823232281,-0.24013751358220736,-0.7316808762847002,0.8623401235672746,-0.337070870008125,0.37782633560664064,-0.36550882813108254,0.10197792057820716,0.9252047342468517,-0.35038950875307184,-0.935940026020103,-0.03526272606124983,-0.5586434238927596,1.264451061983608,0.09398056760525297
2.1618320241713365,0.29019361615655165,-0.09206387609621425,0.8517697379037826,-0.3636034883671114,0.37720129485274545,-0.36929951982095705,0.09400587927374866,0.9245435410633616,-0.3716263960637493,-0.9267984667171377,-0.054207230508784156,-0.372150002761344,1.2044677607707681,-0.029759393096216336
2.212668636982401,0.7405871699692597,0.30766606357301063,0.8405590462395292,-0.38993486856418735,0.3760469226874774,-0.3740220312082151,0.08441905258399934,0.9235696745409633,-0.3918775445924055,-0.9169646786210744,-0.07488503325483513,-0.5228487806220906,1.39844861511012,-0.036674119579772624
2.116830456007748,1.2306149013765604,0.13704500231837546,0.8313208872346941,-0.40943629737453036,0.3758556915087954,-0.3794333560408517,0.07605819454413769,0.9220875659969948,-0.40612302418220025,-0.9091628398889396,-0.09212502262785727,-0.6544363347735844,1.4193623169023253,-0.11476227405875411
2.075720686871105,1.67440804947197,-0.14673724279177236,0.8173496983619708,-0.43791734627230866,0.37438999508722565,-0.38842497525301917,0.06109571356032398,0.9194527461399233,-0.4255179305120826,-0.8969368492922867,-0.12016147133894974,-0.8449894869736005,1.5272523554943551,-0.09935412271356892
2.162033603498335,1.97065745182869,-0.2585947032688336,0.8019612732773116,-0.46855696984112444,0.37055698910793095,-0.3985856566254455,0.04233594668017221,0.9161534489108013,-0.44495796486397937,-0.8824182872266404,-0.15280829778552296,-1.003392866849308,1.6044858339176407,-0.04434320163291228
2.2607709206296263,2.2525039776476645,-0.5278649363544633,0.784896111978692,-0.5018892650051746,0.3633803229032863,-0.4094313972733314,0.0200944697460589,0.9121195882187996,-0.46508496463284943,-0.8646984318004691,-0.18971715187159946,-1.1182938919795116,1.7010577176491806,0.03153151589763398
2.2560603917298767,2.4942004161831846,-0.9601000730153888,0.7696121974229645,-0.5292617089497446,0.35718217903107946,-0.41997720811122524,0.0017666276983520253,0.9075329325670095,-0.48095343874942315,-0.8484567888031609,-0.22091823665993326,-1.1074801319370073,1.63586606802072,-0.020474709691551074
2.153704793348224,2.5159823517690363,-1.197043713869639,0.7539571977508587,-0.5542473345554294,0.35264491503192374,-0.4323645528775089,-0.01451707489276301,0.9015820250823494,-0.49458006164290835,-0.8322254181859384,-0.25058215409429696,-1.0177220734991321,1.4306680117617847,-0.13134135984042394
1.9786810223118854,2.3363365932766573,-1.0642844488380554,0.7413327399840465,-0.5722358330589103,0.3506735233677035,-0.4425233181908055,-0.023941494256045207,0.8964373473423489,-0.5045779240961142,-0.8197395660916722,-0.2709763131690558,-0.7381954964548604,1.1269158399634334,-0.21292108061528964
1.6517367523731181,2.0472982629653376,-0.9972837501120908,0.7289879386446502,-0.5891296508196165,0.3485725747040045,-0.45211109971674873,-0.03203152502286793,0.8913862994895208,-0.5139767882147351,-0.8074033910814756,-0.28970264970586673,-0.6228722736550663,0.9971357201060557,-0.19907564726827168
1.1186138967569959,1.7549874656395235,-1.319249176529893,0.7208517867922668,-0.5993789688045583,0.3480194724913809,-0.46051235228011606,-0.03893674112256537,0.8867989082019603,-0.5179778710290909,-0.7995178434191065,-0.30408903824148736,-0.6347521625640211,0.7110870386916377,-0.20234068148527729
0.4966453644803299,1.5031852059694144,-1.6464215245832419,0.7134985176133457,-0.608018423305579,0.3481859593443628,-0.47009662943771224,-0.04692921543277221,0.8813664435013208,-0.5195469414353809,-0.7925346968176614,-0.3193113370760259,-0.5724973308531529,0.46757586022953446,-0.17312776888487036
-3.3128490344647155e-05,1.2454112238821242,-1.5394718064499013,0.7099020115711482,-0.6117550729959571,0.34899120996229516,-0.4767261981158343,-0.05263200986547857,0.8774747879953831,-0.5184315441765271,-0.7892943698020604,-0.32900323980397383,-0.4679432367613692,0.23166494393438916,-0.13190100757697362
-0.270317539036488,0.9735835478535062,-1.1130472610343205,0.7085320168935783,-0.6128169080119606,0.3499111577120348,-0.48147527069077245,-0.05729883989157803,0.8745847052517708,-0.5159107914649239,-0.7881448345334378,-0.3356542492629837,-0.348743740004956,0.06094409236276383,-0.07471940787016434
-0.33035108132061675,0.7622076430081095,-0.5822792149539509,0.7089884203057184,-0.611444913592187,0.35138374679919826,-0.4848947361046561,-0.0608712949388556,0.8724515919811613,-0.5120669045841534,-0.7889422051675967,-0.33964346325948125,-0.2849212217055047,-0.09759609907533184,-0.05298997443433759
-0.31688522940876757,0.6799690339208507,0.508274023075653,0.712828934582713,-0.6039287393507685,0.35657395839834377,-0.4918859042042532,-0.0680991399565836,0.8679923757627932,-0.49992316136266063,-0.7941237843833703,-0.34560707141173885,-0.2681664507007321,-0.24043256109063788,-0.05360845966521721
-0.27582907759094366,0.8640188874621236,0.8470816774368914,0.7162879840288803,-0.5987924019984654,0.3583004092165525,-0.4941030380582867,-0.07264951599848503,0.8663626467056144,-0.4927410189109611,-0.7976024743781169,-0.3479031203488901,-0.2522253058200755,-0.30547935658881364,0.027174507121992084
-0.14890157710139718,1.0395470791676231,1.0184161207962537,0.7197126464868874,-0.5951039182638652,0.3575822044702918,-0.4943427070194376,-0.07761993321976488,0.8657946835039204,-0.4874823017336458,-0.7998915379187072,-0.3500493294701665,-0.23010919378983566,-0.2348458401656213,0.1391520087499385
0.03465158238017929,1.104500128905784,1.1931337672190643,0.7229052118889415,-0.5923519533813489,0.3557066459164109,-0.493239362541552,-0.08189854256154643,0.8660297685217859,-0.48386256919026727,-0.801505952598978,-0.35137618314991065,-0.146095728305623,-0.16111800909612672,0.17796586501368866
0.1805159284590525,1.1034329804288527,1.390285925573504,0.7256273867160163,-0.5902074964630686,0.35372306507560397,-0.4913153629416556,-0.0845114102277296,0.8668719834432473,-0.48174070804239943,-0.8028156280617099,-0.35130180408687184,-0.046474172368073954,-0.1247076487907282,0.17270135177087725
0.29584379647770875,1.0895134066258538,1.4910672526036972,0.7284022939458964,-0.5878828432940891,0.35188614740397456,-0.4879534341275547,-0.0845762151577147,0.8687625164293878,-0.4809693797919785,-0.8045126639090612,-0.34846496138416366,0.10176456849510296,-0.1170033541143877,0.14386833442231411
0.446322982625981,1.0454435904962516,1.4292759144423504,0.7305299306951689,-0.585312870758268,0.35175966750499554,-0.484412540785445,-0.08110147871064559,0.8710723508875349,-0.48132162915071625,-0.8067412184062882,-0.34277995250019977,0.2533886278672923,-0.14580110383909511,0.06487676435807566
0.5468891221870568,0.8891518873878106,1.1745593503584977,0.7319315634116765,-0.5821072880649263,0.3541571567305028,-0.48135330407732346,-0.07385836951072744,0.8734093758983017,-0.4822604930279702,-0.80975060755452,-0.33425853830456737,0.3899012048499378,-0.19582279079941362,-0.055993191612279475
0.48241616876302473,0.5896256127263605,0.708642880719109,0.73282065295132,-0.5791459210544421,0.35716087794438084,-0.4792988599994325,-0.06679920101325591,0.8751059761807339,-0.48295599531556016,-0.8124825345015074,-0.32653581383787683,0.48016089732558564,-0.25225893912833963,-0.13133796115285185
0.28573080091760317,0.16678072133956448,0.060221088687185634,0.7340866219353307,-0.5739035901742809,0.3629758954540149,-0.4769037340687404,-0.05519869345546627,0.8772205724172808,-0.4834042407001258,-0.8170604466169447,-0.31421738756353845,0.5069188573909388,-0.30298733086254864,-0.18728416363822964
0.03934930956543692,-0.3357706612828611,-0.7061372156650152,0.7350692484580889,-0.5684238217180053,0.3695504821736209,-0.4763088262128857,-0.04505294154211229,0.8781230748193024,-0.4824967378573263,-0.8215014250516556,-0.30386231519413315,0.45924144839854963,-0.3618629828281487,-0.2600407240498369
-0.23770455915367028,-0.852593065833419,-1.449158150569455,0.7362947280340034,-0.5607598117860553,0.37870635980268236,-0.4774849933044965,-0.034011993586819896,0.8779813582652283,-0.47945610293157787,-0.8272796490775769,-0.2927972465439978,0.40495390442252993,-0.4595402028204885,-0.3409678663186107
-0.576885734618182,-1.3579017306517427,-2.0463583714340374,0.7376553888038523,-0.5524824260783727,0.3881078409967914,-0.47972864108135316,-0.024387377247778085,0.8770779251339148,-0.4751052076065612,-0.8331677050303442,-0.28303112372952355,0.3601966782122535,-0.5532154104749939,-0.3979240790633678
-0.9897240360678677,-1.8736330269675467,-2.489573904111283,0.739917350756083,-0.5412852282177965,0.3994153424235298,-0.48301231429640284,-0.014228879740850933,0.8754979401571163,-0.46821086946816026,-0.840718645382942,-0.2719756257780124,0.3143669552500098,-0.6551014520880799,-0.41515590412276066
-1.8562247749550749,-2.9399474816638644,-2.908140394644463,0.7472019772089513,-0.5126379374738214,0.42295573091946415,-0.4911813732179402,0.002741055488092701,0.8710530094193752,-0.4476941633065706,-0.8586005076153861,-0.2497500840116624,0.2357056454890179,-0.8374479832895158,-0.4171327225739884
-2.2565308997194458,-3.4421320864657536,-2.8603853214723944,0.7510938670855187,-0.4983914303587954,0.4329711133221628,-0.4947174088161482,0.009378398602492254,0.8690032974931047,-0.43716437210819814,-0.8669013944991483,-0.23951885932986228,0.2037932867173012,-0.9165653429265748,-0.38311763587326675
-2.685472788809979,-3.8328393204985565,-2.647602520529992,0.7569621164744976,-0.4797879718670474,0.4436348231080966,-0.49803807430365254,0.015922482263983656,0.8670089682941367,-0.42304424209100905,-0.8772399766371,-0.22689996170864712,0.18433719673955637,-1.026408068383676,-0.3179924324666037
-3.1611557368744125,-4.099875983779911,-2.165142869888161,0.7637504898925402,-0.459649461935375,0.4532191096273664,-0.5002557134762581,0.022260601828870394,0.8655915241848069,-0.40795760848801743,-0.8878213996906912,-0.21294072397735708,0.2078156329280715,-1.0819269871942478,-0.2525449936272124
-3.6891368689931294,-4.252328541150025,-1.4580356669348298,0.770393138967631,-0.441568677686187,0.45990380985383283,-0.5006984241653917,0.027552702649798456,0.865183180959377,-0.3947093860929731,-0.8968042994227698,-0.19986632799685006,0.2178026348804546,-0.985397807565379,-0.14213473758587758
-4.2442771839572515,-4.302963833561484,-0.7216839425694253,0.7767407803199186,-0.42811351250562124,0.46194434794475087,-0.4986134361103247,0.030108030036567958,0.8663014185937669,-0.3847835775059233,-0.903223298491252,-0.1900770147711894,0.170929341518503,-0.768901370440875,0.0522024993538243
-4.677607468020317,-4.192338227569541,0.06693310342169045,0.7839372938939722,-0.4169063778498081,0.46003411976759584,-0.49376031577358787,0.030513537798272185,0.8690625262765624,-0.37635497845698856,-0.9084371173169817,-0.18193112452643548,0.1335084635542569,-0.6135088874404108,0.23926123149035927
-4.860106390772119,-3.872343980385287,1.0220933744053766,0.7913013482822845,-0.4091795587931555,0.4543283667926482,-0.4861988951774012,0.029469572449638857,0.8733511198984694,-0.37074628863268577,-0.9119778686818422,-0.17562333700170735,0.13567355402152168,-0.4502053828426185,0.4288140187479787
-4.875467132072433,-3.456215826102809,2.0449933762107766,0.7994860229607902,-0.4041016281486453,0.4444366920248043,-0.47494525056819964,0.027727752095506313,0.8795784107891923,-0.367762298302921,-0.9142937415794474,-0.16975819878759704,0.18071737682200792,-0.2954192983924717,0.618443980317114
-4.833974847293472,-3.073825080165552,2.9924789075555727,0.8077938741415631,-0.40237500038229895,0.4307707232005297,-0.46055623507468146,0.025288667455491375,0.8872702168066734,-0.36790897139536716,-0.9151255883023225,-0.1648882846084964,0.22909219811630235,-0.12372686725090187,0.8383001731131986
-4.692263590404169,-2.667649473527945,3.648880580904836,0.818170803864106,-0.4049700517260402,0.40816147896312904,-0.4383381753388335,0.020081962504513225,0.8985857548518061,-0.37209700313894284,-0.9141093873202358,-0.1610833581349794,0.23983122061312176,0.10035654060070925,1.1266484173052467
-4.382597869051354,-2.1646189351348495,4.183551114554906,0.8268043471012932,-0.4112514904550957,0.38375354488638214,-0.4158649844712292,0.012459192288351309,0.9093410159111196,-0.3787491073324744,-0.9114367669377759,-0.16072378034649884,0.1794372927731035,0.3588920170786604,1.4453514476724079
-3.7476054109777936,-1.6259067823533804,4.759651373230664,0.8361545385835008,-0.42310228867657423,0.34904160342694934,-0.38536573368296967,-0.0003363975105462637,0.9227638582756166,-0.39030608361796915,-0.906081861728487,-0.16333040420400355,0.11208316669423513,0.6306655368326616,1.7550287325026368
-2.8125350384814105,-1.0865075523552399,5.367636470400404,0.8441542613130284,-0.437960700543354,0.3091828065831409,-0.3511689173494189,-0.015963084298036466,0.9361760365590072,-0.40507280159829295,-0.8988523820512854,-0.16727349068528974,0.08892424151469835,0.8723596835373347,2.068387382454917
-1.617494845497223,-0.5890468883289686,5.893359721837127,0.8511220106192487,-0.4552723013921687,0.2613779918518847,-0.3096427226793758,-0.03330803458232619,0.9502694139684632,-0.42392535584834795,-0.8897290072923004,-0.16932095632706198,0.1969928722304214,0.9982070336613731,2.2715402900653325
-0.1847477546538414,-0.022220742173335473,6.250251755766682,0.8550099087650928,-0.4727579994917038,0.21320865327211333,-0.26691417624442876,-0.04865662332843008,0.9624912236098749,-0.44465141226950333,-0.8798479453421931,-0.16778770707015128,0.35368953014335514,1.1009267680412567,2.336002007056046
1.3463303677340435,0.6689972596904034,6.311239540017543,0.854686090021679,-0.49309261769808743,0.16239260418843143,-0.22172486099817323,-0.06387175350826257,0.9730151515362551,-0.46941428774462474,-0.867628992989186,-0.16392119138713984,0.4402999266924498,1.2739898649308166,2.319122927206216
2.6908412856371995,1.371123665770898,6.059741364967449,0.8499996353067436,-0.5137878397342691,0.1162870402048054,-0.18146473244756067,-0.07834371782469157,0.9802718055494308,-0.49454137426117983,-0.8543326738563846,-0.15982650445175223,0.43364741449957667,1.4709514203593328,2.2759671825618586
3.8483425587436266,2.1086272281955867,5.531309023313286,0.8380836877796252,-0.5423058314650528,0.059330577586095695,-0.13433694938756635,-0.09974336392040675,0.9859030608447691,-0.5287431477635854,-0.8342395618243241,-0.1564449973000633,0.2967047611795919,1.6761470594351917,2.206247480796273
4.842836644081829,2.8842006277747263,4.832077724599134,0.8239049702804527,-0.5665092516221607,0.015743816997927942,-0.10104248415454961,-0.1195030269740413,0.9876788156784168,-0.5576477529256643,-0.8153442796577053,-0.15570063996791034,0.11261541443872636,1.8797412007475782,2.109983359606427
5.751063613527663,3.698359163841155,3.9740633452786196,0.8042826753938378,-0.5935937775325132,-0.027853282320229815,-0.07098869507152883,-0.14250987508216154,0.9872444179007086,-0.5899915111536531,-0.7920463135314433,-0.15675667127073578,-0.06716585793219099,2.038062188877515,1.9345135773095756
6.514721370443972,4.421703488470038,2.9117204253154685,0.78017142289316,-0.6219126723058893,-0.06750688058418942,-0.04690598992242691,-0.1657665047438786,0.9850488789975833,-0.6238047603299115,-0.7653405084864817,-0.15849771941386798,-0.19559753204523767,2.186925248079527,1.6970619154981692
6.983210620477551,4.9541039402523666,1.4937686394201126,0.7511824425017628,-0.6519362473044555,-0.10346046359681642,-0.02939189148586494,-0.18961469357225674,0.981418557342576,-0.659439955410626,-0.734183490302039,-0.1615968680883065,-0.3584749799777196,2.3255444762103448,1.4345828309495752
7.014640018984995,5.274388668031388,-0.3321784863674111,0.7166065397168258,-0.6839314368412102,-0.13679494484590424,-0.01884561378142621,-0.2150428821358722,0.9764227576638612,-0.6972229988147828,-0.697132948972444,-0.16699024336980675,-0.5475163795473085,2.391678338336854,1.1686241517358016
6.606644709055697,5.398384531408793,-2.3071604960612624,0.6789698419002164,-0.7149225796679533,-0.16698999631987874,-0.01485902328318201,-0.24079041692877495,0.970463386502725,-0.7340157785886248,-0.6564340638603294,-0.17411248257017706,-0.6987342959051444,2.3781635138478667,0.9724412190811798
5.923086761392492,5.266468408777234,-3.986798964569248,0.6459919158867931,-0.7393988161001961,-0.18969405725677824,-0.015187375944883594,-0.2609041345308517,0.9652452414783596,-0.7631931526296731,-0.6206596678811479,-0.1797714895216869,-0.7254718972082378,2.295282880458326,0.7941391941302399
4.123291621746275,4.264489023246656,-6.534220503751959,0.5780472041808347,-0.7822011713721919,-0.23242796140458277,-0.020570891965178962,-0.2987150443712106,0.9541206216564356,-0.8157439966941087,-0.5467455073160431,-0.18876197203686698,-0.7108448846765403,2.167299166908559,0.6970480041436315
3.1426478828919384,3.69427596584873,-7.522336655560487,0.5445361064576377,-0.7999452728327439,-0.2521269308037167,-0.025557170886851235,-0.3162885033937526,0.9483187299833327,-0.8383479347980869,-0.509950137850249,-0.1926748481932636,-0.6946737837696951,1.9548672705563896,0.5986464626456149
2.2630743185014897,3.251372995069922,-8.200124094943266,0.5226089283893877,-0.8107458133856799,-0.26376340543238175,-0.030781679745502978,-0.3271147053551006,0.9444831696396138,-0.8520166642500263,-0.4854762564925691,-0.1959091836086857,-0.5592958894371136,1.3874159739025422,0.3669114625374024
1.4665159796373013,2.907208211677059,-8.601980370088818,0.5048414892198794,-0.8190779610162482,-0.27248186093705085,-0.03653249251441383,-0.3356508814674982,0.941277781933036,-0.8624386631830344,-0.4652416356556635,-0.19937345033756543,-0.4681031276896159,1.0175846632155443,0.23652420111144026
0.8567614081014905,2.6151382941074575,-8.73374215311051,0.4950103283428815,-0.8236356836467317,-0.2767472411021508,-0.04166065134049054,-0.34063964283703485,0.9392704742818991,-0.8678877605795345,-0.4534191155560587,-0.20293334049535658,-0.3735471495744574,0.600080446767188,0.10920969838921926
0.4407900694504261,2.4054465780836662,-8.649720776365216,0.4924000035764633,-0.825278660583528,-0.2765092563791589,-0.04640546561720842,-0.34213331699904515,0.9385048354484282,-0.8691310426159854,-0.4492882435415923,-0.20676388702228288,-0.26264245447948964,0.15698856441576414,-0.047695918015482675
0.22375502382444523,2.3747606755349295,-8.374737548389318,0.49746194928838783,-0.8240045851844607,-0.27119744210663294,-0.051256432167012554,-0.33999830934917313,0.939028182644809,-0.8659701999328304,-0.45323017688001416,-0.21137175684941167,-0.1614326629490413,-0.31286499242903887,-0.22162894744237208
0.24630341582780657,2.592183800297554,-7.938489564155491,0.5121343582615093,-0.8185356550409192,-0.2602264024168255,-0.05805041170243989,-0.33526820237100846,0.9403325912569924,-0.856941391688632,-0.4664703783796417,-0.219218697435019,-0.15233007451248215,-0.7855460036450383,-0.343559663341073
0.46790720864729707,3.0222434154583535,-7.4110383440478165,0.5301050926286455,-0.810961255170243,-0.24764982007237044,-0.06526317179406371,-0.3302188309663505,0.9416454970330371,-0.8454166482726454,-0.4830086606758944,-0.22797658769164642,-0.19699063889322088,-1.2397712324329018,-0.4687398086606645
0.9797532789680012,3.5133204653665886,-6.817894650198031,0.55569728360133,-0.7993750993465808,-0.2284731484064269,-0.07580051447726521,-0.3223801526902671,0.943570516260646,-0.8279219836452496,-0.5070211905788994,-0.23973881892775026,-0.23196738073812306,-1.6357343984925112,-0.6458963706362095
1.827113528901697,3.9803546455300083,-6.063335886428799,0.5881525309191977,-0.7835711992118135,-0.20023180601268373,-0.09111244073137784,-0.31020307414080994,0.9462941276038663,-0.8036013461395602,-0.5383216775863223,-0.25383980760183494,-0.2600118458111309,-1.988217709117535,-0.9047745632739033
2.9574167199307952,4.477170773955631,-5.002916859102248,0.6251285017623233,-0.7632742179235708,-0.16317727947711613,-0.11162018886390916,-0.29433532022112685,0.9491615524810896,-0.772499378460836,-0.5751340604793711,-0.2691942101051492,-0.30121691797322603,-2.295761305487825,-1.1556537843587678
5.306494105154196,5.402046302523644,-2.1774786988932933,0.6883825449997952,-0.721159063818563,-0.07784006944971925,-0.16234747237793043,-0.2577757627248125,0.9524678232697095,-0.7069460870194426,-0.6430250856879347,-0.29452668677714916,-0.38554059774499483,-2.5971368240898083,-1.6377315616063002
6.372273686246224,5.587569738275088,-0.5572160154549617,0.7198666813345295,-0.6937455638936355,-0.022562218027303196,-0.19747762516226106,-0.23585846462845697,0.9515110993695138,-0.665428094285689,-0.6805056041216779,-0.3067858766213146,-0.4644610716010391,-2.6472120351312345,-1.8877070490572785
7.195860561959309,5.523377773345663,1.1272133327576723,0.7433305311882266,-0.668135712339958,0.03247139201519801,-0.23672346516996748,-0.21734331434332016,0.9469550595187631,-0.6256370532835721,-0.7115873478401924,-0.3197213223299503,-0.711423648757657,-2.574686274700123,-2.1198989975058007
7.74213298924052,5.334073222377212,2.7844117396514676,0.7617771539401061,-0.6405407681377467,0.09696954206562003,-0.2880973632908566,-0.2008834277628612,0.936293627936824,-0.5802546656423944,-0.7411837645305986,-0.33756651225571105,-1.0365272620769694,-2.4097972950044104,-2.3066272796761593
7.799814814394258,4.928648744398873,4.261010139435617,0.770839961398199,-0.6160320307095026,0.16220447297022486,-0.34553740576295794,-0.1904242085770938,0.9188811250680867,-0.5351725470633063,-0.7643580037702983,-0.3596486993470989,-1.4029000438580477,-2.1460013474757575,-2.4522404680209475
7.47704312699061,4.261492196864473,5.576955698501331,0.7699095831302143,-0.5984999880763584,0.22144299057964642,-0.40249597306635354,-0.1861435461667207,0.8962965870100408,-0.49521331309813094,-0.7791972436380138,-0.3842075351125956,-1.7676202131245273,-1.8006329150457676,-2.607808413031678
6.941975868411315,3.4445584144850807,6.841219546771702,0.7584897821471682,-0.5866639486781339,0.28375810420095515,-0.46694875848784295,-0.1855188442117312,0.8646048897554339,-0.45459004314327206,-0.7882944689414768,-0.4146561502151816,-2.0880161041092795,-1.4030063587361719,-2.8129787747247317
6.136008765783095,2.6282588370136377,7.887711559896386,0.7377651558741195,-0.5826870706146831,0.34084945726304816,-0.5296733188586434,-0.1866373362889793,0.8274132462030233,-0.4185077658387052,-0.7909755258169722,-0.44632831804767004,-2.2896151683075248,-0.9654819896064357,-2.9934599500069843
4.990603403983936,1.729310125367923,8.479138952483275,0.7050809655707513,-0.5867669646047823,0.39820266352487677,-0.5964743965967909,-0.18704585267529725,0.7805332428548227,-0.3835089649464663,-0.7878568259813855,-0.4818739415658719,-2.356647375431581,-0.49625483293144496,-3.147978392412749
3.5622575276644763,0.6522999814213177,8.717490280390658,0.6660284045742838,-0.5973251111708691,0.4467760914204589,-0.6563724721444915,-0.1847610288676448,0.7314632868590868,-0.3543745788162041,-0.7804268535721206,-0.5151238531774278,-2.3191800254402493,-0.07908329443630313,-3.271284183709128
