-0.17706649343834382,0.28188325932382885,-0.0798811529129019,0.9999869145715725,0.0046886816610018645,-0.0020462037797978846,-0.004687767777201314,0.9999889105681107,0.00045119183312527703,0.002048296583434002,-0.00044159380094232955,0.9999978047356011,-0.021558836,-0.0988733,-0.22642091,0.5978012,-1.6022431,9.656099
-0.20548227057940482,0.3319579495768902,-0.12273035056426322,0.9999486715731114,0.009319987671349695,-0.003973921108378357,-0.009314431521459825,0.9999556194680393,0.0014143760893119608,0.003986926711360642,-0.0013772886755765881,0.9999911037060792,-0.048831266508176215,-0.09938782326475339,-0.2381586285690908,0.6230377,-1.6015549,9.654576
-0.2645737565306758,0.42492992880906794,-0.1948551430547722,0.9998732565223114,0.01459727360425004,-0.006355351665385815,-0.014578812086895597,0.9998893965548565,0.0029415804085836388,0.0063975877956495494,-0.0028485541047769142,0.9999754780042905,-0.07408862215991278,-0.11819393592057094,-0.26042866851260477,0.6500534,-1.6043472,9.65227
-0.33007606810855566,0.5607835711908762,-0.29906011189332177,0.9997537958830324,0.020299973357360827,-0.008958721960110917,-0.02025630846404077,0.999782624774525,0.004938133895631315,0.009057018542421306,-0.0047554474712684335,0.9999476766983714,-0.09993678543664553,-0.13436765736742784,-0.29134445449476193,0.68191373,-1.6112626,9.648806
-0.37234711088319894,0.7294837801645734,-0.4274827797210875,0.9995586451013485,0.027169330250140677,-0.012014262229338093,-0.027079029334640375,0.9996042828165591,0.007616032109058616,0.012216430470894338,-0.007287336176636596,0.9998988216604712,-0.12665720592848473,-0.15059437680460344,-0.33303053675279365,0.7182495,-1.6224518,9.644091
-0.40916183579146975,1.0833915277460822,-0.6093837968182529,0.9987589831767782,0.045926412716937794,-0.019268060064303552,-0.04562818796173367,0.9988360193812743,0.015642085855129273,0.019964017306564774,-0.014743507097160664,0.999691986069439,-0.19177125589678956,-0.18525979697391395,-0.4633398255483092,0.8085831,-1.6589416,9.630043
-0.41284300772995364,1.254984521886677,-0.652608437877947,0.9981160382319364,0.05686419953830252,-0.023039900934073074,-0.05638105829740035,0.9981862628621823,0.02110357549078903,0.024198150537777255,-0.01976480316366452,0.9995117818547479,-0.2641191512353199,-0.20053417474502885,-0.549376206416581,0.86328125,-1.6898849,9.619352
-0.40521820778974865,1.4630665643374663,-0.715936019830345,0.9969488929612719,0.07295745617504794,-0.027750935331272673,-0.07209020644480735,0.9969142318536016,0.03106471410601351,0.02993170489697465,-0.028969361681080504,0.9991320579011322,-0.3873672552276633,-0.20792464502611155,-0.6485388781910797,0.9242798,-1.7394654,9.60374
-0.3966527044827981,1.7414085350398496,-0.8214749375282158,0.9955659926499766,0.08865047635312502,-0.03145548157683625,-0.08725110451008843,0.9952415707853768,0.04337580595706777,0.03515108875463592,-0.040438951804165096,0.9985635143226216,-0.5831201112259771,-0.21089253215888804,-0.767086168657625,0.9935257,-1.8202804,9.579241
-0.36606467450091806,2.0449376122725615,-0.9515531594520403,0.9936205227217606,0.10735067244746074,-0.03455560665381223,-0.10512627526863993,0.9925992468437186,0.06078816836707954,0.040825519889857415,-0.05676766941103231,0.9975523588440673,-0.8170725922696298,-0.19795215984320272,-0.9037062384670498,1.0708023,-1.9406555,9.541908
-0.327633557423349,2.3396155332256208,-1.054231581179372,0.9918496688258371,0.12221461539988619,-0.03602529989791846,-0.11921089391735731,0.9899392233905503,0.07621743084320222,0.04497774140062666,-0.07130162533611437,0.9964402044292106,-1.0504211120863443,-0.17517972590935735,-1.0422088373403906,1.1576874,-2.1027267,9.488963
-0.18856607122636504,2.5516377043696634,-1.1373087718908454,0.9838637866527826,0.1756913695577761,-0.03383181898983026,-0.16918875049991058,0.9750815664281176,0.14349601219674074,0.05819979396464113,-0.13545656674743053,0.9890724455303931,-1.6321092244586026,-0.0934045690491325,-1.3388233052675007,1.360289,-2.5668838,9.3167925
-0.02644466559038572,2.638493704808128,-1.2458904056808358,0.9716452019332861,0.2357902368321483,-0.01756604038088275,-0.22476542512256226,0.9441617908806921,0.24091288116337412,0.07339008945012412,-0.23013360653238707,0.9703877667792908,-2.4687666596058744,0.10505631259589232,-1.6014273128599121,1.5967712,-3.2730362,8.990802
-0.016692411449758526,1.858332803593894,-1.2468038768860679,0.9545379434304935,0.29760673636247814,0.016957152566343416,-0.28396964884886494,0.8905507958131349,0.3553597031308479,0.09065623577082899,-0.3440196368643313,0.9345758055757691,-2.993969768272365,0.34395640184338694,-1.7870196646921503,1.8535599,-4.179129,8.486832
-0.10479312788509482,1.2032720866189521,-1.0056549867335973,0.9441733489531408,0.32703851918109866,0.039780574385554254,-0.31361203517151703,0.8552217066670983,0.4126055305506638,0.10091669099900956,-0.40204681246995316,0.9100407584611588,-3.0846598547677018,0.4435341395841443,-1.8346006842560427,1.9868011,-4.6528687,8.192444
-0.33571756101738626,0.27652922563591975,-0.4333818813590326,0.9220930433719057,0.3740753188916429,0.09905591936503434,-0.36800081035043075,0.7685212932123755,0.5234027373453487,0.11966546263046324,-0.5190786815842984,0.8463081586385329,-3.230508848457943,0.6881744951851527,-1.8082067092583598,2.2413833,-5.5954485,7.508667
-0.7157803500497277,-0.3953193261090222,0.06469404905114068,0.9007886457216452,0.40081574981755985,0.16711238864055317,-0.41250399869962745,0.6694988771829861,0.6177472820721581,0.13572128350329465,-0.625394266162481,0.7684150864313576,-3.248343592914179,0.943295085550403,-1.6956071547276321,2.4613235,-6.501068,6.693123
-0.926574609635556,-0.6428538495654965,0.39217421992397855,0.8901112462834451,0.40837825048583287,0.20230959880802002,-0.4324886429515111,0.6169152358701337,0.6575478427226853,0.14372036375438207,-0.6727873336214255,0.7257421448151411,-3.1252352305878435,1.018035503987251,-1.628225633888184,2.555867,-6.9123397,6.256363
-1.3528131115384323,-0.9391633146609788,1.2086196152206872,0.8693341494192437,0.4161888964057711,0.2665425653850914,-0.468557571426638,0.5225084374310791,0.7123473415912371,0.15720031460620656,-0.7441584074119422,0.6492428865731468,-2.4214290331756145,0.8671325446942276,-1.4120024656078005,2.725946,-7.549936,5.451233
-1.4283250478163385,-0.8154266154848877,1.307405660519504,0.8596773859473273,0.417609192064101,0.2942063133148879,-0.48373232807538175,0.48038621681811045,0.7315955969427058,0.16418838833955451,-0.771253295224566,0.6149882338221668,-2.12383547549749,0.7577763230063802,-1.2893832961927996,2.8078353,-7.7775664,5.1073484
-1.3192442977169372,-0.48518784380247104,1.0078300013366641,0.8507391606609874,0.41721492650920633,0.31964759597994064,-0.49699170279781646,0.4407062968149219,0.7475140181279574,0.17100329782774545,-0.7948016513858002,0.5822784618088158,-1.973440098839414,0.721997725900182,-1.1835540604088752,2.8878465,-7.9723053,4.7837706
-1.1192574401339983,-0.1439420820320429,0.584023053797712,0.8411512130832837,0.4148459592634023,0.346940148745208,-0.5103836431894045,0.39683746027955114,0.7629079675056393,0.1788104401125116,-0.8187935394235245,0.5455309031622931,-1.8764058042743565,0.7025419749246959,-1.0993113641400265,2.9665039,-8.14624,4.4679184
-0.9471674686133806,0.03121582569546666,0.36430788901739564,0.8333366748322639,0.4125601789894297,0.36789140393832864,-0.5206345327017371,0.36220712924212,0.7731401418142931,0.1857139459974629,-0.8358230041332863,0.5166335606826759,-1.7156505201324874,0.6174171500718172,-1.0252677037591438,3.0471406,-8.291456,4.1702332
-0.7756149595481467,0.11478605528611743,0.35482208228795786,0.8246377386230306,0.41090988929631966,0.3887488429785736,-0.5313341332019109,0.3269204205508564,0.7815414752407096,0.1940531858364285,-0.8510441242998726,0.48792136616610227,-1.5283658818339727,0.4887091728462941,-0.9672541569708853,3.1329865,-8.401837,3.9023423
-0.5077790734665443,0.22891224181006273,0.35242204330568627,0.816437888581101,0.41019459419182613,0.40641059162506565,-0.5407659065708218,0.29633986142409047,0.7872451465850948,0.20248804502950343,-0.8625097572937673,0.46376234236209446,-1.381917059999496,0.37767467781730774,-0.9211025953355061,3.2249024,-8.481194,3.6631668
-0.13664005845147348,0.3225655992822543,0.3256456962473038,0.8082536609728532,0.40913074166681096,0.4234832414005829,-0.5497322115392159,0.26658440858048915,0.791661069333331,0.2109988509925637,-0.8726653363832871,0.44038017161863957,-1.3120356029415972,0.35123368756125617,-0.8916581672391934,3.3183715,-8.539841,3.438954
0.2876709147494715,0.2849566105737275,0.32133109246079317,0.7991428781498442,0.40639693697913515,0.44295845168182457,-0.5592819727891178,0.232479747520565,0.7957115318417135,0.22039586025035726,-0.8836258804532328,0.4130750151942796,-1.3169100210290892,0.38888731569564045,-0.8815890198427792,3.4090455,-8.587329,3.2129884
0.8361019166854229,0.17569571526166383,0.18151486939127504,0.7893593955350169,0.4011332917375117,0.4647621186590193,-0.568855102504144,0.1931670923551314,0.7994312645788026,0.23090174758020376,-0.8954208824295377,0.38066497904787083,-1.4355382439149285,0.4659177776925329,-0.912276310316599,3.5019698,-8.629629,2.9667192
1.5512258952899018,0.04136342957178914,-0.14773355081673134,0.7826104401025874,0.3945899192297151,0.48147657750374606,-0.5754177740872755,0.16343641910155068,0.801363164973102,0.237519018831923,-0.904205359723967,0.3549611008822966,-1.5978941833671856,0.6443780647337907,-0.9906311477497309,3.5928452,-8.67393,2.6816514
2.1512618143454447,-0.21467421121584443,-0.3701651367744647,0.7732261028581227,0.3815528906251249,0.5064965799632323,-0.5849676617249951,0.12081737959763683,0.8020074784708382,0.24481468214719354,-0.9164172370938749,0.3166152538372039,-1.6886751075406072,0.8282865347117617,-1.0879138776247206,3.6735198,-8.72137,2.362877
2.33004861547934,-0.5513744527966067,-0.24590065152386087,0.7661850347180672,0.36906336469231615,0.5260729278494192,-0.5922695159838226,0.08789766238494515,0.8009312213814308,0.2493537908481896,-0.9252384740104835,0.2859308538797258,-1.7381131898736135,0.9656477079671669,-1.1427694108634487,3.7418137,-8.767985,2.022615
1.8734915702807964,-1.0248644701473757,0.6213904895424359,0.7505243104586278,0.3340609280428231,0.5701899295548535,-0.608873384889343,0.014169095493998599,0.7931408688916968,0.25687829916907257,-0.9424449761593774,0.21403505864216515,-1.6065204111028342,1.0185093674079047,-1.0961616105954104,3.850612,-8.845505,1.3439621
1.7389981568567727,-1.0760330877987705,0.9132797854247418,0.7427380521638728,0.3124398012118496,0.5922174908650671,-0.6169351589166328,-0.024444261696891387,0.7866342782784149,0.26025217685991714,-0.9496230034538936,0.17459941509318094,-1.522747710690216,1.042743167670919,-1.0226058924068522,3.8888612,-8.879849,1.020282
1.7349698597778562,-1.1332581102979218,0.9479103425758061,0.7358811460190373,0.28953820319069673,0.6120837915080016,-0.6240835637318312,-0.060654640179996014,0.7789998203494095,0.2626759304037695,-0.9552427144541527,0.1360614275567337,-1.421235659981576,1.0446966758978962,-0.9396024556840659,3.9155946,-8.9115505,0.70693207
1.6773317918306192,-1.2528612621953668,0.828082012517218,0.7294637846864862,0.2657776322763773,0.6302736207492982,-0.6308016806281668,-0.0949477304168338,0.7701130879327868,0.2645218829275721,-0.9593472669843047,0.09839204633605836,-1.2408475626005817,0.9585248550367256,-0.8253111193266287,3.9333787,-8.936808,0.42129517
1.4211533760420456,-1.3424286295318573,0.6578502230026325,0.7262058727195012,0.25256939390239547,0.6394010726386716,-0.6343110841246649,-0.11247244068944917,0.7648525339187615,0.26509334013569646,-0.9610195894721059,0.07852941911516462,-0.992170302966701,0.8118163598898887,-0.6709379564373711,3.943602,-8.95417,0.18315887
0.4129024756970592,-1.0713222242197902,0.8629280052815689,0.7242626305077892,0.23507368533368295,0.6482160168597949,-0.6376989070886823,-0.12921384201913716,0.7593707177186604,0.26226655514540553,-0.9633504790543752,0.05632147510380064,-0.4102573781435868,0.46748056534103594,-0.27823550157534294,3.9267945,-8.980072,-0.12146759
0.05063021951927535,-0.7412183078621797,1.0583755831230426,0.7249731032301573,0.22901027499777127,0.6495908662675921,-0.6375916075451583,-0.13363794947336055,0.7586948269551705,0.2605589023250154,-0.9642070277725633,0.049131110441170994,-0.20581217214175618,0.2950625029034778,-0.06708849773062317,3.9111755,-8.988779,-0.19299011
0.06232855666904588,-0.40871616105663855,0.9777467263329549,0.7270897617931907,0.22572528326095362,0.6483737924934065,-0.6361081607823665,-0.13378905133172078,0.7599124275400638,0.258276762566043,-0.9649604065662593,0.04630904531388651,-0.024185073514617128,0.15035050922382343,0.07530013556980099,3.8946793,-8.996112,-0.22433777
0.315476259602823,-0.13866242051598313,0.635413674193688,0.7295663878865102,0.22493038292928752,0.6458631499795554,-0.6341752777436866,-0.13104749640024743,0.7620028023478291,0.25603633094728595,-0.9655220745910013,0.04703743947687615,0.09980863309526886,0.06260875017337078,0.16434514370478354,3.8750014,-9.004582,-0.22622833
0.5541419365209317,0.0507502445553482,0.16916038862651545,0.7323501678270248,0.22484080842439907,0.6427362153720536,-0.6319618670384013,-0.1270433180385966,0.7645156597160595,0.2535496604081076,-0.966077950379164,0.04905062179143884,0.15444834240617847,0.031329295707005086,0.20078847924419718,3.8524735,-9.014418,-0.21325073
0.6407767994884909,0.19773952059680724,-0.17270531137902562,0.7350414047981011,0.2259163826832104,0.6392776558489799,-0.629787860343268,-0.12177084528363959,0.7671630284386468,0.25116007683683017,-0.9665058971750978,0.05277278208581172,0.21873677441822095,-0.026590141470532278,0.22215810112179457,3.8295639,-9.024559,-0.18599549
0.5878949689937835,0.37517335585011935,-0.26508866835247463,0.7368325534540732,0.2273867208916122,0.6366891449777591,-0.6282786182319713,-0.11750228887549127,0.7690638399908977,0.24968733656890826,-0.9666894492396098,0.056282703257255075,0.2682815349125106,-0.0819943911677755,0.24225773574016016,3.8079224,-9.03445,-0.14331207
0.6394233717623661,0.8763579091467153,-0.24835323419853086,0.7422361808902534,0.23286496247897034,0.6283783581785086,-0.6232318157207278,-0.10477880021757494,0.7749861333587911,0.24630784731895122,-0.9668481329943357,0.06735823687175259,0.26282546166369036,-0.10996945899994554,0.2560199692135865,3.7774596,-9.048998,-0.053981017
0.808845689862047,1.0361111000076502,-0.21351277801531868,0.7447928814314816,0.23536560191136935,0.6244089983383401,-0.6206410432724183,-0.09940468723284494,0.7777682196913578,0.24512906636038764,-0.9668100855871531,0.07204164928876759,0.2082487753132756,-0.09856474809989765,0.23504869228578587,3.7683303,-9.05327,-0.02621765
0.9368767972171941,1.1100307492141306,-0.15824606932175062,0.7467757021841138,0.23680170460429478,0.6214909519244215,-0.61858506849762,-0.09593838699916626,0.7798386621165899,0.24429196396774694,-0.9668095875592554,0.07483754234528762,0.13909180515716027,-0.05765330853515513,0.18786276462385626,3.7608857,-9.056544,-0.012571717
0.946415464776909,1.0966628013742195,-0.07246338232013083,0.7484654627475485,0.23730898271716455,0.6192607672021877,-0.6168511700204268,-0.09374436385416164,0.7814772090662715,0.24350376818137534,-0.966900429706866,0.07621990497336095,0.07589225388886836,-0.011893791894419938,0.13653601287720968,3.7549775,-9.05905,-0.008815003
0.8785796653557364,1.006747793112031,-0.017095314722631566,0.7495207752823808,0.23675988799506828,0.6181936289356768,-0.6157573933920285,-0.09348473536055994,0.7823703961280876,0.2430255951605795,-0.9670601634288984,0.07571790016711717,-0.004197828302397434,0.035791379073227235,0.07260500193855207,3.750569,-9.060834,-0.013259888
0.8207713709243791,0.8825337564622804,-0.03467400548622135,0.7505678455169416,0.23515406666966326,0.6175358080344621,-0.6146569181109505,-0.09461881128752025,0.7830990700855703,0.24257943501955298,-0.9673416384500645,0.07352123656698442,-0.06862942005923109,0.08507231519231737,0.0487720775862708,3.7471328,-9.061956,-0.030982971
0.8173852098743277,0.7743579232624243,-0.09486287894370761,0.7516554104856723,0.23191365772930758,0.6174384173715051,-0.6135465962904995,-0.09765393935083162,0.7835970152505731,0.24202214375539927,-0.9678221755507964,0.06888772346480464,-0.16046089244195888,0.1679225527599803,0.021418654430623033,3.7424285,-9.062897,-0.07122345
0.8376935234607489,0.701159803817574,-0.14350477737788186,0.7529220420588616,0.22625182768983912,0.617995557466978,-0.6123271549685242,-0.10328407166172231,0.7838289710320289,0.24117183473628828,-0.9685775709812727,0.06077528380805055,-0.2722760991200484,0.2752619081334749,-0.010828720405888781,3.735559,-9.063452,-0.1388092
0.8367397115006867,0.645071416004577,-0.17841013309850312,0.754147373859504,0.2186719727227224,0.6192288000782638,-0.6112751036022609,-0.11087182407445553,0.783613544001409,0.2400093461031458,-0.9694792452507452,0.05005503782022971,-0.39684011452024337,0.40281394344623855,-0.05374663524301143,3.7251983,-9.063029,-0.238591
0.7939626027371532,0.5872940930191783,-0.22993857923112052,0.7558578032838625,0.20474569905922457,0.6218988502414547,-0.610040508494333,-0.12469306653806764,0.7824974230969128,0.23775945661712508,-0.970840274130653,0.03065294300792509,-0.5368334900167072,0.5513110419593512,-0.1055918005893181,3.70988,-9.060051,-0.37511596
0.7276623259218293,0.5251993905428886,-0.289462852217519,0.7571647023806982,0.1916569866242879,0.6244751499834452,-0.6092409825086703,-0.13766497338999806,0.7809441595488128,0.23564175924614897,-0.9717592060688839,0.012530232230548,-0.7027198232306521,0.7204987985110214,-0.16165028816300125,3.68927,-9.051405,-0.5536148
0.6484466983898476,0.49354948488641626,-0.3804455290976716,0.7588742634303696,0.17132598587569434,0.6282971103440916,-0.6083596493555039,-0.15778597843281456,0.7778188234068704,0.23239705105500763,-0.9724972964351725,-0.015511901470018491,-0.8803523614775121,0.8976114182691334,-0.22002638250671558,3.6633956,-9.0338545,-0.7767197
0.586235332084616,0.4921414622696709,-0.46294093698260197,0.7599502661709957,0.15543614893054308,0.6311221724454584,-0.607924862471152,-0.17362374158558957,0.7747787800057845,0.2300064228148102,-0.9724681999754342,-0.03745190916992664,-1.132544996596139,1.135711730552658,-0.3031960148312352,3.632161,-9.000812,-1.0574646
0.5652887251407412,0.5095131311018553,-0.6247538654312148,0.7614592542165873,0.12895685231680504,0.6352558023414353,-0.6073932392430345,-0.20032734217088816,0.7687277859558624,0.22639182204702987,-0.9712049661216156,-0.07421358831734529,-1.4171227951560652,1.3868822361160176,-0.3876285752308612,3.5962296,-8.943927,-1.4044129
0.5545240257989155,0.5125714765022443,-0.8281554323455025,0.7631268921649631,0.09548062263055795,0.6391563166837407,-0.6068413491994783,-0.23421127055889096,0.7595318674321356,0.22221818862641088,-0.9674856750594656,-0.12079132915207916,-1.7419166107317905,1.668781298517313,-0.4753418088030832,3.5562103,-8.85242,-1.8221436
0.5235261150052213,0.4769210355762598,-1.0561310058835147,0.7649327629437492,0.05292465407732907,0.641932121930378,-0.6062413622337876,-0.27752930132042664,0.7452844407509913,0.21759889451043896,-0.95925829050334,-0.18020614087328957,-2.122383224486605,1.976207897464875,-0.5730422874264458,3.5137177,-8.7087965,-2.317491
0.45026905292116726,0.3835867055501511,-1.3461423700360653,0.7664849208170407,0.007982635516435924,0.6422126934982734,-0.6056716556573833,-0.32370241776070174,0.7268965471572422,0.213688351796116,-0.946125267745285,-0.24327816597584617,-2.553665215696045,2.292266882039344,-0.6796427623682686,3.4724135,-8.494662,-2.88564
0.2751179097158963,0.16287929786807054,-1.6881765959063044,0.7681662850733106,-0.04925004574314007,0.6383533437454277,-0.6048538674897087,-0.3827452568009744,0.6983250442158713,0.20993417411039283,-0.9225402437783701,-0.3238010826880172,-3.00042510281934,2.5976925053326165,-0.7779187805851328,3.434279,-8.192024,-3.5199935
-0.03876425127574795,-0.23570202666381912,-1.9133210975008925,0.7700834832376551,-0.1171277788125635,0.6270984869021737,-0.6036349400808427,-0.4518076274729161,0.6568825822556819,0.206388681758858,-0.8843929845875813,-0.4186320112630071,-3.425891504292952,2.8933027407477647,-0.8578179245296116,3.3990173,-7.7872634,-4.2041383
-0.8305029299229818,-1.138583091883555,-1.059964422484089,0.7739807901510718,-0.24415200598485132,0.5842461248914674,-0.6007755184290348,-0.5746549004156312,0.5557342187454595,0.2000562744165969,-0.781128378310425,-0.5914524018589125,-3.785000013868956,3.15192130853986,-0.906232713205519,3.3271134,-6.6717057,-5.6190443
-1.1083943718620581,-1.259869056599839,-0.09158633155345719,0.775766607922994,-0.3116079748122249,0.5487136229993529,-0.6000754351887855,-0.6332660251314343,0.4887572132431641,0.1951810495786999,-0.7084310915308967,-0.6782549273228312,-4.113519165428435,3.4862952210034712,-1.0061687284345688,3.28759,-5.9946184,-6.3014526
-1.1844644482874813,-1.0429020814135959,0.7322032384084389,0.7769393743625087,-0.37477481409342883,0.5058745371002873,-0.6005660534023676,-0.6822852618140849,0.4169019513170821,0.18890638969050183,-0.6277186154898718,-0.7551713154652911,-4.072879079934209,3.539282941869619,-1.0379801754195255,3.2439103,-5.266884,-6.938924
-1.1089648457012937,-0.6253182149796467,1.223197876892151,0.7770693693576582,-0.416241002397931,0.47212987951289137,-0.6020216097247003,-0.7104065855243032,0.36454418753860535,0.18366593758934588,-0.5675085119771036,-0.8026212756979221,-3.9654014004745446,3.534568900362114,-1.080106512988632,3.197139,-4.505919,-7.5165496
-0.9018176434241263,-0.04076450254229666,1.5800287597429163,0.7762166081567521,-0.46610293196327734,0.4245419108131307,-0.6053550627150763,-0.7391514550244211,0.29529709544881655,0.17616192910744097,-0.4862131048732823,-0.8558994049434941,-3.7355830515894204,3.403958206943958,-1.087601965612609,3.149147,-3.739003,-8.021666
-0.5318385460256148,0.6722609818831332,1.9019352214294443,0.7736836467659726,-0.5227092495457811,0.35803443293375076,-0.6114700625376364,-0.7639957179920803,0.20594879341716282,0.1658854344031645,-0.37826655063467046,-0.9107120507184594,-3.3473181140052057,3.1269458709251103,-1.0356299698185212,3.1002243,-3.0049896,-8.440206
-0.10168428127638496,1.293306182590371,2.2255452099095754,0.7712549387317635,-0.5538347274698728,0.3137402016481722,-0.616350368981148,-0.7729044346556904,0.15076789295592996,0.15899069827718895,-0.3096543710945139,-0.9374626010265118,-2.8324733906927415,2.7250361189181076,-0.9311103908840097,3.049298,-2.340529,-8.768832
0.4202768138281956,1.8005059787827213,2.479898044947053,0.7681025196249398,-0.5809394891386452,0.2693099131208304,-0.6221133899379412,-0.7766409344405948,0.09901408491302291,0.15163591067337576,-0.2435942710955432,-0.9579500935245462,-2.2613264124097943,2.2580688431499922,-0.8001114094250854,2.9962509,-1.7761719,-9.010178
0.9219852822904241,2.159928802254571,2.5382035996639907,0.7655008106897147,-0.5965120259636748,0.24120926954431543,-0.6265394590830276,-0.7763842170309708,0.06838021466150719,0.14648144949220976,-0.20347223502462847,-0.9680610696277085,-1.6835417582250682,1.763719132986093,-0.6647168500227922,2.9421463,-1.3282394,-9.173924
1.3306683605410419,2.4165204353897245,2.2670491794316208,0.7621795831883702,-0.6103518574698872,0.21576119450415787,-0.631822611532872,-0.7739432272882099,0.042568397790991926,0.1410052145368588,-0.16876756506440438,-0.9755178309265525,-1.0936053046011853,1.2291595978190055,-0.5225717213636887,2.8924224,-1.0118393,-9.274199
1.5077110705539603,2.501674846785933,1.7710876908748432,0.7597534602655553,-0.61778863271087,0.20276065917171693,-0.6356376167432108,-0.771341665342906,0.031573018339139156,0.13689229268124614,-0.15287001209938184,-0.9787191934386524,-0.5161710351280935,0.714655220015598,-0.35841162543032673,2.8485534,-0.8329819,-9.328558
1.5206309967375549,2.398375872613363,1.3550144124211587,0.7580085153782722,-0.6212529454921627,0.19866521671228665,-0.6385395010860403,-0.7689318411035921,0.03179825922643119,0.13300524864387958,-0.15095893963045456,-0.9795514291648132,0.0461421283751903,0.20286323932383338,-0.17216196227596856,2.8113952,-0.79086304,-9.349078
1.5036536768904927,2.204340349371315,1.3471573712417564,0.7574265687299969,-0.6200622674837932,0.20451840363341484,-0.6397988091324648,-0.7673357210514296,0.04305084239783399,0.13024007376604593,-0.16345848292865925,-0.9779155625840482,0.654709636104646,-0.34325084104360215,0.018534982418061993,2.7801316,-0.89382017,-9.336594
1.4922771113536097,1.9524737789608562,1.7967401662174294,0.7575724069472707,-0.6135355968391377,0.22284101876306786,-0.6402868770187519,-0.7648582522115688,0.07088419528666633,0.12695181507049932,-0.1963820904133224,-0.9722742983413676,1.3347234384346371,-0.9182669984767526,0.19549262370366433,2.748555,-1.155159,-9.283008
1.4079566080096335,1.5487608570905,2.4557121826874755,0.7579966874935714,-0.6043273101797887,0.2454170408093829,-0.6403255380676498,-0.761089056522467,0.103569557979727,0.12419431165375155,-0.23565218058104534,-0.9638691937914856,2.0394379340949094,-1.4947372124945426,0.33475278532023195,2.711148,-1.5753448,-9.171521
1.1105274454974705,0.9066952600383457,3.185928115652909,0.7580555062019744,-0.5860301099469304,0.2862176789656028,-0.6409362265893953,-0.7505769399707362,0.16073273042387387,0.12063416996115618,-0.30529161046408393,-0.9445869095101987,2.7582578108919007,-2.1059538142528407,0.40681498339846167,2.6668746,-2.1473374,-8.970873
0.645361709173501,0.21274454218618866,3.858997721474514,0.7572093195251893,-0.5610077782446834,0.33452102949316,-0.6426387729025345,-0.7314829728201612,0.2279211882131727,0.11683087771015775,-0.3875602317358462,-0.9144110742933567,3.5935732512254996,-2.7841768835296508,0.44681191157385053,2.6125367,-2.8627853,-8.63014
0.03233121231398295,-0.43884202047224385,4.533297970358307,0.7552987080597307,-0.5220303349821896,0.39624259104957965,-0.6458422559636732,-0.6956372742589667,0.31460540852520136,0.11140754918342115,-0.49353126752004023,-0.8625631837523587,4.528480516798977,-3.5104240762721295,0.478196601305552,2.544995,-3.6932693,-8.091207
-0.7892869138310049,-1.1269410379490576,5.289810933581336,0.7528693894468595,-0.4689665790019285,0.4617986901379654,-0.6497115444525977,-0.641674501966944,0.4075889381846557,0.10517885452378016,-0.6068971752320996,-0.7877900908594642,5.525346405335823,-4.321214207797581,0.5293561022873209,2.4677048,-4.58813,-7.3056197
-2.130951543389176,-2.2835364040328234,5.866706202324937,0.7500717555844321,-0.3871019755727187,0.5362316868501769,-0.6541754273175195,-0.5534199760172079,0.51553936846671,0.09719501925731734,-0.7374811120651231,-0.6683372932724599,6.52335504903243,-5.162458731080641,0.6005449672623513,2.3855896,-5.465669,-6.244971
-5.92865683429736,-5.844040097205206,3.9930027515071007,0.7478269463997879,-0.16255636249434494,0.643684928556647,-0.6596613544845241,-0.291244914263029,0.6928371362128075,0.07484487716613236,-0.942736351759349,-0.32503294515088527,7.972465960132827,-6.253407645041527,0.7341820918977331,2.2120452,-6.847818,-3.4406295
-7.168371609797461,-7.036648152464689,0.5918624497500294,0.7510862096841907,-0.012231161616746505,0.6600908303466583,-0.6574041878899944,-0.10584056693762409,0.746068031840944,0.060739109039683534,-0.9943078864596349,-0.087536207121614,8.181153973773146,-6.391948192813053,0.8675063085035389,2.1393433,-7.2824464,-1.8548508
-7.033816299610275,-6.791528498688602,-3.009642359162844,0.7564488840858428,0.1166370284445494,0.6435688691670133,-0.6521151437160847,0.05881278074245998,0.7558352308257997,0.05030830052222967,-0.9914317225189858,0.12054963492935389,8.078580252847694,-6.339213364840473,0.9389891486139293,2.0907593,-7.5403013,-0.23640747
-6.050097893156602,-5.486431158415955,-6.043676461604772,0.7632257778793246,0.23099828079105167,0.6034287085083688,-0.6446810392519516,0.20969798753684749,0.7351279559723057,0.04327550819487943,-0.9500876529534382,0.3089671213833288,7.75822592400705,-6.147978465290044,0.9771309372952177,2.067363,-7.6285353,1.3640289
-4.360973583998107,-3.276723291430254,-8.024181597796584,0.7708649121600604,0.33506610967625844,0.541754547140012,-0.6356528328529002,0.3493687572467052,0.6883944708856806,0.041385544415254584,-0.8750269559312492,0.48230183817516503,7.13572879071782,-5.835698417272222,0.9655743930797525,2.072815,-7.5527678,2.8934708
-2.5675487322470048,-0.9070414214359759,-8.766054689911545,0.7769154901791109,0.41870548410125724,0.47019999862110096,-0.6279683465251691,0.4615165368790945,0.6266244824051905,0.04536603225100034,-0.7821049825762889,0.6214931370072742,6.2525178925399265,-5.356679321255837,0.8370787248705422,2.1085114,-7.311705,4.2930803
-0.8215324196689036,1.1731728450736547,-8.526286643134679,0.7800003798718134,0.4812294768231302,0.4000219969406218,-0.62349833359623,0.5431145959328534,0.5623845336488353,0.05337822966859103,-0.6880731983744371,0.723675368018159,5.171468307409313,-4.671291285102764,0.6149777526408903,2.1719375,-6.936,5.495694
0.8459551232960072,2.8079719229963933,-7.468001949560271,0.7802402331499925,0.5259952892495685,0.3384584675574063,-0.6222579678029865,0.5979072400835304,0.5052741372377905,0.0634050477465688,-0.6048436888510587,0.7938160441672223,3.9818097844702462,-3.8277259970281836,0.3782586093849965,2.2505386,-6.4910064,6.4453
2.3100447747894854,3.921897005626875,-5.735660596241527,0.7786389381567315,0.55681878388137,0.2892650098145812,-0.6230855320276949,0.63171737243689,0.4611914799074204,0.07406634704050158,-0.5393384867393591,0.8388254722871572,2.7100291972334034,-2.8331687444659415,0.18711857107081561,2.332292,-6.059555,7.106758
3.404526452156057,4.4369333788138325,-3.608228748274822,0.7761309671117876,0.5751030260478361,0.25860632498209074,-0.6250158043232246,0.6472995506330633,0.43630096962581627,0.08352224994763759,-0.5002597337192494,0.861837706637873,1.5193324192867326,-1.8475528412923243,0.02582108271834227,2.4100356,-5.731969,7.4903045
4.088457188976218,4.376803340957148,-1.4851241615714639,0.7723784187938538,0.5863160194028335,0.2442644132351706,-0.6285607461189164,0.6502653813340421,0.42669230398136365,0.09133984136147355,-0.48310294889402944,0.8707861816484871,0.5167951402824773,-0.935340076772419,-0.17606796314740708,2.4834518,-5.5536957,7.6560774
4.406802620835021,3.964644094500928,0.09575091184234141,0.7692942457242699,0.5900942920637453,0.2448981216124652,-0.6317445688015848,0.6453953686787698,0.4293758468727545,0.09531612290283481,-0.4850294264905794,0.8692878074337577,-0.279903476447574,-0.09969569813793386,-0.2969317380967792,2.5365386,-5.533681,7.658592
4.400052883378832,3.4109389556603995,0.7643471651702711,0.7657495382199163,0.5882840080886086,0.25990300218194246,-0.635614226560533,0.6306051941661106,0.44534441063583335,0.09809281171340911,-0.5062203225058453,0.8568073210309505,-1.0162753160983273,0.6617938829312464,-0.37508088828228947,2.5633254,-5.662645,7.5204363
4.325467472826002,2.9212122107826763,0.9178079242923345,0.7630542609439565,0.5783516563663205,0.28854385530384435,-0.6387745483814675,0.6067275081821806,0.4731266290910865,0.09856607527606323,-0.5453357611539642,0.8324023284513915,-1.8106761908810602,1.4779766294091676,-0.4424439470384918,2.562123,-5.928319,7.230704
4.010322917870899,2.0294192812203455,-0.11758131174087971,0.7610167667361886,0.529412724408552,0.3749341915332769,-0.6418951420282344,0.5308125363417395,0.5533612544287887,0.09393672012026145,-0.6617856288079712,0.7437846960756077,-2.6408777140439104,2.3658375410935224,-0.4324672631180797,2.4432845,-6.764636,6.059273
3.735248564273979,1.7891819408025502,-1.1681939404698736,0.765934803169777,0.4624981277393277,0.4465863400630289,-0.6374443119424741,0.45585128742858094,0.6211798072393301,0.08371753977191762,-0.7604571556552805,0.6439691669227775,-4.420773828926748,4.288246551299983,-0.25983199230482906,2.3251603,-7.227783,5.1131287
3.2294527646277364,1.592481379557646,-2.463203847984028,0.7721899257343595,0.3784483127026447,0.5103916076963702,-0.6314428687044449,0.36765198859825654,0.6827238964926077,0.0707292171359715,-0.8494756558561677,0.522865650001092,-5.396183022017496,5.295594311853519,-0.1518731528858161,2.176555,-7.604909,3.9047897
1.326879354463001,0.26930140063371427,-5.454078753339248,0.7853484582938738,0.13582397290079468,0.6039699060722146,-0.6180254610521199,0.11580792173862531,0.7775815421895605,0.03566971469961797,-0.983941245018229,0.17489224626959154,-7.1464331601151,6.905804751236484,-0.03932103456307873,1.8311722,-7.768631,0.87719727
-0.3157044696836915,-1.346516673371816,-6.034174521208478,0.7888406576169494,-0.028212762457405227,0.6139498814439014,-0.6144954960708464,-0.05442836377807592,0.7870405571030543,0.011211699206843818,-0.9981190275968903,-0.060271921737503564,-7.623689815833112,7.348384218878977,-0.027962426175146354,1.6562774,-7.5104523,-0.76698303
-1.6999936906613378,-2.7135864806260663,-5.18568889148555,0.7885758751583667,-0.14723936713668945,0.5970499626357939,-0.6148954252456635,-0.17744895332071775,0.7683849848723858,-0.007190627940048588,-0.9730531525721333,-0.2304687769292375,-7.789540344948528,7.526155515243049,-0.05148237575766934,1.4876053,-7.0524874,-2.4009018
-2.743898898081186,-3.607050027338179,-3.1115574986265426,0.7846989526974626,-0.2915500803994642,0.5470339150862322,-0.6191050927165865,-0.32458377058003335,0.7150903859292442,-0.030926328716707016,-0.8998021596412807,-0.4352006843939833,-7.66261093821635,7.478327349470954,-0.074736488344387,1.3247086,-6.4264235,-3.9742799
-3.01819675489483,-3.590501974665538,-0.9780326519642246,0.7773518237336033,-0.4100451161911828,0.47706094456138415,-0.6269528207721354,-0.442890948224803,0.6409194711556186,-0.05151992492138442,-0.7973146246421754,-0.6013610285575546,-7.2945003065917495,7.187724211420609,-0.136628417985321,1.1769791,-5.6498857,-5.436586
-2.814823448003695,-3.031325773687825,0.6962600245206514,0.7662242049886092,-0.5149309996586557,0.38437811238429126,-0.6387273406431576,-0.5449950268640735,0.5431462096050639,-0.07019866098790556,-0.6616845821718715,-0.7464888892083653,-6.744260320633544,6.675399076484157,-0.1901660527465268,1.053598,-4.7371902,-6.731433
-2.3487340098375786,-2.281969217620877,1.8292613479085817,0.7538446938476351,-0.5904209715427728,0.2883075682673852,-0.6517360279506011,-0.6162093159499094,0.4421834786688877,-0.08341658965061931,-0.5212380984723124,-0.8493247419403407,-6.060455005496003,5.990728866774611,-0.2198565589050761,0.95813143,-3.7275329,-7.810434
-1.6273493866190298,-1.4896397139398423,2.6560635541516047,0.7424977474575073,-0.6376860375523854,0.20506977478717947,-0.6636369180079481,-0.6586968164496404,0.3545483677243785,-0.09101173593246398,-0.3993432377164352,-0.9122728990892541,-5.190670307993718,5.09923984318566,-0.2353127865932435,0.89315796,-2.6960235,-8.639717
-0.6920687370168027,-0.6335581661848291,3.2983349957405474,0.7317170185982389,-0.6690316906811032,0.13033342456211325,-0.6750145728471995,-0.6847343182875489,0.27476215132947046,-0.0945808180215114,-0.2890251031029464,-0.9526378948156069,-4.156122277982778,4.011510976562736,-0.23411058346508412,0.86214143,-1.7401764,-9.1996355
0.237097149876768,0.28425550743531897,3.673888933874931,0.7217572711939919,-0.6886327190267804,0.06965213395427891,-0.6857195851779242,-0.6977442764012465,0.2072234910735674,-0.09410149829848041,-0.19732689384643648,-0.9758109473575795,-3.07647994653101,2.8509668066862686,-0.2531261197631695,0.86154634,-0.95332795,-9.514456
0.9563005392182112,1.2059828138804913,3.6586473676943676,0.7146353277283615,-0.6987459653154253,0.03241025019944845,-0.6935256068300149,-0.7017321733168492,0.16307725041547452,-0.09120625545234327,-0.13901810273278842,-0.9860808212712263,-2.1505222605454315,1.871185323654855,-0.245017377594737,0.8819763,-0.37879333,-9.6636305
1.31452854288014,1.9197187615507578,3.2149199228937824,0.7095898356546665,-0.7045129114181993,0.011992613586483673,-0.6992151256714649,-0.7019467697793355,0.13553206420841601,-0.08706591277774449,-0.10455759198359077,-0.9907003769004882,-1.3492384905895407,1.03689629513688,-0.21933718374422195,0.91571045,-0.013816834,-9.722814
1.253873337447211,2.1389879969187526,2.557585119126126,0.7065751735553756,-0.7076173698227924,0.0054020403796250505,-0.7028067300905221,-0.7008402021027165,0.12200701314306343,-0.08254831466880497,-0.09000371682155492,-0.9925145372757235,-0.6920185130055513,0.36068952806130145,-0.17503723465533721,0.9561035,0.16532135,-9.740137
0.990073512091714,1.938482863732201,2.0601444827402253,0.7053522500500929,-0.7087810077846174,0.010377203529476239,-0.7046402113304994,-0.6994867938850569,0.11916542181569814,-0.07720347094128255,-0.09136579329390151,-0.9928201830595472,-0.13679128808959726,-0.22773004289450235,-0.10941836146443426,1.0031128,0.18638611,-9.737491
0.808180013022939,1.6241634672199337,2.045626765112565,0.7056754203300613,-0.7080871846852261,0.02519404744261658,-0.7048109553266845,-0.6978812402562803,0.12729215117139947,-0.07255148787915265,-0.10758398292917207,-0.9915452426508914,0.43870118495683047,-0.7905172161681682,-0.05949102772096687,1.0496628,0.056382753,-9.717837
0.8519220928009096,1.3997133211770434,2.548351185547791,0.706745877297975,-0.7057159994021385,0.04975131264756301,-0.7041162558783349,-0.6948199009530728,0.14644317480660382,-0.06877908933819839,-0.13852881803942907,-0.9879672076756421,1.0987434456304443,-1.3987893015017352,-0.054188182662819176,1.0881256,-0.23856811,-9.670598
0.9143622769325578,1.1709449216129135,3.3292315249054245,0.7083096019745163,-0.6995862178615126,0.09421587726559336,-0.7028923475888461,-0.6866680592541957,0.18555140554875135,-0.06511417243384117,-0.19765146136140424,-0.978107378752433,1.8188390427148724,-2.0444254781732845,-0.09331022031225747,1.1145325,-0.71003264,-9.574094
0.6870175653449397,0.7761152539187518,4.073786798823089,0.7093366825406053,-0.6900496441974935,0.14378094221836177,-0.7020332962384832,-0.673346706333093,0.23184793301408893,-0.06317215980809271,-0.26539725245994233,-0.9620673451541178,2.5669869161796837,-2.690139700721963,-0.1676272482101201,1.1267792,-1.350209,-9.394536
0.12001359133812595,0.18520476478345937,4.687869549853924,0.7097245107242084,-0.6747143296136658,0.2026121721201945,-0.7016495959688627,-0.6512553728887066,0.2890575786246116,-0.06307902467552526,-0.34731399726698553,-0.9356249376477793,3.377611705181819,-3.3482543688479267,-0.2706487633277453,1.1212524,-2.1417801,-9.085487
-1.7119110884313842,-1.4719014656630147,5.673666428030356,0.708624743592055,-0.5964027895138465,0.37703406401702716,-0.7017812942251728,-0.5403282041798856,0.4642719535394974,-0.07317094945903385,-0.5935900474467553,-0.8014342566470569,5.177068503891897,-4.769239759568151,-0.5019329146709781,1.055249,-4.052841,-7.8808045
-3.1720971335244785,-2.6992125579106325,5.792516322543468,0.7091916343022671,-0.5134805750538175,0.4830992909103461,-0.7000933168758451,-0.4320834199796463,0.5684833030480931,-0.08316593955134305,-0.7413781877160216,-0.6659142657110211,6.138721014474024,-5.494088493463131,-0.5796817168369632,0.99659574,-5.0521684,-6.904779
-4.854590484004751,-4.0958506814080735,5.53230623732494,0.7119377429628536,-0.4205203138648151,0.5624120515885075,-0.6959087371264946,-0.31515816961741194,0.6452800614573567,-0.09410462122534635,-0.8507866910985615,-0.5170167565114244,7.054592595496176,-6.154581931867357,-0.5834031270491913,0.9284714,-5.968045,-5.664401
-8.490094897246358,-7.152233874538359,1.8997594678110887,0.7260164206116456,-0.1757699822202169,0.6648346187982073,-0.6777690625374744,-0.019371823659084297,0.7350196121976574,-0.1163153251696786,-0.9842406442524231,-0.13319571814531267,7.811411281321226,-6.697562091375001,-0.5185452696280302,0.8184082,-7.2544374,-2.5666795
-9.257113473143033,-7.494971733479755,-2.224560150524579,0.7409579948662685,-0.02864186323823298,0.6709403054773204,-0.6600375468340377,0.15315278261873033,0.7354554112558052,-0.12382118806191879,-0.9877873601369785,0.0945750735688452,8.46526707010689,-7.223518184323148,-0.21310136211300001,0.80380857,-7.547273,-0.8529892
