0.6905584948290378,0.5531596134887534,0.06307878569576787,0.9999770316424333,-0.006053906222910021,0.0030473606665712125,0.006007191121955372,0.9998677579391764,0.015112256234887213,-0.003138445859379222,-0.01509360305324074,0.999881159590708,-0.7851453,0.16078857,0.31350585999999997
0.7381806954418879,0.6450155221676026,0.21082365249040091,0.9998631744223331,-0.01480398964469704,0.007380672374177612,0.014478705188295003,0.9989986650957412,0.042332425314379134,-0.007999970635301435,-0.042219770576434335,0.9990763191279771,-1.255773082405839,0.211689276478097,0.3982922241200798
0.7653655046841412,0.8469595718223466,0.41122772192161,0.9995672278086809,-0.026488957298452426,0.012794226514701641,0.025281108510953002,0.9959062165172328,0.08678521449410513,-0.01504069956239238,-0.08642420403782253,0.9961448862053666,-1.890156560780296,0.26192773410446835,0.481318694941144
0.7508354656025611,1.180166107135672,0.5758674591257962,0.9991863338800785,-0.03693204969935015,0.016207834287561104,0.034445918267262406,0.9904645624094316,0.1333920137257772,-0.020979725975650607,-0.13272518342838177,0.9909308133174026,-2.714242212715267,0.2638178167667214,0.5811859116952005
0.7321447791273175,1.5242706847407945,0.5150802057111719,0.998432149993248,-0.05268453680545443,0.01890982394035247,0.04764679858516451,0.9772092627718723,0.2068618846898538,-0.029377277689486028,-0.20563656370997924,0.9781873947363595,-3.5810462879528546,0.25776753786169726,0.7268220587989962
0.7179225946257909,1.6446344296820539,0.17966835958901922,0.9971917490320017,-0.07217948895299527,0.019968400962073286,0.06308027110464387,0.953244139746905,0.2955443950332119,-0.04036700459363224,-0.2934548200535596,0.9551202927000716,-4.3659558665825555,0.28405185509060255,0.8916911620087066
0.620981317468978,1.5727563759600998,-0.25619336998952036,0.9955001977030528,-0.09303430341425188,0.017999298914349374,0.0786213110989,0.9169550481798152,0.3911676482771065,-0.05289655767886185,-0.3879923427153905,0.9201434106594197,-5.116854291759134,0.2696503313445077,1.025261489677237
0.3835792186580179,1.5038433897379682,-0.7913392334806795,0.9932337943161723,-0.11569667881109763,0.010045314349563034,0.09529628097105085,0.8614154081859766,0.49888086090054895,-0.06637204728940002,-0.4945480492852723,0.8666123575663719,-5.822714155084329,0.14731442111532064,1.161596577797816
0.15615432639414123,1.079682847179672,-1.396921979655002,0.9902128219498806,-0.13948239724041733,-0.004819554556286569,0.1135312737186807,0.7849348241763454,0.6090878193520723,-0.08117399296491824,-0.6036737385834465,0.7930881415144321,-6.420918674709365,0.046088812863870315,1.3672423541113383
0.0787345350288978,-0.021102195522900158,-1.6039791121467786,0.9861485621439704,-0.16388563556109145,-0.025544311267234634,0.13310105327220528,0.6900173277649779,0.7114493636246417,-0.09897031372694447,-0.7049947417114653,0.7022729463392239,-6.66182833760141,0.040807151651864194,1.56627813586607
0.17477820557479082,-2.1096075787050514,-0.5846577861472666,0.9766059442562097,-0.20223109854784502,-0.0730986485755331,0.16573556015635946,0.4912828299675799,0.8550864898235165,-0.13701296925143705,-0.8471975942831621,0.5133066164562144,-6.661349140284462,0.05556575971300127,1.7185990233642343
0.18619737199756234,-2.3144611403735924,-0.026378037356498463,0.9711440162826889,-0.2172144077147841,-0.09847436579864217,0.18027454055137046,0.398251621226899,0.8993868668260272,-0.15614220975547108,-0.8911865950917697,0.4259179064813037,-5.924487660556178,0.11352112548805736,1.777885864976708
0.2749830795807004,-2.372321621103712,0.4289733208693529,0.9638998989098663,-0.23249331456762845,-0.1297838339813861,0.1959793511749413,0.2895164872083572,0.9368950301648424,-0.18024727125423914,-0.9285079764417161,0.3246288016943506,-5.151595870919761,0.15731507092546354,1.6506644691797372
0.44665198410961565,-2.4380430933944393,0.9464111163268389,0.956805792556385,-0.24400381227114473,-0.1580658562995075,0.20837336701026818,0.19641565215545032,0.9581239123981574,-0.2027392790047175,-0.949675224055833,0.2387755296573548,-4.135958370145597,0.19084803516342563,1.409669713485945
0.6259672586021542,-2.32100566999739,1.4728171621601394,0.9497551148126983,-0.2521989467157793,-0.18536696890916235,0.21787519398484437,0.10751574922740874,0.9700364753524139,-0.22471230881548362,-0.9616839683303036,0.15706152719012478,-4.135958370145598,0.19084803516342563,1.4096697134859448
0.8230101334624005,-2.179225918782203,1.798472220897804,0.9450475177564738,-0.25908968358915097,-0.19939339266886807,0.2243848076571903,0.07045359813614403,0.9719504867030601,-0.2377743621061225,-0.9632802429030424,0.12471778685368906,-1.7619864785257815,0.29393545508108326,0.7815102564245446
1.0941102015101367,-2.126407592905563,2.0896765979066148,0.9413878614697925,-0.26849150831725294,-0.20420872713686306,0.22812699106236098,0.060783240973302025,0.9717322025978216,-0.24848937648552444,-0.961362422595302,0.11847076515126968,-0.40299631984321305,0.45029085058880697,0.2949038472661064
1.1751854716338919,-2.070860411419123,2.0548101920637736,0.9397761291536889,-0.27836876452375175,-0.19832210671135334,0.22876928801059587,0.08119400586833311,0.9700887311345168,-0.25393983526818775,-0.957036239830328,0.13998641260991196,1.0349075149681954,0.5518959656466028,-0.2409912346741565
0.9399873392016236,-1.9091466220825828,1.3316375100229396,0.9400519148178846,-0.2875440572057433,-0.18335979006556777,0.22737901224800408,0.12775202132701294,0.9653901832088325,-0.2541676262554906,-0.9492090582229622,0.18547501597553936,2.3133756095239586,0.5738614728360342,-0.7016514114748221
0.6123403352088386,-1.7249252208290466,0.33676923356974114,0.9422331613032975,-0.29539977319778893,-0.15791023948778382,0.2232717788162983,0.20246090472065592,0.9534984503626097,-0.24969257603020611,-0.933674759246703,0.25671981111907094,3.5603667914961283,0.6173970276576574,-1.1687564551899245
0.4006347728471159,-1.8673946935992973,-0.650874153967181,0.94593619614797,-0.3007591993506273,-0.12144388343213869,0.2161477373409048,0.30535001191755723,0.9273842385248703,-0.24183644981581331,-0.9034961395755478,0.3538500491911319,4.784426074343857,0.7193530463084855,-1.602850461418717
0.3350006103143038,-2.571229638757133,-1.3087719130966984,0.95015326558135,-0.30201296132854477,-0.0774399321710665,0.20635315013523178,0.42295772186411845,0.8823407181722829,-0.23372451590358015,-0.8543388886765474,0.46419598658385613,6.158303284553381,0.9329468273642939,-2.0749877484227133
0.1560976942572026,-3.539015053067762,-1.959279624102824,0.9545840352964611,-0.29701803668471993,-0.02344366526546196,0.1940139348540217,0.5599632185032659,0.8054810904086586,-0.226114821804286,-0.7734477873828446,0.592157586756261,7.565085834261186,1.1877543604572935,-2.4788376780521837
-0.3266077292037318,-4.274956400763474,-3.021701348496399,0.9593014808301563,-0.27930608093356646,0.04157862468386009,0.17914392520647623,0.7157648308249209,0.6749727113119368,-0.21828449999641675,-0.6400537634509338,0.7366702498089707,8.928044244551575,1.367233764697181,-2.782361148005508
-1.0099190845703585,-4.478861269508859,-4.605099941981803,0.9634317265202251,-0.2471203910441972,0.10358967450678241,0.16318672961996947,0.847753275666208,0.5046627337867853,-0.21253093800714518,-0.4693036287174609,0.8570791704751828,9.949498829354054,1.4851231029789749,-3.0234270294551715
-1.7239204677295494,-4.041553656847367,-6.387089515395841,0.9660116828092045,-0.2125599772875498,0.14710433281057744,0.15010852637206154,0.9245624572525188,0.3502166371684684,-0.2104491838580917,-0.3162317483977521,0.925045200149033,10.453408684572153,1.5617349448852615,-3.143815253803762
-2.6279913996319304,-2.2338811697058354,-7.944294125634021,0.9685997351529065,-0.16189867703137745,0.18868855672035087,0.13454075922266925,0.9795187570232647,0.149805836826822,-0.20907734733707292,-0.11971559219703379,0.9705435795549868,10.483662952036475,1.4685015587945895,-3.113328798532226
-3.3822837418358445,0.4830488458677041,-8.222167907974024,0.9711055458783817,-0.10274332661686456,0.21540154966933414,0.11869755660716144,0.9909643150996461,-0.06245491377447793,-0.20703842353471494,0.08621795076889782,0.9745263239879528,10.14043273060594,1.2202440602759939,-2.9807054108450233
-3.584674213208783,3.059207055958706,-7.206165907155037,0.973241268194396,-0.0437313428431504,0.22558591165340666,0.10345468159995895,0.9599875487243849,-0.2602326558085985,-0.20517934286476022,0.2766070786282961,0.9388237115211276,9.60197858855564,1.0022628636203506,-2.8131067572616653
-3.270146304020014,5.14013710174272,-5.423202925599582,0.9752802595357419,0.021989648376704477,0.21987467049245352,0.0849010904878658,0.8813702426413086,-0.4647346557126664,-0.204010343350202,0.4719141349341729,0.8577160538636691,8.89807964554381,0.8097577885227827,-2.668258117252791
-2.716732781383001,6.173614989633396,-3.591590772577197,0.9766425601287398,0.07199924014082955,0.20244855930414546,0.06775213414307545,0.7909357947041432,-0.6081366762289401,-0.20390919073018665,0.607648482327462,0.7675834572610934,7.934181239577197,0.6154615954168654,-2.5131902257383216
-1.92214425901346,6.387979210817164,-1.80692798516897,0.9775182456146837,0.11077218647110032,0.17940903598983743,0.05064400998685092,0.7026244878265678,-0.709756305614049,-0.20467843985833667,0.7028857316882059,0.6812183089482351,6.694153612540428,0.446564799410554,-2.311231573587216
-0.8400478583660131,6.0056013532492,0.0676907355776235,0.977822624547286,0.1431682138206407,0.15285868465633476,0.03234483852316579,0.6178744505953463,-0.7856112109195028,-0.20692202962557615,0.7731326056071531,0.5995408641641756,5.18335951069861,0.33042271142273627,-1.9917885532872823
0.3172998515366254,5.253746198624526,1.927202096494012,0.9776009588058483,0.1648257213191124,0.13087722083510472,0.017041788877204388,0.5578083715212617,-0.8297947927606325,-0.20977593468687314,0.8134385669812023,0.5425050736848613,3.460170235134619,0.23210712756138008,-1.5133468017197238
1.2875738377077433,4.2444030893295706,3.5988943116716907,0.977373132963325,0.17855317255089337,0.11340424830431178,0.0034154821472167866,0.5227414970337403,-0.8524844055820754,-0.21149490169542415,0.8335826844716335,0.5103036495126292,1.8313330545874897,0.10398044909320098,-1.0669748053594579
1.9261735699090463,3.046402866473737,4.804280928279179,0.9774775079322694,0.18538508116390484,0.10084687981476222,-0.00861495104752709,0.5125107333124905,-0.8586376015863388,-0.21086370978660451,0.838430152082656,0.5025647977860023,0.47580860875570335,-0.03492251189072579,-0.7442989184302502
2.408042653805975,1.949328839147768,5.39317959536958,0.9778881230872181,0.18776491514084842,0.09208232928802608,-0.020090653193928297,0.5226247070553763,-0.8523261002864583,-0.20816143826174854,0.8316295763243585,0.5148408136534717,-0.651723725166896,-0.11853703842633731,-0.4043591096798927
2.832156564301573,1.317508573402453,5.397517907596226,0.978505174736702,0.18544353238231195,0.09021263387723122,-0.027138438739182986,0.5494436213162742,-0.8350899425437098,-0.2044287850482327,0.8146916001116183,0.5426660746271825,-1.6742599883417828,-0.15523909712553075,-0.016338774008701373
2.9474367680932336,1.6152787482948576,4.985816999607666,0.9806323876341927,0.17075712615538094,0.09592770293308622,-0.0357981990171491,0.6377993645465446,-0.7693701706793361,-0.1925580672680105,0.7510352684469479,0.6315595112725559,-2.90440201898011,-0.22721463759390226,0.3547095650845751
2.7343427848041326,2.3542467184448994,4.702224869395613,0.9828638379065208,0.1528246774201553,0.10306936551221396,-0.036270936977288615,0.7085551377582539,-0.7047226659382895,-0.18072934257185358,0.6889080016430402,0.7019563163087421,-4.419771053241155,-0.40216771953174313,0.8177026367145374
2.3584245986966232,3.3055253857386626,4.1044805365511765,0.9857036792695129,0.1262158064826139,0.11161463554789375,-0.03166363917874701,0.7894107549702961,-0.6130481823569691,-0.1654861644624827,0.6007497233716965,0.7821215373842653,-6.0398490844328485,-0.5722183469627802,1.298193424262601
1.7145567374304644,4.351850971118424,2.8888461770104836,0.9898222172106432,0.07931438346919145,0.11815755113875981,-0.016426698446741626,0.8884145567044457,-0.45874801254477526,-0.14135820419892997,0.4521380364562842,0.8806753397791435,-9.37163054061674,-1.0464410529101777,2.2605299270534034
0.9734045259732911,4.877548220975705,1.1550691771129131,0.9928428100331264,0.03180366996070243,0.11511594651722477,0.0030083605901124588,0.9569246698869743,-0.2903207294153542,-0.11939055378079824,0.2885891590804036,0.9499801013332754,-10.622205610474992,-1.2466634566939212,2.5635120203567303
0.21504079243851815,4.6214548854015005,-1.1277990037863286,0.9948294164556244,-0.03101109168534784,0.09670958766867635,0.03617157091278886,0.9979880476985035,-0.05207181683625811,-0.09490020870505776,0.0553007128653033,0.9939495870235703,-11.36851083484416,-1.3978146020146807,2.815018574227901
-0.32249817245785917,3.1432927189243434,-3.083992965835178,0.9936987537207126,-0.09372537441349527,0.06146821166223582,0.07984040721815695,0.9768024351407645,0.19870206863117834,-0.07866572461461312,-0.19254235091044444,0.9781304344905832,-11.490709922507646,-1.423702077780882,3.0293106452400727
-0.5333842882680668,0.8542442546107472,-3.8546486819280377,0.9888593509946404,-0.14831186287285378,0.012679719304593468,0.12854140135049713,0.893777436160096,0.42969640765304773,-0.07506192170008588,-0.42327944190837774,0.9028843901455061,-11.095818811244815,-1.3323080365007574,3.1043845432981367
-0.5153971007590656,-0.8985253621226319,-3.4476759010744793,0.9827719111916585,-0.1822714279984579,-0.030602240246406863,0.16594041151414238,0.7972810095445471,0.5803505592709834,-0.08138274018004577,-0.5754303766356357,0.8137915772762443,-10.427214987857662,-1.1776651326569545,3.074211567273095
-0.27804352298189294,-2.026322566017754,-2.5726702513288693,0.9710977051906147,-0.21772359829085872,-0.09780430318142398,0.2153846160332935,0.6227834899822828,0.7521636735323483,-0.10285287623452102,-0.7514899595821409,0.6516779315716609,-9.583168665170748,-0.9960533242132439,2.916927061229218
0.037011841221856204,-2.4372985446537614,-1.8992005365741094,0.9613002605428703,-0.2330034739224755,-0.14700744954004533,0.24523218973161195,0.4805123990050074,0.8420029735825697,-0.12555071564769826,-0.8454686366403606,0.5190566464826748,-8.438666622947972,-0.8026158117226038,2.5870847651333473
0.3788390253489797,-2.7935830103567554,-1.2718579529134615,0.9513117798674312,-0.24187506317178648,-0.19105588528256767,0.26814453836238455,0.3437569078328072,0.8999609407433463,-0.1520013290464422,-0.9073740365102314,0.39187747298772385,-6.942449852779989,-0.5289654060680574,2.163454039215834
0.5987426560479773,-2.990781626914604,-0.7652433082671466,0.9431593747637265,-0.247134682754774,-0.22220450574863504,0.28201060370060316,0.24137740109770903,0.9285510054055919,-0.17584201203273084,-0.9384356125057343,0.29735195978043955,-5.220633971917607,-0.23241259384540008,1.6500397596903955
0.7385904025639419,-3.1571856357774086,-0.22788094693704752,0.9373765168150545,-0.25250762015019584,-0.23992742129602768,0.28837418337458853,0.17625663310843326,0.9411556351891629,-0.1953601701645349,-0.9514060652798905,0.23803550756540595,-3.2782602934095664,0.07232731098449756,0.9948671422009395
0.762558767194033,-3.0546034499972388,0.15559001440045794,0.9338202924228945,-0.2609237274494984,-0.24474163910761268,0.28942009678344943,0.1488971228669913,0.9455504504677628,-0.21027522211872585,-0.9538073470338712,0.21455972526811395,-1.463985640973454,0.41713559437992626,0.37831240380569825
0.6320840377151644,-2.649073337735652,0.23548765672949357,0.9317205468188201,-0.27392352210038085,-0.23845906708649636,0.2869263987714865,0.15268054078633875,0.9457070868684528,-0.22264335679212527,-0.949554925481045,0.22085148668510496,0.1401532024306615,0.6572532416822034,-0.15631113534022084
0.3895335214251619,-2.124235300534802,-0.14674581807511783,0.9315608837180819,-0.28549061700161416,-0.22514312676700804,0.2832418598545258,0.18157961517998183,0.9417021249722425,-0.22796571837128543,-0.9410228216972887,0.2500153601128067,1.436982923072,0.7389151601938242,-0.5546400351359958
0.20983216481568087,-1.8195069914090531,-0.8924758465783619,0.9328399842997809,-0.2973878393585851,-0.2033962553569217,0.2781967775804174,0.23580190876574925,0.9311305025431714,-0.22894566306321937,-0.9251799461856387,0.30269778747206133,2.5561817532160083,0.821031760080739,-0.8904167949259789
0.23922918807918833,-2.112598283178354,-1.529355311227312,0.9350759049105531,-0.3064021074139334,-0.17818754341426798,0.2723298862030761,0.2992828543373771,0.9144759188629791,-0.22686887211852252,-0.9036301907705233,0.3632946368881556,3.7289231255405952,0.9659818222657277,-1.2857652598501244
0.31207636397490557,-2.9819570815010374,-1.8892411308171673,0.9387461415945073,-0.31534895421660414,-0.13896301204248646,0.2631234023252713,0.39550946739830917,0.879964963136077,-0.22253484399122578,-0.8626281344083321,0.45425867623745075,5.094497547756959,1.2135428448769092,-1.7363867812279006
0.16419962545392497,-4.031203561202142,-2.313733492893795,0.943635479374793,-0.3205692579811959,-0.08238587805255934,0.2502177829397773,0.5279770456640388,0.8115610268812654,-0.2166636636951565,-0.7864321903948606,0.578430001594777,6.582830641792253,1.507116348802127,-2.1691400959645217
-0.2890694484524898,-4.839753152096479,-3.1949304593293237,0.9485985231559145,-0.3160383422278717,-0.0167513613858037,0.23587508645579647,0.6707129230134075,0.7032120011008626,-0.2110066005031345,-0.6710170945249223,0.7107828595284511,8.050177051435098,1.7885459221322628,-2.5279565311228525
-0.9564457883696005,-5.410506285359677,-4.673698373588193,0.9534236420540103,-0.29702341086500916,0.052540005429992855,0.22058679546360735,0.805387277465645,0.5501752438665073,-0.20572997943801033,-0.512960453343716,0.8333947137256421,9.517110715520174,2.0157244083144445,-2.8624775719044067
-1.7928097429868846,-5.170260058857955,-6.748861444335843,0.9575763405162583,-0.26437860692240156,0.11468000821966559,0.20540400933950076,0.9052760809011902,0.37186611877857056,-0.20213051484313393,-0.33253446370256146,0.9211753825517154,10.560786680304576,2.1529424729632014,-3.102710752821673
-3.794955744800604,-0.08558348428394918,-9.68293178337777,0.9642112431712719,-0.15835558193704605,0.21265038963399707,0.173112327386345,0.9834993043579783,-0.05254750645133904,-0.20082031931304672,0.08747930039015067,0.9757143902568288,11.07720508187457,2.1463388417628924,-3.195924630937558
-4.196132114515632,4.017101233093989,-8.440060818846543,0.9678114686244618,-0.08031052642678102,0.23851872157970483,0.15356788420281933,0.9392859384717642,-0.3068531093710547,-0.1993937464927946,0.33360477384814,0.9213848211932395,10.619561382771785,1.733132466084333,-3.05606984597315
-3.840528042777549,6.646371816518068,-6.020571313513498,0.9701913774537088,-0.015234371073101993,0.24186071415689517,0.13710343878443293,0.857451978004745,-0.4959624506847584,-0.19982827174341342,0.5143384288129323,0.8339812003026711,9.872118143619003,1.5028523614815041,-2.8741472270229407
-3.071589639714404,7.763443896280659,-3.4801124376772705,0.9721187299182883,0.04273687869875192,0.23056177944564699,0.12038435985844721,0.7528232974760726,-0.6471203046410479,-0.2012281810371669,0.6568338008783802,0.72668877601084,8.85241167657618,1.2454727468829747,-2.6869167236493317
-1.0551342944084978,7.1344466705497815,0.5649088473921959,0.9741132109009694,0.13742142478013775,0.1794959731013525,0.08625188109516341,0.5080158085840527,-0.8570184077581035,-0.2089594825695887,0.8503148183114811,0.48301205409819953,7.631732809018068,1.004127275667393,-2.4642690341290567
0.050971978817121344,6.048081804069261,2.029525377332137,0.9743839408857317,0.1644030863346056,0.15345214546446767,0.07108545246409835,0.4222039112067709,-0.9037094200071599,-0.21336071379700225,0.8914681612740638,0.39970204308043344,4.616414532837575,0.5985507386834494,-1.7786103069123793
1.174656117426171,4.608295387535512,3.4435265173033915,0.974337176909251,0.18247603998942702,0.13179362853449622,0.05773188624509392,0.36333687023683103,-0.929867381962119,-0.21756400208466303,0.9136130546113492,0.34347793443047214,2.8534664827883565,0.39365105946319556,-1.2823495702247087
2.0809319448474706,2.9273196644692203,4.640781488391172,0.9743492027226537,0.19092959964001963,0.11911976802794716,0.048159142629271554,0.3401554661720173,-0.9391352170025937,-0.2198279512139973,0.9207823558336673,0.32223520144524437,1.2734296455360348,0.20213814166515365,-0.8479442196677183
2.6624093110698324,1.2995461410251172,5.253079919694451,0.974540456183137,0.1956539921944599,0.10950075159894741,0.037599014553508836,0.3388555989038479,-0.9400868030113588,-0.2210366787819822,0.9202697422114255,0.32287209263599465,-0.03576077772741969,0.05223891390100929,-0.46204703906474387
2.930920861933371,0.23473124513326105,5.0617837205656455,0.9748378712551512,0.1950567899480582,0.10790724471454746,0.03136010191304157,0.3592561887106257,-0.9327119249163252,-0.22069813949086609,0.9126268895711287,0.3440995374263036,-1.1083406223460588,-0.05628922594310759,-0.06364507108227765
2.9094134393673357,-0.06991934742707118,4.439166623568079,0.975395006729762,0.18980974643262055,0.11214651579889959,0.027674601139735657,0.3992440781810047,-0.9164269106094353,-0.2187205918481502,0.8969818427351708,0.38416777129922175,-2.1567621740589984,-0.16714537327900233,0.2961214700184547
2.6788776929368803,0.30611175218376085,4.044578500093403,0.9766664649398328,0.17698577009808686,0.12164971617196044,0.025883507251587817,0.46530637891552945,-0.8847711669086376,-0.21319629526398534,0.8672750491760405,0.449868123745623,-3.4917547890266385,-0.37044022502628404,0.6835489394101829
2.3612354855828994,1.2582504948016948,4.0369340415404595,0.9788900795507145,0.15388704983349794,0.13451017824216643,0.026930026815296756,0.5552660545012438,-0.83123665846397,-0.2026054930472624,0.8173116814362575,0.539400249883991,-5.10013680829987,-0.6776348725423755,1.1377699846543572
1.9429722913876954,2.6482591566445537,3.9488815018668695,0.9819366595275286,0.11822384712328482,0.14772785332255273,0.03151916258098711,0.6676466291371997,-0.7438108099455971,-0.18656617878413229,0.7350313602650587,0.6518603841013684,-6.9255869847037195,-1.0208079082100137,1.6075488199653705
1.369362770462998,4.141125996009852,3.2722862280663296,0.9853799424335817,0.06786941337875949,0.15626935648813264,0.0425728134897862,0.7900419705550756,-0.6115727596231003,-0.16496643477130712,0.6092843568392954,0.7756021195882391,-8.742582643887236,-1.4189113739069332,2.1198092136165894
0.6012853582362164,5.381862337788657,1.7302649459188428,0.9884154421276095,0.0031678049643249634,0.15173950960574245,0.061596814638091475,0.9053680706604069,-0.4201362743861691,-0.13871101683040118,0.42461585184771156,0.8946846551548301,-10.334525185853895,-1.7983031384161978,2.4978223221362694
-0.23910135580036088,5.862144979550264,-0.518059056990646,0.9894013736132586,-0.06202469383439353,0.13129302817342423,0.08786324869186228,0.9755938903750015,-0.2012376967475991,-0.1156069696061176,0.2106406855707519,0.9707036263251377,-11.42106933297843,-2.0424363331272763,2.8093740667244482
-0.9196102628602708,4.995420915834802,-3.040068712139785,0.9877742675662182,-0.12386308122757252,0.09465692495973856,0.12155417505370761,0.9921372605960947,0.02980333310028191,-0.0976041948946581,-0.01793302109756159,0.9950637305686902,-11.990830918563182,-2.2264276682016138,3.082861281788707
-1.1778457417901613,2.7484992931425527,-4.762651409358725,0.9834544108092425,-0.1743937403339325,0.04903310302425984,0.15815763947285827,0.9585404918533288,0.23703646671756798,-0.08833789071638577,-0.2253595988856844,0.9702625769624748,-11.929301120599579,-2.2352006731909237,3.2681008173670096
-0.9880838052476897,-0.08860368754077452,-5.12769371407739,0.9742612891242999,-0.22457972211358201,-0.019465069464162044,0.20711531087582954,0.8577124565568001,0.47056624386807105,-0.0889842037367687,-0.46248598928257656,0.8821499425849603,-11.48031008256004,-2.1118072755599178,3.327676897653515
-0.7202917990243434,-1.5940567049276824,-4.508064035855223,0.9666459057128742,-0.247365849995249,-0.06637642069791125,0.23727656329985145,0.7673805579086126,0.5956734943343333,-0.09641330549851301,-0.59155491342731,0.8004793931906411,-10.821203561232347,-1.929121548303049,3.260541165503374
-0.26056909778181536,-2.7846659026829528,-3.494599912297458,0.9514681040394173,-0.26999710982514946,-0.14768211700034606,0.28349921008468726,0.5822745411025949,0.7619609941887562,-0.1197357293250259,-0.7668493460059982,0.6305596210138863,-9.849985218376647,-1.6914858661965197,3.0578369095234104
0.20296739764501587,-3.39896123284806,-2.491479699689321,0.9410813814279234,-0.2747506228638709,-0.19717486849400284,0.30779255640082476,0.45431726097837105,0.8359782106020185,-0.14010558787556338,-0.8474124861087571,0.5121157121520656,-8.40625059306129,-1.3630138972045915,2.6608542391131795
0.724358651779666,-3.8515309664731703,-1.163649805044327,0.9280425198154227,-0.27478184762857744,-0.2514597733802903,0.33137958756528696,0.30084579472366235,0.8942479391880896,-0.170072485604526,-0.9132287468158853,0.3702547847488065,-6.555884022498642,-0.9135896301898667,2.133433964916431
0.9939761881470937,-3.798735418857912,-0.1626983119183747,0.9198438607430762,-0.27321880824842865,-0.28149379153470083,0.342472318666181,0.20935297334329112,0.9159061324719526,-0.1913112197459486,-0.9388944644482844,0.28614192602218524,-4.590347089104744,-0.5019568660786055,1.509817772289449
1.0323916455450792,-3.3606108196402156,0.4178960795699451,0.9142850256995386,-0.2751477084555252,-0.297282071967464,0.3467869538431004,0.15240453358321412,0.9254791552420311,-0.20933633326734774,-0.9492452774046102,0.23475881857605613,-2.767279293680652,-0.058824377314036225,0.8393313788225297
0.9447260716013779,-2.674861742554243,0.7087684162387439,0.9110023756045497,-0.2814510340811583,-0.30142990405318915,0.347217494048413,0.12908205776142762,0.9288583499063853,-0.22251895081005563,-0.9508538992814413,0.21531878401957844,-1.1670986244878063,0.29472067551382625,0.30024883130068597
0.7727756546285242,-1.90665418241508,0.6479098983022011,0.9100862331756826,-0.2914496636998107,-0.2946186377562789,0.34430672766379905,0.13609779875822967,0.9289403998419964,-0.23064241905934021,-0.9468550484115459,0.2242088130025758,0.2914488828961539,0.5455108292979756,-0.22833391045676565
0.5195648438632238,-1.2885355505223206,-0.0016825343169366014,0.9112685546640346,-0.30214019304514184,-0.2798230244764842,0.33935277605006603,0.16599674062816003,0.9258967412665077,-0.23330091013032064,-0.9386993053408909,0.2537997231773357,1.39144856574533,0.6685421398055147,-0.62696688783919
0.40935203043748536,-1.261932053417028,-0.7846654567903795,0.9142724381312659,-0.31381726312848957,-0.25617305524987594,0.33243954093633543,0.21985177852649035,0.9171418358687902,-0.23149483902573254,-0.9236795552794717,0.30532968847324166,2.505150650160405,0.8247543731484877,-1.0096278732634019
0.5245766152328747,-1.953398161137576,-1.3047167136321538,0.9175414882109646,-0.3228934392550298,-0.23207206703450534,0.3259322541389125,0.27638233468000334,0.9040912403008643,-0.22778451028008134,-0.9051809940353854,0.35883364518056904,3.6732016262497535,1.047568334598834,-1.3990815455347199
0.42397931045522413,-3.907393203002233,-2.5664523387689315,0.9302557529852737,-0.34560507578108235,-0.12321268454244047,0.2997654851641578,0.5222384275855103,0.7983781551729157,-0.21157714418646303,-0.7796307820676179,0.5894157749081159,6.405756833125307,1.7308718207952,-2.2306626004313745
0.0556720667636198,-4.6263443818594245,-3.6300733045779077,0.9366186286956109,-0.34489981207044956,-0.06156024702779675,0.2833694834203589,0.6424385146867936,0.7120214116956757,-0.20602737741968533,-0.6843368136238137,0.6994539622253719,6.405756833125306,1.7308718207952007,-2.230662600431375
-0.5271204949017791,-5.26793367310581,-5.22945174329828,0.9430135064480811,-0.33260741073473954,0.00989125779809423,0.26483410073089797,0.7681953404009686,0.5828711848052657,-0.20146569372117043,-0.5470358574267059,0.8125043661069619,7.798091085457387,2.0552988046288605,-2.5806456754056666
-1.3848268758149567,-5.447894705818346,-7.5644439717089424,0.9482604372348131,-0.3067943594980767,0.08172737702512729,0.2483297659325718,0.8770844957274746,0.4111631242054099,-0.19782434260504028,-0.3695943835269214,0.9078906988940014,10.663571904116235,2.684379810427539,-3.198571143408776
-2.7226357401671355,-3.800970157443766,-10.16789515639127,0.9533043235954664,-0.2575306076214352,0.15776201302064502,0.22795943344559064,0.9562297385566041,0.18346439382924287,-0.1981044252846386,-0.13893406075581702,0.9702844755248544,10.663571904116234,2.6843798104275383,-3.198571143408776
-4.740925449945257,3.637562291605579,-10.21981992945268,0.9593477910336886,-0.13530483612605881,0.24767805142903554,0.19737856176554072,0.9489274381213859,-0.2461268383085183,-0.20172634729789296,0.28500757621733713,0.9370577155674928,11.54934979624977,2.6713310243691235,-3.283757022202771
-4.614252004100688,7.296645212353905,-7.2024837458450275,0.9624693949454396,-0.04801773536128888,0.2671085189284203,0.17876540961092335,0.8527046778121982,-0.4908540116611372,-0.20419498554078103,0.5201817274068421,0.8292860654515025,10.327156996638235,2.125016249044009,-2.9635598158602847
-3.918573701259726,8.538359596039989,-4.497679110771395,0.9643994168124709,0.01576552276947471,0.26397956955713997,0.16471509827223474,0.7451317705693322,-0.6462565905964732,-0.2068881370522142,0.6667308998239208,0.7160078253532212,9.357861284188452,1.811279133189982,-2.743313476459004
-3.0054025535161606,8.467813707095754,-2.3774780725056153,0.9661146901915294,0.0739485742129068,0.2472933759080601,0.14989937717560586,0.6192110250579991,-0.7707839406532708,-0.21012515822359867,0.7817348110571118,0.5871440224195499,8.202479824801351,1.4979583720394194,-2.509664824118476
-2.0788117646955415,7.737336333838594,-0.7465629857146148,0.9672863244395536,0.117253883696917,0.22496375999304896,0.13662123755927402,0.5064257779154115,-0.8513915485313089,-0.21375641276928442,0.8542742289339874,0.47383935862193677,6.8724075534708575,1.2127475243353083,-2.2171629088969587
-1.089774970897136,6.678154974181407,0.8802118763238238,0.9681891080573114,0.1510290301900523,0.199499581651295,0.12358213405982522,0.4046431017068293,-0.9060857665708548,-0.21757138410280163,0.9019169542041705,0.37310655386720726,5.30497456907778,0.9031304976378536,-1.83140770606581
-0.05735223440551529,5.209288204479563,2.2848484606515598,0.9688237285875394,0.1714631093849611,0.17883228188942893,0.11296462073153096,0.33669999145848145,-0.9348112698373064,-0.22049847479908036,0.9258690608676253,0.30683367601907824,3.5910727306668204,0.5944047685265531,-1.3775220825699417
0.9281472237357105,3.3042240100609406,3.290654262162128,0.9693461993511119,0.1853342755355819,0.1613045322216868,0.10213078049136187,0.29316950228038124,-0.9505897888200232,-0.22346643926948287,0.9379247567072605,0.2652544085888952,1.980541466524961,0.3618543978307306,-0.9722143754663579
1.6377142949814711,1.3589052923571299,3.574910509781244,0.9694800171256689,0.19299996597202973,0.15119361603192702,0.09407673581828574,0.27663213985384066,-0.9563598836095433,-0.22640243852880854,0.9413955982129296,0.25003252487132377,0.8249091146856283,0.24767244739549799,-0.6418180957263577
1.970581302988042,-0.010446723746485809,2.944104541707233,0.9693442471801935,0.19788327385488114,0.14565006140451822,0.08780193374277509,0.2746706300325839,-0.9575212088661693,-0.22948322572618501,0.9409560324085163,0.24887586099163536,0.03397355235674755,0.15621633659105644,-0.31967127793181543
1.9113463498440908,-0.6011425798701946,1.6363769495152094,0.9689225404077277,0.20067275552376754,0.14463594256040008,0.084288908140456,0.2818771389726715,-0.9557408950594656,-0.23256072465987654,0.9382301016888548,0.2562026261196285,-0.4119347138846691,0.1262772026907254,-0.0877008873758032
1.6391793878120686,-0.7221426192063627,0.3943774355243755,0.9682955182572335,0.20219606657378109,0.1466988070334886,0.08259214445379494,0.29509782553493313,-0.9518906507782683,-0.23575904435987416,0.9338276200812679,0.26904209517448047,-0.6732015084245844,0.10327226137754453,0.07719166867020386
1.3961065020878538,-0.6647424104535199,-0.1787701933028112,0.9674999562636817,0.2021152169437082,0.15196471205373285,0.08285000399592532,0.3144229975870466,-0.9456606449600453,-0.23891360670261405,0.9275169096400202,0.28745898988234037,-0.9587180974721854,0.07699962090585571,0.24807712856627814
1.2336701062749587,-0.5388955915996896,-0.10802506544518528,0.9667635239954533,0.19903433197832807,0.1604793549520794,0.08478772025249846,0.34257390617942035,-0.9356570746268931,-0.24120392029624826,0.9181658093715502,0.3143122895064834,-1.3330544008810146,-0.004881359992208172,0.4245032593806783
1.1269007982909591,-0.43330823109895766,0.3273020656224363,0.9666202863082769,0.1918137563278763,0.16986084004471683,0.08699873985462026,0.37785425729262734,-0.9217686149514653,-0.24099054205718307,0.9057779215289069,0.3485540352796949,-1.9664971007938592,-0.1867002823789744,0.6145026225702902
1.0256748795033521,0.12335560939663859,1.8606015808790795,0.9675015605285611,0.16351466255736366,0.19288256920611724,0.0919498842224843,0.4830697531572006,-0.8707403932149415,-0.2355545566663334,0.8601782191577465,0.4523355857329107,-2.8518899024078537,-0.40629575244230504,0.8324021591539373
0.962323527281632,0.8398500998177807,2.743328994739614,0.9686230848809916,0.1401757226921025,0.20523178653264296,0.09440716882776787,0.5563535897496238,-0.8255652425136553,-0.22990564566699734,0.8190369038941122,0.525663337270147,-4.129059311025629,-0.6870032718842165,1.1186232416244613
0.8380482372213192,1.8900027827033077,3.3094008913237887,0.9717014245806109,0.09600450690220802,0.21582278870053834,0.09600709694896074,0.6742905299247066,-0.7321986879183061,-0.21582163655075512,0.7321990275248397,0.6459919545073556,-7.559968473514375,-1.4901510382403134,1.8216606804953075
0.6050593414383618,3.175860846856988,3.227705984791549,0.9758275080556397,0.03524761406760895,0.2156809686190775,0.10155109109981594,0.8007548157724529,-0.5903211845374174,-0.19351498758070274,0.5979542881523336,0.7778191427715552,-9.06225412998027,-2.036966652953155,2.1825128591498766
0.1870436749615087,4.490785657843142,2.2594828974535126,0.9790898223379432,-0.03236186067294844,0.20083781956604047,0.11471829398515045,0.9031441967248239,-0.4137272929689396,-0.16799652621228028,0.4281159537976305,0.8879717885634387,-10.131912865303333,-2.4471962982157853,2.557999609144037
-0.5269050554883561,5.437442799192013,0.1967343822860681,0.9803762393678013,-0.10938349456811972,0.16400512308801724,0.1388338255699764,0.9737315104632958,-0.1804774623283249,-0.13995570070795588,0.19970527445947095,0.96980936538704,-10.836889775021453,-2.7005760756885,2.8196954185810426
-1.2519260049415024,5.275228550512796,-2.271120518731444,0.9789625757389965,-0.17012079882604123,0.11265517790701549,0.16678146527366933,0.9852419103920408,0.038500920095599245,-0.11754240997886461,-0.01890216426311178,0.9928879544251362,-11.22867771986805,-2.945550975355808,2.9646527544351584
-1.6665842398383552,3.7301138902105446,-4.49239324254472,0.9739829863695405,-0.22309468376921962,0.039823414426512146,0.2043557314896622,0.9405816946809405,0.271191464907089,-0.09795854873362919,-0.25599772988259173,0.9617012452029795,-11.232554964963208,-3.1011188016923223,3.093810325151645
-1.5094404813240205,1.4430647515606352,-5.5403455524930365,0.9657625707420032,-0.25679310512758313,-0.03687760991080621,0.24384892203117825,0.8500327122225001,0.4668855227739349,-0.08854580835946826,-0.4598931281402163,0.8835484992411992,-10.800863232925531,-2.990119262383318,3.112989809085297
-0.9827586884496062,-0.6698177409141168,-5.330211699998689,0.955166525084506,-0.2738552585158681,-0.11251758414220958,0.28241236647827606,0.7286567632209163,0.623941164431836,-0.08888287021767323,-0.6277440710955575,0.7733286601350324,-9.933427813944986,-2.7034871055425818,2.964677906004746
-0.47134552385277473,-2.010708854177148,-4.453852910927219,0.9440404768664569,-0.27820954567344724,-0.1771638414968726,0.3154293877925521,0.6045461485778019,0.7314562567621937,-0.09639439482962836,-0.7464069955030705,0.6584715010609872,-8.583804034422029,-2.2786913208496964,2.698282801317635
0.038922315930377316,-2.9030462331959175,-3.4971371200595147,0.9320648817166689,-0.2757608086050373,-0.2349702804781706,0.345468005690552,0.48116178572202734,0.8056892657873633,-0.10911880367144054,-0.8321293844098323,0.5437405394919785,-6.823007108721592,-1.741128854007521,2.3111852854668316
0.5122648387745634,-3.4855666094462423,-2.758900905026524,0.923653243877737,-0.27395956347233497,-0.26797545159246167,0.3635355075595179,0.405085376763795,0.838896759008864,-0.1212708531246451,-0.8722683045452142,0.47375245125301346,-4.839192096193084,-1.0546198030818235,1.781690089918099
0.875493759658051,-3.863343392420079,-2.0734761674515045,0.9161148344463156,-0.27401005602832723,-0.29266379909847945,0.3775948829021754,0.344366019460304,0.8595546224918786,-0.13474314273273444,-0.8979590936320091,0.4189436139268475,-2.9725798872566207,-0.4864809246292532,1.1556243811738491
0.9871135427380182,-3.853467699759666,-1.430073841826894,0.9112060021049596,-0.27745511537879297,-0.30450333442844185,0.3858638128903994,0.3159866027493331,0.8667534740539642,-0.14426621097672548,-0.9072877855636967,0.3949887777359542,-1.3180832957419708,-0.04926894322235692,0.6366486423601405
0.9374045567225663,-3.3876838021739886,-0.8500455224303898,0.9086402140254732,-0.28462865595249287,-0.3055478516802596,0.38986321450903283,0.3160981335376401,0.8649211778807951,-0.14959824674249256,-0.9050240318271655,0.398185718461718,0.07618535424304033,0.3478902570904296,0.22428157576208674
0.8025763462812262,-2.55149279031514,-0.6654321125912872,0.9078137762399794,-0.300348357718207,-0.29268585836163463,0.38984961833598336,0.34716033634256366,0.852934332732482,-0.15456850504613928,-0.8884090076572247,0.4322476285201662,1.2834429597258583,0.7647833527005385,-0.21549863584882883
0.5947651951773503,-1.675659094552286,-1.1210022231627816,0.9094164323611729,-0.3139599116586876,-0.27274700075848257,0.38543268160951677,0.38992114033225245,0.8363032657291797,-0.1562158778702565,-0.8656735401947236,0.4756111030116519,2.3025860100077304,1.0763863002841783,-0.6459233772097951
0.2827924967507782,-1.1288600239728144,-2.1534471941306643,0.9126409345384965,-0.32772795670846394,-0.24429676828889338,0.3780580436112529,0.4494989450102826,0.8093347972844571,-0.15543049979181556,-0.8309904240280623,0.5341313273981675,3.253665694672941,1.318911695440152,-0.9739968967899715
-0.039439435140959156,-1.001486993818162,-3.417406294630341,0.9169739313139667,-0.34105361476370877,-0.2069812579612435,0.36855076240700907,0.5255473421434517,0.7667922317650098,-0.152738812421149,-0.7794115876881494,0.6076087821597181,4.09811774609087,1.5291710282400586,-1.1958565617710426
-0.2281525171219977,-1.107894221205414,-4.4185578349314305,0.9215600610136208,-0.35085886917693876,-0.16620802587256,0.35814713409476767,0.6030414266231836,0.7127914618708464,-0.14985888123257116,-0.7164070712214916,0.6813979923800535,4.85361354777083,1.7521077373897154,-1.3996944077199192
-0.43373287225997353,-1.1565792822308516,-5.0268191377365685,0.9271035064689447,-0.35793622614431686,-0.11117889326016048,0.3443299373062054,0.6962233641293011,0.6298491259938223,-0.14804047611276414,-0.6222175546013171,0.7687192804777722,5.6510576423640675,2.0554655008483427,-1.6088595748811092
-0.7669489747678695,-1.3304921112390442,-5.468400482558287,0.9322398994713107,-0.35802593969647,-0.052404163366876415,0.3302357510267103,0.7826480050479372,0.5276423494549193,-0.1478956340719591,-0.5091949790590471,0.8478486626300182,6.623589796845942,2.395090474956301,-1.8261892149137167
