-0.16874442054905883,0.2556035259119562,-0.05726514349899913,0.9999905808813242,0.003932928508870083,-0.001835816433084664,-0.0039327794829725595,0.9999922629990317,8.477979590636776e-05,0.0018361356622474394,-7.755913615287894e-05,0.9999983112937793,-0.004460449,-0.10089111,-0.21611938000000003
-0.17580955178804944,0.28257066955745397,-0.0802279987423824,0.9999552986240883,0.008622333077836643,-0.0038802224041203856,-0.008620285874639299,0.9999626966636704,0.0005440152202890973,0.0038847683393077523,-0.000510542275679561,0.9999923239313063,-0.021531827327729285,-0.09880694478782333,-0.22645244406148035
-0.20394945783947135,0.3327530926216898,-0.12313318300553543,0.9998953006790553,0.013255182297874181,-0.005804121138622,-0.013246599064449643,0.9999111125878949,0.0015147727433651548,0.005823683814167605,-0.0014377292820427206,0.9999820086588279,-0.048784476240226325,-0.09921520273794106,-0.23824017878528506
-0.26254232717408815,0.42595063158795454,-0.19537356450954463,0.9997947563749581,0.018534859046661193,-0.008179494193326168,-0.018510437933248663,0.9998240110516533,0.00305132956314645,0.008234610656102936,-0.002899297277614749,0.9999618919052058,-0.07407467338124392,-0.11792372633018672,-0.2605550984668383
-0.32731841792056166,0.5620519945410702,-0.29970916519790924,0.9996480854468646,0.02424058586576577,-0.010774936626374547,-0.02418719510525175,0.9996946509707981,0.0050581037271504965,0.010894257907651955,-0.004795708212408753,0.9999291556542309,-0.09992944757328427,-0.1339982885487637,-0.2915170385558475
-0.3686898162339326,0.730906253323267,-0.4282223157691127,0.9994203031295719,0.031113824731979066,-0.013819826443996451,-0.031008827849164596,0.9994890800738073,0.007747993845836798,0.014053835341833578,-0.007314965738944971,0.9998744826169047,-0.12663690691495147,-0.1501233310558546,-0.33325085420496603
-0.40377836363358544,1.0849406253838763,-0.610218071297379,0.9985334730751024,0.04988139715952725,-0.02104161034681064,-0.04955404122855867,0.9986464229808428,0.01580249554614164,0.021801379463047964,-0.014736623934301443,0.9996537059244703,-0.19164745625179366,-0.18454345141391587,-0.4636767925555924
-0.4067052854137245,1.2565431045705349,-0.6534627070988235,0.9978404708245744,0.06082574368847637,-0.024791605219015758,-0.060303940839618216,0.9979532298808617,0.021278761466959922,0.026035158993245627,-0.019737777866308297,0.9994661528141396,-0.2638967961708621,-0.1995404768355421,-0.549844684016867
-0.3981459276798607,1.4645881815341204,-0.7167923206059137,0.9966010278374781,0.07693074381369538,-0.029462721692908575,-0.07600789123078826,0.9966171371238784,0.031258318279346886,0.03176777902105963,-0.028912672779870443,0.9990770068261974,-0.38699076100355756,-0.2064545893129273,-0.6492329153752991
-0.38829205590117205,1.7428853649008371,-0.8223369206162734,0.9951489319930075,0.09263809378298084,-0.033117770659150746,-0.09116279085591686,0.9948817994197419,0.04358383584193129,0.03698579073829325,-0.040353299290041986,0.9985007073206668,-0.582535814606469,-0.2086626510824457,-0.7681392042634205
-0.3562717561330627,2.0462807697469407,-0.9523823005565352,0.9931227614068,0.11135769819490436,-0.03614752866330767,-0.10902969113292293,0.9921645678288731,0.06100816991522051,0.04265802652715518,-0.05664744828920003,0.997482510811659,-0.8161843890954974,-0.19481387799062966,-0.9051896154994974
-0.31649355511256505,2.3407965646122517,-1.0550128391105638,0.991288907676056,0.12623772113513893,-0.03755448416658471,-0.12310688440657072,0.9894448761606125,0.07644299870633685,0.04680808188890663,-0.07115388114584256,0.9963664630384571,-1.0491868832731397,-0.17113565419807547,-1.04412220623191
-0.17644099629541,2.552263130316814,-1.1378509870146423,0.9830822681246315,0.1797733141821989,-0.035082896215650375,-0.17305182663391777,0.9743715828274787,0.14371180841161893,0.060019325201089546,-0.13520937129586028,0.9889975260414884,-1.6300033710957904,-0.08709862587254552,-1.3418105739622799
-0.01378018331225661,2.6384716654837312,-1.2461414970240139,0.9706173328113072,0.2399238197769427,-0.01839983559450002,-0.22857873043033725,0.94320766421411,0.24106236986020385,0.07519147053435439,-0.22977350341456615,0.9703351894512938,-2.4653903004555406,0.11462884596150154,-1.6059657471019695
-0.0070946611137100435,1.8582783694662461,-1.2469765516194882,0.9532456919893224,0.30173796268541936,0.016638887530418582,-0.2877137531978927,0.8893443180394034,0.3553694981168339,0.09243076827863911,-0.34354167992469387,0.9345778015927515,-2.9893081717105003,0.355576860367221,-1.792540658565543
-0.09821355978213664,1.2035896459404285,-1.0059390276206286,0.9427457774387571,0.3311370487432321,0.03973227996246347,-0.3173142786335631,0.8538948339908425,0.4125230430642788,0.10267447441625722,-0.4015119766997912,0.9100802628724416,-3.079518421843922,0.4555064578772753,-1.8402958402444172
-0.33383121959919815,0.27781064723762483,-0.4340190198584417,0.9204173533670159,0.37804726790928556,0.09955982546781822,-0.3716142065166705,0.7670001840384784,0.5230808725234806,0.12138689029645186,-0.5184505578271329,0.8464480149146152,-3.224452343229255,0.7007207503014258,-1.8141886824516704
-0.7174471370757973,-0.39249577649974804,0.0634103306002729,0.8989086529874061,0.4045931747781526,0.16812970144297007,-0.41603190383746314,0.667864356513944,0.6171504324616417,0.13740701792027477,-0.6247091837176326,0.7686727178748491,-3.241490260767435,0.955919053082755,-1.7016418520114374
-0.9298141402289075,-0.6391716137400973,0.39052210016169386,0.8881380711008061,0.41203580148437025,0.20356145253085586,-0.43597372345030166,0.6152473624187209,0.6568086445059071,0.14538802950112154,-0.6720842070246406,0.7260613882763922,-3.1182128093941825,1.0301804478029586,-1.6340401981074844
-1.3587128351568742,-0.9337332661798429,1.2062064665141647,0.8671945667061708,0.4196061028360071,0.26814977519676353,-0.4719595182923488,0.520804526032065,0.7113486197060976,0.15883260549569334,-0.7434334967751283,0.6496759494580014,-2.4154036778122707,0.8765290728291831,-1.4165134074029648
-1.4339187656324275,-0.8096921775002409,1.3048440979217488,0.8574653841388213,0.42091046267439697,0.2959518498250829,-0.4870955871652665,0.4786747485100742,0.7304850266110465,0.16580411324146205,-0.7705224640138938,0.6154706560691345,-2.118468119691305,0.7660137230207846,-1.2933395413375233
-1.3229902715795923,-0.47991034937474264,1.0054436186556543,0.848462583947002,0.42040337300373903,0.3215155480051552,-0.5003191294642503,0.43899468964512095,0.746300496553177,0.17260362781271688,-0.7940684267936,0.5828064183203775,-1.9684091573398492,0.7296529030629828,-1.1872315629964842
-1.120885170752853,-0.1394896622999861,0.5819781230768208,0.8388077246550574,0.41790593977597806,0.34893584877303974,-0.5136725970709356,0.3951334751213898,0.7615838757857825,0.18039419080836627,-0.8180612216322508,0.546107840617716,-1.8716069489561784,0.7098228302124465,-1.1028093318888499
-0.947704579929143,0.034971470914572644,0.36256572476868054,0.830940270424947,0.41551524538699325,0.3699801992500441,-0.5238920891386036,0.3605109577340849,0.7717311243507301,0.18728413153309292,-0.8350921686883668,0.5172482226854492,-1.711323899406378,0.6240727262935829,-1.0284640258279687
-0.7758075967990262,0.11786557152961338,0.35338844610301107,0.8221840260746498,0.41375413431809344,0.3909231939938642,-0.5345566888590589,0.32522972183810545,0.7800479308537056,0.1956082147143069,-0.8503135565000677,0.488573722142819,-1.5246537266595819,0.4946341140754844,-0.970096714524647
-0.507520977331828,0.23093733210674258,0.35147134266732505,0.8139316739245916,0.41293962359570846,0.408651559946792,-0.5439554259466809,0.29465124035704116,0.7856800501089624,0.20402873514649048,-0.861778111708978,0.46444672613103005,-1.3787277007701684,0.38302843991865365,-0.9236677191817149
-0.1359679697016833,0.32312808698599615,0.3253692387339435,0.8056966352906798,0.41177739880144354,0.4257843417947564,-0.5528887532359504,0.26489934064086806,0.7900268133887794,0.21252519480398818,-0.8719333192190504,0.4410956000791406,-1.3090049470233496,0.35631532216861606,-0.8940929782325941
0.2881990142205017,0.2838503019772183,0.3218366516639841,0.7965311285709255,0.4089296102169498,0.44532542607102626,-0.5624018132230533,0.2308047656670364,0.79399833792572,0.22190620023097443,-0.8828962192880873,0.4138259347429221,-1.3137497152768245,0.39398868264855036,-0.8840357183157659
0.8364518120496061,0.17242154023371137,0.18303613260458387,0.7866908007925023,0.4035330541504224,0.4672030159967757,-0.5719355019040823,0.19151211544180557,0.797629545152842,0.23239484850180456,-0.894697817057266,0.3814556993187898,-1.4320175292571764,0.47148248563952766,-0.9149467488944472
1.5516451752007963,0.03524995534815628,-0.1448882482634879,0.7799039503158152,0.39688894135077424,0.48397210303409843,-0.5784710195474551,0.16180666110942854,0.7994935171496678,0.2390002255762831,-0.9034919881515722,0.3557824047369488,-1.593526222810795,0.6505732591338624,-0.9936134027653843
2.1510768082707483,-0.22316437113197143,-0.36619785319176934,0.7704687489395853,0.3837068366731725,0.509064799802282,-0.5879833082438617,0.11923818778720859,0.8000361765569268,0.24627938633607602,-0.9157244771564699,0.3174825125931136,-1.6834043998091595,0.8348290799578735,-1.0910769182328122
2.328309580627418,-0.5605546016082662,-0.241579186785994,0.7633906964790591,0.37110415165805266,0.5286930613800165,-0.5952570302152069,0.08636709596307604,0.7988803369180373,0.25080612534104735,-0.9245660784157412,0.28683419275663313,-1.7322010801153276,0.9723789688847125,-1.1460337874766435
1.8683024460769226,-1.032171888620218,0.6249089124845417,0.7476510042844375,0.3358436634974217,0.5729109961251418,-0.6117985425552417,0.01277529761109164,0.790910446952264,0.25830315352266603,-0.9418311024061476,0.21502012794310138,-1.6004872030707495,1.0247266453540773,-1.099188543626134
1.733073201781178,-1.0827864311281272,0.9165547358926356,0.7398269191283614,0.31408405428555286,0.5949851566018993,-0.6198293465350453,-0.025753338255905818,0.7843139337934878,0.2616633541537213,-0.9490458220824891,0.175625501225755,-1.5167550167154036,1.0486370346015155,-1.025481011161438
1.7287563053769572,-1.1399922325015537,0.9511822763862495,0.7329375138378624,0.29105057590521993,0.6148919930153691,-0.6269505238578948,-0.061873846082403844,0.7765981379100017,0.26407506781876305,-0.9547047655878814,0.1371246481136964,-1.415388618225756,1.050198340218321,-0.9422914762230283
1.670868372501145,-1.2593779402396015,0.8312575936875889,0.7264904022477539,0.26716289172727337,0.6331158541103024,-0.6336431942096917,-0.09607357389089952,0.7676367440603455,0.26590975513063697,-0.9588502790758063,0.09948941874698902,-1.235550945466029,0.9633274490564298,-0.8276624324394488
1.414652621951634,-1.347951553592062,0.660562660086996,0.7232176696438344,0.2538889244077199,0.6422589947817254,-0.637139709456565,-0.11354634526509036,0.7623386505422276,0.26647550159169453,-0.96054549165567,0.07964399231218196,-0.9877364229650845,0.8156551838940349,-0.6728215464721581
0.4071009753891539,-1.0728646309234238,0.863767783836588,0.7212663111285711,0.2363318169839936,0.6510930660911903,-0.6405201035201467,-0.13021900791518404,0.7568203267382064,0.26364541607531017,-0.9629072033475659,0.05745269640188533,-0.40790415693182236,0.4690668114939127,-0.2790245773088462
0.04577160072506853,-0.741321961678028,1.0585242480409172,0.7219803340974557,0.23025263652794303,0.6524784445086727,-0.6404157437138026,-0.1346193077023434,0.7561384246268924,0.26193906234088665,-0.9637745407332949,0.05026492071320084,-0.2045266116763093,0.29586394614340683,-0.06748916829969005
0.058925554639521316,-0.4088752301202691,0.9778912185640358,0.7241069966031679,0.22696846452521574,0.651271351727838,-0.638940826259152,-0.13475755311482449,0.7573605630198716,0.2596606978532008,-0.9645339382259039,0.04744053120294538,-0.023731765134782545,0.15045084445282578,0.07524394027840386
0.31376143584284666,-0.1398481760042175,0.6360026129150651,0.7265953142808423,0.22618538513974856,0.6487676169587282,-0.6370178881428121,-0.1320129408451494,0.7594608572108811,0.2574246675266278,-0.9650972774796328,0.0481641521279721,0.09975222120885952,0.06222967357269106,0.16452327248416437
0.5540257666546445,0.048584875245276306,0.1701736465907804,0.7293923382573074,0.22611258011171279,0.6456468988594009,-0.6348156533747437,-0.12800848831409123,0.7619861633585864,0.25494294091410774,-0.9656536273606423,0.0501713946716682,0.15420149272939032,0.03073866484631056,0.2010692984077989
0.641865514582368,0.19520331491470147,-0.17154380310381145,0.7320964869290014,0.2272096661297332,0.6421919506217973,-0.6326524501298533,-0.12274032262988054,0.7646474289144023,0.2525581342402319,-0.9660800074620781,0.05388699296829432,0.21822229549235728,-0.0274313447227133,0.22256141866258417
0.589851615661879,0.3728359176981007,-0.2640378638987536,0.7338962581360436,0.2286971153839306,0.6396044963170461,-0.6311503887468688,-0.11847759732500288,0.7665587033729188,0.2510885681957449,-0.9662611905417522,0.05739200793008721,0.26751178912598983,-0.0830283103318629,0.24275628734593852
0.6433199329111516,0.8738153623108158,-0.24724671630910644,0.7393258875101915,0.2342256372566007,0.6312967471078926,-0.6261251630702647,-0.10577576527802446,0.7725145743933135,0.24771861502015027,-0.9664108020565522,0.06845180378128111,0.26192047839238985,-0.11098053742863032,0.2565106492104225
0.8133049923986347,1.0329039703113427,-0.21210762692042678,0.7418949173178304,0.23674731928929235,0.6273297685167689,-0.6235445655430059,-0.10041152511061448,0.7753126468765643,0.2465443295631698,-0.9663685800119409,0.07312770423001697,0.20742765943370184,-0.09936305463509208,0.2354383129572869
0.9415241549772952,1.1063242149895205,-0.15661166221813888,0.7438873421621726,0.23819704025211766,0.6244147597438977,-0.6214964756414306,-0.09695089952868753,0.777394786351091,0.24571070985241736,-0.966365713948767,0.07591807405428434,0.13851886714371087,-0.05818395290217948,0.18812231034341884
0.950852676241532,1.0929261297400574,-0.0708105689841129,0.7455853530910815,0.23871310929255818,0.622188502552021,-0.6197693028581646,-0.09475889607337529,0.7790422086444736,0.24492548354704002,-0.9664557946780781,0.07729621234196545,0.07559410656135443,-0.012180591875845529,0.13667605325407406
0.8825622408642085,1.0032832944858174,-0.015560176876912843,0.7466458352689734,0.23816533408945567,0.6211258087646613,-0.6186797255432108,-0.09449712365609898,0.7799395430560633,0.24444916419835327,-0.9666165564787224,0.07679217970564851,-0.004190312984874404,0.035813766477651825,0.07259439569731126
0.8242982372597975,0.87929607583665,-0.03323534789387214,0.7476980427997802,0.23655558438640084,0.6204748925532653,-0.6175834144982078,-0.09562489933094716,0.7806706122076587,0.24400484202185815,-0.9669008915724279,0.0745942554512976,-0.06838372687875474,0.0853456962492345,0.04863938416380159
0.8205971560095219,0.7711292938179639,-0.09342194713757539,0.7487909874254105,0.23330415120406772,0.6203879674698954,-0.6164774256685474,-0.09864730083751343,0.7811685437077924,0.24344946250004038,-0.9673871422902125,0.06996053273109644,-0.15983827436494535,0.16855412671735998,0.021110966365878336
0.8407066929356279,0.6978477487381318,-0.1420207974284784,0.7500639640548591,0.22762161835353342,0.6209609075331788,-0.6152630472530718,-0.10425518690132657,0.78139761881454,0.24260138604545184,-0.9681524956649592,0.06184911176838193,-0.2711710695708621,0.27632966223098476,-0.011349987050441532
0.8395963781661011,0.6417605867444222,-0.17692349536579216,0.7512955560725066,0.2200136480026482,0.6222129716730996,-0.6142159215418361,-0.1118131471532833,0.7811764345192387,0.24144106765464546,-0.9690674975543477,0.05113116499298517,-0.39515346923847183,0.4043669549055641,-0.05450643866824868
0.7966870350130414,0.584147575146988,-0.22852591789821994,0.7530149553445239,0.20603564615307857,0.6249142257476363,-0.6129882534728738,-0.12557962910636053,0.7800481766261518,0.23919422679437646,-0.9704530227001167,0.03173409208482311,-0.5344663194420056,0.5534090721488872,-0.10662008059901448
0.7302524443012011,0.5223090510103539,-0.2881670106574914,0.7543288743137072,0.19289772641038794,0.6275176623190124,-0.6121940529570347,-0.13850003848179446,0.7784832566372769,0.23707887063307406,-0.9713949796484669,0.01361626281699586,-0.6995827737091481,0.7232431614353679,-0.16299618537472704
0.6510801135882057,0.4909632143315278,-0.37929252979458017,0.756047842169736,0.1724891376860093,0.6313787751665576,-0.6113197250350405,-0.1585409930809486,0.7753405363425728,0.23383723855187724,-0.9721688386763095,-0.014418563492555433,-0.8764098997492832,0.9010480513615345,-0.22171207527822548
0.5890152420327811,0.48979287225019064,-0.4619019176725649,0.757129933515717,0.1565371082031692,0.6342321322117596,-0.6108893758730951,-0.174316140005448,0.7722875460467951,0.231448556314066,-0.9721676897989313,-0.03635311116182771,-1.1275110437516978,1.140131288379417,-0.3053630938991246
0.568434212752969,0.507233066597648,-0.6237543810103177,0.7586476339276262,0.12995071858361482,0.638409412740458,-0.610363997720464,-0.2009152896538672,0.766217225511144,0.22783669112482108,-0.9709510065512603,-0.07310666901444755,-1.4109433235158526,1.3924118741885319,-0.3903375157289184
0.5580550509989844,0.5103164791821762,-0.827175607090129,0.7603250887372469,0.09633471321039427,0.6423592316355147,-0.609819024238952,-0.23466698593195526,0.7570020894223896,0.22366608395764795,-0.9672905606612128,-0.11967645609211391,-1.7344643655654663,1.6755786616804553,-0.4786688305345889
0.5273357428482459,0.47476889430995994,-1.0552049469967937,0.7621417823882329,0.05359367481102749,0.6451880513139852,-0.6092265356296904,-0.2778166207859879,0.7427388191684204,0.21905006693158666,-0.9591379688216422,-0.17908496570612184,-2.1135389486806457,1.9844908903338643,-0.5770915762298333
0.4542447011634288,0.3816988031797047,-1.345343092380449,0.7637033452953965,0.008446374179379088,0.6455120906287058,-0.608663269290732,-0.32381151952147186,0.7243446171826727,0.21514233660750715,-0.9460839067378846,-0.2421549429820597,-2.543378141299326,2.3022345289593593,-0.6845082766613623
0.27885509332639946,0.16165293634328382,-1.6876812240419579,0.7653948019982009,-0.04906127703826045,0.6416882328432633,-0.6078524181635282,-0.3826268186993596,0.6957816865545958,0.21139118904742854,-0.9225994302552887,-0.32268259402349503,-2.988752186467924,2.6094064654711384,-0.7836281292279813
-0.03617837904855739,-0.23570996274586664,-1.91337076204383,0.7673232849317222,-0.11728001949111913,0.6304445839483069,-0.6066413406892036,-0.45141847276321373,0.6543757683586185,0.20784912838016953,-0.884571511793304,-0.41753081365967865,-3.412905286339367,2.906680905450556,-0.8643312795539317
-0.8330271731064447,-1.1353979613444833,-1.0613992410525261,0.7712434261743611,-0.24497577461055695,0.5875120828006777,-0.6037978052695689,-0.5737564822106048,0.5533820646469878,0.2015236659414573,-0.7815307856861881,-0.5904217501839227,-3.7709044044271147,3.166705662292858,-0.9134254166454628
-1.1131707709986793,-1.2555080030191241,-0.09352362498220457,0.7730409305206829,-0.31279508029943914,0.5518758533222704,-0.6031051639938928,-0.6320957007412936,0.48653795974031877,0.19665167404224157,-0.7089529341534889,-0.677284176879649,-4.09792192875391,3.5023605085291876,-1.0139904025932756
-1.189899141743219,-1.038173698964134,0.7301080510907023,0.7742232754711785,-0.37630228704829066,0.5088957736913379,-0.6036009226076983,-0.6808592941258851,0.4148452094812429,0.19037921616031148,-0.628352775409346,-0.7542735204748727,-4.05701542915827,3.5551852939671513,-1.0457312848290967
-1.1136592988326988,-0.6208483602424919,1.2212081005003876,0.7743571651510459,-0.41798921863127775,0.4750326240241289,-0.6050574231944686,-0.7088122182869413,0.3626165382941251,0.18513912448886918,-0.5682167300556715,-0.8017812995252109,-3.94947996580887,3.550045031457688,-1.0876598420415613
-0.9048701157404463,-0.037083582717131636,1.5783733936575464,0.773505077732228,-0.4681129735025703,0.4272705685640441,-0.6083881328604258,-0.737353877206953,0.293552618047392,0.17763382143348824,-0.4870107840761392,-0.8551413460220951,-3.7201637038543653,3.4185308882248284,-1.0947231742887937
-0.532681186138946,0.6745086299889991,1.9009033419190353,0.7709669561004934,-0.5250146386722043,0.3605129425985071,-0.6144939950317054,-0.7619661761040387,0.20446191954337858,0.167353167496507,-0.37916642210681584,-0.9100690862102739,-3.3330873041409728,3.139998141245839,-1.0420168743241027
-0.10068253522617154,1.293884759389699,2.2252544377792227,0.7685317345161549,-0.5563008201344972,0.3160512150890676,-0.6193652966774399,-0.770746597273808,0.1494533775547166,0.16045436208859176,-0.31061081808033064,-0.9368966417797705,-2.820019991294041,2.7360755891991566,-0.9365209753621548
0.42280147888646014,1.7990494374719488,2.4805258966979995,0.7653701815929146,-0.5835412961042954,0.2714554123043926,-0.6251164988139041,-0.7743708705374742,0.09787296753281771,0.15309424561058746,-0.24460030785743753,-0.9574616657375754,-2.2509554317064593,2.2668768373065875,-0.8044372942082769
0.9258117676697847,2.1565013144515164,2.5397246812458425,0.7627605523945454,-0.599186333291878,0.2432531144857185,-0.6295327387611097,-0.7740495102229868,0.06734899072361675,0.14793535932529403,-0.20450695274192587,-0.9676218454238764,-1.6753690213692247,1.770270131016743,-0.6679437311026046
1.3359979427764783,2.411460713497753,2.2693012154662604,0.7594286312775097,-0.613080145604518,0.21771745235858042,-0.6348032529538788,-0.7715511681061653,0.04163682304384648,0.14245344515013028,-0.1698279425169909,-0.9751233183066154,-1.0878014612250952,1.2334066927915157,-0.5246741791484257
1.514284385668467,2.495876148606137,1.7736590343751109,0.7569950776334393,-0.6205358040295518,0.20467967255235747,-0.6386090359337206,-0.7689190313008737,0.03069238549101165,0.13833637143768895,-0.15394427310141512,-0.978347693367103,-0.5126975074108977,0.7166492915207965,-0.3594142082635991
1.5275617568414699,2.3924918878320613,1.357618193062837,0.7552458721776824,-0.6239941148918763,0.20058668235671867,-0.6415043648839971,-0.7664954393078275,0.030933660550914885,0.1344463550764789,-0.15203975171185966,-0.9791874649453218,0.047255598134293905,0.2026656071000602,-0.1720926822337242
1.509835893150432,2.1985239677798796,1.3497450417155845,0.7546640545958114,-0.6227742238055366,0.2064810666003568,-0.6427616089502621,-0.7649050739875431,0.042163276056073916,0.13168021400605281,-0.16453721144933148,-0.9775417266223465,0.6533194614737126,-0.34582144254251584,0.019763709069062628
1.4966435100708109,1.9467422031197772,1.7993257231123778,0.7548140085426801,-0.6161774292287234,0.22490261940851594,-0.6432505253877977,-0.7624560835287811,0.06992483305860503,0.12839226649628227,-0.1974489716332639,-0.9718689878295913,1.330740499488781,-0.9234924929720688,0.19801424687482705
1.409526275232618,1.543419886231248,2.4581731145117036,0.755243195311591,-0.6068823126490948,0.24759154777419962,-0.6432910885199625,-0.7587264604727777,0.10252186893171442,0.12563554977130895,-0.23670238015731204,-0.9634249798824631,2.032925485127623,-1.5027179271005318,0.3386128352709157
1.108234173738055,0.9025908877020881,3.1878914921124797,0.7553061474383184,-0.5884160961467719,0.28858122156037397,-0.6439023054658849,-0.748292288123181,0.15952577393979897,0.12207556945434603,-0.3063089116084725,-0.9440722461822667,2.7492024271101294,-2.116750650519412,0.4120421678993016
0.6391079280584412,0.21053199591024874,3.8601596761317722,0.7544602548853695,-0.5631678748378597,0.3370929672195961,-0.6456018331831405,-0.7293038507317708,0.22652630376708766,0.11827086196046387,-0.3885329304684738,-0.9138129814971492,3.5817691696470275,-2.7982501928764596,0.45362538339627895
0.022282670557877582,-0.4385814446295111,4.533383715647299,0.7525470185819922,-0.5238552767693655,0.39905968704473993,-0.6487982372340138,-0.6936207034000281,0.3129715117656656,0.11284428290963817,-0.4944349995861358,-0.8618585725041363,4.513753734401288,-3.5281658899670374,0.4867829638048323
-0.8034227798433303,-1.1233797583656409,5.288440167357329,0.7501139399562052,-0.4703716698805748,0.46484359655387075,-0.652658469879281,-0.6398766478065834,0.40570284357722314,0.10661143830853062,-0.6077074689071787,-0.7869724477109836,5.507327534265745,-4.342865864828507,0.5398356435839142
-2.1506826528067435,-2.2746407956846286,5.862960688145293,0.7473134331688722,-0.3879210106650326,0.5394811600880729,-0.6571119925979646,-0.5519558309935336,0.5133698372676074,0.09862282590397431,-0.7381477156483367,-0.6673915553060712,6.501887533345047,-5.188022791940701,0.6129221138021903
-5.958915603557126,-5.820340255978462,3.982563448893987,0.7450881001272521,-0.1619695858912444,0.6470004453591826,-0.6625909438211983,-0.29068328756385364,0.6902727486270938,0.07626902526514334,-0.9430106465874545,-0.32390423925570344,7.946448837784335,-6.284650969158365,0.7493043900421074
-7.197065274980942,-7.008351907157416,0.5792451037908692,0.7483821055881086,-0.010821943030512454,0.6631795455112841,-0.6603478085381966,-0.10587594280144066,0.7434588465373901,0.062169090344880135,-0.9943204565354925,-0.08638190736919207,8.154345256909364,-6.423999865780438,0.8830223060920107
-7.054935492382596,-6.7640686610567196,-3.0220255727013186,0.7537846799604379,0.11868732294182087,0.6463141462399258,-0.655080779823233,0.058269564622476025,0.7533085886573253,0.05174773582607164,-0.991220448342149,0.12167248918824744,8.051848675073296,-6.37085598569215,0.954312596153993
-6.060523567476812,-5.463107390661572,-6.054349533313066,0.7606036586386826,0.23356501871467095,0.6057470235158119,-0.6476739811442861,0.20870735157275405,0.7327753104111772,0.0447268220887717,-0.9496781683456252,0.3100175607179977,7.732179455553425,-6.178359449142356,0.9918512744032257
-4.359088701434058,-3.2602274804213254,-8.031921246643535,0.7682816978823932,0.33804338486298574,0.5435714328856165,-0.6386760478577608,0.3479741284577868,0.6862994330588028,0.04285018776782323,-0.8744373481699065,0.4832423672794467,7.110937576435402,-5.863634653044144,0.9791275403453441
-2.5549990099681996,-0.8976799849606865,-8.770683905080983,0.7743551340006707,0.4219524529921628,0.47151909172450257,-0.6310150791090667,0.45979998309253933,0.6248231313620503,0.04684118256172588,-0.7813706565785513,0.6223068380262443,6.229854839643774,-5.38115668333694,0.8489732417913849
-0.8012579794572354,1.175671817286137,-8.527871679984248,0.7774428659539822,0.4846241510305617,0.4009015121138428,-0.6265565536830922,0.541159489741306,0.5608683372233583,0.05485868403474783,-0.6872305573101618,0.7243650225439793,5.151918755808908,-4.69154125007915,0.6248345328238891
0.8707005887047741,2.803990107127052,-7.466653833784292,0.7776691878454939,0.5294522432529433,0.338985186092484,-0.6253162907050797,0.5957827120730192,0.5040064449724397,0.06488582938184229,-0.6039232419019348,0.7943969706866254,3.9660236932679584,-3.8433238930408002,0.38586598868138755
2.335977176743536,3.9122954971144495,-5.731713533712783,0.7760450809955957,0.5602881648611371,0.28953618872099285,-0.626136647124115,0.6294769143474097,0.4601214116207092,0.07554423466228331,-0.5383641765758582,0.8393194159490697,2.6985175056780752,-2.8437889075834053,0.1923139744541273
3.4285685719343455,4.4232038936066935,-3.6023156072818234,0.7735121826485988,0.5785617769818143,0.258737653830759,-0.6280562395185986,0.6449903771803115,0.4353536187360282,0.08499566633632985,-0.4992531257392822,0.8622772484204829,1.5120044125086702,-1.8535115570317091,0.028754034150819452
4.108358749289909,4.360564568568976,-1.4779541526252564,0.7697313760108963,0.5897548324128021,0.24434165921946163,-0.6315857331682876,0.6479135412530823,0.4258021896599005,0.09280662930334381,-0.48207601133704714,0.8712001198638086,0.5134348753370455,-0.9373802083738987,-0.17504621566784295
4.422177993319365,3.9472905548637005,0.10353474326953993,0.7666274105214992,0.5935174527333534,0.24498866655013263,-0.6347570647368387,0.6430285438375419,0.4284830925215629,0.09677748810427515,-0.48399517054520386,0.8697027036206946,-0.27974782389098246,-0.09861930195377748,-0.2974374451111218
4.412023216722542,3.393672928719294,0.7721604189901039,0.7630624198268923,0.5916879197057731,0.2600791208885899,-0.6386125165962074,0.6282438066444354,0.4443914637564129,0.09954796378924965,-0.5051882075891746,0.8572485507822402,-1.0129743759923393,0.6657537500626415,-0.376997602394312
4.3352307226388245,2.904256311201007,0.9255219528098544,0.7603538697932605,0.5817335610708474,0.28887377280439214,-0.6417621739113769,0.6044020509525618,0.47205876005099145,0.10001652276977321,-0.5443199653955072,0.8328940331427983,-1.8040341136178837,1.4850486741679665,-0.4458824775982073
4.0184825628119345,2.0136218953987113,-0.11037501622878576,0.7583126203514726,0.5327103024990715,0.3757415380644392,-0.6448751228744526,0.5286702598984323,0.5519454974873721,0.09538367634633499,-0.6608536070191873,0.7444289518660506,-2.6307542388846388,2.3761685618081936,-0.4374990348731407
3.7443946958222014,1.7743791497529913,-1.1614723120142632,0.7632668757972821,0.46568266168455447,0.44784298020293256,-0.6404445351575061,0.4539643859619658,0.6194732711465928,0.08517319823478221,-0.759642017587602,0.6447398943898968,-4.403389818184432,4.305577273235315,-0.26828128670124074
3.2402074515575263,1.5795595030549467,-2.4573934864206795,0.7695693868675133,0.381450178412345,0.5121120191770049,-0.634468839517588,0.3660887719479094,0.6807556850551271,0.07219591731922269,-0.8488078536646915,0.5237489637980919,-5.37502618966838,5.316762461926211,-0.1621917422186163
1.337938687013791,0.26361859749804534,-5.4516540992762055,0.7828449280011726,0.13808449334701578,0.6067013197611623,-0.6211062576198642,0.11518944166682862,0.7752150729145622,0.037159594296561085,-0.9836991741511129,0.1759406130662644,-7.119133624441943,6.933853333084231,-0.05297839718945824
-0.3099196130599529,-1.3457762353593707,-6.03463957283539,0.7863958779575936,-0.026594196263618336,0.6171501210049276,-0.6175921275451923,-0.05440160841404265,0.7846148284325034,0.01270775847691007,-0.9981649231099322,-0.05920556686186823,-7.594666003737989,7.378307284652194,-0.042530442029382914
-1.7011300469354993,-2.7073194269155936,-5.188591090022439,0.7861633083948492,-0.14614952734614267,0.6004894405317743,-0.6179925724401683,-0.17695101567806218,0.7660114349402914,-0.005694992752215133,-0.973308098038335,-0.2294317182748512,-7.75977263057834,7.556727465141015,-0.06636866375266695
-2.7523470744466145,-3.5964947674955425,-3.116310655090877,0.7823134405195892,-0.29117202742326553,0.5506401104429526,-0.6221889725675137,-0.32351094213934095,0.7128965932949156,-0.029437445503709272,-0.9003107912062039,-0.4342509827736429,-7.632989833883768,7.508398512570362,-0.08938596794817491
-3.030494025292432,-3.5786872100837446,-0.9832943428561374,0.7749733222682548,-0.4103193890691528,0.4806811299878744,-0.6300094911879113,-0.44134250072429954,0.6389873536053507,-0.05004388859443157,-0.7980318264382309,-0.6005337735764816,-7.265911968680925,7.216344677793169,-0.15057935308501952
-2.8279971279948573,-3.0201732116396407,0.6913255580029898,0.7638337907214776,-0.5158548445070471,0.3878810636659995,-0.64174174106811,-0.5430217976473429,0.5415670457576955,-0.06874211171420229,-0.6625866786153025,-0.7458239841937329,-6.717593818356519,6.701854995280915,-0.20306684668133138
-2.361044896668039,-2.272559424714517,1.8251226520835009,0.751427499638854,-0.5918820200131119,0.2916031329936242,-0.6547027624521343,-0.6139267433124351,0.4409742018342237,-0.08198173957683141,-0.5222735186001539,-0.8488282312370217,-6.036433196677169,6.01449831025246,-0.2314486408806257
-1.6380687500461049,-1.483003001814389,2.653186569749756,0.740047798071595,-0.6395375177182463,0.20813702217569685,-0.6665595793092599,-0.6562176977840594,0.35366178807732446,-0.089596784543003,-0.4004623534688025,-0.9119223210634675,-5.170134479635926,5.1195942022676135,-0.24523865670295947
-0.7006090949102662,-0.6305518784725557,3.297107831950007,0.7292289754338088,-0.6711878030765327,0.13316168513898452,-0.6778950504763755,-0.6821223698802235,0.27416668843719644,-0.09318477304468177,-0.290199940575949,-0.9524182865539311,-4.139876361045949,4.02780520406317,-0.2420525217653578
0.23146828752694537,0.2836323288725692,3.674296025679389,0.7192263398504289,-0.6910081551126982,0.07225788284401592,-0.6885607698555689,-0.6950473666589805,0.2068652322559828,-0.09272291130708002,-0.19853686727698922,-0.9756974808056942,-3.0647736270871873,2.8630224059782066,-0.25899564536546726
0.954317970922052,1.2025227434044983,3.660303551864411,0.7120684478077519,-0.701244034494069,0.03486157946993785,-0.6963384766212671,-0.6989905161457427,0.16286492659587534,-0.08984014477632428,-0.14024643462415684,-0.9860322945835904,-2.142692959493082,1.8796076035878742,-0.24911074195940835
1.3161642749826712,1.914806718038066,3.2171792548646656,0.7069930258781744,-0.7070750334418913,0.014344282581241027,-0.7020077576178336,-0.6991795092657761,0.13539985992329612,-0.08570863202737018,-0.10579655432014626,-0.9906871955819255,-1.3447450801483478,1.0421759347583166,-0.22189461903618243
1.2575787571317547,2.134257071761169,2.5597171836254313,0.7039559731700793,-0.710201828796905,0.007703908858333119,-0.7055870952463873,-0.6980595071258994,0.12190067896821125,-0.08119629831421707,-0.09124848976655536,-0.9925124050889191,-0.6902720924419984,0.3633934539938929,-0.17633555370774992
0.9939060538808673,1.9347487835108381,2.061808566006143,0.7027160380810579,-0.7113576324181508,0.01266841048055297,-0.7074152996775288,-0.6967016485246179,0.1190395174941112,-0.07585356686282205,-0.09261280550508154,-0.992808694890745,-0.13748477358706793,-0.22719958744170743,-0.10965168150801591
0.8108047242387466,1.6211459350996598,2.0469812700922585,0.703029993606148,-0.7106277277072202,0.02751473612106536,-0.7075869189159713,-0.6951002109459523,0.1271080206827809,-0.07120098502929204,-0.10882981832459682,-0.991507181201575,0.43569721969110947,-0.7922414585904579,-0.058624100538887156
0.8527407358731831,1.396568118544232,2.549802566124263,0.7040962472633164,-0.7081877156930677,0.05214052100956628,-0.7068961148905576,-0.6920508441737414,0.146162621182868,-0.06742668123487727,-0.13977048479505957,-0.98788554713479,1.093331237674581,-1.4031041888068354,-0.05206216024665113
0.9128470491513188,1.1676221283568617,3.330813978531314,0.705658042640057,-0.7019173929585935,0.09674037585007883,-0.7056780551438872,-0.6839281850299485,0.18509651593150175,-0.06375899423409882,-0.19888240541549057,-0.9779471250892882,1.810952632049328,-2.0515706641364932,-0.08981186364219965
0.682584775285586,0.7737527353157216,4.074981182025619,0.7066849269407973,-0.6922041483552335,0.1464576083188765,-0.7048228850779594,-0.670650183891246,0.23119911660086112,-0.0618151656558546,-0.26661160486078533,-0.9618197011126852,2.556690343169474,-2.7002284919801927,-0.16270498401383074
0.11213479001405591,0.18512878148413892,4.688067630334138,0.7070740895565277,-0.6766317104746808,0.2054647421284599,-0.7044407051261259,-0.6486262766626448,0.28817919110192475,-0.06172134832627167,-0.34850176700106067,-0.9352737532711612,3.364908307106912,-3.361534811285998,-0.2641868654044097
-1.728099657092986,-1.4646764964782288,5.670627705262744,0.7059923417448413,-0.5974325217539916,0.38032774727634694,-0.7045689328131886,-0.5380288274486575,0.4627176242036889,-0.0718152651747432,-0.5946422140959124,-0.800776626096811,5.159184118152789,-4.78960568251733,-0.4920563687860593
-3.193317061894484,-2.686225427230104,5.786891488575302,0.7065842147768381,-0.5138140574525133,0.4865530410884139,-0.702884045353109,-0.4301235249703456,0.5665225256378885,-0.08180932841825878,-0.7422862437303214,-0.6650701964097346,6.118119525095308,-5.518237367047486,-0.5679830965374751
-4.880809744709144,-4.07625793016634,5.523700878761746,0.7093668366361727,-0.42019395928724335,0.5658937423751027,-0.698711225198844,-0.31357404709728465,0.643019393772971,-0.09274327394435831,-0.85153294332371,-0.5160332659553457,7.031391637766807,-6.18232793167628,-0.5699716086845799
-8.521631762207793,-7.118627805462292,1.8847220146512629,0.7235574984950615,-0.174037629461071,0.6679636591186225,-0.6806289423100318,-0.018763852919655488,0.7323879850963804,-0.1149294969165673,-0.9845602172316228,-0.1320317741429085,7.785948625756851,-6.728274792509709,-0.5036821259314214
-9.282419583191299,-7.458696156694541,-2.2409724066363985,0.7385824481833467,-0.026225858234515093,0.6736528568894786,-0.6629569620575336,0.15318049539762052,0.7328190788244969,-0.12240928761715167,-0.9878501607984898,0.09574981000220753,8.437168969137298,-7.256772391293893,-0.19699737358357683
-8.825376928677999,-6.47884319700987,-6.504052323063082,0.7562991948829181,0.11320983115400138,0.644356315984822,-0.6424095508374947,0.31485571659986855,0.6986958184483074,-0.12378003398051257,-0.9423637364916291,0.3108522017507964,8.391006001295803,-7.235370217380615,-0.004960294903975315
-6.73121065492994,-3.9384922886544547,-9.70630025501052,0.7758110653086414,0.24078248532267876,0.5832160712004637,-0.6199195349370407,0.4630709328851401,0.633454877098857,-0.11754557051677003,-0.8529883386534184,0.5085213200773078,7.9663242292532725,-6.957871590370906,0.16757762337462023
-4.258940502030487,-1.0483165157061998,-11.230514941244252,0.7938854585830646,0.34037983645323644,0.503872449719594,-0.5991708875853035,0.579122415038143,0.5528213779066682,-0.10363457975307175,-0.7407825560422272,0.663702552762115,7.277525278439754,-6.5518039444173155,0.31659970796998516
-1.7600157414388846,1.6922898604973131,-11.155625860658802,0.8099125121989129,0.41750766331489064,0.4119818851078103,-0.5808760675248896,0.6683850135050032,0.4645906455135909,-0.08139236303526419,-0.6155881941649427,0.7838535950318019,6.258959929092002,-5.9715221867537185,0.4017242365626956
0.39843497449149234,3.6438542198835586,-9.994237440722117,0.8212517548235153,0.47000151379514954,0.32348745297084375,-0.567970789454086,0.7274397215768966,0.38502030309975627,-0.05435749742397689,-0.499930023605698,0.8643582787082033,5.093200785469901,-5.277105964567344,0.3828197479649525
2.2265048746667455,4.738246708601005,-8.181439678551342,0.8281459356207495,0.5071653546281542,0.2386579401145742,-0.5600237144075713,0.7664515838290856,0.3145240991514511,-0.023404029908955636,-0.39412596046287496,0.9187583897158363,3.9166984473630424,-4.495550854711671,0.28184411937745923
3.604354881457162,5.1386733656594945,-6.0819491587678955,0.8300293377998723,0.527092858619752,0.1822756615227698,-0.5577195076985989,0.7841559333560687,0.2721183987070771,0.0004991231680606806,-0.32752494649191194,0.9448423997162346,2.773817558663367,-3.608515547384873,0.1292947289958783
4.704893111052504,5.286039888445498,-3.5769759753336974,0.8286973216113261,0.545706292827136,0.12435992571193497,-0.5589195387240736,0.795152683463296,0.23524701743823806,0.029490649139720715,-0.264455765582795,0.96394680852386,1.6800447705081512,-2.6558970499252075,-0.03274446572786799
5.167159434102232,4.996397867313405,-1.159022694290601,0.8251678663619522,0.5574537576521369,0.0913416684934967,-0.5626009060153767,0.7964777901187915,0.2215927580002608,0.05077610534828295,-0.23424012877173242,0.9708518677937752,0.667143014765635,-1.706582708281919,-0.18453475030733005
4.917686723432148,4.1522288217421295,0.7312501533228062,0.8203536687400912,0.5667400867975172,0.07632517410012903,-0.5679670767327155,0.7919441619046015,0.22413800251833868,0.0665827149669164,-0.22722261868476018,0.9715640090213686,-0.15821471870681922,-0.840153225513288,-0.33341005354850173
4.4385630983065845,3.284849898836697,2.151994108092363,0.8148630567353801,0.5742401132437766,0.0790347462173889,-0.5744426401269368,0.781754739678581,0.24264208248790523,0.07754902947082339,-0.24312099730761136,0.9668910635104068,-0.987201072689093,0.023194317013624677,-0.48057547398311795
3.836350797060077,2.4484066693294233,2.4396609578574724,0.809668045047432,0.5790026160585056,0.09588340537588413,-0.5807448064929879,0.7668509302043418,0.27326748905816883,0.08469431244476255,-0.276939743341654,0.9571474557231856,-1.7002421408939068,0.7535595737387231,-0.5715266993271321
