-0.5061218050353502,-0.013756611129350699,0.5620615464447474,-0.0002378381942546209,0.0,0.9999999717164962,-0.90075258555559,-0.4343323811819018,-0.0002142333744779929,0.4343324500333519,-0.9007526110320299,-0.0002378381942545175,0.05771131239828365,-0.660975695895176,0.25868259797230414,4.255002,-8.824356,-0.002330017
-0.7458595129965694,0.05781774808360529,0.6683151051185996,-0.0017926896037441784,0.018267200766095944,0.9998315336296189,-0.901127913581461,-0.4335073461822852,0.006304585194552573,0.43355009345303436,-0.9009710333234843,0.016897147063278387,0.04163037852994278,-0.8394970125603233,0.3197735977480628,4.2477875,-8.823257,0.1545929
-1.1412568144446582,0.17369932583525402,0.9323655207856012,-0.004145581932714061,0.040900652791544194,0.9991546180405037,-0.90130109196655,-0.43296728700582676,0.013984049015888941,0.43317463522557115,-0.900495129071529,0.03831785374526565,0.018294201270248493,-1.1299955528317676,0.40568706363078394,4.2429185,-8.812544,0.36264038
-1.601565562355173,0.2696754146859886,1.103131201184908,-0.008150798890230808,0.07193833736309914,0.9973757767736713,-0.9011979311647554,-0.4327509932139116,0.023848487601900323,0.4333337591086608,-0.8986631433708483,0.06801770331011585,-0.018681245575672516,-1.4704930434262098,0.4873035569289375,4.2417283,-8.784587,0.63510895
-1.9265172410621938,0.257190852083098,0.8691967491234865,-0.013189911791835053,0.10524780239907272,0.9943585501805119,-0.9008537347619132,-0.43280009929306995,0.033860098074008735,0.4339266797561011,-0.8953609060492476,0.10018225648544879,-0.05301387174203006,-1.649495923052285,0.5084871157997246,4.2437606,-8.739418,0.9506729
-1.9590085634480345,0.10990523093718015,0.1662431730006449,-0.01916466860044888,0.1392799692374375,0.9900675763030792,-0.9004184160868582,-0.432848202202454,0.043462552224838844,0.4346089712151019,-0.890689647297897,0.133367890947177,-0.0657879915023235,-1.6239885513007375,0.46144669388739057,4.2467575,-8.686148,1.2692077
-1.8286078759054594,-0.020700961354774713,-0.5378333007987857,-0.0250734480639802,0.16745630097932213,0.9855606066927115,-0.9000116541631938,-0.4329117496911383,0.05065888840024769,0.4351524702650617,-0.8858029647809161,0.16123099952413927,-0.07104057193559737,-1.5494049132612588,0.3887266857494122,4.2494764,-8.628873,1.5724335
-1.7942756793898587,0.03747845044124534,-0.6895484804586963,-0.033989465172979946,0.20246950832068866,0.978698530936689,-0.8992592811201344,-0.43349320595405527,0.05844886085403276,0.43610487109057633,-0.8781861620953706,0.19647291445711948,-0.10066794886844298,-1.6201488390300476,0.33857770248880725,4.2532654,-8.561731,1.8773773
-1.910372881695816,0.24264243251767098,-0.3523811540618708,-0.04222300914562131,0.23171288228954626,0.9718674589056676,-0.8983640089423797,-0.43448136808698173,0.0645595217330543,0.43723197992107027,-0.8704438955751994,0.22617608271028836,-0.1571182744049654,-1.8871844131605455,0.3521870262700671,4.260713,-8.468382,2.2227325
-1.973281234121437,0.3706129134664199,-0.22319720191221004,-0.05457303280760739,0.2722928949377047,0.9606655835703826,-0.8968956067934973,-0.43622662119051553,0.0726944915615394,0.43888071215988705,-0.8577424723639793,0.2676967904121329,-0.20238928781107174,-2.1024026331608896,0.3574138247588696,4.2709336,-8.346825,2.609291
-1.8401121235025104,0.3405108168174401,-0.5525550728585259,-0.06668559117306927,0.30700203613291394,0.949369676016747,-0.8953290853650167,-0.4383670752942723,0.07886710227686028,0.440407518289529,-0.8448437147396975,0.30377675272950944,-0.23752298708005862,-2.1162198678275868,0.28779398781112986,4.283246,-8.210912,3.0051055
-1.6186232543487011,0.28355524212871813,-0.9675693483462552,-0.08274904149794664,0.34539301942406275,0.9348027911085312,-0.8930545930967697,-0.44198945607447865,0.08425377197437442,0.44230187080707056,-0.8279758344063901,0.34471012854223837,-0.2734505339810913,-2.0774659266025393,0.17618860282529103,4.296721,-8.063002,3.3882186
-1.3844399770993039,0.28785482146144625,-1.1474138725652074,-0.10191409058530507,0.38527662529143736,0.9171561699864487,-0.8901344374803389,-0.4469534410924404,0.08884361727973095,0.4441902421131519,-0.8074693078885834,0.38818596784194903,-0.3155143236408162,-2.1333468979885977,0.09727783711424542,4.309111,-7.887868,3.7665145
-0.4067592831369526,0.43881207764848296,-0.8969771475269748,-0.15993447623926008,0.4966229205341282,0.8531041191497241,-0.8791029115089254,-0.4647543615124206,0.10574184628553149,0.4490522446166292,-0.7332239656254812,0.5106218736376356,-0.4585613452537454,-2.4552569466073124,0.09914590752895724,4.3252883,-7.1719375,4.8828645
-0.3648241168128269,0.5453848601650553,-0.6409381168064536,-0.18027315410692737,0.535908560794552,0.8248051917728526,-0.8748819215091583,-0.47059597107218715,0.11454666756928493,0.4495980381380896,-0.701140281322096,0.5534111581906823,-0.5592353743154588,-2.718865314078429,0.18984561163308689,4.3319855,-6.8475266,5.295256
-0.13137202051625577,0.48058217565912664,-0.6927226736573207,-0.2078641957745032,0.5903929199244601,0.7798901693303291,-0.8685768306524586,-0.47808496916157583,0.13041830829935383,0.44992272399294353,-0.650486640834911,0.6119123078759591,-0.6418793012442745,-2.8225117193065805,0.27324019256732435,4.341367,-6.4816346,5.7140136
0.404599555589948,0.23748471598541665,-0.9052305301569905,-0.2274114060053318,0.6276096998775775,0.7445737821319357,-0.8636720811499361,-0.48319478548396816,0.14350337678047956,0.4499158590740152,-0.6106473854696173,0.6516789780043628,-0.6902574481576712,-2.7501209281810595,0.2922298011459512,4.352014,-6.0930467,6.102455
1.074538914064013,0.03538802737792557,-0.15088815473909456,-0.25930583985134115,0.6901601407882136,0.6756030354329263,-0.8543335697427994,-0.4901538046418351,0.17280996218337394,0.4505044054186016,-0.532615161174991,0.716496246176468,-0.8167854784760797,-2.814587926154061,0.4038926875100277,4.377318,-5.252393,6.8108854
1.2739877050410304,0.08622425729555422,0.5513293324119859,-0.28087763748368594,0.7325275914376546,0.620089574613323,-0.8476762583563477,-0.492327271475238,0.19763274628686825,0.4501542662920315,-0.4703744853418307,0.7590184319754626,-0.8650060919595289,-2.776486795620112,0.4920376499826361,4.3910675,-4.8040495,7.1481414
1.6949930833705378,0.008925356605978041,0.9903059354509871,-0.295009071123178,0.7605374402676182,0.5784050915286093,-0.8427717552022065,-0.492352692036896,0.2175419014846878,0.45032870391736607,-0.4235460889251378,0.7860106672204416,-0.8633460801833528,-2.50538284671026,0.5152295530215432,4.408287,-4.36949,7.440622
1.8797062711824846,-0.11576142378744159,1.2460651072843816,-0.30644391615054184,0.783772496718662,0.5401784886884283,-0.8384140727975032,-0.49094862419686086,0.23670905043633683,0.450830469279985,-0.3806225737266175,0.8073898341808083,-0.8392249272197945,-2.262527313831939,0.528481416795349,4.4281373,-3.9606032,7.6803055
1.7724704887640161,-0.19103727149736532,1.4771093699713043,-0.31570995362468074,0.8049920856996121,0.5023096327398969,-0.8344250558774657,-0.48757111572820655,0.2569223946167402,0.4518398633698209,-0.3383014002989931,0.8254652630036476,-0.8489318842158504,-2.1220371316860622,0.5951898280123007,4.4505982,-3.5621994,7.883371
1.1662062626845549,-0.23112121142127,1.843415027942948,-0.3220674154967843,0.8316490541480072,0.45236316230430007,-0.8301040571382889,-0.4778155900433103,0.2874359056525045,0.45530184014109965,-0.2832184650284776,0.8440897674009801,-0.749823280290197,-1.6239662837673015,0.6506340545030895,4.5062838,-2.8413117,8.176883
1.065573800643683,-0.37108075695377835,1.9279848456838993,-0.3235024086326764,0.8460018620821212,0.42382430435551965,-0.8282262942296816,-0.4697726369384506,0.3055401098949586,0.4576989222665104,-0.25246807577320607,0.8525089836895848,-0.6008738463747032,-1.2264311354392339,0.601348937075999,4.536603,-2.569568,8.2667675
0.8368060502164716,-0.5109541085469358,1.8645387133098095,-0.32185204709211374,0.8547456810217601,0.4072113463022156,-0.8277758754909902,-0.4628030008900369,0.31717560742664486,0.45967290993467763,-0.23528769727244325,0.8563530319817967,-0.4057117541710441,-0.7473727221066948,0.5097235423269817,4.5634766,-2.3862977,8.322003
0.5014114145528938,-0.6076416313583863,1.575648004075713,-0.3172273193701594,0.8590780095722264,0.40168619756551777,-0.8283993170862544,-0.45720672373018195,0.32359923802614304,0.46175883828017167,-0.23039511795857487,0.8565610689793226,-0.18915042523590403,-0.1744699263202169,0.36700828466734015,4.5880356,-2.3111832,8.33755
0.3880606444640565,-0.7604232640373841,1.0739985711332034,-0.31010240617884866,0.8584321188514035,0.40857165223052083,-0.8298249636642868,-0.45411729413408214,0.3242960013198814,0.4640313447538999,-0.23877083084602452,0.8530318876941152,0.04036770214311028,0.478283378102294,0.17328628563571996,4.612039,-2.356378,8.30468
0.5497627861579818,-1.0037613988485583,0.4850133142565334,-0.2993788392627533,0.8523355920695365,0.42883137605958654,-0.8322529228933596,-0.4530730009971603,0.3194993141260975,0.4667146853523083,-0.26153559728545284,0.8448529658047229,0.26483103226222215,1.1495506292446107,-0.018278259059313393,4.6352553,-2.5257492,8.210884
0.7161279526415045,-1.2587225662569281,-0.06825855278081017,-0.2866917102889404,0.8403892101051001,0.4599498220355425,-0.8356911049690904,-0.45412583638691556,0.30885269211322247,0.46852936932462846,-0.29611715804054006,0.8323429934794061,0.5348841380113121,1.8462763145313703,-0.24114245934867795,4.649245,-2.8164077,8.044286
0.7943098098313716,-1.4034303098981549,-0.4545658002000735,-0.270135334794759,0.817537705696983,0.5085852933963345,-0.8406389375470561,-0.4577974288566712,0.28939173180334227,0.4695098458442703,-0.34964056235770613,0.8107477917388832,0.8242986716903906,2.6518759397184386,-0.5340460020031452,4.6502547,-3.232875,7.7802706
0.9972327638713719,-1.4463382209977818,-0.6904180438087425,-0.25235074541375857,0.7842826898409581,0.5667625284940341,-0.8462775041775128,-0.4628830042792203,0.26373015355981394,0.4692698228175707,-0.4133534266748916,0.780336323676458,1.138112316585209,3.6263685051260124,-0.8837277301103064,4.635835,-3.7808838,7.384862
1.37743567052655,-1.5152825320509162,-1.0280527854559207,-0.2296136279906245,0.7287246588037778,0.6451650591068145,-0.8540348017662494,-0.4687795655048382,0.22554414193531608,0.46687810413505065,-0.4994540010845351,0.7297743053026112,1.466608844760803,4.68813717563832,-1.2676435705140827,4.5956864,-4.445604,6.823799
1.738510183905072,-1.6317067215687187,-1.5413500663974398,-0.20870170402463395,0.6625932821081945,0.7193147720173022,-0.8616683675974913,-0.47246776006988944,0.185207245000231,0.46264131175264533,-0.5813837541952841,0.6692951120526639,1.768553774180062,5.779780991101114,-1.6878508674976924,4.521094,-5.1785383,6.0598054
1.7320809187622157,-1.6978842558788334,-2.2607894533901556,-0.17964365047108538,0.5430229181898036,0.8202769466259863,-0.8732179739055619,-0.4720095535423619,0.12123215347903955,0.4530716765798792,-0.6946872330820282,0.5586910631770765,1.9879932977820338,6.715060136127967,-2.0707269996865074,4.416191,-5.901315,5.0859694
1.4398908825006693,-1.6674654073423223,-2.9661938540892256,-0.1528801832013563,0.4016882828001901,0.9029253419000672,-0.8854098232037869,-0.4614984319102968,0.05539427716592725,0.43900201488857393,-0.7911273116489457,0.4259046931965921,2.190760747194066,7.560175402443995,-2.3861601770937177,4.2779436,-6.542918,3.9158616
0.8316960730857389,-1.5907980678179026,-3.671696729031637,-0.12796795993212295,0.23430955319987185,0.9637028766741781,-0.8982241015744792,-0.43936131350161217,-0.012449223791758945,0.42054044452264233,-0.867294184491211,0.26635790220757993,2.2981071976945384,8.274262305883125,-2.6441242263074907,4.1109147,-7.0317335,2.5712953
-0.2645208868818626,-1.4274767278065652,-4.0119748023804185,-0.10739880259407647,0.05869123890902231,0.9924821588707182,-0.911339709454849,-0.40482456733226263,-0.07467855970194792,0.39743482128465835,-0.912528812068297,0.09662675600294851,2.4461269418955616,8.766812266506783,-2.800453941640136,3.9084992,-7.3225083,1.1062988
-1.6525251649813542,-0.9865428309349512,-3.4224824400208207,-0.09225834254269237,-0.1326199456763243,0.986863895499315,-0.9254321731486299,-0.3543756853338031,-0.13413817566137287,0.3675414397898641,-0.925605723332028,-0.09037330895892733,2.5334639568589323,8.854125217821972,-2.8922590318940427,3.6770248,-7.414859,-0.40363616
-2.5273597622419777,-0.3302382891236775,-2.2036764448161588,-0.08479635520290131,-0.3104123633923606,0.9468124116198896,-0.9383019281229319,-0.29485015325550656,-0.18070075381733294,0.3352884600761884,-0.9036127829262668,-0.26658129542783815,2.5386040237313097,8.635681269314977,-2.8596204974019725,3.4336212,-7.337982,-1.8956344
-2.7626096283510577,0.2504430297015402,-1.1426725164234686,-0.08426803933374642,-0.4680514141755987,0.8796742415434632,-0.9494695305797476,-0.23014172129245147,-0.2134063781740859,0.3023636483413818,-0.8530475556445176,-0.42530705610253083,2.4969429313173155,8.230936782575858,-2.752610936701534,3.188771,-7.1063843,-3.3274446
-2.643182203769254,0.7589062215031676,0.44484330225098745,-0.10199851778312488,-0.7272636294627987,0.6787370003400739,-0.9657712693355441,-0.09118642392082303,-0.24283898995569803,0.2385343607297583,-0.6800258133874657,-0.6933009821700529,2.3777876908845528,7.706931754800401,-2.6293818922047056,2.7276504,-6.213127,-5.853662
-2.210914338651089,0.9265520151649098,1.3945415889385995,-0.11768809760296878,-0.8159877697271998,0.5659624292638366,-0.9699193992147349,-0.02784108572256081,-0.24182869266668164,0.21312641209784297,-0.5771199328766208,-0.7883588748424057,2.1392953707055766,6.995857726230343,-2.46339169747307,2.533078,-5.623581,-6.8485746
-1.4441421883326988,1.0518395406518137,2.2206692912788135,-0.1362623213454427,-0.8788040120228173,0.4573139930443305,-0.9716745312935667,0.028587161442024694,-0.2345874315906005,0.19312955149965141,-0.47602599348135066,-0.8579628371133772,1.8224230799677792,6.003296644481068,-2.219600427950578,2.3664749,-5.026761,-7.628827
-0.6818830235146097,1.098048083388411,2.755613337154981,-0.15264578995550185,-0.9086764808818638,0.3885953112185107,-0.9713970479773406,0.06558159326371021,-0.2282251375945713,0.18195018867089696,-0.41200795957519026,-0.8928289702341161,1.1757894964352493,3.767588473000738,-1.629202494961447,2.2349212,-4.485719,-8.197813
0.0862456737637427,1.036711790906282,3.135921682781884,-0.16749774391384725,-0.9238461203867079,0.3441698005784325,-0.9702239354240502,0.09251521655455845,-0.22384444031579429,0.17501401414224144,-0.37110005713958333,-0.9119511184514311,0.82722041078021,2.5097332255638145,-1.3460989357562756,2.1336274,-4.068506,-8.561376
0.8196698674673409,0.9219107079655737,3.275091563074866,-0.18312227654869706,-0.9308965964280251,0.3160660668125251,-0.9682174008175839,0.1150647795484207,-0.22206990990603576,0.17041852115645748,-0.3463690479859498,-0.9224890298774028,0.43332260489483343,1.1833194178968882,-0.955648809258817,2.0672364,-3.8305907,-8.744528
1.136171209414336,0.8597078861033642,3.1665113763268997,-0.19364798340658249,-0.9290636934038337,0.3151842510681485,-0.9666147218029741,0.12573239395444505,-0.2232649285678396,0.16786452960507392,-0.3475796004553921,-0.9225019897256244,0.11893186009363861,-0.08176103522564257,-0.5407381113196826,2.0288665,-3.798886,-8.776314
0.9661390399644325,0.819594240651667,3.1161156089452673,-0.20156387124861402,-0.9183861448220844,0.34049800998845775,-0.9653446068911532,0.12742907429989644,-0.22775316593495623,0.16584476712439877,-0.37429143005300314,-0.9123603666349884,-0.16534566584892782,-1.2635811162382338,-0.14631741611119933,2.0077484,-3.95865,-8.667824
0.5327239341354024,0.8281058424667102,3.4148977649679186,-0.20562453120668797,-0.899202690964504,0.3862034084886135,-0.9646671294767024,0.1198119219098823,-0.23465360917658787,0.16479953075072062,-0.42050151870712155,-0.8921992980435174,-0.4569804866487153,-2.416664710986097,0.20883339771847065,2.0006287,-4.287877,-8.404767
-0.04383356911459635,0.9922584187443686,4.0312727424885955,-0.20696120849996247,-0.868276971215495,0.4508460484833819,-0.9644008347560513,0.10352073547074339,-0.24334003138322152,0.16468523344839633,-0.48486204930886484,-0.8589456135425884,-0.7695598019467109,-3.626567884295342,0.5485440523121788,2.0061004,-4.766687,-7.9631987
-0.772977718929774,1.278260317245465,4.667284942372846,-0.20669322193942197,-0.8169815785493775,0.538348411639959,-0.9643681489491575,0.07724368647091734,-0.2530363013816748,0.1652124921381546,-0.5711882453173522,-0.8040204107190208,-1.0691096389521477,-4.861133892674974,0.8449593335360849,2.017839,-5.362204,-7.3188677
-1.625840358590571,1.5992194724667745,5.189695395734268,-0.20500225635614,-0.742269775300358,0.6379730837303766,-0.9645740922229713,0.04263621462921872,-0.260343729401116,0.1661144584693577,-0.668490142863837,-0.7249323524173253,-1.3475499974182137,-6.095908959190506,1.1341993064349813,2.0321274,-6.0131164,-6.44729
-2.800118210124639,2.0125651800809305,5.645250393592352,-0.2012711436770693,-0.6338863666085823,0.746778414893396,-0.9650318287077073,-0.0023879958755898684,-0.26212163337068495,0.16800729500495046,-0.773206216912805,-0.6114946401666219,-1.6543895519255631,-7.400988402861883,1.4709180708558998,2.0572617,-6.639203,-5.320923
-4.56748969776232,2.5327330431434256,5.784583549937311,-0.1957971567665666,-0.48250329206963244,0.8537294926052948,-0.9654888625338054,-0.05761586083880794,-0.25399124498128123,0.17180676555301846,-0.8738324796314366,-0.45486177334590755,-1.9655151624228282,-8.648395805647384,1.791248911479178,2.099643,-7.1492643,-3.9494324
-7.030414423688778,3.040206332327251,4.904234590314131,-0.18967929862795954,-0.2804589170315417,0.9409381273651838,-0.9653992305295325,-0.12139959380549767,-0.23079503448082728,0.1790227388975317,-0.9520623089175928,-0.24804882361367295,-2.2532029525658808,-9.624029531120916,2.030038943119347,2.1573653,-7.48136,-2.401085
-9.123658589737966,3.3381551664159232,3.0936604018267424,-0.1856548644288039,-0.11299709189396334,0.976096270117568,-0.9647721202709254,-0.16748278109386308,-0.2028895206982555,0.1864685778702508,-0.9793393468504504,-0.07825543545069588,-2.4394544463177112,-10.148155583375,2.173650091377765,2.229529,-7.606084,-0.76094973
-10.33842613267105,3.251166058095256,-0.09255961230720877,-0.1813902162280365,0.10043331068596427,0.9782692571891449,-0.9633063119351107,-0.2182658750717602,-0.15620768479589503,0.1978962198205353,-0.9707417576664874,0.1360056105582405,-2.512832424012085,-10.177938939414139,2.243838734832874,2.319397,-7.498407,0.8938171
-10.090295181818192,2.8657742848806014,-3.207447856002774,-0.17894072869650102,0.28458174721808155,0.9418032940927037,-0.9612443357274634,-0.25463360871206586,-0.1056926486104787,0.20979761652923828,-0.924312883318398,0.318795630193199,-2.5337515319844752,-9.957734634241532,2.247418052668293,2.4279327,-7.156616,2.49702
-8.64657283049532,2.1733249313416825,-6.009810049952005,-0.17784173578521145,0.46982658945824585,0.86465906162541,-0.9580516553021085,-0.2833367916242866,-0.04309491743936047,0.2248032550440902,-0.8362123963716038,0.500212279613406,-2.5322141136739296,-9.539000286178595,2.2158335021288567,2.5545838,-6.5977187,3.9969513
-6.6241984656241675,1.4141599121002566,-7.888965178330974,-0.17887848317914337,0.6181332172812866,0.7654500727996655,-0.9539339044524852,-0.29942257089460644,0.01887097239309972,0.24091882600051587,-0.7270240350595315,0.6429573638463819,-2.5216736816312695,-8.902642289971162,2.113430239315847,2.698677,-5.866005,5.3490434
-4.3472669152584755,0.5986177987816734,-8.950643049542954,-0.182542189439122,0.7405120544928389,0.6467768133023672,-0.9481609044918635,-0.30663281010099214,0.08346917147606014,0.2601951916936365,-0.5982644605595332,0.7578773630680107,-2.516420659667544,-8.071369969422701,1.9399696710874417,2.8626313,-5.0091186,6.5131044
-2.0845370806519545,-0.23864557765008287,-9.095076749796226,-0.18937771854487126,0.8268929810948805,0.5295130570012035,-0.9410883039139047,-0.3067174855286208,0.14239758400903388,0.28022308027172577,-0.4716337005996856,0.8360841331718184,-2.440833906397592,-7.058914193559039,1.6607361467961248,3.045508,-4.0786605,7.4505677
0.14550097407426765,-1.0968063781847432,-8.239829998266112,-0.19961157807649826,0.8864270569857368,0.4176150027733849,-0.9325791067231853,-0.3026696164780678,0.19669061133812288,0.3008193477708359,-0.3504996977877474,0.8869372479817418,-2.240156125657646,-5.8295319044725105,1.2963251152817206,3.2315383,-3.147351,8.127159
1.9624721527673206,-1.7434919303926404,-6.489709511373381,-0.21001474324078734,0.917197058047912,0.3385902602405455,-0.9246744445126114,-0.29883254992811736,0.23595796742833766,0.3176733886231998,-0.2638440005778163,0.9107524150501858,-1.9479296283824556,-4.4587246284669435,0.889664126772447,3.4073288,-2.3125503,8.548945
3.25189775487884,-2.0730844503917263,-4.162307963203,-0.2213538606495155,0.9350454259856291,0.27693414328844856,-0.9159286390715483,-0.2968309308042158,0.2701222135823039,0.3348546722330307,-0.19417829864356922,0.9220450839409088,-1.633649657244365,-3.11585124154593,0.5085781784433487,3.5702348,-1.6467148,8.779327
3.682986257739991,-2.064876941428215,-1.93279269373475,-0.22865237772068364,0.9408587153828186,0.2500059356312742,-0.9099254674491377,-0.29783912963246184,0.28866482323172893,0.34613236728444396,-0.16180383328058628,0.9241276447838653,-1.3225497378799673,-1.9404477506437132,0.17749364063565048,3.7199295,-1.1714599,8.887861
3.589904507887759,-2.0261318058614184,-0.1917630821891798,-0.2375097981424796,0.9430021912480753,0.23310075737252745,-0.9020871118073256,-0.30313246576415115,0.3071635306071068,0.3603973136507243,-0.1376445356828381,0.922587534118035,-0.9888479410830391,-0.9130515243661994,-0.11197698397680289,3.8536286,-0.89264834,8.918184
2.909128074836239,-2.1238628739294256,1.4946687366549425,-0.2504488697647379,0.9370386224512093,0.24338032720066846,-0.8885336784551124,-0.3222990751244526,0.32654416554136895,0.3845111872939111,-0.1347886606527999,0.9132267866227152,-0.6242346161195448,0.1331951832858168,-0.40967875404045584,4.0618286,-0.94116056,8.814143
2.519654660404885,-2.1799540710616934,1.7947641038912203,-0.2508445819550754,0.9225583382994431,0.2931946591224892,-0.8844732191168865,-0.34152379940177313,0.31791272816820204,0.3935115650490783,-0.17989085924594722,0.9015475178449435,0.14230069533537582,2.0817933467940994,-0.9329930596785218,4.1304016,-1.2574539,8.678818
2.4006807837124167,-2.291207657838716,1.8126421841833082,-0.2428781465090411,0.8771527195331182,0.41426237164867663,-0.8818878115397554,-0.37754671425371317,0.2823689962407443,0.40416698543538754,-0.2970509089286155,0.8651068173287928,0.5446706436033062,3.0231489348317298,-1.140643468504144,4.1704254,-2.4111664,8.146307
2.8140831104937187,-2.391481052016756,1.1210870577392773,-0.23397360326951083,0.8379800553218604,0.4929967341229067,-0.883297936500994,-0.3950939813662431,0.25235963402536526,0.4063322000955565,-0.3767033727656736,0.8324594357159207,0.9837948428280616,4.085044508912477,-1.3838551402996582,4.1316543,-3.2331328,7.6429
3.2053746709678697,-2.5095955458087875,-0.3043116615033703,-0.2148433002187751,0.7621238561343039,0.6107451058028075,-0.8896671022800282,-0.41070263485603287,0.19953865907921048,0.4029810879196712,-0.500750274668908,0.7660648831516101,1.8961008446050016,6.74973456812083,-2.0090265592717262,4.0502334,-4.151651,6.884244
3.1387691688298545,-2.543756096906128,-2.146470751432258,-0.1914107878476147,0.6483505777684836,0.7368876702746677,-0.8984518592029707,-0.4179971814839517,0.13439678787217094,0.39521850200333797,-0.6365542800204615,0.6622695706899631,2.277119717157631,8.143537954051427,-2.345242040088194,3.924153,-5.052527,5.819501
2.2983988045286834,-2.4272771791226915,-4.003204427051448,-0.16534767232551306,0.4968721492623055,0.851926179046043,-0.9094490843860091,-0.4109859192436036,0.06318877049839823,0.3815828105747814,-0.7645048698634721,0.5195448610359694,2.6182120525173986,9.405959326384409,-2.5840892878803543,3.7394881,-5.817978,4.4678025
0.4171918672314874,-1.9917102657803833,-5.293506078618348,-0.14001639393352588,0.2995473562490111,0.9437514454527093,-0.9222680787456438,-0.3862890718349657,-0.014220672693624536,0.36034887005462846,-0.8724851470164582,0.3300278171397384,2.821161977263465,10.232910896857414,-2.8142088018504534,3.517894,-6.3679304,2.9136155
-1.940604005797744,-1.1466094233866764,-5.25067899693774,-0.11979930821853407,0.0948544554146109,0.9882564232214008,-0.9351693110922094,-0.34498982578245135,-0.08025125121813287,0.33336709076508036,-0.933833481423223,0.12969738535455763,2.9605270328265103,10.502880840110945,-2.805355228500236,3.2645218,-6.702133,1.2623596
-4.0015451122877215,0.030321118602050667,-3.7172578731350097,-0.10426835823063699,-0.15134575995398286,0.9829662102106244,-0.9501693411795525,-0.27679003882262027,-0.1434063496332953,0.2938147684599154,-0.9488854710474816,-0.11527898624573515,2.9947600288420544,10.212385366332017,-2.698433821409779,2.9933028,-6.8697724,-0.400737
-4.789343357114819,0.9409894002167815,-1.9580608736037655,-0.09977902591449342,-0.33684178524288066,0.9362594499933992,-0.9608410014696157,-0.21185009563578824,-0.17861688189567304,0.2585463219136967,-0.9173037761735423,-0.30283259673069896,2.943246462353771,9.641280089248875,-2.543762780734231,2.7155318,-6.9036727,-2.0237412
-5.09396807352538,1.6214551833629822,-0.2080883495116308,-0.1076453750924189,-0.6017891073635439,0.7913673884358643,-0.9737467485872261,-0.0967693109949952,-0.20604090295259045,0.20060997003024744,-0.7925654779558544,-0.5758433841567258,2.801330944578336,9.0431824150649,-2.3956325521289994,2.1806076,-6.51689,-5.0362244
-4.993785665015549,1.8329558489791242,0.9491757088773851,-0.12120669973957975,-0.733213705659611,0.6691088086187023,-0.9783743149933892,-0.025575346779306896,-0.20525468331439853,0.1676495851068128,-0.6792669872443565,-0.7144858127727155,2.581319888218878,8.310148750983599,-2.229360890314703,1.9456726,-6.079016,-6.3171663
-4.329013852021189,1.9589911355364753,2.224025704668203,-0.1382926150542121,-0.8164629245803348,0.5605920490046148,-0.9799564583596938,0.030855079154878447,-0.19680748825598915,0.14343608240415331,-0.5762942937676451,-0.8045563853673645,1.860898576468018,5.835642381142513,-1.6946524688228397,1.7464249,-5.5408998,-7.3420362
-2.1013885561472967,1.7430215137953367,3.8073239815870283,-0.1681263408777934,-0.8930810745184907,0.4173005246101906,-0.9788203009937837,0.1010833079588277,-0.17802490510796243,0.11686591056169322,-0.43808823617044407,-0.8913030103604805,1.378883831640152,4.196546454004513,-1.3687481298614321,1.4946808,-4.588379,-8.464434
-1.3398169865881848,1.4442178334573252,3.6456781967502248,-0.18109633543580145,-0.9021369479958359,0.39160317204088185,-0.977055298082256,0.11964948775096053,-0.17620110157001329,0.11216418409631075,-0.4142195736562345,-0.9032393595310468,0.42141461365776495,1.1459871490197995,-0.7317552048521677,1.4373047,-4.3553224,-8.646683
-1.1512455863170763,1.159474112333816,3.033640606474235,-0.1902082546562883,-0.9011050904072542,0.38965425174472434,-0.9753944784604262,0.12838923106096903,-0.1792252782412291,0.11153828825177613,-0.4138493309056778,-0.9034865475272922,0.0332860562674584,0.014853561251842614,-0.44298248477990587,1.4174957,-4.312892,-8.678279
-2.047557916547132,1.0020925844193829,2.2785512270139034,-0.2012282875912214,-0.8855614582778631,0.4186741930020138,-0.972912489749163,0.13103783092883647,-0.19044751975205712,0.11385947202364013,-0.44535468020334185,-0.888085147635899,-0.22951519921095737,-0.846821196827403,-0.18437825244393374,1.4452164,-4.6557937,-8.41892
-2.3370640109302654,1.1409045289145392,2.744174408932751,-0.20250035376351955,-0.8638493515331633,0.461256874833732,-0.9723998635077284,0.12163131332033646,-0.19910854500568503,0.11596558879870712,-0.488550980198745,-0.8647947282224921,-0.6607931894095962,-2.6119687562867338,0.2369140420094123,1.4731109,-5.007889,-8.101191
-2.4114684749138235,1.3719047867995746,3.5765670800837,-0.20420212344243494,-0.8343262348069002,0.5120558823942367,-0.9717434143183302,0.10950097213243395,-0.20910322201048373,0.11845934831265624,-0.5400016321876839,-0.8332860373437069,-0.6607931894095963,-2.611968756286734,0.23691404200941227,1.5018921,-5.4826965,-7.606181
-2.618768040640003,1.6013460249908076,4.433751742460122,-0.20415508684924802,-0.7920005600459232,0.5753744983925847,-0.9715146874170856,0.09166987191661213,-0.21853084528238634,0.12040169054816607,-0.6033287773461921,-0.788351329889848,-0.8930619052816362,-3.775088718859447,0.46647556909023974,1.5290985,-6.050763,-6.8875566
-3.3884653600682415,1.851844997036679,5.097207320699194,-0.20059611544783762,-0.7078525416439454,0.6772783606135979,-0.9720678586921874,0.057833368124920376,-0.22746266342649013,0.12190916684801098,-0.7037471763013199,-0.6999128994998893,-1.4247439602548952,-6.473113489728401,0.9880193109473256,1.5595917,-6.638936,-5.9040847
-4.862936653200167,2.1852122468018935,5.506237103078577,-0.19548736333015979,-0.5861732199765456,0.7862478279528339,-0.9727994551509714,0.014303403173524465,-0.2312066528882511,0.1243478168961077,-0.809859471038147,-0.5732933434141585,-1.7337988850134798,-7.911444219004079,1.2584066289526123,1.5999496,-7.141513,-4.6368103
-6.91901714995598,2.594359711660503,5.460397805720333,-0.19001049509942763,-0.4278153917410276,0.8836684912010501,-0.9734521121480735,-0.03490261540979443,-0.22621378476160547,0.12768490043973674,-0.9030460079101272,-0.41012738728019194,-1.998888050439228,-9.225568358861736,1.4761489215540307,1.6471207,-7.469302,-3.1354918
-9.34907164342042,2.968206884891497,4.229545463824325,-0.18404714737234096,-0.22862851987690994,0.9559579736803266,-0.9740324425884008,-0.08805043028228862,-0.20858524908664328,0.13192383334708183,-0.9694456060818322,-0.2068122797215877,-2.175155250267489,-10.223305336333985,1.6603422879771936,1.7005554,-7.580466,-1.4895446
-11.189337480961907,3.0742029056520996,1.67584301430554,-0.17734570382970583,-0.012323119347687567,0.9840714618678299,-0.9745876947802229,-0.13684158962694104,-0.1773501851014047,0.13690791018777831,-0.9905120270248906,0.011922602360949885,-2.2401286599412233,-10.713202222315378,1.8184347188389063,1.7634948,-7.4717345,0.20660095
-11.72337607970506,2.778885601769173,-1.6835332128251792,-0.1701574544763794,0.2108792956132671,0.962588366524222,-0.9749086972783305,-0.1783000355774193,-0.13327420196091613,0.1435828175142437,-0.9611853085354631,0.23559876309152714,-2.2534318882577526,-10.779002032221054,1.9084302595046698,1.8346786,-7.1450624,1.8823669
-10.931411266945963,2.2071428276189033,-4.81948962195683,-0.16379624627619416,0.40905651590851055,0.8976878948156857,-0.9747882022283976,-0.20688179616730434,-0.08359286354156159,0.1515769558550767,-0.888887311557504,0.4323236910068432,-2.2272008849048923,-10.55413282238575,1.9315767169404068,1.9143814,-6.614839,3.4843323
-9.077595727068026,1.488817322172879,-7.407213312447614,-0.1574184039624139,0.5890176298355294,0.7926396897940833,-0.9742009850900232,-0.22406431719637376,-0.026972319757685735,0.1617688005837464,-0.7766372430510154,0.6088230020817329,-2.1764176253557745,-10.093803622918028,1.9438522835972258,2.0102935,-5.907422,4.9701858
-6.784335161570722,0.850735176333359,-8.848084539673525,-0.1524384070893255,0.7180785095057989,0.6790624317616153,-0.9731006341257857,-0.22914115653433254,0.023861472508243557,0.17278756427701525,-0.657403642706722,0.7334609111514728,-2.1107867313061646,-9.33982919817898,1.8871018856245123,2.1301818,-5.059587,6.2928514
-4.012606606743037,0.14500882770361434,-9.47331828891931,-0.14852694993902715,0.8315603077377492,0.5352076230183092,-0.970784695453916,-0.2257453272868111,0.0813388339280669,0.18850943413701626,-0.5077740380808979,0.8406127048126031,-2.029746441203181,-8.298673898981995,1.727979354708408,2.272679,-4.114665,7.3991365
-1.4877403702891765,-0.4443610335963955,-9.028272477179325,-0.14725843772667518,0.8981298209659261,0.4143401708862073,-0.9679473825952929,-0.21702247074207465,0.12640805094647511,0.2035022033796967,-0.3827512189537058,0.9011594518225178,-1.8666207164858988,-6.995092753572065,1.482314776536086,2.4269013,-3.1374803,8.238169
0.654139298686208,-0.9248829399252451,-7.655032687491155,-0.14774408799232994,0.9403991719045597,0.30630227218310374,-0.9643201266076026,-0.20576027224143054,0.16658117363852806,0.21972803793245693,-0.27108286918016855,0.9371412206190699,-1.6592714262532293,-5.522469332781757,1.1854530618830135,2.578511,-2.220221,8.7841015
2.17562123384292,-1.201083050239164,-5.631582244741488,-0.14967524394271323,0.9614803529081465,0.23054902368545027,-0.9605817429700431,-0.1966521521795351,0.19649562269921134,0.23431570241638322,-0.1923786512286148,0.952935782806258,-1.4368277702724797,-4.0909040626831406,0.8586944324709921,2.7256866,-1.4471924,9.083338
2.948389199681133,-1.2597320709177657,-3.3219127073212107,-0.1529585571276094,0.9730566798108187,0.1725235568755315,-0.9562962516633603,-0.1897654189869587,0.22245549765171185,0.24925299314053423,-0.13128910643274114,0.9594978457206547,-1.202730848248909,-2.826058990421874,0.5468763124000404,2.8644912,-0.8595413,9.219131
3.005970089087891,-1.209700725024923,-1.325641030252752,-0.15703331816674915,0.9782182057691661,0.13575595341381133,-0.9521983970686808,-0.18643925358285302,0.24198863809580673,0.2620815001928354,-0.09160003084724944,0.9606886704887572,-0.9610632272544495,-1.8257961220574128,0.27831272924601197,2.9879365,-0.44698638,9.268941
2.68367310137207,-1.1764691509752123,0.053083407324298504,-0.16106557482681144,0.9800141197141276,0.11674847222405746,-0.9484500828644596,-0.18641165067718876,0.2563064970506312,0.2730022072598825,-0.06978226594517173,0.9594791452610054,-0.7393946717385178,-0.9762995425362896,0.0623484095666078,3.0954666,-0.19384155,9.275357
2.253534158591748,-1.1923558186930228,0.9149429134339409,-0.16472245915012293,0.9796965101329815,0.1142858673887192,-0.9451848277869271,-0.18990703245536664,0.26563291206014567,0.2819995201096176,-0.06459977410077693,0.9572372432391428,-0.5247730133751064,-0.1746202819794832,-0.149759221179931,3.188263,-0.094236754,9.259433
1.7432677503885685,-1.258232073889201,1.4591568052026715,-0.1680302682523889,0.9776290340351206,0.1265199619134706,-0.9425898028933228,-0.19691383078464944,0.26972076366383263,0.2886577016942487,-0.07426868111386523,0.9545474814058236,-0.2624530609059611,0.557116868717527,-0.3474931901028884,3.2589707,-0.14668122,9.23027
1.157817462289646,-1.3274009271904903,1.7934310058567136,-0.17013048120812924,0.9743769377119474,0.14712308662809118,-0.9412435004961274,-0.2048840071849565,0.2684829603490529,0.29180481041839984,-0.09313391182770595,0.9519327849613916,0.007711976481655586,1.1922133625750728,-0.5049882734290522,3.2997086,-0.3339676,9.1896515
0.7149744053392123,-1.383555964617816,1.9328122456687762,-0.1717457022460493,0.9653409661256769,0.19652031162084757,-0.9405243394844419,-0.22002585689034201,0.25884835862177047,0.2931750637155314,-0.14070535863958458,0.9456481290974461,0.27258184188726314,1.804949143141912,-0.6263379677031657,3.3109145,-0.6447922,9.1300125
0.6745798664402209,-1.446313885765019,1.8835964995874372,-0.1710519675032715,0.9564047145725816,0.23670920209530807,-0.9409840197817875,-0.22979336683865292,0.24848333283426605,0.29210318802938434,-0.18056228051353967,0.939187409625374,0.5378058289425686,2.548730152687261,-0.7453098290490277,3.2952225,-1.091037,9.029538
2.0086971587191136,-1.6547530755213442,0.5369679554334508,-0.15718570962326187,0.8957412569034439,0.4158608581860873,-0.9466806555238807,-0.2565809604751321,0.19483796037398307,0.2812800001162998,-0.3633672590777274,0.8881699142421534,1.153719955686186,4.8982550293681895,-1.1009014848322796,3.181401,-2.4965377,8.486798
2.386240953609518,-1.4764161363974464,-2.042160757093356,-0.13550313298820463,0.7407767802241325,0.6579427504206934,-0.9558302541927512,-0.2725532296796451,0.11001429809426973,0.26086668450013606,-0.614227012188203,0.7447642247156208,1.443416172124866,6.303702978616988,-1.2932239144790485,2.9395523,-4.4012575,6.999049
1.8040196093930312,-1.2611002046387267,-3.181465552583074,-0.12388758494583499,0.6261521504287026,0.7697956552292294,-0.9610175971137341,-0.26895293943866927,0.06410443065189614,0.24722019423665773,-0.7320590326983976,0.6348005578181826,1.7309687370605977,7.685613506904603,-1.4491317830968422,2.7598329,-5.314641,5.8124146
0.7278368159268385,-0.9652841454024498,-4.184336277092393,-0.10718778331180397,0.45422461069349396,0.8844155031143701,-0.967932173885725,-0.2509447563114419,0.011572366257840298,0.22723245240213136,-0.8549687580054044,0.4662551183740608,2.2318744044173537,10.123654725866048,-1.6386784456635302,2.5363145,-6.0634336,4.3660903
-0.906649493886605,-0.5204210833352918,-4.738350368616604,-0.09318012277554512,0.24785377992487873,0.9643059517064504,-0.9749105501593242,-0.21935976923871237,-0.037823199914107215,0.20218709535127039,-0.9437209689106534,0.26174627277528506,2.3712020617797,10.777130104206945,-1.677762153800691,2.2861876,-6.599173,2.7516785
-4.23910457698662,0.716954493919367,-3.1212372093002507,-0.08164456979900511,-0.14058015596130455,0.9866972098735404,-0.9854231976486094,-0.13686528362287897,-0.10103909787294421,0.14927653776601657,-0.9805156559647776,-0.1276932405437075,2.491687461725973,10.997391598385107,-1.6427751231757013,1.7505646,-7.1324797,-0.6530762
-5.026841590611613,1.2494883424502536,-1.547265831545659,-0.08454424806712484,-0.3288034243341039,0.9406064949089659,-0.9894025295750557,-0.08413206726141817,-0.11833982150130609,0.11807454878396788,-0.9405312289406107,-0.3185269349944008,2.4764076754269633,9.97654771289513,-1.5032904713243895,1.4872558,-7.2133393,-2.3141465
-5.183395068670668,1.6157958416069498,0.8913188433410482,-0.10836109310364174,-0.6515025079377139,0.7508677351253359,-0.9923662761985474,0.026154117570328296,-0.12051978933812262,0.05891762818420997,-0.7579732214016149,-0.64961935679843,2.303614170990313,9.022143427116694,-1.380048926715832,1.0271759,-6.8858643,-5.291959
-4.510483933051704,1.370226834683422,2.291342392329507,-0.13917039940392673,-0.7886163949924511,0.5989288617848203,-0.9898210745367886,0.09260367229663463,-0.10806795965583121,0.029808629167748932,-0.6076032428165032,-0.7936811355613848,1.277980784406797,4.7555439140828275,-0.9369173610981358,0.70966643,-6.0265503,-7.3283567
-3.8347949449380265,1.256099094627208,2.964530004758939,-0.15948770054868924,-0.8519852032164396,0.498683152787351,-0.9870701164459368,0.1294354019890574,-0.09454599703580982,0.016058943631618288,-0.5070235159462797,-0.8617826086704868,1.2779807844067972,4.7555439140828275,-0.936917361098136,0.6224289,-5.633722,-7.8793273
-3.400405881814195,1.1588158111580573,3.038375836100517,-0.16836260211089799,-0.8622576621769569,0.47766699512063315,-0.9856095922342144,0.13983962946203796,-0.0949657483095081,0.015145603575629791,-0.486487703036187,-0.873556137570394,0.3097732515391094,1.502037318421797,-0.6062433268602961,0.5883957,-5.3841386,-8.146502
-3.182056063680915,1.05268741511361,2.7246384235398238,-0.1774137117115438,-0.8635004932545828,0.47211362302503407,-0.9839933100922046,0.14746615330085924,-0.10005390021679986,0.01683633502289833,-0.4820130067453131,-0.8760022826176539,-0.03873681991906172,0.2637766417946215,-0.46036157277914236,0.5917023,-5.305684,-8.214388
-3.4233386820343776,0.9955952492239619,2.039682515276903,-0.18317710529956252,-0.8556840961729073,0.483994706221903,-0.982857107649064,0.14892308927233638,-0.10869086000883088,0.020989542327486625,-0.4953154069384066,-0.8684596057171132,-0.3439110989194814,-0.7184644850082861,-0.28070801151826946,0.62428284,-5.389989,-8.144602
-3.9842030919403224,1.0134696712592857,1.37199900763857,-0.1863327644490542,-0.8408250615427151,0.5082256553682244,-0.9821304541471081,0.14548057116797372,-0.11939454792240134,0.026516534858638773,-0.5211041716419902,-0.853081072159268,-0.5349382618587866,-1.3877926191656826,-0.1228085697648243,0.67633665,-5.587442,-7.9783936
