0.8377026682224477,0.8291052080772718,-0.47234575294334274,0.999918896444246,0.010020592572776509,0.007860550757520358,-0.010237297613975429,0.9995546366842805,0.02803080484964737,-0.00757616468168628,-0.028109002249217915,0.9995761530375109
0.9250888201442223,0.23979561567435687,-0.7583242985287351,0.9996614268280244,0.020993053704039227,0.01537281393686726,-0.02179426292317045,0.9983056393691185,0.05395239111893907,-0.014214141401925513,-0.05426916343555133,0.9984251679941825
1.1196471244290238,-0.22575470244104565,-0.7654157287150396,0.9993088673228276,0.03044948194596165,0.02132174334311724,-0.031940631266980955,0.996784127349319,0.07349285365750333,-0.019015356011233844,-0.0741230902868937,0.9970677929419278
1.3667151700752438,-0.5173530390358506,-0.6491030356521764,0.9988794728264785,0.039222118907398774,0.026484413422054764,-0.04147501182210227,0.9950148946879486,0.09069279322794557,-0.02279522231198721,-0.09168961084847228,0.9955266913057644
1.5434011783973967,-0.8157501915616631,-0.5281881551424954,0.9984829785098445,0.045575557827093716,0.030896766090623487,-0.048595726416502304,0.9932502081816101,0.10532083991898485,-0.02588816332152446,-0.10666251673356116,0.9939582036101422
1.5631805818363684,-1.2865201527737793,-0.5183077347485611,0.9981146389123496,0.05063755283902911,0.03468437445514039,-0.0544556734987579,0.9913007648180011,0.119822257093758,-0.02831514104973762,-0.12148510984363681,0.9921893069740335
1.503434682897185,-1.739863555955402,-0.5470014456415115,0.997953422157807,0.05288474042630094,0.035946786136794515,-0.057067922688326105,0.9901879884408096,0.12755782903288362,-0.02884821317795793,-0.1293481804185351,0.9911795139221014
1.5154177540741596,-2.1734730104434874,-0.5610144631610616,0.9980093216859749,0.052706861692311514,0.03463207412858563,-0.056826909348531775,0.9897032314563972,0.13137052949067046,-0.027351347348788097,-0.13307704676356819,0.9907282187476507
1.6575847862742734,-2.485901512186323,-0.4709507117041025,0.9982599359816942,0.0499597084057542,0.03132295882952207,-0.05365266170307456,0.9899326664674964,0.1309759815871911,-0.02446409830750681,-0.1324286351079886,0.9908905915879088
1.8682897825118123,-2.441180289556998,-0.24816936527235062,0.9986732595469029,0.044480026450026196,0.02594702127353712,-0.04744212454442707,0.9906750734067766,0.1277190030856382,-0.02002412256942833,-0.12878053493243125,0.9914709316655943
2.0548131489175203,-1.9988052583316716,0.011275082061648789,0.9991111617631133,0.03736076438956605,0.0195207511276986,-0.03950817756440337,0.9914154135988319,0.12463780158602385,-0.014696610013938146,-0.12529824804395634,0.992010261384031
2.1858451929659477,-1.5472976194829628,0.19951173721839158,0.9995670402301464,0.027307457194571116,0.010956042493149735,-0.028442514943984976,0.9921027036077463,0.12216074998894609,-0.007533619927115261,-0.12241947670108407,0.9924498558088598
2.2890045556081473,-1.4898384797680524,0.2900292220908733,0.9998977341163545,0.014288749643068805,0.0005940897386838302,-0.014255641875811133,0.9925500021577358,0.12100111524852764,0.0011392908709059006,-0.12099721009311146,0.9926521934524676
2.3807859355096137,-1.8223641010865161,0.35949445805719826,0.9999494724500064,-0.0007878471289141309,-0.010021568931813333,0.0019842646218186867,0.9927789259132953,0.11994193160173176,0.009854706533642952,-0.11995575667447297,0.9927303265236691
2.439538515350522,-2.2004307155668816,0.4964606715094811,0.9996247420007403,-0.017933918326140507,-0.020706273286726883,0.020253397512781855,0.9928227818012191,0.11786739933365122,0.018443835532300265,-0.11824254103308372,0.9928134398873221
2.4002746201110168,-2.2876789967394284,0.7408284204827323,0.998772386979699,-0.03807655930987666,-0.031684296394202956,0.04148745407584727,0.9924907222184963,0.11506935936430696,0.027064924924682952,-0.1162425995120937,0.992852027191108
2.1112460366340535,-1.8025582535029554,1.0011266762685171,0.995087369325442,-0.08410869330898595,-0.05221929833716993,0.08960983978912092,0.9894397044209643,0.11392606342853626,0.04208567478298885,-0.11804574971259969,0.992115919110691
1.9749582769345762,-1.7224482523648388,1.0869565247616038,0.9925066233971253,-0.10544483399480044,-0.061741311102420635,0.11192093172841952,0.9872648086001805,0.11305707735781656,0.04903373893432335,-0.11912004316427127,0.9916683456492211
1.8402831565749223,-1.8946925471790954,1.2094858557702115,0.9883438696630396,-0.13389452270266355,-0.07244758166919303,0.14148066112953345,0.9835434177880121,0.11236355215204619,0.056210477900820316,-0.12130375969483143,0.9910225931118121
1.661144030571591,-2.1147305454528738,1.2727978326711817,0.9833731672952921,-0.16258562856709174,-0.0808895990042535,0.17101008947105412,0.9789654423226353,0.11127538828127732,0.06109634312074109,-0.12325816857916824,0.9904921305774127
1.4321783986141314,-2.230177285637711,1.2512916586547362,0.9771643661947549,-0.19359401553593086,-0.08758515049867878,0.2026259503870893,0.9730821498888936,0.10979004416310932,0.06397285103019325,-0.12502994327873,0.9900883736388316
1.0897402566617784,-2.113309523968737,1.127210111609001,0.9704490793336307,-0.22431603594361874,-0.0889432427958941,0.23313670029077926,0.9666761810502638,0.10575651264865454,0.06225643258359406,-0.1233672444720187,0.990406310356182
0.5829217806101188,-1.6680857028406892,0.8433149603486924,0.9614681740261817,-0.26067055561948005,-0.08734879373976032,0.2686981863973055,0.9582206523411049,0.09805338369371136,0.058139788110712076,-0.11774567023894718,0.9913403664627114
-0.0479530514168543,-0.9413788085813982,0.4387371123690698,0.9522099967899278,-0.29406244372919416,-0.08260388127285345,0.30087937164701145,0.9496076815017429,0.08784563136652936,0.052609179147984145,-0.1085012922545126,0.9927032506486904
-0.6807771691859403,-0.014317625264646583,0.03950035336214585,0.9435136720245033,-0.3226220708813052,-0.07547814308192463,0.3280545520674011,0.9415839360326179,0.07615708944793055,0.04649904913752764,-0.09661620353533554,0.9942349559554446
-1.2845727310552837,1.0131659323334736,-0.2976089963462237,0.9317911812559888,-0.35764482018522736,-0.06209168324537982,0.36108815424554036,0.9307449267111678,0.05769944770075637,0.03715561057387023,-0.0761844078279789,0.99640122270438
-1.949539594761144,2.1676539018240915,-0.6415398372403893,0.9216231062293259,-0.3851620440608486,-0.0475504982000923,0.3870476843298073,0.9211888432313053,0.040065011682313814,0.028371466637133615,-0.05532915073484271,0.9980650003681221
-2.720129778080515,3.5484491026070044,-1.1055137999794167,0.9137524911485931,-0.4048706491245421,-0.03370671145649602,0.4057262479031505,0.9136767494320234,0.02410413470264786,0.021037981893968043,-0.035700910699924024,0.9991410552534741
-3.4763062211572073,5.078520658665285,-1.6864990535082425,0.9079841330407633,-0.4185529605050823,-0.019448223534397933,0.4187438654995498,0.9080782710993986,0.0068868471467321835,0.014777998941260027,-0.014396972235802996,0.9997871463155216
-4.061874414687794,6.585394716725974,-2.271980914267282,0.9060445899632024,-0.4231291557959024,-0.006702127562134074,0.42305590662769327,0.9060474670013176,-0.010084017449288135,0.010339287491539792,0.0063011948028889545,0.9999266943522529
-4.498076585389463,7.998620664867309,-2.760052759299673,0.9076408611185055,-0.419734814452401,0.003279140842640157,0.41967700072025804,0.907317158144964,-0.025432058552063666,0.007699499626991745,0.02445935551798983,0.9996711747535482
-4.735264373143105,9.284451297801741,-2.9451626944863647,0.9156994087424678,-0.40150978360259687,0.01686672760467664,0.40183678083947466,0.9143431962176383,-0.05003719711457047,0.004668446557759399,0.05259670333690204,0.9986049230826112
-4.788811646279362,10.134433703458509,-2.9863595212831235,0.9237837888515972,-0.3822436954573002,0.022655435068301664,0.38289762851749265,0.921569515639222,-0.06402369811383093,0.0035940966413826954,0.06781876678057033,0.9976911833536947
-4.478597906867843,10.535591515013925,-2.8140649782302187,0.9385967300899045,-0.3440349254529329,0.026002852403793596,0.3450005516851217,0.935166976185279,-0.08023307291537962,0.0032859704046545794,0.08427749830813577,0.9964369050157779
-3.996225178372657,10.28476654697456,-2.624139762216602,0.9528020522034976,-0.3026109725109539,0.024389518912391765,0.30356685775678516,0.9486041485680707,-0.08942780435143582,0.003925836022433075,0.09261084512853536,0.995694641532284
-3.1815356851098984,9.372874904428157,-2.3133582188619783,0.9689194243417729,-0.24668980286509168,0.018419834298641583,0.24731536788114825,0.9643350216518607,-0.09430310082663979,0.005500722045286426,0.09592761426247032,0.9953731133996394
-1.9956593541759782,7.638809995788802,-1.7817479917402337,0.9828205103660735,-0.18427659898478246,0.010294633085854125,0.18442756015439263,0.9784215846392708,-0.09315405395084972,0.007093621026566267,0.09345232890935162,0.9955984847126627
-0.39545120271225565,5.019834486030958,-1.0760790262201334,0.9924066175441745,-0.12297466254142551,0.0025175041912503093,0.12272890739238393,0.9886492543071678,-0.08666179808978483,0.008168276733929662,0.08631271245132748,0.9962346083752022
1.5670410168912823,1.7315754639261174,-0.43004378048245484,0.9985201124731047,-0.054143340825833525,-0.005107213615649871,0.053635350634671446,0.9959535684608422,-0.07210921322835617,0.008990781333903877,0.07172857251008377,0.9973836662672352
3.3652210163021845,-1.7309766995114855,0.0374099151743648,0.9999444790257821,0.0046384485353112,-0.009461694406525507,-0.0051398098036338985,0.9985454208146438,-0.05367145354180841,0.009198979347714537,0.05371710496008977,0.9985138213433337
4.525721980216841,-4.767889626340828,0.5253685160928648,0.9982545002729362,0.0576233848550011,-0.012942109668936129,-0.05800376049208506,0.9978274303671842,-0.03124072623357188,0.011113795643577944,0.03193688658395724,0.9994280958736932
6.032242613500742,-9.008183929662044,2.318514437815386,0.9938502475705204,0.10845041759423875,-0.022364979938512212,-0.10826049998410546,0.9940768021783216,0.009538108518749183,0.023266919589976037,-0.007058207602435425,0.9997043723812727
6.730552188595087,-10.88327374954335,3.2690908141157164,0.9899900238055298,0.13854032501599975,-0.026950530792312,-0.13760728914623702,0.98990818020515,0.03385304619607962,0.031368562914966897,-0.029805588526164193,0.9990633814494747
7.504859437136311,-12.482448883486821,3.89978151196302,0.9877443377002744,0.15276588767124152,-0.031995420063874506,-0.15075282625869657,0.9868701974196682,0.057972397051374476,0.040431531210943866,-0.052438506928443776,0.9978053388687865
8.404186730639664,-13.508260413331737,4.185979297576925,0.9882335047210423,0.1485959300986004,-0.03624623711362986,-0.14549740288487867,0.9863701345991508,0.07684050575452057,0.04717039220232361,-0.07066262894194446,0.9963843369756934
8.715158871297318,-13.246413203035653,4.038559940853664,0.9911285714419795,0.1267862302232677,-0.03986736380993012,-0.1227377453384252,0.988221196556945,0.09140192856171969,0.050986279925296966,-0.08569783253580138,0.9950157188497301
8.553904678738702,-11.701613335636555,3.511346344786735,0.9954044855187701,0.08620362672412242,-0.041699459813292955,-0.08176785911209962,0.9917821947966794,0.09839763869375703,0.049839015091955235,-0.09453577536515688,0.9942731313631946
7.52274278652998,-8.913651688116548,2.838454194530558,0.9986545296038324,0.030822102485572055,-0.041702859615586285,-0.02666510138493917,0.9949459776249105,0.09680637363388694,0.044475868399384076,-0.09556411254431053,0.9944291817539039
5.8707603146383125,-5.659099397949805,2.167641475096634,0.998595479395848,-0.035388853804372296,-0.039429653264889154,0.03851274044883299,0.9959281955779834,0.0815094968448733,0.03638457576085537,-0.0829135590792986,0.9958923156483869
4.123266872276033,-2.741779258737081,1.5248403029165896,0.9936316315250494,-0.10758505207152377,-0.03349085552260923,0.10944612330664945,0.9921893263539215,0.0598488660084587,0.026790426014052432,-0.0631331706800814,0.9976454660017582
2.5252039010682177,-0.41484634992961333,0.7660127097746539,0.9847544492435529,-0.17246734472548983,-0.022664723655192565,0.17321292597420493,0.9842050167715319,0.03657550050518424,0.015998655271045974,-0.039943709956502524,0.9990738426484946
0.934508428824234,1.6848334736183288,-0.11166339319759996,0.9722425793426089,-0.2338840555286891,-0.006528053514206388,0.2339475137320224,0.9721780799402389,0.011761874949060912,0.003595515517480642,-0.012962617527538245,0.999909517313941
-0.8783289249008324,3.8092143447634856,-0.9192598410112224,0.9526901244397722,-0.3036132766132356,0.01415998090065422,0.3038189399671762,0.9525988711134431,-0.015793747833142035,-0.00869359029132765,0.019348617975718796,0.9997750009228458
-2.7731582753439756,5.9704331255284355,-1.5596610370548176,0.9343995905402699,-0.354475279338305,0.035280044447352235,0.3556930845006269,0.9338315616150797,-0.037961087576267996,-0.01948935187753682,0.048019692518526155,0.9986562342937733
-4.508943702656427,8.127402781135677,-2.2469346068569744,0.9251257375869836,-0.37632467844703843,0.05022057393014538,0.3787180112985082,0.9240356729006228,-0.052256512753891995,-0.026740186466125276,0.06736328079026238,0.9973701172728853
-5.635187202355626,10.03858472775872,-2.922462569810559,0.9123753579920485,-0.4033774107549367,0.06969842624855159,0.40783291090421586,0.9103784891417172,-0.06988077912731001,-0.03526362023779969,0.0921828129354324,0.9951174835601246
-6.234004736369701,11.747149039605848,-3.7379161345915732,0.9123280884841961,-0.4023658709453288,0.07588916168452677,0.4078377914568285,0.9094512305441106,-0.08103576445879263,-0.03641146553477106,0.10488167218447345,0.9938179108958534
-6.301197900855964,12.97928182139566,-4.415664811901585,0.918918213739837,-0.3863672795262734,0.07943325354443304,0.39282147731571754,0.9146506549560355,-0.09542256728884345,-0.03578551965090112,0.11888862308885159,0.9922625115781365
-5.981849431761454,13.589010027875357,-4.6801828704338595,0.9303804482937847,-0.35813492581731987,0.07830451035846651,0.365089377369074,0.9245163207403897,-0.10945007636779451,-0.03319590283330699,0.13041835604882043,0.990903166026128
-5.473909300065753,13.583692244632694,-4.370130868418053,0.9418577895403785,-0.3271651674966513,0.07659541408596533,0.33459880149872717,0.9340870731766049,-0.12459928474907306,-0.030782240297415928,0.1429835406655369,0.9892462589168677
-4.617194885656916,12.959118719487467,-3.8932291294927124,0.9563950259279134,-0.28462427653440253,0.06555589666547361,0.2909808624098418,0.9479189596827937,-0.12953680397908526,-0.02527235825108253,0.1429638663479663,0.9894051954721429
-3.0871452090855307,11.270111120362591,-3.4777561508630903,0.9737160865593341,-0.22284880769156737,0.047067947544189526,0.22711148733636655,0.965609248105005,-0.1265667898540197,-0.017243987225673156,0.1339297908776647,0.9908407823762733
-0.732355763265206,7.865613679222518,-3.118360813136065,0.9867459075991166,-0.1591764734649424,0.031549391938043625,0.16184442492568607,0.9794810314616235,-0.12009700715400604,-0.01178541288499331,0.1236113235190851,0.9922607241753499
2.159743194870342,3.162758888397207,-2.5456582940002526,0.9957497748769226,-0.09019098603828622,0.018654004127800498,0.09172391448760286,0.9894131519149723,-0.11246483151968938,-0.008313202970531433,0.11369784894677158,0.9934805935705273
4.442660242650022,-1.4129694187204027,-1.4984287371624097,0.9994807202114318,-0.031057778399344337,0.00858512239489775,0.031766291932842694,0.9943886571010205,-0.10090639883410665,-0.005403019755244699,0.1011267176849305,0.9948588816248244
5.653858397985481,-4.960901912714774,-0.035650118997585245,0.9997209378247871,0.023602689783537526,-0.0009795456654417122,-0.023603063200169944,0.9963142575487615,-0.08246693648141837,-0.0009705062067699079,0.08246704335698973,0.996593319703508
6.266978005135053,-7.7247518578602135,1.6561883709367062,0.998034795166586,0.061926960223146345,-0.00957074888982082,-0.06240828516656153,0.9960637663997747,-0.06294584345344457,0.005635031442707548,0.0634194360036202,0.9979710524647606
6.772362668730649,-10.294943364804327,3.4131426905087334,0.995760978068675,0.08993581737465793,-0.019277533785945114,-0.09065720318993836,0.9950562567680366,-0.040550183434389285,0.015535316716897823,0.042125937614925196,0.9989915211424812
7.604880256538379,-12.61188663078718,4.767429221971259,0.9949486300987975,0.09694777499967291,-0.026045198926853214,-0.09756837950132514,0.9949461946778744,-0.02371668226172844,0.023614291986252135,0.026138068379878126,0.9993793907197388
8.834131827719546,-14.417850990886215,5.496432657299857,0.9958597753046525,0.08539716225342013,-0.03115497727860661,-0.08563725060282981,0.9963054876821756,-0.0064526369471215456,0.030488837946953565,0.009093948177016718,0.9994937372826294
10.189276441864376,-15.393525298415122,5.4497757174811,0.9979324563588663,0.05632722382344042,-0.030952486199075934,-0.056299461319156745,0.9984123613846789,0.0017684143866635695,0.03100295470971635,-2.2149813246665276e-05,0.9995192926145311
10.918836032629272,-14.798275583500468,4.8247298070174125,0.9994600665583642,0.018974545129489494,-0.026824279902349757,-0.01900309665499278,0.9998190968663806,-0.0008098511078992428,0.02680406074966342,0.001319158225888532,0.9996398362154757
10.4748394125685,-11.735303663911054,3.916499694754453,0.9990435751537693,-0.039129592398221315,-0.01951435222404598,0.03892470768437728,0.9991840945239205,-0.0107709044234715,0.019919891457054986,0.0100010124068938,0.9997515579758683
5.676414567986256,-2.6101715463278965,1.7478728045328997,0.9851809371423406,-0.17151810780642368,0.0002445114389153999,0.17140097294496195,0.9844534110268939,-0.03838213114242963,0.006342520387052334,0.037855253426945526,0.9992631046041484
3.2785775748686814,0.8211878796742142,0.6379943413181595,0.9702931964696045,-0.2410727220434407,0.020372912687281117,0.2418989967855058,0.9681065138378767,-0.06522770284809773,-0.0039985296001753615,0.06821818343550247,0.9976624134494575
1.3132287823769562,3.6290156106104865,-0.481135780355201,0.9541435196979358,-0.29626278391780575,0.04287781108809598,0.29898052752736476,0.9502506970946047,-0.08737423436389848,-0.014858935961018366,0.09618719008522023,0.9952523481437336
-0.6109483964664675,6.269498602817292,-1.694120629630286,0.9374717679994461,-0.34155394950018664,0.06698943039627064,0.3470315051621784,0.9320172459653578,-0.10446524612531935,-0.02675478702710801,0.12118066183997536,0.9922698365702542
-2.593602356501645,8.673659128163646,-2.7811323625149313,0.922995377410938,-0.3741155591375381,0.09009484829471508,0.382866656244331,0.9163137828975296,-0.1173975076750143,-0.03863491703531772,0.14285167021504125,0.9889897590483162
-4.400482042310927,10.754427767548151,-3.5323688769881416,0.9123449074663799,-0.3939627472970151,0.11144560808910844,0.4063162151141991,0.9047011763413665,-0.12815192102274822,-0.05033788985878299,0.16220091019700503,0.9854729633916028
-5.710009017429953,12.579341422973068,-4.018400982510054,0.9080207066924686,-0.3994468804113231,0.12625603331077812,0.41471145514318347,0.8997313453936904,-0.1360070405864505,-0.05926892263854278,0.17585703240337913,0.9826298891055281
-6.286034314806399,14.099414658020557,-4.408696635556131,0.9103379500001821,-0.39171872160828347,0.13357117926797754,0.408697659265988,0.9017084247579701,-0.14102531698600781,-0.06520000076663018,0.18297092627538836,0.9809539235040334
-6.079704393483327,15.006348637088706,-4.738509620358827,0.9185405737946178,-0.372466400339783,0.1324839420872538,0.3895889443025163,0.909753670808133,-0.14341796584939986,-0.067109379153031,0.18334949977857365,0.9807544504923955
-5.182069060237321,14.987103258306325,-4.920210890854815,0.9325305206524976,-0.33911285989417844,0.12405360255136899,0.3551265416325833,0.9234900905988059,-0.14509028910954652,-0.06536028977646016,0.17935584969607762,0.9816106721608798
-3.8321974610964213,13.841748054230045,-4.896896253850027,0.949636372219075,-0.2938819600877501,0.10873892630321697,0.3076526075846984,0.9403156977787601,-0.1454519218064189,-0.059503223483521744,0.17158024957968543,0.9833715393223671
-2.1351777256454603,11.375417471964184,-4.533824863957521,0.9682206380559496,-0.2341210679036881,0.08795522500776567,0.24497095471569438,0.9586324608195931,-0.144958740366541,-0.05037883869454706,0.16189851953186532,0.9855205943993144
-0.7716154228417473,8.103774994477932,-3.788840882407234,0.9823019602753259,-0.17426482745940344,0.06866315423716565,0.1827087485501148,0.9722004815878399,-0.1464368013978202,-0.04123556768741425,0.15639051605170362,0.9868341473857587
1.3535738773558392,3.7701646946863487,-2.4963346462210314,0.993480753420824,-0.10324509692338436,0.048336761824449175,0.10931834872614839,0.9830666645103027,-0.14706947936393133,-0.0323340565685892,0.15139479214910498,0.9879443940303256
3.139972376702936,-0.5874280833004021,-0.895657692045514,0.9987734947924959,-0.03804706113827325,0.03168481085197161,0.04219582981861251,0.9888705150692594,-0.14266960563686223,-0.025904016018822033,0.14383158750914105,0.9892630875498669
4.6255174794407665,-4.546748107582964,0.8733245439419354,0.9996107799446734,0.023133309312684727,0.015592902829358914,-0.020903327370448806,0.9912256864440266,-0.1305170082342279,-0.018475376132734794,0.13014026484456453,0.991323444665231
5.427483460121388,-8.080916995323031,2.4769653037800405,0.9975014437660408,0.07060724999189608,0.0023422069179125666,-0.06984488848363606,0.9906256147404864,-0.1173992460484438,-0.010609488082509055,0.11694232624938049,0.9930820364370757
5.7445893495774545,-11.195037215585149,3.81307642561013,0.9941557211621898,0.10743374584072217,-0.010601525131677957,-0.10795186529932178,0.988504556923557,-0.10585431365683916,-0.0008926695265495908,0.10638012594462624,0.9943251339200475
6.194410994338072,-13.695508641728715,4.875028698224289,0.9916935604148821,0.1268087070131175,-0.021527518605636196,-0.12831045054210263,0.9869902540007278,-0.09688481196380964,0.008961613322242601,0.09884224973785985,0.9950627614142838
8.03937762649875,-16.375618741404327,5.91944542538517,0.9906422062694993,0.1314470491865378,-0.03673816023770113,-0.13409763935046673,0.9875142391757298,-0.08266468741737931,0.025413427122907475,0.0868176288856865,0.995900023615089
9.236951227699162,-15.521085801343823,5.539588418767478,0.9950921684578157,0.09282248898821381,-0.03428646689228068,-0.09547552169214817,0.9916922008346672,-0.0862032688551161,0.026000019837198792,0.08905371604671106,0.9956874181321848
9.889073244900535,-13.40773806682828,4.8483075487203235,0.9985905221570879,0.04533152805141583,-0.027604739132230396,-0.04769757259057758,0.9946031412487365,-0.09213866173932446,0.02327897392501227,0.09332547338573126,0.9953634740085286
7.481079674274862,-5.358714294082884,2.333481152795752,0.9972915294700936,-0.07297724228228351,-0.009161187481684437,0.0714906706663832,0.9910872494574272,-0.1124061740767972,0.017282628702613583,0.11144678582976496,0.9936201108438483
5.241026039303709,-1.569436896954696,0.8673496765345466,0.9894393191222002,-0.14486629751852032,0.00485691448066943,0.14425468968942518,0.9808830830132867,-0.13060996118580737,0.01415691624629489,0.12993126375751962,0.9914219325901402
2.9655428816702285,1.8013599161358087,-0.3371577261080032,0.978498754954848,-0.2050764965525531,0.021995843096893765,0.2059971198884392,0.966405105731383,-0.15370867969631113,0.010265142448133743,0.15493483203607236,0.987871360386803
0.9333707416534165,4.825391625839018,-1.260505339249022,0.9634602789579121,-0.2642614809174579,0.04370538380627807,0.26778335747237536,0.9466334235696864,-0.1793801405996707,0.006030284501086955,0.1845292147169324,0.9828085289540315
-0.8766167900020989,7.283654544157649,-2.090796243283788,0.9520888440569656,-0.29930943728451004,0.06277494543765756,0.30582143489564717,0.9320080955830593,-0.1945100504498602,-0.00028806360135200625,0.20438877297951008,0.9788897519635655
-2.8586634614257393,9.187804100879555,-2.7382378536411194,0.9335002451541047,-0.3469938617908884,0.09040216909273971,0.35849234689148557,0.908603407564631,-0.2142967218185489,-0.007780071815950872,0.23245452811547374,0.9725761475797924
-4.365393079738851,10.741023289437544,-3.3943885495679806,0.9264104807569653,-0.36173159934820875,0.10446947485574737,0.37626757707631175,0.899510054894529,-0.2220458772073103,-0.013650332771419211,0.24501410403613336,0.9694234148392535
-5.550822805371338,11.995265899092445,-3.849394176011364,0.9155045586944455,-0.38242037639864784,0.12492421192389197,0.40172379015524895,0.885708186832852,-0.23267789796317967,-0.02166562791590753,0.26320270418895564,0.9644972457579284
-5.78996095882576,13.057042437125704,-4.42056846305303,0.916529695268042,-0.37905487577441876,0.12763510035844547,0.39922461179247076,0.8864279935415352,-0.23423304977111928,-0.02435214633295401,0.26563661912012165,0.9637656144267698
-5.428357304474472,13.633536282507924,-4.988777861114771,0.9241473143229885,-0.3611633409094624,0.12455032160826936,0.38106708353530516,0.8946471658138975,-0.23322591311228283,-0.0271959422617551,0.2629971290418905,0.9644132365538217
-4.859818783366459,13.554454110948338,-5.361807243102944,0.9349568974592242,-0.33531877767857393,0.11583141728205437,0.35369581392796917,0.9063493371255055,-0.2311496275186035,-0.02747491771150156,0.25708402600765545,0.9659984122494409
-4.157518716131719,12.858626129450592,-5.402799043877115,0.9494332812330404,-0.2974948068701906,0.10036575298542365,0.3130174115106772,0.9217576079534023,-0.22887335421839297,-0.024424262081352156,0.24871620788619828,0.9682684046050921
-3.4208809572249415,11.473034199598299,-4.980814480196041,0.963323957495811,-0.2553677672681203,0.08242727919265978,0.267666166398597,0.9362176965895392,-0.2277086910024664,-0.019020417453048204,0.241420231200853,0.9702342478426733
-2.2949966984938137,9.393843224413889,-4.000266400761284,0.9795645780286818,-0.19279220402833205,0.05730971590741882,0.20082640696595286,0.9531879083584045,-0.22605655404008132,-0.011044986945969476,0.23294629729881688,0.9724268768591982
-0.7143031547185266,6.475139658504603,-2.5642571391896594,0.9910427145263546,-0.12879844013092756,0.03528880564817727,0.13342959486228168,0.9659843257926105,-0.22151935702751602,-0.005557085488130532,0.22424371594949258,0.9745172521089815
1.2839879677298083,2.820552092527501,-1.0833927610754999,0.9968690345783571,-0.07642108840263165,0.020296431858137856,0.07900112456576114,0.9733665770010437,-0.21521228843775925,-0.0033091110830556075,0.21614190714581355,0.9763563518302166
3.07698699803619,-1.0891645815192692,0.052131586190036217,0.9999631868430857,-0.007545835014720847,0.004084768359581308,0.00822239998535001,0.9787772328176677,-0.20476210747174625,-0.0024529771914435575,0.20478815613145412,0.9788032458115251
3.882184580311855,-4.590350448383951,0.9010150073117806,0.9980509613775933,0.06178385348452152,-0.008776898191596511,-0.062315142048390317,0.9792114051243287,-0.1930332798921671,-0.003331901071667663,0.19320398423180143,0.981152953882424
3.8806808104414596,-7.382629382811552,1.7766567552035677,0.9930759833621052,0.11622891621422658,-0.017056679191878074,-0.1173811125564435,0.9760108532334129,-0.18336981427050036,-0.004665370767670558,0.1841022906056652,0.9828960173433133
3.593595246189883,-11.49494566852636,4.009621052033196,0.9799359900426644,0.19717902298754045,-0.029084159138311902,-0.19925167841778227,0.9655477763108508,-0.16738058522083432,-0.004921795079058763,0.16981732701597788,0.9854632673917114
4.15585493322291,-13.067274487829996,4.8949213373077205,0.9761562477288428,0.21484363725205075,-0.03100308939857417,-0.21703263183677077,0.9633695703296391,-0.1575306563208959,-0.003977026269888159,0.1605032164637114,0.987027304975324
6.303394836854396,-14.64469594322949,4.972332493665133,0.9770747551035844,0.21129928367854367,-0.026029515097396812,-0.21283507034212598,0.9665274927587097,-0.14326841443257995,-0.0051142713785528645,0.1455239446225183,0.9893415111930604
7.259798500066285,-13.455254159228701,4.205037827177115,0.9858395534416201,0.16658387350701095,-0.019240269162051155,-0.16762297678139765,0.9756548855910306,-0.14142164571697197,-0.004786702933227614,0.1426441632516175,0.9897624614852164
7.212730395636714,-10.969687942905846,3.2810333182878466,0.9928286989606425,0.11875345235659251,-0.013740162790496696,-0.11948847385293143,0.98222101714074,-0.14479080807602568,-0.003698531656767699,0.14539426068590844,0.9893668833264946
6.621586345713779,-7.870055439795393,2.6698684180376944,0.9982372134361109,0.05913926031220549,-0.005001359918514966,-0.0592108827957515,0.9865750128506209,-0.15219663392252192,-0.004066579626305819,0.15222447867712915,0.9883375794846712
5.9409030343458715,-4.967031388013343,2.4595116784048865,0.9999790371561615,-0.0025624047693472442,0.005946371165276057,0.003489498456093558,0.9868566269490182,-0.16156058073469606,-0.005454232188137921,0.16157794381847268,0.9868448811351417
5.368497533664401,-2.407190233542085,2.2671195397098307,0.9971987325587616,-0.07150507321365679,0.02194794495869994,0.07422346050812918,0.9822726758428929,-0.17213735272346464,-0.009250172614538046,0.17328420238773648,0.9848284213554394
3.7119075591764705,2.043677109642258,1.0199424841115068,0.9782036952947869,-0.19852799251951592,0.060861865710769195,0.20654966649335663,0.9603984051924643,-0.18700839172415626,-0.0213252381723603,0.19550329790042786,0.9804711595589889
2.406904619379856,4.104809499715239,0.11223183193854602,0.9611218994166254,-0.2609899089176926,0.09016075590251849,0.2737777133719869,0.9432013014040024,-0.18819423128938856,-0.035922947019770876,0.20556160262299056,0.9779846468142953
0.765440482034633,5.982682641097195,-0.6869430365946831,0.9433968729435849,-0.3098990152681345,0.11817334917868375,0.32752096099835937,0.9266207460143447,-0.1846727190532806,-0.05227198319346456,0.2129239145602515,0.9756695374876477
-0.9714168298515573,7.514841123484235,-1.5596596974723167,0.9264106051421336,-0.347913453022248,0.14394311336886786,0.37006443475184714,0.9118341739277185,-0.1777941320442062,-0.0693952794646917,0.21797859634306485,0.9734832441928952
-3.7563504276089486,9.473886911932437,-3.058220168334489,0.903828244274567,-0.38670965515447586,0.1831669933745186,0.41567415522805534,0.8950790308798043,-0.16139555494100244,-0.10153571552413074,0.2220116462926617,0.9697429181919424
-4.581703859987985,9.860977460514297,-3.5681371592629376,0.8906114716004931,-0.4067307083597048,0.2034240338082444,0.43910486112822344,0.8854876418468195,-0.15198209457078773,-0.11831368300906119,0.22468147901812696,0.9672228830001168
-4.729382626800427,10.113043076825898,-4.041158903599859,0.8883520290222117,-0.4084684678775027,0.20972406462284218,0.4419001580099415,0.8846256546385513,-0.14886806744935221,-0.12471937653351726,0.2249243470705688,0.9663612757204049
-4.6770310851877746,10.183334670632938,-4.505680381268677,0.8852848469357248,-0.41076375689905553,0.21804558194140178,0.44556675540725343,0.8834753243865154,-0.14471218910650016,-0.13319536877025315,0.22526537065939864,0.9651499917214109
-4.416273780646474,10.17408554357295,-4.93190853837697,0.8917694474542198,-0.39879361157376325,0.2138010943731359,0.43288443248821257,0.8894675751237042,-0.14648720392210737,-0.1317509798694272,0.2231839783038052,0.9658315542225423
-4.156906284193909,10.036612649104228,-5.090742404348447,0.9049749549756059,-0.3739474662818585,0.20293748625692357,0.40669403631804685,0.9004179190967134,-0.15442646079244637,-0.12498116534196622,0.22228554480875293,0.9669378702268514
-4.063704728411125,9.741840990744638,-4.793917814006594,0.9180732131152988,-0.347270436921547,0.19116699244500812,0.3785133753279777,0.911221532888795,-0.162489823366319,-0.11776756793775374,0.22153681779811205,0.9680145857898589
-3.7407916692716885,9.315995620382996,-3.97294650872242,0.9349888346923665,-0.30962975931603337,0.17298928043814396,0.3390469043551509,0.9234610370107269,-0.17962992448437815,-0.104130090021092,0.22660345378870442,0.968404770270794
-2.8364873759316396,8.492558287392551,-2.4211124794272036,0.9556491086161203,-0.2557307079650131,0.1460704836882825,0.2819094377528291,0.9378374909185923,-0.20245470983260516,-0.08521648964314005,0.2346543109155121,0.9683364623216799
-1.361187464418613,6.820147434827436,-0.508978967388763,0.9701289714840307,-0.20761983273304918,0.12547423537618624,0.23120577747910068,0.9479056218555797,-0.21913197054485803,-0.07344159004012982,0.24159664134769895,0.967593610841808
0.7260913649161468,4.602219760901462,1.2463817266239936,0.9883106933098553,-0.12217694844302864,0.09118534289316366,0.1406854830474108,0.9613293906292236,-0.23675598740509926,-0.05873302605103026,0.24681692806936167,0.9672806395608732
2.579179792448234,2.090596068187652,2.256697049440081,0.9962388201614495,-0.05575073811140391,0.06633301141481679,0.07015943046303505,0.9682538874504499,-0.2399209531370601,-0.050851425942908396,0.24367245358703682,0.9685235504841613
3.8286061239273224,-0.5017773158871217,2.4734998031647364,0.9989208432738392,0.02038708419110514,0.041731470993342235,-0.010042580214848206,0.9720653674633596,-0.234495347418565,-0.04534639407617416,0.23382319854221076,0.9712210955121278
4.199885360278488,-2.845324207997767,2.4914985273679893,0.9953381519997078,0.09396446157360534,0.021740357287556952,-0.08678793525765889,0.9709309273345113,-0.223071711875486,-0.042069198560473475,0.2201449847408068,0.9745595765400639
4.0161109297934745,-4.721153885935523,2.8486351379616925,0.9865627365345297,0.16329395506295186,0.005389909220049369,-0.15864589398374704,0.9653239074247019,-0.20731915993560468,-0.03905697381517585,0.2036782707954042,0.9782585112342207
3.8911215384048976,-6.164609314825882,3.4364285312675795,0.977451738049784,0.2111353362155807,-0.0031574648995122342,-0.20779851586101017,0.9591317568262887,-0.1920574129089531,-0.03752168159103973,0.18838296857320336,0.9813786122400098
3.833779764473818,-7.42498759743582,3.9749269607149875,0.9637237362832348,0.26681304090106356,-0.006881956801009269,-0.26417913912761415,0.9499021915956566,-0.1670185883414267,-0.03802555159463351,0.16277784740835563,0.9859297286414612
3.8922226149414603,-8.321171268787209,4.09844684033572,0.9547105576808007,0.29751024197153614,-0.003925171952183266,-0.2947659166134535,0.9439433888544365,-0.14860663861696888,-0.04050685689913071,0.14303333373742666,0.9888885983689522
3.72699346291543,-8.463434548002164,3.644099990264297,0.9458641801081806,0.3245281448350126,0.004736665306539144,-0.32141387427200063,0.9386158166488928,-0.12527358126115984,-0.045100711898412096,0.11696936328149839,0.9921109281928996
3.251981818228182,-7.545121137774566,2.605486004206723,0.9405609760642615,0.3393443204010333,0.013801540370783245,-0.33606852368993634,0.9358086881772395,-0.10639570722948742,-0.04902038035258559,0.09543338694375836,0.9942280779411384
1.2837665533086429,-3.7329878668601117,0.804816790612938,0.9350986880585035,0.3533445769574383,0.027167140556860876,-0.3503170805981716,0.9332237452741027,-0.07982095149616111,-0.053557320997612894,0.06512335365556252,0.9964389405157804
