-0.2139222813795236,-0.04124526365191314,-0.07221727942418402,0.9999858755282215,0.005312458191142041,0.00016288653646267623,-0.005313177095606658,0.9999744279005567,0.004786825054798058,-0.00013745256314007153,-0.0047876228884373775,0.999988529821153,-0.22344728000000003,0.0070092767,-0.24797976,1.8357681,1.0568787,9.574593
-0.15895035691221657,0.02468510176330401,-0.1721651007320578,0.999941731965103,0.010789290474941496,-0.0003519739728996689,-0.010785231186374446,0.9998918130185123,0.010002052129889987,0.0004598509396728666,-0.009997673209298128,0.9999499162795672,-0.27749222995371076,-0.02955102717682683,-0.2912327051456966,1.8349946,1.0193634,9.578708
-0.09407354786415252,0.1251845208723057,-0.34068445190364466,0.9998365924019227,0.018010642247346026,-0.0015508900509270712,-0.01798156776706808,0.9996925689876016,0.01707134240790153,0.0018578791000192368,-0.01704066538629268,0.9998530712101865,-0.3443134299579351,-0.06320567209318016,-0.3512448945897884,1.8401657,0.9717758,9.5824
-0.038861123921277094,0.2537892806491435,-0.5559369320842001,0.9996560452432435,0.026034951589657494,-0.0031579272257221177,-0.02594844253383759,0.9993533841148724,0.024889595983475656,0.0038038846863297773,-0.0247990917954007,0.9996852182099206,-0.41218034998395536,-0.093787905097183,-0.42220561512242644,1.8506256,0.91363984,9.585554
-0.017062617707773432,0.453039720051262,-0.8358057973060976,0.9992892969955022,0.03728087618825156,-0.005571102303093937,-0.03705277292702277,0.9986431698920083,0.03659113617340103,0.0069276928810223645,-0.03635870595439486,0.9993147910306684,-0.5455100424730717,-0.12904817877353045,-0.5227780850043662,1.8671249,0.8367249,9.588081
-0.027878790592115912,0.677145509916747,-1.1097877210861322,0.9987001649835715,0.050275538984502224,-0.008387528933186634,-0.04978314253596342,0.9974500988199506,0.05113647507714011,0.01093705540953296,-0.05065244854781277,0.9986564525777023,-0.7133096427050616,-0.16683944583690274,-0.6345550789432075,1.8911331,0.7323227,9.589172
-0.0637883023507858,0.9097631918448524,-1.3566163466206944,0.997800934609389,0.06528950995893856,-0.011426932307124675,-0.06434043154597703,0.9954921865861234,0.06968224533162495,0.015924941478931438,-0.06879379576168906,0.9975037894181616,-0.9554205203896997,-0.20435471801162225,-0.7686610699127338,1.9243606,0.58743894,9.58697
-0.10496101794507687,1.1548985480520935,-1.5693299778309064,0.9964345952793566,0.08308764396341296,-0.014647209668537487,-0.0813628734522565,0.9922695758226738,0.0937079063915295,0.022319949687601603,-0.09218206071302967,0.9954919826541261,-1.2622757203720634,-0.24677613647139807,-0.9265710403618046,1.970581,0.3913315,9.5774975
-0.14498246659087122,1.3609021212940626,-1.770993730381874,0.9942484483914634,0.10553426375142984,-0.0182357354008927,-0.10241327607174612,0.9866819523704028,0.12637343767890163,0.03132959871144286,-0.12377901292616036,0.9918151098887363,-1.5957675230455965,-0.2969978004919145,-1.0811193039806095,2.0333939,0.14092255,9.556041
-0.18146797992626582,1.424837174300839,-1.9332838659981042,0.9913189466262884,0.1297210052223663,-0.02142911253050794,-0.12454148424351243,0.9786988926723214,0.16321120116093704,0.04214456978270514,-0.1591255425319007,0.9863584018761942,-1.926472690768144,-0.35054185315525604,-1.2390664902757882,2.116928,-0.16191407,9.517748
-0.19790656042361038,1.3123605233038673,-2.0456921573816516,0.9869598677048418,0.1591737189327861,-0.02395718558487617,-0.15078724954749825,0.9663357040726445,0.20846705353203399,0.05633315998541428,-0.20213617745355197,0.9777359259281232,-2.2074297975497204,-0.3899553883842197,-1.3995074929881208,2.2210374,-0.50797117,9.460401
-0.23858952214981882,1.1565419954614242,-2.1708826019128837,0.9812874028977403,0.1909670545078639,-0.024629596155825318,-0.17828812283344134,0.9494567863029667,0.25835083936339615,0.07272123603691175,-0.24912525973059046,0.965737141666111,-2.4823809690082763,-0.4026732088592243,-1.5349625848667576,2.3428574,-0.8926163,9.38149
-0.3685077132459855,1.0654918573844316,-2.373962188119131,0.9741747478047088,0.22462466273796572,-0.022963484698271273,-0.20623506864424174,0.9265749491074899,0.31452497539584706,0.09192745618659035,-0.30166641274147254,0.9489714001079034,-2.8095153534533326,-0.4016244026789067,-1.6248532435037581,2.4822555,-1.3225998,9.272881
-0.6011190073521577,0.9836211223775699,-2.589135641048099,0.9661813953229351,0.2571432266008026,-0.019258046244489554,-0.23164049088913516,0.8983171695933758,0.37332150459675834,0.1132969298457249,-0.3562353489297142,0.927502119598903,-3.1755053512991895,-0.41279935088769204,-1.6785755215397862,2.6440964,-1.8029754,9.122928
-0.875908978854764,0.7301684207378076,-2.5956366376772353,0.956403796184933,0.29174329322702025,-0.013327771760597167,-0.2563821736036139,0.8605854252252246,0.44006920699840696,0.13985692582541664,-0.4174668570640946,0.8978649472786489,-3.446938773453328,-0.4385904580674225,-1.6774946641269293,2.831421,-2.3186233,8.924954
-1.1274715625179326,0.3317724599827685,-2.360263129031627,0.9462878160038638,0.32327186584081535,-0.005888126903881696,-0.27659526349127495,0.8188173043500764,0.5030241369070354,0.1674348515000105,-0.4743769838985376,0.8642523055511604,-3.621443212916385,-0.46214212084101836,-1.6671220504636795,3.0423598,-2.8467133,8.681227
-1.3278277354734804,-0.10162810031617331,-1.955765356874581,0.9351284885509034,0.35429030683575347,0.0036177869936694666,-0.2939015840891153,0.7699524045366879,0.5663878120317232,0.1978801879178728,-0.5307086519272145,0.8241309107169723,-3.692773840942741,-0.47347019470450347,-1.622675433959083,3.2721512,-3.3654542,8.396169
-1.5025641845842086,-0.4847887561464821,-1.4581729159909984,0.9239251105357869,0.38229736715338875,0.014529734650780345,-0.30662818184508445,0.7172693470464128,0.6257026785031304,0.22878275332684708,-0.5825576425172025,0.7799263073681939,-3.7033305018168683,-0.4606798341729067,-1.532322570760397,3.5137284,-3.8612747,8.072859
-1.6275593029316702,-0.8138895389440448,-0.8739634164070482,0.9128874583532365,0.40727863629419403,0.027578991999538133,-0.315055113255221,0.6599914869193877,0.6820201703803759,0.25957034498014014,-0.6312965623320614,0.7308131679127114,-3.721035931950954,-0.3956076075609034,-1.4423102349137857,3.7587326,-4.335271,7.7092834
-1.6540067925296271,-1.3271214191331422,0.3656330164779227,0.8926827471670635,0.44683574331207904,0.05878206706987346,-0.3214392176978674,0.5398210058876798,0.7779910738101037,0.31590242518228384,-0.7133940706938602,0.6255194302839804,-3.6902821766799487,-0.2881855816245237,-1.3562590295457926,4.2214217,-5.2099047,6.8956375
-1.664409856447291,-1.4960019982836772,1.0392138044995738,0.883119033301026,0.46268155924391136,0.07763084282091098,-0.32020971101390916,0.47351297024738387,0.8205188650968913,0.34287973692513657,-0.7494739766950712,0.566323444917324,-3.5771795914467637,-0.16900996303714882,-1.2604414963557182,4.4286146,-5.6040664,6.473592
-1.6228279240132337,-1.5746905998760936,1.828686702537934,0.8753666499130689,0.47362960639739476,0.09699600076199236,-0.31537421348527295,0.40735150533269404,0.8570903432962802,0.366431895020776,-0.7808583399356366,0.5059524871610429,-3.424121833525157,-0.03541382648304919,-1.1198065860048059,4.6120377,-5.963823,6.0483065
-1.4109841720520333,-1.54736414923268,2.5992697638406845,0.8699482417856472,0.4795655907862148,0.11492128065737262,-0.30846600929717033,0.34735909325285913,0.8855452452827193,0.384758076877328,-0.8058278379830406,0.4501141164296442,-3.224358128991903,0.09221869590164503,-0.9880920103727369,4.761873,-6.2846465,5.6278076
-1.0943346065610249,-1.4559580562502212,3.216711063468771,0.8681949008576533,0.47861990352741596,0.13099848118271193,-0.3024016667976478,0.3010069779684395,0.9044047938463803,0.39343467824122297,-0.8248137893862563,0.40606817998399036,-2.6829277979059976,0.3878391414138309,-0.8132304582456776,4.868469,-6.5709534,5.2244005
-0.8932246682349121,-1.3466142488143529,3.7026149539797464,0.8683580344600949,0.47300096463735364,0.1490785411812653,-0.2947072723685067,0.25038194345818554,0.9222019876378593,0.3988758548743155,-0.8447360356006105,0.35681799640159484,-2.3493726782088276,0.5254429802752408,-0.6725942123490385,4.931697,-6.8278856,4.8533006
-0.8321658312474787,-1.318522394606947,4.02658500570836,0.8686799192797211,0.4667211158230599,0.16603191827192645,-0.2871074758331092,0.20121482365344498,0.9365265036627929,0.4036886116314383,-0.8612107725678958,0.30879039825112814,-2.3493726782088276,0.5254429802752407,-0.6725942123490385,4.9535813,-7.060716,4.521582
-0.714919322948272,-1.3597638182627765,4.102308761798097,0.8725730562765526,0.4550057991019329,0.1777244615797395,-0.2811330498670114,0.17023379514327203,0.9444493968781983,0.39947524295338893,-0.8740653166524406,0.27645859091842373,-1.6595868581470645,0.7956859945587819,-0.40519405269458797,4.9332795,-7.273369,4.232422
-0.5101352765151463,-1.2689493342378875,3.917791978597167,0.8778416811032171,0.44069381520907214,0.18757117090414052,-0.276159372313871,0.14575283755628768,0.9499958481106644,0.39131826433363254,-0.8857454891676071,0.24964964333671735,-1.2619423443334676,0.8727472728730108,-0.2829402101081666,4.8746767,-7.4607134,3.9948883
-0.2768895031307659,-0.991006598250225,3.4566320641423127,0.8838404089035347,0.4252047727466196,0.1950052122963098,-0.2722065792172386,0.12846858492565266,0.953624350002689,0.3804335813517023,-0.8959334372154535,0.22928926328814722,-0.9122447002991707,0.9174511949065481,-0.16957893010916547,4.7859893,-7.623277,3.8097794
0.005020917832616156,-0.6428870120530619,2.6520098810752404,0.8903643828265639,0.4086251601716908,0.2006906681152179,-0.2685549089656052,0.11547934941701414,0.9563173012806473,0.36759968262275183,-0.905367327847037,0.21255699236385645,-0.6780258347856939,0.9246796340387423,-0.08156506261110479,4.6824265,-7.766565,3.6648896
0.3616321556607349,-0.36393034168634886,1.5677503200623604,0.8966151369314888,0.3917051354466951,0.206514849562966,-0.2660076571723237,0.10361231818821273,0.9583863593798472,0.35400737640763874,-0.9142382481521717,0.19709693824265573,-0.5964951153639297,0.9258391768792855,-0.1008069392822549,4.57155,-7.900093,3.535846
0.6524509499572521,-0.05719009127744505,0.5839571492089486,0.9020545934616224,0.3748119858777034,0.21404085044028345,-0.2653123388722953,0.09034965155024158,0.9599199463011818,0.3404509851019671,-0.9226878755609413,0.18094256280913495,-0.6483641849207213,0.9602120645901747,-0.21090389873579907,4.453456,-8.03171,3.3966033
0.6930027041254148,0.3446212833927313,0.07371793328231796,0.9063390341478107,0.3591044632548415,0.22269607012802506,-0.26630914506600323,0.07625982603776404,0.9608662124286117,0.3280685819066319,-0.9301765549631656,0.16475005967412926,-0.7252677252084223,0.9840195217530512,-0.33016557769781785,4.330606,-8.159907,3.2388062
0.5672926850647109,0.7127838606460352,-0.12449145049074428,0.9103917364398523,0.3395508060070577,0.23641517794335556,-0.2700658909504994,0.05479057367102268,0.961281648416277,0.3134506352954862,-0.9389905447749507,0.14158197645215354,-0.8718311562816761,0.9986357558614546,-0.4983526814720146,4.2092147,-8.282278,3.055406
0.49485940144836704,1.0341864156697795,-0.4118028065738044,0.9124726117237432,0.32237167937631694,0.2519329934529109,-0.27593822036736804,0.030257916170854254,0.9606989939879654,0.30207918067046774,-0.9461294619897911,0.11656418729767748,-1.1298049324529544,1.0018680199632195,-0.724118635349706,4.0956407,-8.401617,2.8280501
0.45795938947070197,1.3090575951344472,-0.8065293316497906,0.9131182281292394,0.30352004164364477,0.27219604291531996,-0.28471455198671747,-0.003133385392765496,0.958607221850005,0.2918093990006512,-0.9528199022987615,0.08355542135767144,-1.3973772055195182,0.9731438004222017,-0.9194744988709991,3.9959533,-8.5157795,2.5521271
0.3079725100081355,1.4460321332954422,-0.9600786109187582,0.9125341224679353,0.2863620823513621,0.292024370769063,-0.2937720879349123,-0.03786395663900182,0.9551252698667352,0.2845688592977762,-0.9573730091134971,0.049573034393012846,-1.570786359577635,0.9083741710001793,-1.0096107200426827,3.9137115,-8.620542,2.243979
0.07771367631918838,1.386457573700727,-0.6885725421025695,0.911231969037149,0.2687063221471159,0.3121749686359412,-0.30292704395650466,-0.07634394744390002,0.9499509501697753,0.27909049543912146,-0.9601919152580146,0.011831366307075819,-1.611996734501993,0.8108240271329874,-0.9718213993752903,3.848947,-8.715803,1.9277481
0.014595082941960463,1.1734980438709388,-0.2767877166693099,0.9097762568756759,0.25119669719963733,0.330465401731071,-0.3103306876278592,-0.11713674855727464,0.9433842517520905,0.2756846508997271,-0.9608221487108967,-0.02861418887321457,-1.6335424412372446,0.714375639205875,-0.8547116723955013,3.8027878,-8.80231,1.613446
0.31334477364051844,0.8367110677099148,-0.13635249845817726,0.9082510881709722,0.2361251523333443,0.3454343255552348,-0.31562352706010544,-0.15537437159203846,0.9360772371009349,0.2747030214656981,-0.9592203694083727,-0.06659228866529572,-1.7061144084774553,0.6391525283340574,-0.7954319376180665,3.7746491,-8.882364,1.2897003
0.7462552827657948,0.3844220440894626,-0.10187683066447885,0.9065645992078377,0.2224030908185606,0.3587164516125289,-0.3207581835368588,-0.18936239577394803,0.9280388304165335,0.27432611096515663,-0.956388387769897,-0.10033163300590114,-1.6394623024903832,0.5962894019037069,-0.7874711913113226,3.7519698,-8.955098,0.9718689
0.905791590274721,-0.06088996383733228,0.21919383218190266,0.9047271266511491,0.21006067069846354,0.3705986251016958,-0.3254611551366781,-0.22046116307742764,0.9194954660419207,0.2748524382257772,-0.9525079475785285,-0.13109060607490472,-1.4133182692412591,0.47628409331052635,-0.6782528590507801,3.739212,-9.0074415,0.6904724
0.7611916483549979,-0.3606185871741954,0.7633604501858795,0.9035280489550289,0.20196594636700882,0.3779508185724662,-0.32773098388181815,-0.24257660751482363,0.9130985662514516,0.27609684343609237,-0.948876359698501,-0.1529842705965166,-1.0882483939376788,0.32282285618035694,-0.45977128166950887,3.7393768,-9.037456,0.4653427
0.5605423171807337,-0.5389178960518994,1.2238288790196088,0.9032731484542287,0.19752371914858624,0.38089631089746084,-0.3275200377494605,-0.2560655719248988,0.9094839458436681,0.2771790831830147,-0.9462636013545519,-0.1666041794113778,-0.6626283861241864,0.18114962196696197,-0.19137822297549265,3.7460053,-9.051288,0.31727752
0.847528298774311,-0.9481643868326968,0.9070632685506792,0.9045986755321924,0.19581196023724173,0.37862766995222585,-0.3226421467080501,-0.26596236498861286,0.9083865177210011,0.27857365523865274,-0.9438864850381714,-0.17741201190805422,-0.2875317405437221,0.06269928883985053,0.05398846780680025,3.7650375,-9.050946,0.22731324
1.3003209031168597,-1.095320239219396,0.37798001548559684,0.9060867404939702,0.19649826350103114,0.3746935429682389,-0.3186746680169212,-0.2655795792585621,0.9098977651610932,0.2783042843100284,-0.9438516406310505,-0.1780191164250585,-0.02301632304039819,0.02257432664247236,0.20534278267403175,3.7686296,-9.048955,0.24106598
1.6370893329664864,-1.1653038417070534,-0.07837650884697445,0.907817426534156,0.19794533766345923,0.36970956625194434,-0.31442319779064415,-0.26208740704964917,0.9123860168575024,0.27749877976669923,-0.9445251899040553,-0.1756889093389291,0.12335964759162416,-0.00018891628958665058,0.2640502152223077,3.770404,-9.0470915,0.2708847
1.6703230718215807,-1.153249725161417,-0.41899969138996396,0.9085277954019427,0.19880832792298792,0.3674948893937856,-0.31305060793494305,-0.25862940166179726,0.9138436132444243,0.27672470408990857,-0.9452968218208118,-0.17273493219909578,0.19367872545747014,-0.014352857972374535,0.1522884043497562,3.7687073,-9.046321,0.30402678
1.2871126566758306,-0.8758568801770377,-0.2618208393552147,0.9094528148862037,0.1989152535237148,0.3651414786232267,-0.3122632622855852,-0.2531368693815417,0.9156491579128317,0.27456735516503733,-0.9467599734226779,-0.16810211242684533,0.25500787247175005,0.02676512648485682,0.11910945587254862,3.7554793,-9.050064,0.34548035
0.8288226557151142,-0.33033698397924044,0.18492864779580157,0.9105537934282062,0.19978561410007595,0.36190813429951885,-0.3107706940326157,-0.2464943777776146,0.9179662833974429,0.27260477802853955,-0.9483281236590442,-0.16235887679251979,0.3254040821423411,0.0005582701105277602,0.1829717474458643,3.7415376,-9.053533,0.40012664
0.6883657597533395,0.16091514852685565,0.38182474413714257,0.9117159185406917,0.20180106480042215,0.35784132534535223,-0.3090803555551954,-0.23687427280310083,0.9210645540318428,0.27063521147362973,-0.9503509399844982,-0.15358930034740637,0.442746943821724,-0.046155928349269834,0.22162652952926815,3.7282043,-9.055487,0.47624665
0.8911851992696167,0.3524657055382359,0.1095113408636333,0.9122805872140596,0.20467294859041768,0.35475782487166424,-0.30845180822045193,-0.22650283682433872,0.923879833590961,0.26944686340335017,-0.952263329665609,-0.14350239989723254,0.5216624172648053,-0.10941463722971183,0.19000674308918825,3.7172577,-9.053915,0.5758408
1.212655090484331,0.3633769332627935,-0.4186462538190285,0.912138095932483,0.20872802421318143,0.3527558728876466,-0.3087655560079834,-0.2161070158649926,0.9262621600373245,0.2695698895866242,-0.9537978662179899,-0.1326714175181149,0.49651127101460224,-0.1744620083482447,0.13014675226379196,3.716046,-9.045337,0.6798569
1.407685422677368,0.47857977666463125,-0.523826825857785,0.9105402099978291,0.21744400436800654,0.3516171653112443,-0.31175478915621935,-0.1974520830525754,0.9294200483830557,0.27152435878806475,-0.9558926612662149,-0.11199885143216934,0.4765148436361039,-0.21598553171558144,0.05924127904954979,3.733191,-9.013776,0.89827573
1.2630179405073825,0.5525459769738857,-0.14774279458121226,0.9080821810978321,0.22555477898980525,0.3528622876526528,-0.31558612055635027,-0.185334650425735,0.9306215492152353,0.27530374658692197,-0.9564392866389545,-0.09711713591726849,0.5907111400986081,-0.3961777091861013,-0.017437491686875667,3.7538133,-8.988676,1.032135
1.0163392723475067,0.6138909382130646,0.3129845661482883,0.8996388287828684,0.24886013448835417,0.35877376047953474,-0.3285409737699207,-0.15539652990863473,0.9316183483845025,0.287594864871577,-0.9559919204443073,-0.05804000124660923,0.7714048775108229,-0.5989853145994466,-0.10141661975306066,3.8164687,-8.910593,1.3633178
0.9418304739178153,0.5534919556852191,0.38976086893160566,0.8941490885319597,0.26257525799453846,0.3627004843759748,-0.33714466318207553,-0.13826582035743032,0.9312443497862056,0.2946708054173505,-0.9549538192027874,-0.03510441033120513,0.9145599796865833,-0.7220095878063386,-0.16835210895596486,3.85737,-8.85228,1.5767304
0.8137838350876465,0.4801842806438381,0.3255973937066172,0.8882400638460684,0.27656700763863995,0.36679732723200215,-0.346134107651891,-0.12203217027451783,0.930214668201981,0.30202776113920576,-0.953215001824825,-0.012664588320958011,1.0104030594329,-0.8469427370404683,-0.22333260454030285,3.9052703,-8.779093,1.8174286
0.6502359872099592,0.38607003725769196,0.0645015844507356,0.8804552109976697,0.2937247005041306,0.37218869104367924,-0.3574407503011117,-0.10453796947475899,0.9280667664356235,0.31150398304231486,-0.9501566256422437,0.012948177358998503,0.9917366139182725,-0.9226384747492186,-0.2861287918763277,3.9605498,-8.693906,2.0674636
0.5169322923133803,0.21059425146093957,-0.2991059313351453,0.8718341080472688,0.31063461804222803,0.37869700569080544,-0.3695048614474584,-0.0903961350359988,0.9248214401370946,0.3215143004784039,-0.9462212599832632,0.035970567740446754,0.8800501802232747,-0.9459693270988827,-0.38213332617616497,4.020659,-8.603434,2.304648
0.37037281105783826,-0.06642063250696181,-0.529545717882988,0.8614722459317136,0.32870789473610534,0.38706160934343037,-0.38351559467771656,-0.07844313936987021,0.9201969694173081,0.3328383363261605,-0.9411683132277447,0.05848801627408082,0.7793505371893692,-0.9716583558411853,-0.48905913784254296,4.0840592,-8.509733,2.5263672
0.12706383338203087,-0.37537491186117494,-0.5686877100122223,0.8499749943274041,0.3473663142151643,0.39607973031537597,-0.3982902970406724,-0.06839916843725886,0.9147056319058859,0.3448294481354257,-0.9352316277295507,0.0802150496662227,0.7359634312349023,-1.0323965684856373,-0.5664024643808061,4.1521516,-8.409441,2.743898
-0.13596926282994515,-0.5963798707487405,-0.6211207796625344,0.837771065910675,0.3658004388269379,0.405375973729217,-0.4129539811355062,-0.061237037912244316,0.9086908355717427,0.3572235302821293,-0.9286765121083635,0.0997561289897455,0.6457023529693867,-1.07729484280443,-0.6387730744411385,4.226938,-8.303861,2.9555588
-0.22637211655335898,-0.7093917131026086,-0.8661945768213419,0.824789241481318,0.38308672504624897,0.4158933375638655,-0.42755681694358777,-0.05879233705343036,0.9020746251773546,0.3700241551868461,-0.9218394774564262,0.11530005369090439,0.44734083019056464,-1.057623439136666,-0.7528539725684518,4.3083024,-8.201643,3.141034
-0.14925784116662638,-0.8552233901177942,-1.1847880060948763,0.8087315605520564,0.40071585267518817,0.4305578571827857,-0.4450799827531741,-0.061630149606566334,0.8933675243772341,0.384521874435603,-0.914127195785286,0.12850835772922073,0.2446403511258995,-0.9874525543062188,-0.9225546382788461,4.389572,-8.108478,3.2914703
-0.17592814420749203,-1.0929562842715936,-1.30111840667731,0.7914535929440081,0.41594159739459546,0.4478769895550032,-0.46356185220204466,-0.06912233923340934,0.8833643140867264,0.3983862690894732,-0.9067605470992522,0.13810753355713906,0.08694718365579479,-0.9115753126488996,-1.106816826949658,4.465529,-8.02461,3.4113495
-0.4830465906646233,-1.274528573741171,-1.0985484685630156,0.7722875583715376,0.4301532478180064,0.4674827382654352,-0.48320406638444346,-0.07997415310916049,0.8718474436872613,0.4124145455898314,-0.8992064936520949,0.14608875507663052,-0.009659211587481287,-0.8625477039764708,-1.2209251454969088,4.5358596,-7.9465837,3.5105789
-0.9650859901164538,-1.3034610412293999,-0.6826769298411997,0.7535543021925386,0.44251467415940593,0.4861447076753079,-0.5012042494925265,-0.09178731840941082,0.860447202604462,0.4253824325683293,-0.8920514846872942,0.15262350647736678,-0.06859437939077218,-0.8274459129415638,-1.247633793645538,4.6032805,-7.8708725,3.595958
-1.4517034073080877,-1.3021847381233589,-0.24595503134424884,0.7343334289176631,0.4540806361503772,0.5045445382196658,-0.518350422830772,-0.10477789041715872,0.8487251809807996,0.43825478243276167,-0.8847781470815157,0.15843098220302232,-0.11756070118256512,-0.7983560654693943,-1.2389634364880444,4.66978,-7.7966475,3.6708648
-1.8964587670042126,-1.3932054543622088,0.05884530534185284,0.7120420253597668,0.46621314298934824,0.5250156754093672,-0.5368735101698614,-0.12038871365595057,0.8350289765643816,0.45250744546300303,-0.8764427322582239,0.16457566306197458,-0.14431991982685666,-0.7602505943573472,-1.2137578567930636,4.734248,-7.72547,3.7377028
-2.3224873502571777,-1.5415795385179782,0.25628080285729093,0.6917231201429836,0.47622721093173415,0.5428874364247496,-0.5527039033112096,-0.13472741865643442,0.8224152952898725,0.46479836523401025,-0.8689396792817998,0.17001856794314105,-0.14744290767319918,-0.707032808067047,-1.1543876329662754,4.793855,-7.658307,3.7990692
-2.7542458771304137,-1.6488104471570577,0.5068540788145874,0.6748294264059451,0.48420045979264104,0.5569157566393839,-0.5651640787468682,-0.14618620770648466,0.8119231224510122,0.47454695168215605,-0.8626583955500539,0.17500195209249034,-0.11964539639533411,-0.6577489604372057,-1.0480411881009037,4.847159,-7.594287,3.857486
-3.2570386692273763,-1.7134750120169622,0.8812915932518386,0.6582107987491019,0.4929094683173,0.5690332155974951,-0.5768005422487905,-0.1555520235511224,0.8019380913952481,0.48379714640701466,-0.8560629789988056,0.18192442693635796,-0.0339112525934564,-0.6521643418015767,-0.8813268567145309,4.8947954,-7.5282836,3.9223816
-3.8914895559530867,-1.7863893671425901,1.2471973410854895,0.6444317274882116,0.5024360213759002,0.5764250107607363,-0.5856858019790339,-0.16031822781909996,0.7945251457248663,0.4916094892968763,-0.8496211569004746,0.1909554916213875,0.08461897326265816,-0.690365491407176,-0.6359303358007458,4.9393816,-7.453378,4.0056715
-4.555628152007213,-1.8593923487704287,1.3557675633542052,0.6332344162251551,0.5136863639703076,0.5789132003840914,-0.5912591315576666,-0.16159470253110247,0.7901264401749629,0.49942648453767563,-0.8426229711946208,0.20139442633173904,0.12175466056745465,-0.6976185319686424,-0.3229800056093532,4.9890594,-7.3703814,4.0973005
-5.033876063733182,-2.0079836563697357,1.148087479024317,0.6271989068677142,0.523478500516005,0.5767077168908519,-0.5920505570569872,-0.16066716554750238,0.7897228626571752,0.5060609341892102,-0.8367534412313152,0.20915546723692932,0.0674514482723191,-0.6270511494058306,-0.013439007978129663,5.0483932,-7.287442,4.1759477
-5.30480873110424,-2.3623499102372856,0.7661547996848501,0.6248257874622374,0.5328636077175788,0.5706567364821,-0.5885849702627234,-0.15875288502395035,0.7926949314064032,0.5129916842435409,-0.8311762130058706,0.21444261430554656,-0.037169690289123244,-0.4800701652519372,0.2273226850407093,5.1149964,-7.2149596,4.2241836
-5.564786287558491,-2.928619317444753,0.4546718692744809,0.6263196068586002,0.5382315847723239,0.563941939580628,-0.5829106506233455,-0.15699590979061548,0.7972248476426748,0.517628171040137,-0.8280453160682036,0.21541130676720288,-0.138562396586094,-0.29113333512296496,0.400943834922045,5.1822968,-7.160826,4.235916
-5.952346482258505,-3.5263358714113755,0.38522673811223473,0.631399462609303,0.5417507262854822,0.5548340915857959,-0.5742542451569993,-0.15416618515076647,0.8040303783285963,0.5211206967064819,-0.8262801812492018,0.21376220792960524,-0.19320444209443455,-0.11899998707445858,0.5759622196123918,5.2452455,-7.125998,4.216788
-6.376754200799743,-3.9357268113643866,0.5792757955159225,0.6397655184681129,0.5432865653620351,0.5436357137609239,-0.5631002728148917,-0.1500722138375357,0.8126477794159634,0.5230852360132351,-0.82602544666071,0.20991378547859887,-0.2315865890434073,0.03945179385385389,0.7622255851275306,5.3023176,-7.107802,4.17365
-6.647394002456384,-4.1557323770907795,0.8857322160577112,0.6530811879125421,0.5422927405032923,0.5285863653105054,-0.5470721039009269,-0.14479257248886335,0.8244678429662806,0.5236383056348695,-0.8276192932438727,0.20211192523539576,-0.2984888908656673,0.21677461582613033,0.904188596370014,5.352614,-7.1084075,4.1024885
-6.734053042973118,-4.285407181801502,1.1530868280550561,0.6692802074350878,0.5373675772244718,0.5131277529851087,-0.5288232198580032,-0.14060927353324093,0.8370036047326614,0.5219291197803211,-0.8315438167314798,0.19006544867751485,-0.39361721500865066,0.4395516209181387,0.9625130036626263,5.3918395,-7.133954,3.996132
-6.698713539321914,-4.365107133266956,1.422540306369069,0.6872539615961146,0.5282871924597959,0.4985926539304329,-0.5095381891484831,-0.13861324934350558,0.8492097508305713,0.5177381829358656,-0.8376747634908092,0.17391999465526628,-0.5059706263038182,0.682722160084821,0.9716505699214476,5.4155807,-7.188904,3.8497925
-6.575742595448405,-4.298571610685239,1.8238645511799456,0.7018945803649806,0.5182268269740034,0.4886562737331059,-0.49469248121385023,-0.13892135011142043,0.8578928881356377,0.512467898589515,-0.8438849532298097,0.15885477212715818,-0.6051386068561598,0.9284407637233625,0.9342487888628552,5.418349,-7.274428,3.6640365
-6.251884581897449,-4.00087702186982,2.568593833473238,0.7225748934557387,0.5004663932262163,0.47688459043941656,-0.4750841575389438,-0.14161941573648548,0.8684693341402273,0.5021758323564975,-0.854094450478166,0.1354330205653756,-0.6695938614671986,1.157095295027035,0.8590392024923814,5.3943343,-7.387587,3.4458785
-5.760845384069886,-3.413260474106138,3.4747333109364877,0.7427404296420878,0.4798392224906402,0.4670021142721569,-0.45720151134456294,-0.1461097235147754,0.8772791612244558,0.4891865004263052,-0.8651047735702396,0.11086161890686949,-0.7097996325559839,1.362648982786015,0.7740413075102196,5.3388166,-7.5242677,3.2017303
-4.8205947385712395,-2.3572206582040796,4.4430373726139365,0.7647436434033338,0.45331845658145,0.4578968626195278,-0.43906281571302086,-0.15349394334973063,0.8852476790215861,0.47158350663731824,-0.8780330211772013,0.08165176048371399,-0.7696591904656915,1.5864837871045052,0.6727134593974162,5.24821,-7.681787,2.9305358
-3.611296748700083,-1.0878687029390544,5.175589275316552,0.7855260751619935,0.42416245704986516,0.45059404708674927,-0.42301593163136564,-0.16340333818792546,0.8912670030103728,0.45167057334593214,-0.8907219314120799,0.051069894016868476,-0.8569232641951796,1.8044726305424383,0.5597976805914298,5.1220536,-7.8565354,2.6265335
-2.0797772093098166,0.31661297914720654,5.534787551908737,0.8077002116550049,0.38843862600382917,0.4435490975311729,-0.40689115501343465,-0.17719574128332022,0.8961256927702101,0.4266848439589746,-0.9042771163196127,0.014931203447625968,-0.9562323037784676,2.02585896767556,0.4587777892197066,4.957788,-8.044507,2.2876358
-0.4620939403683588,1.6899658913856486,5.5676734990660455,0.8290954798788684,0.3495673258919482,0.43635234606127826,-0.3920731839104664,-0.19288538102938463,0.8994853240845344,0.3985966679523794,-0.9168412700429143,-0.02286442309265272,-1.0218896755855589,2.21804251010431,0.39174085611494347,4.753778,-8.2394,1.9227661
2.5666910841192854,3.837143026575619,5.008464605520909,0.8707055803729972,0.2599615289347098,0.41748268919950504,-0.36495090391132684,-0.2274969754810166,0.9028044992584477,0.3296704870649304,-0.9384376002808712,-0.10320969110240771,-1.0402516397790231,2.4768178071010736,0.3466312871690447,4.2375474,-8.622638,1.1541245
3.969321577370692,4.584781370148094,4.37397841749958,0.8905600089368537,0.20947361795284,0.4037619024426883,-0.35151503228243297,-0.24642482410068256,0.9031677519411492,0.2886867724054426,-0.9462534594117464,-0.14582296797635647,-1.009796375506229,2.550282540651956,0.3468777525462341,3.9341018,-8.801061,0.76734465
5.206727661652195,5.153017812892821,3.4430701086845756,0.908988041829693,0.15585419926995533,0.38658790511414326,-0.3383247295348662,-0.2658663205685728,0.9026912412184412,0.24346892449711255,-0.9513277921711594,-0.1889399763072122,-0.9757425082581506,2.597138324169793,0.3599469344268964,3.6069672,-8.964224,0.38486633
6.146122784810347,5.466187965340426,2.2657246465890477,0.9234547438829015,0.10667394484938296,0.3685810704450731,-0.32708827908982546,-0.2833653332806292,0.901508372438557,0.20061055227036725,-0.9530607312155039,-0.22678326422544945,-0.945846621577258,2.621808904905017,0.3681088140835722,3.260034,-9.109187,0.0077056885
6.816619717810099,5.559963366685686,0.9482923416393301,0.9347770204680648,0.06089502598849451,0.34997673896233195,-0.31738422283969236,-0.29934961222259904,0.8998094602495718,0.15955932156189517,-0.9521983015486021,-0.26049801809355116,-0.9036032396419558,2.6077296554593055,0.3672169920140874,2.899643,-9.233423,-0.3587311
7.032164771822283,5.251289051466269,-0.3359779459120782,0.9443229609279528,0.013836870939729368,0.32872889508964953,-0.3079083029428585,-0.31496240497646705,0.8977701044422733,0.11595957245140825,-0.9490032794748603,-0.29316574339927554,-0.8091727159326849,2.514489222911314,0.3693320309915953,2.5366197,-9.334302,-0.7023819
7.017858099365496,4.779754320879939,-1.5040410190688434,0.9509747167431083,-0.02791593168702159,0.30800615070710996,-0.29980968649216944,-0.3276387308067602,0.8959726636236197,0.0759028326271979,-0.9443905774801988,-0.3199456159502537,-0.6793688096693128,2.3710657550106444,0.3665639481215818,2.1802306,-9.412237,-1.0101334
6.802987083821359,4.179875768296496,-2.5158498055926595,0.9556357020551122,-0.06818851550713531,0.2865497012920564,-0.2923275889251489,-0.33887051426086195,0.8942658191599352,0.03612458596084765,-0.9383587272027232,-0.3437701461320424,-0.5587669664954746,2.189519762390473,0.3463650869034397,1.8388153,-9.468081,-1.2786834
6.517655739808393,3.5148953767121474,-3.4035516391540455,0.9580313613763257,-0.09993779250289345,0.2686788943126596,-0.28663229447216293,-0.3477657776018959,0.8926930556997595,0.004223551236563629,-0.9322399913963141,-0.3618159201256288,-0.4907582013593608,1.967953734664629,0.3144846747426341,1.5229172,-9.503939,-1.5143356
6.184685941099393,2.865025970973398,-4.304249402959487,0.9592105366109167,-0.12867184082117453,0.2517115488695111,-0.28159444174401604,-0.35649316806731846,0.8908519470148812,-0.02489411242590811,-0.9253951472214557,-0.3781852782241924,-0.45738635071962697,1.7255172748792476,0.28002120457951074,1.2408844,-9.52316,-1.7212814
5.790855000860567,2.285675058706476,-5.254616507654744,0.9594345442134384,-0.15615735389496446,0.23473439499671753,-0.2769574359322189,-0.3663333640476655,0.8883098812167822,-0.05272507991272141,-0.9172866221689085,-0.3947218245019577,-0.45466559452161565,1.4685754384617324,0.24102447378481906,0.99885863,-9.529129,-1.9074249
5.379438151348732,1.7838445485563976,-6.160859424399144,0.958990435279639,-0.17712753182959484,0.22127625835169235,-0.2736794152198555,-0.3755695364814769,0.885464341999162,-0.07373549163792671,-0.9097105917461042,-0.4086437525986043,-0.45488987911097145,1.193415183016425,0.19581055342430226,0.8019363,-9.525139,-2.0729752
5.000102838638023,1.3484748580990806,-6.922754165856232,0.9583649500961733,-0.19165668618786952,0.21167034999414575,-0.2716419093576803,-0.38342808392806205,0.8827194217506326,-0.08801872248376055,-0.9034658926017862,-0.41952602469642786,-0.4170779218332612,0.8860614743994337,0.14466135365980473,0.6548584,-9.515146,-2.2123764
4.680071237171178,0.9627115939587796,-7.503416582989551,0.9578275789360075,-0.20135972400954202,0.2049892450261427,-0.2704545055638896,-0.390785051811909,0.8798530580162564,-0.09706023619267917,-0.898187789288614,-0.4287633446588657,-0.3598921187990296,0.5409738129588045,0.09243474380156796,0.56394196,-9.5028105,-2.3185897
4.456076063657728,0.6415182336504057,-7.954918876703581,0.9576807135444211,-0.20419288304761551,0.2028618185311167,-0.2703554614162013,-0.39629021343471993,0.8774177974136945,-0.09877031632773879,-0.8951309028564312,-0.43472415548707677,-0.314483994860206,0.18271857785787368,0.037591233033822107,0.53375244,-9.489741,-2.3919373
4.343568634516577,0.42408663752911746,-8.329905076387561,0.9579012481570732,-0.20118854798190208,0.20481300481184136,-0.27135968343211986,-0.4015133653293954,0.8747290664368512,-0.09375031192876629,-0.8934820566876539,-0.43920461449131243,-0.2923856644613998,-0.1751872111996935,-0.022200318222799317,0.56589204,-9.475786,-2.4367645
4.350817119349327,0.3956317466494035,-8.563988360032358,0.9582287632566492,-0.19454155294804026,0.20964546607116852,-0.273117414982133,-0.4048855793764733,0.8726250885955875,-0.0848794138829305,-0.8934322871877561,-0.4411056940341493,-0.2688186772046252,-0.5312775792738496,-0.09534561018528565,0.6595901,-9.460614,-2.4530425
4.531875227872446,0.5327783517558049,-8.55084506653738,0.9586376885333846,-0.17936007267594115,0.2210062136073338,-0.27694715542297293,-0.408605148392669,0.8696793120513622,-0.06568146790756778,-0.8949144076595754,-0.44137755690204933,-0.23699891829609593,-0.8979495425267626,-0.17408106225984232,0.81494904,-9.443357,-2.4373322
4.820671692880575,0.7831233598586551,-8.312068547336523,0.9585143237077379,-0.15981820628921142,0.236026337906592,-0.2820101472852377,-0.41120188255055057,0.8668236779270878,-0.04147973089662074,-0.8974247337383703,-0.4392132502547736,-0.19990658439734188,-1.2505199665335374,-0.2626271763970391,1.0289948,-9.422295,-2.3869843
5.234712717401784,1.0880887913100379,-7.844203814360272,0.957227865792927,-0.13329219382258936,0.25680343458661004,-0.28919541530013115,-0.413188572132569,0.8635051914310854,-0.008990256887462827,-0.9008376074104659,-0.4340631064212761,-0.16463246878590035,-1.5848414790055165,-0.3570172766419576,1.2966461,-9.394735,-2.301384
5.744958691621892,1.4590965270439864,-7.127542059272548,0.9541899403378151,-0.10267110699649123,0.2810341643754933,-0.29787482881137084,-0.4143342224564577,0.8599986851513212,0.028145054960207833,-0.9043150976786357,-0.42593668542609703,-0.12329156729251645,-1.9098259090565641,-0.4564582481329832,1.612764,-9.357495,-2.176941
6.326407004655015,1.88169678878975,-6.134303920923678,0.9485254859807868,-0.06633232950041487,0.30967632216228735,-0.3085153589228444,-0.4144066945035647,0.8562040439400761,0.07153793227107431,-0.9076712585587805,-0.41353985374169494,-0.055332410174330174,-2.2184075943991934,-0.5512070690374207,1.9716065,-9.307065,-2.0090775
6.906499070395019,2.310137710034267,-4.873407777791705,0.9393528697002204,-0.02505563337707129,0.34203567273317376,-0.32119361447227424,-0.4138573411166453,0.8517961981754196,0.12021168083092856,-0.9099968771594426,-0.3968057904716983,-0.0034071993153108188,-2.4666558849265527,-0.6431422998995001,2.361583,-9.240703,-1.7986069
7.81153730744504,3.127802518882783,-1.6099916086057235,0.9090302253724271,0.05919839779857882,0.41250405944358404,-0.35335399436454296,-0.41525411791243516,0.8382749979710655,0.220918546134039,-0.9077772674256883,-0.356560554070661,-0.022329675725949613,-2.7564244612898987,-0.8869777881137104,3.1833205,-9.052503,-1.2932434
7.9953875683764934,3.4834658311410487,0.2786734354888397,0.8883605593286727,0.10069383628922687,0.4479690479961829,-0.37135319294049707,-0.416209489745482,0.8299797989943524,0.2700228188915642,-0.90367605477802,-0.3323511174927664,0.03578358411575164,-2.8226786319440023,-1.0195918942974003,3.5862975,-8.934753,-0.99903107
7.900686749731826,3.652389262720728,2.2653734702893176,0.8628949999318759,0.1425247728891042,0.4848699910341715,-0.3922231873324879,-0.41616484348956784,0.8203461430165011,0.3187054916554044,-0.8980498383476364,-0.303205041898177,0.15722525228225243,-2.8656160271032425,-1.1462304398377439,3.965741,-8.804064,-0.6669785
7.444233131082054,3.555949862981076,4.336624086420165,0.8300840530409385,0.18763788309850443,0.5251214047374577,-0.4180050948160795,-0.41392395224600265,0.8086647651931246,0.3690964719350892,-0.8907631484201419,-0.2651580808154075,0.34765395020220174,-2.903856351615693,-1.2593543557649483,4.3110642,-8.660586,-0.2885254
6.6042417829123465,3.2514945753065776,6.30685886113206,0.7920389118516807,0.23220526814473627,0.5645839845041986,-0.4469826436267792,-0.4093144128099939,0.7954044428857734,0.41578946404306927,-0.882350511368268,-0.22040121750783837,0.5549167144922528,-2.9027198682574715,-1.3492778909817278,4.611865,-8.505763,0.13555145
5.54819833036102,2.872371742447367,7.8664082266662,0.761128452623763,0.2634208569681019,0.5926996969129876,-0.47054538228970644,-0.4046665623980685,0.7841122473745491,0.4463972690467448,-0.8757022469944474,-0.18405176662148212,0.7266791696748239,-2.822344272528473,-1.438854359504013,4.8581557,-8.346785,0.59119415
4.219018289915202,2.3020716288024516,9.111756761021082,0.7230991555427605,0.2966844202238442,0.6237835891154788,-0.5001603329218113,-0.39795793049413314,0.7690703003811624,0.47641080238056255,-0.8681058923617967,-0.13937326508998013,0.883661346253501,-2.668177496654521,-1.513081598236044,5.040929,-8.192184,1.0623963
2.5763167366877817,1.5136519851321442,10.059239669356007,0.6750300847848442,0.332660717075417,0.6585371910152349,-0.5382373628144292,-0.3884421601627678,0.7479393220567113,0.5046136402297671,-0.8593308649891235,-0.08315971723805202,1.0411555614557884,-2.4822602924959503,-1.5767817140523912,5.15536,-8.04552,1.5397583
0.8239790660998625,0.6625255222365669,10.610189128998066,0.6323764701868415,0.36078434494495676,0.6855178016628525,-0.5725495225646072,-0.3784084200047548,0.7273198140299406,0.521811310882654,-0.8524328267448097,-0.03272967648456723,1.2229024986221777,-2.3244841548406034,-1.6046859105218765,5.2036285,-7.905913,2.0208678
-0.9815527584461301,-0.24402288076057976,10.70461862951826,0.5896399011833069,0.3871005872638633,0.7088567713385497,-0.6077736645714469,-0.3653530244581184,0.705073287093407,0.5319172488140775,-0.846563820901461,0.01984282124061007,1.4341142360517307,-2.188308232433542,-1.5626612822244668,5.188843,-7.774005,2.5100021
