1.313761591616166,1.094796907205579,-0.4509841307161514,0.999044874545024,0.043693332503805096,0.00048097820027517894,-0.04368337132893879,0.9984316844763,0.03501334750000366,0.0010496259596917943,-0.03500091610986623,0.9993867290277647,-1.7914015,-0.014549555999999993,-2.235641,2.126407,-2.856453,9.098244
1.0724283877677963,0.7591795706191367,-0.27450098742159434,0.9960047167922736,0.0892235229470154,0.0037104016583220066,-0.08924649885678672,0.993094688295175,0.07614461584192735,0.0031091107005426547,-0.07617153689425299,0.9970898808020364,-2.0055398561645226,0.033371336930996545,-2.2222330522904175,2.2579637,-3.1070755,8.974551
0.7646877720207718,0.293452076574626,-0.11924439787850652,0.9912752825252605,0.13145898817914292,0.009583771772156285,-0.13167255605987993,0.98434274947978,0.11718229186718065,0.005970949264781484,-0.11742182920353139,0.9930641780828539,-2.102428104029325,0.08790383907848417,-2.1712902648179666,2.3884797,-3.3744674,8.835503
0.42299814619117515,-0.3388725036565299,0.04726893540463464,0.9847260564938775,0.17311125912880246,0.01863023416002109,-0.17385359009825188,0.9718110225419345,0.15924278845821802,0.009461652707937813,-0.16004945619664054,0.987063649770973,-2.104295149756927,0.152847195428991,-2.101081326120729,2.5158463,-3.642119,8.691188
0.07371686255333146,-0.9357485510997716,0.25280330397127015,0.9772485701620903,0.20996023545992826,0.030032176773611294,-0.21170762410524258,0.9570468310876846,0.19809403070444714,0.01284966971806205,-0.19994514905501606,0.9797228298643981,-2.070493564811367,0.23020768738665076,-1.9975689861360133,2.6355133,-3.9031463,8.544879
-0.2739264441271478,-1.3038013323399769,0.46293968662258345,0.9685372224767725,0.24483585164769972,0.04462123289337015,-0.24833268514835605,0.9390280994918706,0.23781737920449234,0.01632562905331024,-0.2414158944904651,0.9702844117697567,-2.0560299446214074,0.3120637604600184,-1.8646470794708885,2.7437623,-4.160866,8.391531
-0.6413303977484303,-1.4434354185498666,0.6226915009495713,0.9597827774378347,0.27412763202891016,0.060589285289879495,-0.2800520329474405,0.9197155633255535,0.275125682950112,0.019694643325576678,-0.28102904464660283,0.9594971584581667,-2.052224018235119,0.3852777632067337,-1.7053424356540126,2.8393188,-4.418596,8.227649
-1.0303244548017367,-1.4667053092474323,0.7450080662806946,0.9507996968594322,0.2997868038360827,0.07815247083591163,-0.3089065819842187,0.8981665278098283,0.31284758578078237,0.023593644458605796,-0.32159720236311584,0.9465825792678515,-2.0541250540330593,0.4328673392343799,-1.5291554961678697,2.925644,-4.6783676,8.052358
-1.3879288653541413,-1.3922326145564736,0.8487940910750593,0.9423895253165258,0.32048225586613577,0.09588068756869711,-0.3333268873784764,0.8754749205874918,0.3499097734743939,0.028198736217603028,-0.36171091647512904,0.9318637476468611,-2.0765610608007288,0.46366225548638507,-1.3336239934605394,3.0072677,-4.9441175,7.863588
-1.6256706378224206,-1.4223833153886947,0.9833308251067153,0.9349647004546032,0.3361811448848632,0.1132397753783391,-0.3532154366333886,0.8526679046333933,0.38496272512021645,0.03286128767590665,-0.39992459568273786,0.9159587619212343,-2.050605374754584,0.4983186229254063,-1.1398375630391913,3.0825043,-5.211839,7.6617737
-1.7626090307848354,-1.536885809003226,1.1348537105945558,0.9285125158203252,0.3477469789473821,0.13014048792739139,-0.3694323861957945,0.8301134337397228,0.41764985233389984,0.037205107104964066,-0.43587122611823786,0.8992397090028289,-1.9536595120207905,0.5213100429038946,-0.9556827303073558,3.1483078,-5.4680357,7.4517274
-1.858899013729193,-1.6358410690908072,1.2520161861909245,0.9229400082974016,0.356013936907955,0.14640975995913383,-0.3827489512613973,0.8081532565155722,0.4476511524519693,0.041048524849171465,-0.46919334043715333,0.8821409342600154,-1.809922733194322,0.5274624683391667,-0.7966398583522594,3.2024612,-5.7015533,7.2452593
-1.9072013208845826,-1.5620373015711548,1.2541207827185992,0.9183641224419621,0.36115399996602443,0.16178728911736512,-0.39324311514319493,0.7870099426222729,0.47536849138974563,0.044353026997950615,-0.5001831049947886,0.8647830193024674,-1.6960776716770711,0.5358534808618112,-0.6469124505027168,3.2449813,-5.917952,7.047034
-1.8724208847217456,-1.2648855313617395,1.1236221096722034,0.9150312928843997,0.3628258996908012,0.17628130801609354,-0.4006097887954859,0.7662203329463736,0.5024123789286892,0.04721790088028389,-0.5303430662251647,0.8464671889348994,-1.6678803636723136,0.566707785838803,-0.48309619092585976,3.2785964,-6.1336913,6.8468904
-1.7572304881031555,-0.9025495863562167,0.9679468083678965,0.912976284452985,0.3615692263523494,0.18905554364097873,-0.4049785329289916,0.7466346913707899,0.5277584916496628,0.049665802048332354,-0.5583944235006375,0.8280875412118497,-1.6756973176682244,0.5968087923870148,-0.34162621296044626,3.307158,-6.3541093,6.636401
-1.5670324439997732,-0.6348876263936151,0.895083455172,0.9116635424423579,0.3578758335263549,0.20197641733446953,-0.4076751776697154,0.725835157775627,0.5540435662010674,0.0516772183212006,-0.5874420920521849,0.8076145451834902,-1.6603413291354747,0.6295106487623648,-0.23964866995645864,3.3295028,-6.572609,6.415324
-1.311465763862396,-0.45041371950640896,0.8362449764487166,0.9108788578657511,0.3523623781275514,0.21480330717538168,-0.4092903772647803,0.7048616247219883,0.5793543622626248,0.052736072774133495,-0.6156385664288551,0.7862620823579031,-1.6552014352876743,0.6831629138855381,-0.18450748829111874,3.3425827,-6.786847,6.1831923
-1.0452278182190875,-0.2334639854933821,0.6806193497690683,0.9103893799372923,0.3449659896385787,0.22845052613217703,-0.41035467950813875,0.6821867002404062,0.6051696811811371,0.052917047377619555,-0.6446857932417797,0.7626139351526778,-1.6453268910133276,0.7309137100337968,-0.1516129690673868,3.3465486,-6.996709,5.9407105
-0.8258557715132421,-0.04875824877174578,0.5035865418204964,0.9100586060813962,0.3360728218238176,0.2425868750129787,-0.41114693629330207,0.6578993878289598,0.6309727349663466,0.05245503096765279,-0.6739610181053923,0.7369023108937346,-1.571750875340873,0.7318543845570065,-0.1296977836278936,3.3454025,-7.1952133,5.698369
-0.6700135625736412,0.14376423399935265,0.33935639461028066,0.9097205611792698,0.3273564486751047,0.25543346702908354,-0.41194475035141653,0.63442934699892,0.6540649251599059,0.05205788341436328,-0.7002407865708395,0.7120061921058476,-1.4341302599303913,0.667731550561858,-0.12067352381541621,3.345958,-7.371222,5.4703383
-0.49868839642448853,0.3027538290178362,0.21733465485398118,0.9092838143046063,0.3211903020400017,0.2646502123919771,-0.41292594918868475,0.616947724063986,0.6699758699079331,0.05191440580696112,-0.7184791546368766,0.693608390103515,-1.2958728607908951,0.5963300815119777,-0.13347003091777807,3.3496857,-7.521248,5.261931
0.08538142893241678,0.716558392485281,-0.23122968512911676,0.9072595522564822,0.30663200867808116,0.28784877295797584,-0.41748370236350146,0.573833712072789,0.7045723732517668,0.05086711216719926,-0.759402187343972,0.6486299829309163,-1.3638184770242354,0.6520993144024385,-0.20183616983595132,3.357364,-7.8026304,4.8344817
0.45482853476645646,0.8560725095571089,-0.4537440369312418,0.9047138735039487,0.2902592850023757,0.31183706412065665,-0.4230732705629363,0.5262038132128241,0.7376439213438039,0.0500181449542197,-0.7992866159458655,0.5988648351215369,-1.410097450903577,0.6771001408624704,-0.22974066895498932,3.3673615,-8.078806,4.3680787
0.49092713240453956,0.6517377074417474,-0.32376742432202543,0.9032617184816001,0.2829165869665056,0.32260885410182094,-0.4261574051140597,0.5037354141287923,0.7514256441052203,0.050081273866761165,-0.8162161707364771,0.5755719143913857,-1.3384846703449227,0.6251221686388967,-0.24911497398673593,3.380484,-8.187843,4.162732
0.5052570081339756,0.43630127522145756,-0.25286633556558813,0.9011685047386417,0.2798114259185689,0.3310602543231938,-0.43038843334642807,0.4866936615403226,0.7601941043299935,0.0515860689404392,-0.827547488511621,0.5590206004695901,-1.0068845661684203,0.3884759730728822,-0.308328894694146,3.4023545,-8.269795,3.9891784
0.5254244774132151,0.3255669402986261,-0.36934808763321636,0.8987266738605638,0.2780436398690225,0.3390901060483968,-0.4351907740502905,0.47058632297405856,0.767565959909156,0.05384566717050328,-0.8374008878417437,0.5439305076651089,-0.9007695134106632,0.301866788406005,-0.3318552992271215,3.4319215,-8.3307295,3.8394837
0.5316409240347086,0.2765351431760561,-0.6144056801227747,0.8961134639045986,0.2769945003458343,0.3467776039294686,-0.44019633177732176,0.4549894692038323,0.7740877033020258,0.05663787865635332,-0.8463206423642146,0.5296541522630892,-0.855176018124416,0.2544118380485778,-0.34427239761195616,3.467212,-8.380175,3.7010741
0.4913306291207679,0.1913226782317642,-0.7931350091808822,0.8930291961511446,0.27618408127026556,0.3552762419224513,-0.44592027600832457,0.4370702930674227,0.7811047729739059,0.06044801292267921,-0.8559742473759692,0.5134726142286881,-0.8272274649076885,0.22006138029768468,-0.3390358019615317,3.5064788,-8.423559,3.5685883
0.39931110617390514,0.034485262029216035,-0.7476520019366131,0.8904033399336098,0.2759982918237406,0.36194866368789136,-0.4506045109388712,0.4221135910138097,0.7866229662315785,0.06432314479729415,-0.8635074169871407,0.5002174265772664,-0.7605777104896114,0.16721931812987026,-0.3132469237791067,3.5492845,-8.459948,3.4458542
0.3030052259470569,-0.1615668660297365,-0.47818501219902354,0.887798670374285,0.2772029986468525,0.3673853813406914,-0.4550729462912711,0.4095477346082619,0.7906827850857907,0.06871778834795354,-0.8691542731980519,0.48974351955501383,-0.611180925256606,0.07151344037388752,-0.2895277288021558,3.5947373,-8.483583,3.3461776
0.3346882467180961,-0.23650026893973636,-0.22573803589187338,0.8851869651986904,0.2798186324687244,0.37167939082718293,-0.4594242280646297,0.39987327440923176,0.7931145838278719,0.07330358319722245,-0.8728132087317264,0.4825180694584151,-0.47624577884579705,-0.019265125276734678,-0.2895117635182511,3.644371,-8.491415,3.2753205
0.5566783187426607,-0.10784929268770885,-0.275101168130206,0.8824434295234548,0.2829319928131031,0.37582320462378316,-0.4638915666131358,0.3907572404282568,0.7950555914388026,0.07809102455528719,-0.8759327979335514,0.476070924745679,-0.43508892485997847,-0.0479554799394959,-0.2940851377797773,3.6958709,-8.490744,3.219899
0.7915308920093498,0.04875596922259279,-0.47129362829684346,0.8796035808531903,0.286061266866732,0.3800874796002172,-0.4683693479440675,0.3809833786623013,0.797171135384057,0.08323277273222528,-0.8792159102186776,0.4690966731513324,-0.4370131799162067,-0.045523339727688954,-0.28101237340016383,3.747644,-8.489244,3.1636734
0.8192181316418286,0.019222926109631833,-0.44046341203036943,0.8773701101326087,0.28867545517472426,0.3832599267149647,-0.4717238708551128,0.37289623176095815,0.799015012377081,0.08773983993240045,-0.8818247455805169,0.46334311106402926,-0.3901266781340425,-0.051402392855647634,-0.2315845251667059,3.796962,-8.486841,3.1120515
0.6697709362492764,-0.20748780516938753,-0.14469221178096942,0.8763447389921047,0.2899314441416418,0.38465524322281375,-0.4730546579145592,0.3675483457760047,0.8007043799946781,0.09076997888178305,-0.8836560253940807,0.45925247927315127,-0.35040874529113586,-0.036241833969769426,-0.13449191118523346,3.838176,-8.486982,3.062378
0.5529721970718596,-0.4849874828123858,0.21400500028480465,0.8757798818128629,0.2912994848439338,0.3849080523209492,-0.4732927665031364,0.3614482951520491,0.8033362229524353,0.09488706860081321,-0.8857198993255914,0.4544190842724465,-0.30642156244370106,-0.053450529266838964,-0.04513174649664568,3.8751373,-8.487541,3.0146682
0.5972965392687987,-0.659055927306392,0.5088114490902121,0.8760549621164458,0.2918853703141256,0.3838367282422805,-0.47209154685613264,0.3569347750437418,0.8060565350838967,0.09827143398840002,-0.887355902082732,0.4504910968052583,-0.24215020431226872,-0.044261011455738804,0.035391553379876636,3.904431,-8.48824,2.9748673
0.7688227885764727,-0.6408764817601127,0.6591107392371514,0.877178433661246,0.291160195166643,0.38181636459183527,-0.4695357476847401,0.3537425003910851,0.8089514355405985,0.10046978235138679,-0.8888711853624153,0.4470054123460696,-0.20352768804614862,-0.007001547370076952,0.11215334167090132,3.923514,-8.492839,2.9362807
0.9588059510194402,-0.4717244403963534,0.6037537618764951,0.8787618009333917,0.2885886491368956,0.38012404397728333,-0.46636653106311154,0.35003448268921716,0.8123903739167837,0.10139011748914069,-0.8911747598074318,0.4421850195989283,-0.27375335837362247,0.0901774195445612,0.16044191438017474,3.9308136,-8.507128,2.8832612
1.038983752718738,-0.3082547174789013,0.3919658415787389,0.8811815179316834,0.28324410082881885,0.37853918132907743,-0.4618208635600028,0.3443060383176144,0.8174196241580712,0.10119596057307634,-0.8951123568154464,0.4342041527208017,-0.3946591332985355,0.21933313722875797,0.21658822016011423,3.926384,-8.53483,2.80224
0.8852971958339277,-0.32808873719354564,0.2615463908821357,0.8847004083429781,0.2753813473842446,0.37612537934923446,-0.4552815635859437,0.33714249209884906,0.8240471090175097,0.10011935545390754,-0.9002777646561173,0.4236461508491242,-0.4777057941860553,0.30674132830656536,0.3017626573311416,3.910974,-8.5741825,2.6942077
0.5483724309198864,-0.4914146114577058,0.36047529818292995,0.8889809150633127,0.26689271002082987,0.3721306410266861,-0.44718746897562456,0.33084128435921434,0.8310038580865434,0.0986726924957963,-0.9051587296719192,0.4134626631926365,-0.4597914923364864,0.3136960788857095,0.3946635705897379,3.889438,-8.616948,2.5762131
0.2819667109159526,-0.5504008565552874,0.4269300043212826,0.8935113853412152,0.25772768676156727,0.36771435074273856,-0.4385379149742644,0.3247653523240348,0.8379808846625739,0.09654999428092786,-0.9100021458251496,0.4032049022494345,-0.47083272352521777,0.3557408693960411,0.44467281968081424,3.860698,-8.661196,2.455443
0.23070144445752766,-0.3659718720569936,0.2228511519127051,0.8983771701397856,0.2467745208928631,0.36334666093102946,-0.4290945114742745,0.3164596257265783,0.8460089866589169,0.09378891402657549,-0.9159452173154746,0.39018969551056054,-0.5659270974177166,0.4235045192868895,0.4511439281844881,3.8256836,-8.71178,2.3150253
0.29045837721904644,-0.030302120038662006,-0.08445496486794724,0.9027153457076422,0.23634773752646593,0.35950626084958864,-0.4204673865007404,0.3075665116169201,0.8535865614107545,0.0911711660184773,-0.9217063458053872,0.37702152536547784,-0.6104020111327113,0.437319098603862,0.42967291818108483,3.7904067,-8.763838,2.1634705
0.32562084859322493,0.4582845967797904,-0.3740621519090729,0.9112164256568163,0.2148906351319853,0.35143511569817165,-0.4030769926342975,0.2892361559683927,0.8682576714832515,0.08493270054640827,-0.9328260614997848,0.3501742071665111,-0.6064338795093208,0.4500797162747431,0.4282656777824512,3.71407,-8.86736,1.8532455
0.31030057770081887,0.45657103916485436,-0.48207061616025637,0.9156453373188433,0.20259714933494405,0.3472002467274693,-0.39350824080917207,0.27528311795655963,0.8771376570318853,0.08212722241456744,-0.9397731641462581,0.3317853512272641,-0.7305063622467446,0.45134242374348077,0.3861856849696796,3.6800964,-8.917746,1.6842651
0.2951600381912499,0.3433894683120065,-0.552728002386465,0.9191209632540763,0.19297733306968734,0.3434769334732822,-0.38573952145055906,0.26346258945770196,0.8841902993967621,0.08013536359181396,-0.9451704676287521,0.31659297311288276,-0.708078141883504,0.41008887138446104,0.3639066140100963,3.650908,-8.962769,1.5171341
0.2386787389999901,0.23325528179249888,-0.40310299357301266,0.9252517368069809,0.17798097962981985,0.335010439278651,-0.37132746357981444,0.2442169348122912,0.8958091334331607,0.0776217645190228,-0.9532475332466901,0.2920513688241414,-0.5947167587401906,0.31476134905196773,0.3541873529848711,3.6113846,-9.024176,1.2565734
0.25751969220830845,0.23310408054453663,-0.30905543675346153,0.9285274203781297,0.1712396948829407,0.3294143234626158,-0.3632367239274603,0.23550226417979095,0.9014420480300648,0.07678484223062158,-0.9566690391470763,0.2808708556276875,-0.45750497049322486,0.22040310630654325,0.34003472016067904,3.5998871,-9.043348,1.162619
0.27659491066748654,0.18573255010066758,-0.2504298857518078,0.9304975350395321,0.16845067046133386,0.3252671346854481,-0.35808391271504464,0.23131631864435287,0.9045820428150828,0.0771378554280491,-0.9581842893462366,0.2755587394912564,-0.3163989283263896,0.09999911950492589,0.30612335209739333,3.5940063,-9.057213,1.0817276
0.30732740899861477,0.11236591677571771,-0.27165295914268334,0.9332097552640678,0.16458160264526972,0.3194251849035906,-0.35085727531715094,0.22542461956364848,0.9088910348615004,0.0775804423614836,-0.9602586302477577,0.2681131067249374,-0.31639892832638966,0.09999911950492592,0.30612335209739333,3.592401,-9.066381,1.0158646
0.36499932711054806,0.06116137810947973,-0.34855231780613355,0.9349545015725096,0.16291913024819116,0.31514669122247346,-0.34601034674636,0.22260323807709292,0.9114409681060298,0.07833849586099953,-0.9611998519541953,0.2644956042535872,-0.22456685503853369,0.03539560433562916,0.2905497112443021,3.592949,-9.07308,0.9579636
0.3975158012819191,0.05299724849765587,-0.37234973726426146,0.936914703560651,0.16134973536255745,0.31009208495266405,-0.34040599136609895,0.21947795747316146,0.9143047562084935,0.07946445302096343,-0.9621827732202666,0.2605565420868134,-0.1986262738957828,0.01593763652148493,0.2664643457744144,3.595407,-9.077945,0.9062973
0.3382527257997857,0.07100153119095104,-0.281466380839246,0.9385358948077245,0.16062497425415312,0.3055323089352688,-0.33562217094529956,0.2177719416204916,0.9164786630428476,0.0806729975111129,-0.9626915389098915,0.2582960866600154,-0.1358423173275703,-0.018657510902649076,0.2560770910905806,3.599971,-9.080432,0.8661316
0.2205196905458153,0.08303848702567637,-0.1385705686515869,0.9401849193813082,0.1606118394035893,0.30042662067692794,-0.3306011449658094,0.21740451522732931,0.9183888935010408,0.08219002564337714,-0.9627767725709666,0.25749890462403036,-0.06205518953710938,-0.057831767247775875,0.25886490164810616,3.6066422,-9.080264,0.8411301
0.11669083931577785,0.0746803529664359,-0.03014319645670356,0.9417155161682581,0.16125703330439037,0.29524236792475794,-0.32576860989243484,0.21813405379551604,0.9199414912827261,0.08394462113025455,-0.962503872088109,0.25795270263886827,-0.005051487535113766,-0.09310924202328252,0.26084956432774137,3.6159637,-9.077688,0.8286392
0.12365843455385708,0.05640214137735594,-0.0567602292402839,0.9432810274062197,0.16206046557931397,0.2897538763013931,-0.3206506385102157,0.21851549611860077,0.9216475172098242,0.08604691370675642,-0.9622823823869264,0.2580863134482034,-0.022980409342857434,-0.09300296609180028,0.24352586015901503,3.6273468,-9.074217,0.8163788
0.15183539570954113,0.04311659941977415,-0.09623497013346974,0.9444202019619529,0.16269267719496522,0.2856598937780368,-0.31679857402367295,0.21832737416461528,0.9230231964511791,0.08780174043099505,-0.9622184006126262,0.2577335909418275,-0.04831059874811654,-0.08684892992840129,0.22200589844935037,3.6394775,-9.070851,0.7995712
0.16051453300176802,0.021966570441514743,-0.08627967805152854,0.9457464077654717,0.16352166033311594,0.2807568321530349,-0.31218461242045337,0.2179178793491078,0.9246905242446684,0.0900249963432249,-0.9621707044292558,0.257143997735731,-0.05588797926865957,-0.08798799743644277,0.21594104463100353,3.6523132,-9.067286,0.7817062
0.14216688850575304,-0.016953506076528173,0.03449416936207788,0.9465271623497998,0.1640377369912607,0.2778092003098922,-0.3094265422500484,0.2178056180758863,0.9256435208468543,0.09133206383967717,-0.9621082753917922,0.25691656337694163,-0.046626372028962956,-0.09149419506292664,0.2209152661696703,3.6656861,-9.063215,0.7663757
0.14041663758671807,-0.06715824041189114,0.23453482538358947,0.9477555897245074,0.16499017532559057,0.2730157215106527,-0.30499900092454585,0.21793076855494165,0.9270824070987875,0.09346096287210115,-0.9619170557605706,0.2568669427075747,-0.03157374126274502,-0.09755890719870586,0.22111529678617373,3.6791306,-9.058899,0.75314176
0.17621213146627324,-0.1322695596817123,0.45171096904204955,0.9490430646215025,0.16608635167666633,0.2678293958484793,-0.3003099590148837,0.21892209989340858,0.9283787172779975,0.09555726037463393,-0.9615032178651284,0.2576438860611665,0.007833658875225129,-0.10047245092447046,0.21992770274296214,3.6911652,-9.054563,0.74676514
0.23336799264233554,-0.2214297383697384,0.6212172275356999,0.9502645157462698,0.16675401742538012,0.2630407720981735,-0.29593035412137325,0.22021111570499124,0.9294795802111859,0.09706995221543008,-0.961093212020801,0.2586063846552038,0.024859811288776443,-0.08207672626695225,0.21755824859124742,3.6999955,-9.0511875,0.7445099
0.3044332602242922,-0.31840446041985554,0.7496448953510929,0.9514367958486153,0.16650656073122874,0.2589277674155049,-0.29193639723427306,0.22113921896444014,0.9305216740117723,0.09767887937109489,-0.960922999552647,0.25900931538373695,0.012703091801350742,-0.038795846195561985,0.23000674882653388,3.7023683,-9.050647,0.73948973
0.4022597974478002,-0.42473083608063683,0.9168091552176068,0.9531379370123577,0.16473068757992262,0.2537555390474705,-0.286480630254796,0.2218307353239795,0.9320514864289624,0.09724670439989877,-0.961069677721168,0.2586274406328344,-0.01167414414769136,0.023679767606419946,0.2529807006757071,3.6951554,-9.054507,0.726915
0.5422089858245287,-0.5712523650703061,1.2017599280393207,0.9546805766342183,0.16198489910120292,0.24969158788499302,-0.281865822194833,0.2226317109900345,0.9332667247577626,0.09558585081374177,-0.9613511396596065,0.25820017699333647,0.0006191185350699555,0.09844536239192764,0.2741129816677499,3.6744812,-9.063883,0.71027833
0.7334516668967535,-0.763761455279038,1.6065630467490917,0.9563719202972463,0.15805746765911194,0.24570426732994705,-0.2771370023934914,0.22466815987079866,0.9341944657535818,0.09245448594474615,-0.961531099266924,0.25866989227823706,0.07328657868246342,0.16714134991448926,0.2919921995009967,3.6381087,-9.078539,0.7017609
0.9839774696874091,-0.9533070358959803,2.004769399438347,0.9584592128356525,0.15180438265000207,0.24147746631665773,-0.2717058807328593,0.2283278286902199,0.934902303463197,0.08678624145359738,-0.9616765735182815,0.2600890544419288,0.14613062227156554,0.26179603198184664,0.3046557819022893,3.5822282,-9.099322,0.7038147
1.2839574744975644,-1.0899422290809935,2.314614586147735,0.9608700056021701,0.14206137015905743,0.2377969710543352,-0.2659493317369314,0.23307283668154147,0.9353865541848995,0.07745828091795395,-0.9620268291008064,0.2617338243473408,0.19053351542240352,0.413706757860181,0.3045531798159696,3.4996734,-9.128558,0.71062315
1.6093982058580456,-1.227555516941482,2.6737793328028574,0.9640441154962618,0.12482494930136928,0.23460109848195537,-0.2587976368232619,0.2404952186696466,0.9355136733216327,0.06035500436355342,-0.9625906616152844,0.2641524022592376,0.25049392417034544,0.6044332453574354,0.29923023189832676,3.382161,-9.167761,0.72137296
1.9288895067517848,-1.4303411823267567,3.2741946637144475,0.9663906067203688,0.1065774020285757,0.23394540521129284,-0.25367216665244996,0.24768762010702064,0.9350407877261679,0.041708837294850226,-0.9629600719773177,0.2663987099611261,0.3286268114069807,0.8478396637047395,0.2744101142111309,3.2197633,-9.217529,0.73779756
2.2018961764447504,-1.643598871313754,4.062587835996622,0.967939639532933,0.08817977578610954,0.23519604878306571,-0.2501922462624907,0.2553832026716861,0.9339075220295008,0.022286635703577102,-0.962810337987428,0.26925742131564756,0.46765395498944545,1.1134007452248238,0.23678866966215645,3.004753,-9.275579,0.770137
2.388995496982697,-1.7532647964662285,4.7793397480779065,0.9690552350654963,0.0588049696145252,0.23973720391459813,-0.24666275154169282,0.2678952705060357,0.9313375387271684,-0.009457187427344074,-0.9616517558810643,0.27411030994260577,0.6136675053489744,1.424059684815528,0.17990321592805422,2.728618,-9.3387785,0.8196701
2.400301763339654,-1.7122612959031296,5.337114294662552,0.9686028372691178,0.02636832526059247,0.2472109525428953,-0.24444616605727335,0.2823041201799581,0.9276585878594131,-0.045327867081012566,-0.9589625097741686,0.2798862077943726,0.7732454046485551,1.7226526974570073,0.09669714876455443,2.3887696,-9.40199,0.88684845
2.3062083200279844,-1.5725398424100843,5.609977164664443,0.9658497684062567,-0.011682097893002093,0.2588392425008188,-0.24327828102092788,0.30288184322644396,0.9214544302499473,-0.08916222772610492,-0.9529565140301898,0.2896963574405935,1.0407281193613662,1.9284993950108158,-0.013982879756042954,1.9976257,-9.456703,0.99079895
2.1150049607603996,-1.3379666733828068,5.359697521842703,0.9607092227358419,-0.0489628313639259,0.2732040089294472,-0.24304143512294535,0.3269797103961375,0.9132442881303108,-0.13404719379260743,-0.9437621046291734,0.3022324266226928,1.3062950765728036,2.0738169380927918,-0.13866323204934783,1.5628464,-9.49503,1.1414734
1.7096195810106483,-0.9748722350395198,4.405066847682049,0.952697993985172,-0.08889736121575859,0.2906265497601748,-0.2422395537020254,0.3553824615080647,0.9027864114366771,-0.18353890835153178,-0.9304840488806592,0.31703770107005286,1.4420090591266146,2.120537193474689,-0.19906049210833265,1.1083924,-9.516413,1.3218247
1.0376879805441444,-0.5019327947675627,2.918373728082852,0.9434010741289214,-0.12496421339655275,0.30721060968426406,-0.23999429822230028,0.38209716169346325,0.8924149796179947,-0.22890423795373913,-0.9156340450179762,0.33048017406621805,1.458565302245374,2.078155503251204,-0.19605665310221143,0.6555389,-9.52505,1.510849
0.2905282563720215,-0.08664162508755208,1.2524126943292466,0.9326413373845476,-0.15906115613409338,0.32385133072267447,-0.23605728216861657,0.40981952962129226,0.8810930215795321,-0.2728682746981182,-0.8981912389632117,0.3446670899766963,1.472767173940887,1.9294930346173924,-0.18765660834487857,0.22411498,-9.522143,1.7066574
-0.48759406246132553,0.2730230687849118,-0.441184479223863,0.9221686521982866,-0.1866692630623482,0.33876180884296037,-0.23101963942533466,0.43662984909384733,0.8694735769878652,-0.3102175093423694,-0.8800619075428984,0.35952209360395804,1.487806909876205,1.6625442139447433,-0.19293647270018105,-0.16479187,-9.505762,1.9163895
-2.393379877526886,1.1176537349716713,-4.44967557652358,0.9046349710510747,-0.22372139224190468,0.3627455138313417,-0.21962529288154947,0.4847071830866124,0.8466544025698653,-0.36524005787716396,-0.8455812706757323,0.3893481922448095,1.4729154424142883,1.281447163437528,-0.20399594284952194,-0.72633207,-9.433141,2.3653321
-3.9986071621380033,1.919601474764339,-9.14205801421039,0.8981002018088138,-0.2302279347539114,0.3747147255845649,-0.2080326354411057,0.5282856337975904,0.8231869239209932,-0.3874770317094877,-0.817257234401769,0.4265585103072941,1.167722600551001,0.2968142323795681,-0.18842186197379926,-0.88353574,-9.3370285,2.7718444
-4.071077152309681,1.835374322206727,-12.774109512079937,0.9138158957918265,-0.19288767763550094,0.357400129287279,-0.20800856625460634,0.5335419073651482,0.8197959925797782,-0.34881649181608926,-0.823484897798098,0.4474367867482215,0.16168364411599673,-1.2255586156188558,-0.06496216765273277,-0.5966431,-9.266027,3.0245605
-3.5260899905173217,1.4465022469550322,-13.45398600885346,0.9249558727058511,-0.16396187808449025,0.3428893933646286,-0.21034582766186266,0.5305751699157057,0.8211239990733233,-0.31656163117504044,-0.8316288184063417,0.4562699223747614,-0.17897089416070053,-1.5969870334989509,-0.05390953479552074,-0.3078491,-9.243639,3.0765655
-2.838710191450299,1.0038494892019036,-13.391073999377529,0.9352645366591058,-0.13390639801287374,0.32764206542970775,-0.21263538391216819,0.5274545349408589,0.8225435593808076,-0.28296013849366125,-0.838964117314645,0.46483628288044365,-0.1789708941607005,-1.5969870334989507,-0.05390953479552063,0.054133605,-9.222717,3.0900207
-2.2216013571778106,0.6542651756246229,-12.857186028203762,0.94567015397589,-0.09772460661072918,0.3100933103793011,-0.2172851098644649,0.5195256304537729,0.8263657182705477,-0.2418576873088858,-0.8488480550513087,0.47006578106176705,-0.44187904021138713,-1.889423393016701,-0.10187413820686153,0.48086548,-9.195726,3.066922
-1.8681583705102827,0.5092457572685856,-12.102290689669848,0.9534031993252362,-0.06468699613244666,0.2946827651013266,-0.22280168067389025,0.5076232400962769,0.8322728261832464,-0.20342504910972156,-0.859147390524769,0.4695572497035786,-0.9121497343716655,-2.3934040426407597,-0.16001211219572842,0.9610733,-9.156972,3.0037446
-1.1412295963612356,0.3883055460513205,-10.474396060290395,0.9617652399123167,-0.019846034153054224,0.2731551907337637,-0.2295215932893426,0.48574991337463946,0.8434256694400831,-0.1494237648780293,-0.8738725059097164,0.46262228859486365,-1.2263532849255534,-2.4376883471276,-0.11344613041927909,1.4670013,-9.111612,2.8823395
-0.35320868108216646,0.2414336716509733,-8.160987782424655,0.9676118396595192,0.02662004305546579,0.25103525859616804,-0.2352827570845269,0.4554738725877437,0.8585951173915607,-0.09148416239668616,-0.8898510688298634,0.4469851488952712,-1.5787375267920813,-2.3820368827109477,-0.07754727388529958,1.9766967,-9.062872,2.6868012
0.7378236647434369,-0.35255808458955595,-4.429261260354283,0.9697399224354665,0.07039798395870665,0.2337704144869579,-0.24131697201987212,0.42159123306907703,0.8740863522641547,-0.03702164029340927,-0.9040492000183653,0.4258220779810982,-1.8082200822853693,-2.2609410312964355,-0.17984775123297247,2.4796968,-9.003754,2.4382186
1.8441141693892455,-1.2809082300838959,0.1373751400733702,0.9689322511964937,0.10812720249983325,0.2224383075615662,-0.2471635340559336,0.3907011560360095,0.8867146069086195,0.008971065949771187,-0.914145018447121,0.40528805216048375,-1.7537228551212574,-2.046894932465927,-0.29099678641234794,2.9465911,-8.93649,2.1968064
2.6555840125312886,-2.0112455409786567,4.373053900601124,0.9660816532048456,0.14353661793200231,0.21467062829747768,-0.25295941154981677,0.3588053931208933,0.8984821789972977,0.05194011406766262,-0.9223101046719617,0.38294424577297753,-1.613751008892418,-1.705235600285642,-0.33706802121134494,3.354422,-8.87034,1.9750946
3.2634594953031346,-2.135324259744439,7.658915737281451,0.9628907165369988,0.1683816362447776,0.21092437645373172,-0.25676423227507683,0.33074615607148694,0.9081184445148807,0.08314804285763114,-0.9285766553276409,0.3617067847711438,-1.495288602873543,-1.255666451021213,-0.3059785554192679,3.680626,-8.819321,1.7647278
3.7976401330724796,-1.7079520564058817,10.289235384092855,0.9603276307788758,0.18417531028668,0.2094046242169342,-0.25838347801708333,0.3051090662680915,0.9165950228802299,0.10492292337914381,-0.9343382218243134,0.34059252397513934,-1.3020909807196102,-0.7550867744272863,-0.209417539090259,3.9085114,-8.792105,1.5671005
4.314165096534506,-1.2081877468789575,12.672111249702027,0.9595214920696689,0.1885863698817984,0.20917382090309755,-0.257700592890351,0.28827860871040617,0.9222178962609403,0.11361738722729534,-0.9387921094975177,0.3252083400911558,-0.9556498389889551,-0.23183476486227245,-0.07039764907443252,4.0246415,-8.791079,1.4057099
4.9412242848902626,-1.080921483213431,14.762533240201776,0.9604555998757507,0.18111360807712104,0.21147789869534417,-0.25629684170480116,0.27829591493854205,0.9256691161860506,0.1087978382113146,-0.9432652037989147,0.3137097156651957,-0.5142907593767377,0.380047654447559,0.011015415008886194,4.0117464,-8.817752,1.3021622
5.706887122884693,-1.442534992413731,16.247772779795056,0.962245366948904,0.16353503737050876,0.217577906363663,-0.25637100790473116,0.2760603138258519,0.9263177691463577,0.09142078588199157,-0.9471256488357812,0.30756340033580176,-0.13015986007510696,1.0543695033934046,-0.017906052493857405,3.859137,-8.874209,1.2517197
6.3326523127446634,-2.1783573404120764,16.095880175405114,0.9640252501763247,0.1336039588622613,0.22979403647354574,-0.2593056366279706,0.28260378302212386,0.9235235181816148,0.05844573410811966,-0.9498868795798354,0.30708144223747474,0.3527253047280532,1.5627776688804553,-0.12004112710742909,3.5852814,-8.947718,1.2678115
6.504349694331732,-2.839786103657147,14.71000953262541,0.964385278124348,0.1008847905533689,0.24450622563040436,-0.26378420565611077,0.2988015353223309,0.9171344150861382,0.01946607776101872,-0.9489678084761475,0.314771616084712,0.9394229061939801,1.9095739792321658,-0.21072377616533888,3.2176805,-9.024554,1.376062
5.960375998607831,-2.8880984288302747,11.40503202876635,0.9630868853283834,0.05617522216790921,0.2632641178035069,-0.2668188570908894,0.3287478848527403,0.905942893181221,-0.03565597858963181,-0.9427455503046602,0.3316013850567882,1.4334751732254245,2.172024085378036,-0.15334242596841274,2.7704759,-9.103144,1.5685699
4.702085530216529,-2.0228197505025762,7.063009016502481,0.9594206635859663,0.009601155312408316,0.2818152020401496,-0.26603789670026057,0.36209207671644,0.8933717957818444,-0.09346565039395412,-0.9320928847469248,0.3499528916877134,1.619187938818057,2.284574417004031,-0.07182431187785232,2.2842743,-9.179751,1.7824539
1.7341164025692093,0.15071992867528144,-0.3869028956088332,0.9467266760457385,-0.07148308692800158,0.31400440943819635,-0.2564713722610283,0.42232247400148865,0.8694056378721081,-0.194758917829022,-0.9036226514627148,0.3814905866329635,1.6511377030279855,2.2214555964455913,0.0028835857705495904,1.3286422,-9.30479,2.2132645
0.26669737640992996,0.49100418332285944,-3.341446678888786,0.9376788851250105,-0.10933205802797757,0.3298557404049283,-0.24833043176361605,0.45317416215067374,0.8561338536812635,-0.2430849749589895,-0.8846918558720902,0.3977813659572125,1.6595514883642009,2.0180011239807305,0.02924203357487909,0.91554105,-9.341266,2.428157
-1.2049578363980518,0.5803635665054925,-6.246090279104615,0.9287128000731418,-0.13882243033333483,0.3438326159872708,-0.2406549274819066,0.47978486061393,0.8437367441354857,-0.28209526911839894,-0.866334127436995,0.41217403942873465,1.5511743927622876,1.7301442850132072,-0.01610425354974998,0.578392,-9.359045,2.6225097
-2.527597109791733,0.7626152204696837,-8.978571352028727,0.9224525781677991,-0.1534041057412049,0.3543281267036542,-0.23791205079868427,0.4969508820110672,0.8345284159051666,-0.3041037604442666,-0.8541118200857338,0.4219169369360427,0.9660974083612651,0.9334790619077772,-0.15846457413624926,0.3365814,-9.358995,2.782634
-3.558167167067283,1.1557136847840264,-11.200772969142069,0.9185258761038616,-0.15872438141962608,0.3621005187383605,-0.23701601786863766,0.5119791384053489,0.8256517238590435,-0.3164389707373705,-0.8442060960338268,0.43264586582793113,0.7260780149078355,0.3906885442903903,-0.20275473050024512,0.20560455,-9.341272,2.9184692
-4.073790234570738,1.5264857190157421,-12.81393307349072,0.9187108515569117,-0.1538743482626569,0.36372112418488417,-0.23734770109349837,0.5209742302076302,0.8199097024948532,-0.31565240378809845,-0.8395883136432467,0.44210295585585685,0.48295870833675153,-0.1661339623740911,-0.18363262582021778,0.18943939,-9.311694,3.030664
-4.054458540979999,1.6610217339691848,-13.868805149247772,0.9216972643432428,-0.14317916026798494,0.360518905145259,-0.23834563527514896,0.5242243123208796,0.817545245547295,-0.3060482168669951,-0.8394573237733152,0.4490499866561375,0.19799825532959778,-0.64637329917346,-0.12872953649229718,0.2780899,-9.277537,3.1102417
-3.6097632725683764,1.4789779725796466,-14.373373720482553,0.9276876187200456,-0.12362693713317237,0.35229541934092906,-0.24117549149346604,0.5218783447008086,0.8182159712662846,-0.2850088847324158,-0.8440138468931748,0.45432429153212783,-0.1498928292991291,-1.0562268307782472,-0.09938808350056944,0.46357268,-9.245181,3.1439667
-3.111217694325968,1.0911852840419947,-14.227366162612945,0.9345177566930509,-0.10088635409331975,0.34131877472993494,-0.24454389073308463,0.5147755828993587,0.8217082114447629,-0.25860171679730193,-0.8513683355683271,0.4563957813796104,-0.46532584533616345,-1.4260805052227274,-0.061550286928515385,0.7347809,-9.2135105,3.1317964
-2.653035906764746,0.7087492488386333,-13.47452913687847,0.943355395799495,-0.06908208514020647,0.3245123460342588,-0.24802195267251748,0.5028269776201664,0.8280399395982544,-0.22037628776365395,-0.8616221306872582,0.4572106688403729,-0.6669817968954314,-1.7695076187312608,-0.006799470804824792,1.0794678,-9.173978,3.0837097
-2.1881469321962226,0.5184697579915651,-12.005129958604677,0.9516534179261305,-0.034405921257594896,0.3052408962310413,-0.25046245771440784,0.4883741774381941,0.8359181898291401,-0.17783230703438455,-0.8719557875225006,0.4561455635878144,-0.8498330324320211,-2.072489866502691,0.04686941147536228,1.4864929,-9.119901,3.0016646
-1.2781151904686234,0.34423380247018986,-9.397496024409023,0.9590756300482368,0.006249417291609096,0.2830810495796072,-0.2527877954709321,0.4693013279752686,0.8460819073952569,-0.12756279359014894,-0.8830159728703469,0.45167524323047886,-1.0219225853296692,-2.2066176932639383,0.04881278127048572,1.9297699,-9.052528,2.8847427
0.11778190904083993,-0.0831595300449206,-5.393662563820458,0.9629888834610342,0.04356387521216271,0.2659973667293887,-0.25656625574349945,0.4506418078333347,0.8550413542317504,-0.08262061936484758,-0.8916412674440342,0.4451400717151467,-1.1182495792999818,-2.195894560966706,-0.08724781224752276,2.3855011,-8.970911,2.75038
1.6669712462741983,-0.7070956693171545,-0.6985440865519654,0.9643532596178751,0.08188969553877719,0.25162843326807177,-0.26205239150417403,0.4276382214353292,0.8651324151102951,-0.036760505591207485,-0.9002330972210448,0.4338537033338358,-1.2293658067246251,-1.9736962231751347,-0.19953391483294647,2.8213882,-8.886618,2.6097565
2.955985359573346,-1.1064059837231102,3.6125505640169155,0.964020329569272,0.1051632523310811,0.24414236530414035,-0.26572149266929895,0.4072778740930418,0.8737944962105522,-0.007542712426616809,-0.9072295319451426,0.42056828679281977,-1.4020269201302862,-1.5310733519823891,-0.20824433508845275,3.1985168,-8.824743,2.4342408
3.8654450812874197,-1.1010509605057617,7.2469502629501985,0.9627575542847349,0.12945737192577356,0.23735770584024954,-0.2691729170384993,0.3765631606354938,0.8864232210322521,0.025373852696420385,-0.9173009184047947,0.3973854460005563,-1.3926780364208713,-1.048002197513124,-0.16331411576780847,3.492691,-8.791095,2.2374756
4.505915517504667,-0.872052392182805,10.329463515651037,0.9620976074294094,0.13944088063861998,0.23435962661117796,-0.26954412928402377,0.35576832567555605,0.8948602465270927,0.041402368858823264,-0.9241131636616471,0.37986932568995385,-1.1804038485165833,-0.546638015625441,-0.06126097532441166,3.6873047,-8.78488,2.051152
5.068375119778729,-0.5973008403913287,12.951518001783992,0.9624110180006267,0.13943280711596626,0.2330740756299547,-0.26761326007011355,0.3403896900652642,0.9013978044858548,0.046348413841703594,-0.9298888918559226,0.3649088562056598,-0.7776921729528712,-0.0212090138856181,0.057558874031848395,3.766864,-8.80188,1.9092026
5.817273431865973,-0.6454365878325814,14.891692495789396,0.9634104677237796,0.12850961608950598,0.2352138372901872,-0.2654418677210665,0.33578781072732866,0.903762779178087,0.03716026831171505,-0.933130122083451,0.35761332430367543,-0.28090631547628475,0.5900730131341713,0.10889338698417789,3.71306,-8.836264,1.8338425
6.692882034274103,-1.2004364910890888,15.902509824448677,0.9640259293926198,0.10946978535007976,0.2422196803608278,-0.2652761544160057,0.3385990862704138,0.9027619955863763,0.016809799432162438,-0.934541077145488,0.3554580225157423,0.1827631782809676,1.2456589804452254,0.015670695315326444,3.5166688,-8.885564,1.8260025
7.4855240921786335,-2.2179848868051657,15.603279916364754,0.9628361487795186,0.07455270712739694,0.2595928436290179,-0.2690104513801331,0.3504148280227418,0.8971303279624702,-0.024081687060505078,-0.9336226979683867,0.35744752088460613,0.6208640024821026,1.8492653634939888,-0.18694350932089243,3.1861587,-8.946867,1.883496
