-0.031187883262704226,0.30835951594957267,-0.13191126494970914,0.9999983032791456,0.0018092920495511955,-0.00034626739569290047,-0.0018085822698918539,0.9999962852295003,0.002039254121673923,0.0003499557156583366,-0.0020386244085564384,0.9999978607684709,-0.10450194999999998,-0.017841795,-0.09271363,0.28986663,-2.4778717,9.483867
-0.04870613184487098,0.37002463425839516,-0.1827662201199501,0.9999910409269752,0.004090817641551032,-0.001087785276666923,-0.004086300253072954,0.9999831508664112,0.004123121817989283,0.0011046338878987765,-0.004118639861388489,0.9999909082535031,-0.10144938539127535,-0.036469969901514604,-0.11104742463418711,0.30035248,-2.4924667,9.479673
-0.08573939595389025,0.4247400863177633,-0.2270122124366643,0.9999729467876414,0.00703585540496313,-0.0021453278447586344,-0.007022677271084366,0.9999567985337764,0.006089587016082058,0.0021880806171712787,-0.006074356328096938,0.9999791570319915,-0.10041913927651618,-0.05490349331448136,-0.15047749877330416,0.31664428,-2.506691,9.475319
-0.08846952418748359,0.4900485183765062,-0.2655021708397221,0.9999358211272132,0.010808934089085407,-0.0033941965917828358,-0.010780647008340907,0.9999078986941442,0.008244499932807074,0.0034829982382155985,-0.00820737917476176,0.9999602530352666,-0.1050712604142467,-0.06251139195102899,-0.18442621772962448,0.33646393,-2.521663,9.4705715
-0.050706123332115695,0.5894379900796493,-0.30760352666702456,0.999870301501545,0.015379193798435106,-0.004781273190257204,-0.015328099050374536,0.9998269063170195,0.010545462722874092,0.004942626296980618,-0.010470807163146259,0.9999329640744128,-0.11648679242408089,-0.07297962631417387,-0.23259591353116235,0.3609848,-2.5384154,9.465055
-0.006277664228879685,0.7451448967321157,-0.3616536096368459,0.9997480917318098,0.021484227325471995,-0.006494694360195081,-0.021393897191696817,0.9996776403591582,0.013671741984715161,0.006786327545588581,-0.013529351136435136,0.9998854446466712,-0.15058844191001233,-0.08703737076019774,-0.2963357002691705,0.3914383,-2.5598328,9.457855
0.04236065889655979,0.9563436433679198,-0.43660507439601626,0.9995330133573491,0.02933854035182444,-0.008544311487873917,-0.029181846679909754,0.99941347599775,0.01791992796986076,0.009065044573949162,-0.017662220815037023,0.9998029160403331,-0.19907638266438915,-0.10326973710632165,-0.3717339671751456,0.4295532,-2.5895965,9.447683
0.10640229978041735,1.2117271947438721,-0.5269060590596223,0.9992206059277592,0.03801530083396009,-0.010630973232284766,-0.03776357378024537,0.9990230423156661,0.02295372339501578,0.011493179921414564,-0.02253436985705265,0.9996800032962748,-0.2642296780125647,-0.12078491817171158,-0.4608847366286424,0.47602233,-2.6296172,9.433665
0.20198022355557826,1.4960454999159167,-0.6061822266520249,0.9986962240413314,0.04936312800051814,-0.013005140506422638,-0.04895629773471075,0.9983522092738244,0.029935716964595748,0.01446143138481414,-0.02926000396579763,0.9994672176565994,-0.34651519457718166,-0.1352366733033969,-0.5711689407445704,0.5319641,-2.682628,9.414472
0.30784126281965857,1.7294568518433768,-0.6604389113268296,0.9977820098911353,0.06474461734806068,-0.01546593877073591,-0.06409618714002889,0.997170617366543,0.03927389279073201,0.017964952872672597,-0.03819547597924022,0.9991087859102242,-0.443406320727597,-0.1454057757247974,-0.7440501521390478,0.5993927,-2.7510178,9.388562
0.426323385605373,1.8947460057322645,-0.7068317377655148,0.996433052709823,0.08244404069469981,-0.018004211210557185,-0.08144653739802131,0.9953989805993791,0.0504710904141118,0.022082414117491494,-0.04882468203324436,0.99856322654657,-0.5566219593882266,-0.16995912074984734,-0.8985414176268451,0.6831482,-2.8354707,9.354668
0.7537706187882434,2.0320071551333827,-0.8126883743111591,0.9908897145768314,0.13305101073569178,-0.02085670367188803,-0.13096812176045564,0.9880730039586945,0.08098820858976971,0.03138350886030069,-0.07751881958758419,0.9964968178480869,-0.7383880948366183,-0.1545279478504307,-1.2628194867023015,0.88736725,-3.048448,9.262767
0.867852623778552,1.8714351472189146,-0.7734417860349445,0.9864294063353339,0.1627643417127563,-0.021559113704749687,-0.1599764656512744,0.982359777238846,0.09683387062888446,0.03693990734487348,-0.0920708267045432,0.9950670359906886,-0.7422274371238031,-0.16384646793479626,-1.4512058241332924,1.0094055,-3.1562057,9.211764
0.9386848700643546,1.6470642250833438,-0.6651705543498452,0.980745631642619,0.19412000793523554,-0.021340771615495725,-0.19059776961601269,0.9752607278994722,0.11197768900273386,0.04254992633744486,-0.10575412585906876,0.9934815391503068,-0.7454292317172163,-0.15943131911416852,-1.62545736451396,1.1420609,-3.2567658,9.160452
0.9646176960207324,1.4730962440450848,-0.5516891820656067,0.9730884986909086,0.22958016215434038,-0.019791989810544197,-0.2252272392061281,0.9657473153731851,0.1288596661840749,0.048697684083120654,-0.12093416388544838,0.9914653113297855,-0.798221296607882,-0.1390552125257502,-1.7774764879450367,1.2826477,-3.3581772,9.10539
0.8996330269956514,1.2864637371605734,-0.44790335284673755,0.9639184647443548,0.2656672484344614,-0.016796024355442897,-0.2604919911199655,0.9543719786938706,0.14600701642832706,0.054818937304933424,-0.136363629290248,0.9891409630176834,-0.8511634584183719,-0.11012742378195536,-1.9095459153185939,1.4288956,-3.4629912,9.044945
0.7308754794575045,0.9459794047960898,-0.3082017025371224,0.9523027425963881,0.3049092534230315,-0.012240654410908694,-0.2989286137286448,0.9401832450782589,0.16339262397178433,0.06132838117599665,-0.1519401620741662,0.9864851832699811,-0.8292914708136082,-0.08941393792445328,-2.007788891260978,1.5784622,-3.5610871,8.98332
0.46221225049493775,0.4674163766589601,-0.11906380453803428,0.9391600912233452,0.3434103484167445,-0.006903307442709129,-0.33675750911407115,0.9245506431506841,0.17832691413508603,0.06762176505123652,-0.16515278032762962,0.9839470798988174,-0.741784755557097,-0.08513195609168939,-2.0608096620484213,1.7281036,-3.6403153,8.926058
0.11793506383391396,0.015024889298039336,0.07062355041804945,0.9234323315761507,0.38376043407260696,-0.0008113200594985284,-0.3765311143867187,0.9064410120200999,0.19128254396748443,0.07414208587927851,-0.17633099831958435,0.9815346810648562,-0.6186061651332441,-0.09596310062556257,-2.0775185644625207,1.875325,-3.6929412,8.876823
-0.26125067240413835,-0.2972750042436609,0.236608699497173,0.9072050336416521,0.4206611005546735,0.004823423616101783,-0.4129964573701925,0.8883757020017184,0.20055557407517818,0.08008091617183284,-0.18393708319173857,0.9796704529034219,-0.48344612402305825,-0.12030758734055763,-2.0596786106220457,2.0182831,-3.7164643,8.837378
-0.6121619995273413,-0.48556680377744477,0.401017873390626,0.8887594294628905,0.458256176457226,0.010390056766053245,-0.450210774543329,0.8684484120578342,0.20762373197522893,0.08612162925707872,-0.18920526507745447,0.9781535833605461,-0.358388183935976,-0.1471557871360138,-2.0009208431190375,2.1550217,-3.712619,8.80797
-0.8748968533755916,-0.572344416182167,0.5542577442096844,0.8713104628100777,0.4904951808946675,0.015249751368349574,-0.4821759816516242,0.8499275471759012,0.21243701953719957,0.09123815055107909,-0.1924516616469279,0.9770557598281459,-0.280872602519024,-0.1532229578037236,-1.915117653565676,2.2831101,-3.6901612,8.7860365
-1.0558159098404687,-0.563148842578926,0.6455931579087391,0.8526502447162299,0.5220719358865109,0.020699129089533964,-0.5135588888872289,0.8301397629596584,0.21708348992541315,0.09615002771850331,-0.195726512544911,0.9759335553493067,-0.265065356240745,-0.12458872547488137,-1.8030039166065588,2.4006119,-3.6635957,8.766553
-1.2394317301285425,-0.5954733684551209,0.6761434505792221,0.8350324816488833,0.549592807186692,0.025855383964660802,-0.5409617378730851,0.811528092663453,0.22086772732871027,0.10040494384560837,-0.19841849991034047,0.9749609972428082,-0.23612978802905993,-0.10755600561237892,-1.6704018188937546,2.5071397,-3.6364868,8.748716
-1.4737797908830488,-0.7883060667618329,0.7156475102925912,0.8175195707130785,0.5751351275946991,0.029687312234931453,-0.5663808595733965,0.7936023010964943,0.22227935037526458,0.10428074323673298,-0.19853204451921233,0.9745309404472579,-0.11418439212959738,-0.15307339844955078,-1.5198651528207225,2.6029067,-3.593184,8.739105
-1.6567850627025478,-1.0136287359572398,0.7864220200695082,0.8024111053458978,0.595951439898256,0.03127777646782709,-0.5870505876858737,0.778833885957797,0.22088319442987847,0.10727546557925546,-0.19560076525175668,0.9747986023367503,0.033948047069201306,-0.22123669378101002,-1.3557181438425554,2.686975,-3.5230165,8.742462
-1.6897407933868704,-1.0584620492312342,0.8323416522932052,0.7865693656247748,0.6166837633930701,0.03177686309252415,-0.6076288714415407,0.7638022257421542,0.2177000563665777,0.10998085129385098,-0.19054473469159924,0.97549829135165,0.11404704791522538,-0.24506181542874225,-1.196224223805354,2.7587419,-3.4378586,8.754367
-1.59230971827097,-0.963977166489131,0.8262076526202196,0.7725938667757963,0.6341008407979775,0.031856564782206165,-0.6249591852526741,0.7506940870297315,0.21420645290679738,0.11191395707747083,-0.18540364451082642,0.9762687922971655,0.13782087836869147,-0.22809364516183378,-1.0484780187133382,2.8183868,-3.3521347,8.7692
-1.4403666042008014,-0.8954101271245158,0.7848731727673933,0.7602925732430152,0.6488078460478001,0.031679362025302166,-0.639655139177638,0.7392914830100651,0.2104504836592574,0.11312164247018212,-0.1802678064868871,0.9770910970576159,0.15717611939341009,-0.2061680937261371,-0.9078251933922993,2.8660462,-3.2703538,8.785283
-1.271009507628001,-0.909619236441132,0.7212900167779196,0.750050579603744,0.6606336199791687,0.03142209715007388,-0.651553515619994,0.7299122484358301,0.20665460523921889,0.1135876063631717,-0.17547458430374238,0.9779092626333563,0.1697039982877394,-0.17596014655885173,-0.7630050245016957,2.9017882,-3.1937957,8.802359
-1.1029518356542172,-0.9579930331632928,0.632119007987197,0.7413831679619662,0.6703481434224321,0.031374589603355256,-0.6614402939092906,0.7220358143642892,0.20288178914946717,0.1133478533359626,-0.17116556132995006,0.9787004724422753,0.16823145255602195,-0.13241617590992133,-0.6213138536491835,2.9255662,-3.1266968,8.81924
-0.9329579653199126,-0.9737467874221596,0.5110751466613905,0.7346502431818188,0.6776960234548239,0.03189231861145998,-0.6690669038892553,0.7159038214761637,0.19957754511936285,0.1124210759285883,-0.16795778692678925,0.9793628967332357,0.15158419398765383,-0.07435474642066117,-0.4893627329064031,2.9380403,-3.072621,8.834813
-0.7527327000992761,-0.9253281917837445,0.3728965655365535,0.7294139555407383,0.6832713689663552,0.033098607421741734,-0.6750150993170688,0.7110656239212052,0.196825542477381,0.11094997591880176,-0.1659093572659214,0.9798796803767424,0.12397181087644729,-0.016212836627843952,-0.37571540803217973,2.9409149,-3.0338867,8.848032
-0.5584336690819909,-0.8329954499590717,0.24778426077138088,0.7257778540135977,0.6870527199560065,0.03471406954639643,-0.6792029347186024,0.7076467179122263,0.19472928926510333,0.10922399046480498,-0.16490810358835753,0.9802425400266184,0.10021400013212892,0.02865121084484401,-0.2806366837405776,2.9363847,-3.0083985,8.858899
-0.3437791008579954,-0.7122833067296378,0.14051968964141887,0.7231859085934199,0.6896565068528003,0.037095069315275765,-0.6822929162777572,0.7050685656324227,0.1932736250869006,0.1071378458300528,-0.16508246518825884,0.9804434005480703,0.06509200116441989,0.07913611728091077,-0.19808984021788598,2.926085,-2.9960647,8.866762
-0.12285800727284554,-0.588560769990909,0.046564741856558484,0.7217964667230407,0.6909307870336647,0.040305187695594144,-0.6841039921755145,0.7034113868675127,0.1929096905669759,0.1049361163549481,-0.16681447285581724,0.9803883634204239,0.014018533485598547,0.14274671574135228,-0.1262657728357647,2.9108994,-3.0009933,8.869975
0.07782736291196621,-0.49487938132791387,-0.03777779960633003,0.7213855867524499,0.6910874884307604,0.04473162818732436,-0.6849120141617225,0.7024002321879659,0.19372518338931674,0.10246154440938902,-0.17038778464654142,0.9800355272950503,-0.043080415691000185,0.20760272596909485,-0.06063541103214444,2.8916733,-3.0239441,8.868131
0.3761594721162278,-0.2828379933756627,-0.20495620161792594,0.7241254842193011,0.6872120776142149,0.058153619709514014,-0.682707265305726,0.7023138756650867,0.20165815120411734,0.09773982301468065,-0.18572770506696157,0.9777280534829811,-0.21952179732315824,0.3869124457510821,0.053280897940769,2.8436692,-3.1396668,8.841154
0.39342950370330576,-0.13193080427814144,-0.16604984771293851,0.7295960696009028,0.6796047760983355,0.07633428801821363,-0.6776426683984762,0.7033869881679845,0.2145860173491389,0.09214113733131638,-0.20828848547220258,0.9737175759074025,-0.3125290093645477,0.47927831611508726,0.12817916349269157,2.7862365,-3.334224,8.7847185
0.3107948393612582,-0.011175338944966196,-0.1251530499382685,0.7362059547186134,0.6701052230108101,0.09465612674565338,-0.6711361151897018,0.704923996666715,0.22947434238167222,0.08704658020239238,-0.23246752249950633,0.9687010601098828,-0.38267092969498595,0.5329955267446533,0.18422658690054503,2.7246888,-3.5594864,8.71243
0.3127760386077309,0.12110725758086144,-0.131724837551222,0.7397759933768817,0.664648325197418,0.10475725958384341,-0.6675153757260915,0.7053856222958084,0.23844149602703496,0.08458547625038272,-0.24632037607681406,0.9654903259675228,-0.45228635016327423,0.5801973614508256,0.19749825203471208,2.6948242,-3.6897645,8.664907
0.5469547300613429,0.5212608190764818,-0.19788902818753776,0.7474978618767534,0.6509574640761978,0.1322925789799618,-0.6595608799073459,0.7036794296148227,0.26422472638420114,0.07890749131439345,-0.2847624278243957,0.9553449468720843,-0.6232419317207147,0.740010016508966,0.18911891347066312,2.6363556,-4.005295,8.53715
0.41870665380200467,0.7370429552224651,-0.3248370006756994,0.7541509564455698,0.6370427769101381,0.15947675466617106,-0.6523444458952434,0.6987956371863734,0.293481483843391,0.0755185990459397,-0.32536311689543285,0.9425687154591056,-0.7744821383675234,0.793829652034977,0.16994237252786365,2.5885315,-4.378844,8.361977
0.4318822251271256,0.974964146948352,-0.5736304196598638,0.7606938026202622,0.6209776298807287,0.18902836253546781,-0.6450155235159708,0.6904725080848884,0.32741821880033234,0.0728005019113562,-0.3709912381265587,0.9257783688090679,-0.8775044050730012,0.841070865272544,0.15553776267364458,2.563414,-4.8069334,8.11521
0.4719117274689185,1.1515887562004812,-0.7965957029639118,0.7635924117585594,0.6108079274300433,0.20938076438241268,-0.6415532906884758,0.6810093723866644,0.35303768910459116,0.07304795624476043,-0.40390581886144783,0.9118794249122675,-1.2486923701797172,1.0391945245471867,0.08703714252360534,2.5626755,-5.0594378,7.9474792
0.5090148497851568,1.3719618183070117,-1.0202853523428692,0.7656473600809378,0.6007956420021707,0.229844983744027,-0.6389977035743136,0.6692966647201606,0.37910936340483997,0.0739327723533083,-0.4371345000633886,0.8963522600108096,-1.503131578307014,1.1980704484081188,0.030610106534037188,2.5701432,-5.346278,7.7371492
0.5445186755309991,1.5938535164914271,-1.1542953215656109,0.7672463944737281,0.5887621013666069,0.2543465316481502,-0.6369104448488165,0.652860407972257,0.4100224054180226,0.07535287260316596,-0.47658417482819915,0.8758935260028905,-1.7883973590210507,1.3941050706236875,-0.03531376596425398,2.5843582,-5.6669755,7.4718995
0.5554449737209455,1.762007844460597,-1.1662713378690304,0.7684776473955565,0.5728084657917197,0.28518865154618056,-0.6352275108885704,0.6293032070974619,0.447731485320343,0.07699425214718171,-0.5252313157592426,0.8474691440295108,-2.1310992565400015,1.6628563150761155,-0.1063466265109152,2.6017976,-6.0236692,7.134485
0.44804675636630276,1.7802950081015991,-1.0430833872311571,0.7692277827195398,0.5531118942335664,0.3199310093594214,-0.6341186207317391,0.5991904653751636,0.48873751753346295,0.07862692371992712,-0.5788246873284265,0.8116525045889348,-2.4517788585703344,1.9213662813378856,-0.17849164124547975,2.6216934,-6.4095182,6.716867
0.2487493357934043,1.5361408496866016,-0.8114699827694107,0.7696723427554746,0.5317888022155467,0.35327773017196396,-0.6333676179916277,0.5663997247213297,0.5272919611706722,0.08031155132926181,-0.6295967135188649,0.7727600099962033,-2.605719045754576,2.033108981722956,-0.21872600304097678,2.6465988,-6.8017197,6.244179
0.006511294606101781,0.9362551193387193,-0.44036781578390005,0.7701509405464387,0.5086439363923253,0.38490112333787435,-0.6326289099375453,0.5319616061317057,0.5628476809164354,0.08153644023791386,-0.6769772489331497,0.7314735903231463,-2.55407951664292,2.017547016247375,-0.2187965079011149,2.666864,-7.1825805,5.7631807
-0.16839282217745413,0.2324420814948172,0.0013569061857543266,0.7704338861408275,0.48421505187978064,0.4146895352176196,-0.6322159350841727,0.496566465308324,0.5947476414050271,0.08206484333494732,-0.7203870689179936,0.6887001034007133,-2.4646158927822714,1.9878659451030194,-0.23388666564180327,2.6798568,-7.540799,5.29019
-0.16365116277844358,-0.15246472305700207,0.280384282957276,0.7710015766875228,0.4554823314506349,0.4450757401630081,-0.631478314570437,0.45636429466593526,0.6268706156627094,0.08241181330753546,-0.7643739113093522,0.6394848057123855,-2.4295847948234854,1.9704903687122552,-0.21391418142429358,2.6863587,-7.8763304,4.8118696
0.012530558063659464,-0.25679046259105387,0.3217745212933769,0.772070124373495,0.42705544196560635,0.47067119365588767,-0.6301678103116379,0.41835058603751607,0.6541187338771937,0.08243939529698995,-0.8016273677024927,0.5921125817388447,-2.411687809213618,1.9699975478168823,-0.1699206078948095,2.6864884,-8.18839,4.320732
0.3066022099904643,-0.8865919886563467,0.6956075592477866,0.7771803953491122,0.3643284151646035,0.5130842416101352,-0.6243772288350097,0.3448951571014783,0.7008569088767415,0.07838181675180575,-0.8650503664594305,0.4955241207964475,-2.020456833949977,1.7572243000126795,-0.036901672369357374,2.6500916,-8.716022,3.370575
0.3122658157859279,-1.3595097590070515,0.9801304601187,0.779617485670776,0.3311871873937685,0.5315182244689113,-0.6216246070451108,0.3062130149756527,0.7209829660786258,0.07602252266526587,-0.8924957346484776,0.4446031260370133,-2.020456833949977,1.7572243000126793,-0.03690167236935739,2.615918,-8.912206,2.9554367
0.28289055722019324,-1.737235792498326,1.090673393193483,0.7833465701587146,0.30753218085530964,0.5401778491931681,-0.6172901133597994,0.28290170504366846,0.7341113956557491,0.07294564393317872,-0.9085100896642605,0.41144665511997086,-1.3918772352193693,1.3066948894521202,0.15386792305151112,2.5754287,-9.056439,2.5952256
0.28670380768911685,-1.9573579107528254,1.1485306106525586,0.7884087011032503,0.28578672608286065,0.5447363281621005,-0.611340987235017,0.26559400938057953,0.7454676515501287,0.06836605408536267,-0.920752827514523,0.38410976721870693,-0.9798948271934049,1.0408669128007029,0.26899627634245316,2.5253646,-9.154594,2.3135314
0.3978562004911511,-1.9087431425620554,1.0806994474472404,0.7934712110388586,0.2681427670869128,0.5463541833934308,-0.6053013541996576,0.25424290065720734,0.754301543197063,0.06335383063864333,-0.9292254860497442,0.3640416023190587,-0.744398933636202,0.9046385593115398,0.33820478043489804,2.4649932,-9.227473,2.0882096
0.6326755388136218,-1.5046634615497458,0.6639310506310148,0.7987972762772859,0.2500511030594819,0.547172145920027,-0.5988239050096824,0.24320234142419628,0.7630613028549831,0.057730773431041355,-0.9371910514855151,0.3440059458999645,-0.6927146257513865,0.8784326653096731,0.35577793256105733,2.401277,-9.293341,1.8797271
0.822702784861177,-0.9927868963979939,0.07694913461866619,0.8041577137629141,0.23250131266103513,0.5470589648351448,-0.5921623529540391,0.2332825121039243,0.771312528933907,0.05171188586332104,-0.9442046436855615,0.3252744559646229,-0.615928289119491,0.8288912672264049,0.3688484309871858,2.3354232,-9.35528,1.682518
0.8270135228575619,-0.6796413107090419,-0.22093314207746012,0.8091175208432069,0.21740805491125964,0.5459510739290169,-0.5858650333162588,0.22614324290154092,0.7782168055415626,0.04572745566815831,-0.9495224964947789,0.31034823738574663,-0.4501244892826102,0.689249637261501,0.3522297993894972,2.2716384,-9.405823,1.5205917
0.7192069282086955,-0.5061106309594308,-0.19919935293478586,0.8133778862104574,0.20604752445008892,0.5440228229512063,-0.580334356843657,0.22252859124411625,0.7833856396091065,0.040354039335226646,-0.95290369069854,0.3005762927485008,-0.26282075833316015,0.5201493971378205,0.3269922647948775,2.2116013,-9.442728,1.4047607
0.7715224443559728,0.18386826838002246,-0.3940265794141189,0.8188566336631348,0.19172130210738458,0.5410330450389597,-0.5729780822707098,0.21685333229279008,0.7903611513168478,0.03420425036834402,-0.957192548336938,0.2874238936918404,-0.2205198146543327,0.37034726653003486,0.24654566446069526,2.1196945,-9.49116,1.242604
0.9819484390584701,0.528423306076021,-0.4356977369614071,0.8210505092965796,0.1848905152884879,0.5400847697724737,-0.5700099780294063,0.21405483044237655,0.7932648703372676,0.031059396818756062,-0.9591642335495222,0.28113926610954343,-0.17122247448015354,0.30156300713246215,0.1651681446018467,2.0865524,-9.508537,1.1744003
1.167662216121587,0.658196962117569,-0.28283882063782834,0.823426044462063,0.17738220563204943,0.5389852525131567,-0.5667531470859083,0.21094449811033386,0.7964253191512679,0.02757570615200134,-0.961268938352888,0.27422911695903157,-0.1712224744801535,0.30156300713246215,0.16516814460184667,2.0601227,-9.51964,1.1351593
1.2578854051289818,0.6294765309031811,-0.16436626356954925,0.8244897668679119,0.1729670737627665,0.5387940383152391,-0.5653265934552962,0.20979067184869496,0.7977428888667727,0.024949289816115962,-0.9623254467170754,0.27075314871382933,-0.07269368863356049,0.2037753104636177,0.08124016771153207,2.0440643,-9.525473,1.1178925
1.268738413493727,0.5518118484348199,-0.17573679830417993,0.8238856026096861,0.17307744376338385,0.5396820473879119,-0.5662243596585725,0.21012411941842363,0.7970180857219441,0.02454563793662265,-0.9622328475472892,0.2711189015161427,0.027625048198785362,0.0061161036395663716,-0.05495056265970975,2.0410476,-9.52566,1.1218307
1.2380681921058874,0.479459970456276,-0.21220614280971267,0.8232483581556851,0.17319405587695663,0.5406162777819957,-0.5671687211135908,0.21047503903123507,0.796253665445362,0.02412016965828899,-0.9621351656361437,0.2715034814914278,0.027625048198785362,0.006116103639566372,-0.05495056265970975,2.0475068,-9.522334,1.1367538
1.220462122834998,0.4363261707621895,-0.1650661968708373,0.8216991716870986,0.1754341669342776,0.5422483972505716,-0.5693610758686851,0.2105060987118979,0.794679273474998,0.02526730168402599,-0.9617224316179657,0.27285807297647646,0.026370818859518294,-0.08998163115379275,-0.13635600582935795,2.0628998,-9.516371,1.1566833
1.242079399972741,0.3960489559424869,-0.0214406382158982,0.8195351738094956,0.1783544002910438,0.544565704746327,-0.5724018441244125,0.21035444578275084,0.7925321040704938,0.02679977111868533,-0.9612183493027241,0.27448325492046444,0.025379692940416042,-0.10863123360651655,-0.1797104717688176,2.0833144,-9.508795,1.179361
1.2511044361371744,0.29838250174720377,0.18804767828939367,0.8169092476901824,0.1816977091548034,0.5473985965694091,-0.5760760969345873,0.2106270382005882,0.7897927458007326,0.028206587508501812,-0.9605322447824146,0.27673488243150923,0.06037260520607147,-0.13521811980045595,-0.24046603253313356,2.1061432,-9.4992695,1.2103516
1.1710116841124607,0.13688750762502355,0.3892404087441669,0.8132484349256617,0.18652192160953218,0.5512137115947421,-0.5811615526136941,0.21209297052132597,0.7856639368197328,0.0296349937507124,-0.9592841834485376,0.28088364589428877,0.13131808690314703,-0.17828487207373248,-0.2981846997388918,2.129483,-9.486921,1.2578217
0.9713896279464156,-0.02996497300402986,0.45806412719189993,0.8090947541008383,0.19239557585474576,0.5552923745902036,-0.5868620500358688,0.21473454720335244,0.7806932870628961,0.03096147790729856,-0.9575348644456202,0.28665025773039926,0.20577264212952026,-0.22992030046150086,-0.3437253282942884,2.153459,-9.47154,1.3244232
0.6828159501828298,-0.1581152046881683,0.3329364486075994,0.8043646353468485,0.19920009720229337,0.5597471345866191,-0.5932562167913155,0.21803557913426166,0.7749242204693589,0.032320189383570855,-0.9553951054439122,0.2935568051536645,0.2416991819359543,-0.2576585026552521,-0.37112043832923236,2.178035,-9.454256,1.4036376
0.34724797171302374,-0.2610914846926811,0.06821668452026335,0.8007736081474491,0.20425970478463676,0.5630626976596932,-0.5980372957644681,0.22029544791077585,0.7705980200496974,0.03336197490018503,-0.9538070500007241,0.2985617021650234,0.23556091856926745,-0.2598787932807495,-0.3806881187156907,2.2033324,-9.436231,1.4849122
-0.02328884730747001,-0.39389545403981385,-0.22407910955322036,0.7958540146492885,0.21101920543524458,0.5675273405784875,-0.6044779674052914,0.22276941299656114,0.764839967283834,0.0349681896611841,-0.9517587318068828,0.3048483920593551,0.20660214883120354,-0.2519494366059936,-0.3774868827605946,2.2298477,-9.417915,1.5615768
-0.44674270511033953,-0.6015070768402169,-0.45041787858426985,0.7914617586904134,0.21717006139227554,0.571336546149076,-0.6101140804925612,0.22453142800430428,0.7598331702571727,0.03673000565473845,-0.949959368748592,0.31020655120641816,0.17704968257359782,-0.25048773091848786,-0.35992955986855923,2.2584457,-9.399257,1.632396
-0.9388139988909051,-0.892182127070843,-0.608247748897695,0.7870202355841491,0.22375131789363759,0.5749212959370463,-0.6156862492579497,0.22578931687401108,0.7549500823632291,0.03910998920673592,-0.9481321279897797,0.31546137103902544,0.14260627637782541,-0.2573754228922104,-0.3364519977947504,2.2905335,-9.38014,1.6981064
-1.4550176897712428,-1.2081617537617881,-0.7397731991256287,0.7832383861060699,0.22983071564774069,0.5776811167718817,-0.6203082485900194,0.22626600340150416,0.7510135634167298,0.04189638720873559,-0.9465630131425791,0.31978610803050567,0.09744086817559988,-0.25975087966666305,-0.29861552271902425,2.326947,-9.361046,1.7559249
-2.0040956082920984,-1.5312174997878054,-0.9050271874934956,0.7801391847872342,0.23566225727491807,0.5795223488836319,-0.6239470834170896,0.2256797957778375,0.7481702125004591,0.04552899575896256,-0.9452681790231618,0.3231024299992448,0.02478252094227723,-0.24182122988996976,-0.22109222079819238,2.3668563,-9.343565,1.7982285
-2.5771838295882574,-1.832294837880458,-1.0954718674989121,0.7786592175573283,0.23969164523390998,0.5798601021954112,-0.6254850022087003,0.22349815005393567,0.7475406938317484,0.04958159865306983,-0.9447732490537242,0.3239524238950473,-0.09057194473754113,-0.19125034894043597,-0.10565333611161247,2.40943,-9.329935,1.8134887
-3.1600343135425204,-2.10590586609484,-1.2172058299655317,0.779079503009321,0.24161228005696828,0.5784968747680703,-0.6245401566070088,0.2186970892122268,0.7497474081018176,0.05463259810813533,-0.9454073668508053,0.3212789907980025,-0.24381496642840883,-0.10275495993147474,0.03950890454186709,2.452893,-9.322165,1.791571
-3.7368540823563805,-2.3739781832258773,-1.148497400404528,0.7816394182258221,0.2409340742251373,0.5753178180387573,-0.6209020708731952,0.21281883304046958,0.7544459971983891,0.0593332812254568,-0.9469207549634602,0.31594405447555507,-0.37632827008733916,-0.01166973207283474,0.21397399604779238,2.492302,-9.32117,1.7308518
-4.275838934803047,-2.6458199119434695,-0.8511024204666388,0.7872417372071032,0.23758812979793234,0.5690363149907617,-0.613285336115644,0.2054763113640639,0.7626667568300989,0.06427708537781632,-0.9493847302581497,0.3074688443533657,-0.4774754953358272,0.07455812046132212,0.42620632575734047,2.5236068,-9.326297,1.6360077
-4.707232499034293,-2.8638891254389227,-0.4046558165665137,0.7946553503525061,0.232070396906606,0.5609511610075769,-0.6032682235329611,0.19875774611576968,0.7723747852139955,0.0677519345223763,-0.9521757659374609,0.297944602451339,-0.5674087624314714,0.18679836656148208,0.6720777491958786,2.5397613,-9.338267,1.5071243
-4.951343005428042,-3.000992136565866,0.0967583393756517,0.8065701819203526,0.22121782059004128,0.548185386060559,-0.5869609891730524,0.18965429224235414,0.7870883347014139,0.0701522546035748,-0.9566054177598227,0.28281572779212893,-0.6796440852453736,0.36055250608081735,0.9241394943301785,2.532271,-9.358423,1.3363693
-4.849545638651219,-3.0077147275399874,1.303178564019361,0.842015338546731,0.17817328269212,0.5091801753669818,-0.5356806697092807,0.16472179650207966,0.8281986173961807,0.06368979315285951,-0.970113916554052,0.2341422626445404,-0.9474602204870879,0.8399795799567441,1.4687198311640415,2.4112275,-9.420202,0.8329315
-4.557404653982573,-2.9413239353377603,2.1396570062097604,0.861633478220329,0.15150211029564237,0.48439122595883916,-0.5044632568420739,0.15087143759654228,0.8501497702251303,0.055718683636901176,-0.9768750789602121,0.2064231295185972,-1.0006381850466677,1.0746320366522042,1.7458764383624052,2.2806916,-9.456871,0.51606905
-4.072012597372176,-2.8350734012022802,3.0531919090249975,0.8825237635954821,0.11934751893202171,0.45487138447481884,-0.46833404581858773,0.13542406776223656,0.8731114152259856,0.042603147964227456,-0.9835733280216076,0.17540946436278318,-1.0616625201819427,1.3411650100769195,2.0034866515157037,2.0936553,-9.492569,0.16660766
-3.3768937856295658,-2.658862484835588,3.906331339258421,0.90372597727481,0.08109950176461131,0.4203596422258251,-0.42746709422286316,0.1170910639144746,0.8964159559646624,0.023478529667652296,-0.9898043006397321,0.14048560452849654,-1.1539620254986023,1.6465012223872417,2.2390478937202016,1.8426285,-9.519087,-0.21896514
-2.4859627003752713,-2.425344052149708,4.722061767309033,0.9247617149940968,0.03616916979329177,0.37882391904108054,-0.38053438978110216,0.09588968976570693,0.9197819010996912,-0.0030575603190068166,-0.9947346171482631,0.10243872691416678,-1.1873585259595383,1.9380515887889762,2.4864642798485406,1.5197006,-9.528107,-0.6310989
-1.4299335713965682,-2.147111482619212,5.47649358057335,0.9435313855025982,-0.013295277284349082,0.3310162536394275,-0.3292490581235102,0.0729221815458763,0.9414230787288854,-0.03665490821611595,-0.9972490115515399,0.06442690946449023,-1.1598296990375538,2.2010114351025285,2.7118206000514635,1.1230942,-9.514788,-1.0468658
-0.2711048436687466,-1.8676477171731936,5.978949827304104,0.9586171351391632,-0.06680618853032667,0.2767492030551051,-0.27397168773205915,0.047848671851428284,0.9605467291721435,-0.07741254768339043,-0.9966179999258019,0.02756555250783079,-1.1135234390214415,2.449678298430836,2.9102136526325237,0.65347594,-9.475963,-1.4505265
0.8914823728737036,-1.5470595971258003,6.070609333765104,0.9684118138714756,-0.12149284293276935,0.21775685493291397,-0.21689922434868095,0.02040229421466374,0.9759807748453453,-0.1230174184052887,-0.9923826054032249,-0.006593880648471325,-1.0993471684619633,2.6695421593951907,3.1047033479280626,0.11627503,-9.404912,-1.8352906
2.0687672452940946,-1.07601868457291,5.812261696539297,0.9720804433734702,-0.1792968117542117,0.15136797846841443,-0.15585306787643916,-0.011115010935747169,0.9877177115782636,-0.17541217986314972,-0.9837322348213838,-0.038748642930879866,-1.0738478769432298,2.8650321607924676,3.2629149713989873,-0.4801941,-9.294719,-2.1898818
3.2557454464101916,-0.5279927786939257,5.3705615248670675,0.9680364055361845,-0.23768253756636634,0.08007826729268452,-0.0933670226703402,-0.04517078780265071,0.9946065548783427,-0.23278341142414338,-0.9702920237048752,-0.06591867793301813,-0.9890951082909512,3.0223561378709896,3.361528331451416,-1.124823,-9.14033,-2.4984238
4.3503409694826845,-0.06777833582012888,4.786582527005951,0.9557490287395434,-0.2940970207133117,0.007122953809723845,-0.03211679799154875,-0.08024324895921797,0.9962577639763921,-0.29242487129208317,-0.952401156763275,-0.0861378618598432,-0.8740246692408886,3.14564858555441,3.410566299293354,-1.8050324,-8.943464,-2.745604
5.22647404397242,0.3546119831548354,3.913457072961152,0.9349009450541498,-0.34835076957844946,-0.06791144432981536,0.028434970945721498,-0.117214532187734,0.9926994539493452,-0.3537678269206727,-0.9300067175983806,-0.09967863290450912,-0.7789425066248263,3.241632698917411,3.464555148195709,-2.5082383,-8.706058,-2.9288163
5.857153526819497,0.9465942334278412,2.732857253727726,0.903653598293033,-0.40215094973052695,-0.1472575564203441,0.08999841680498603,-0.15784830831566568,0.9833535460527308,-0.4187009186336362,-0.9018639172251648,-0.10644724300154998,-0.6830473205748577,3.297052374154397,3.4546533345937003,-3.2196183,-8.429027,-3.0470474
6.252834573652948,1.6363642497553048,1.5143990280356556,0.866485279293262,-0.448619198912261,-0.21896135534701353,0.14403447974192563,-0.1952946269667156,0.9701103428597213,-0.4779721010828474,-0.8721243162790806,-0.10460328647416063,-0.5270236837447737,3.32110645276226,3.3582610211996293,-3.9228606,-8.118492,-3.0901198
6.395105347382145,2.2685755811757184,0.2787468518894758,0.8218035350955094,-0.49200107050816283,-0.2873567405218609,0.1946421253622013,-0.23157538817583467,0.9531459922937822,-0.5354935972903972,-0.8392304726414757,-0.09454533859982833,-0.3512189897945761,3.2981761003427055,3.1745697935241295,-4.6016464,-7.7843904,-3.0521712
6.189819050566288,2.7619476361023776,-1.0563858631005485,0.7739289436617475,-0.5294333058605882,-0.3474685090884395,0.23856119822374922,-0.2645233951176816,0.9344067252205893,-0.5866195912724546,-0.80605691367356,-0.07842006793158332,-0.2098413497815712,3.2294329842015537,2.9706957183979195,-5.2411757,-7.4349413,-2.9454741
5.63285383818628,3.279377010277091,-2.478167174573601,0.7219943990454883,-0.5627469425604743,-0.40254188153008974,0.2781583717680375,-0.2966300512713627,0.9135855367167899,-0.6335234865119833,-0.7715740348933394,-0.057632462346436715,-0.12981247396809326,3.0982472131598344,2.759335523045577,-5.8303328,-7.0763383,-2.7901795
4.99449390681451,3.7414639933770317,-3.682472224697164,0.6780638038736605,-0.586938402733958,-0.44241698574138716,0.3063475151047514,-0.3214665848774802,0.8959968944122273,-0.6681172635589705,-0.7430764067061483,-0.03816773416319899,-0.07826561493038753,2.9263096151986323,2.4839269825641264,-6.3610473,-6.7191086,-2.5987306
4.295525277765875,4.019262133756383,-4.598596467573826,0.6250536502819323,-0.6126622410129815,-0.48368679194928,0.33568467202454977,-0.34844803042621486,0.8751569979494331,-0.7047153575997922,-0.7093863182561702,-0.01213738991518682,0.0008996912918550759,2.7205907050169897,2.1795316325787173,-6.8281007,-6.3753724,-2.3796647
3.5280563771425735,4.019443531843438,-5.251316488389865,0.5770867456736037,-0.6334199040195099,-0.5155095665065461,0.35908656954634743,-0.3701335777567216,0.8567718308794046,-0.733503731101135,-0.6795442294721699,0.013853398564588408,0.09042780117434912,2.4771084170871323,1.8629567805101144,-7.2287292,-6.05865,-2.1399016
2.4684825776055006,3.9705620452226835,-5.836243987149643,0.5220866350280973,-0.6542881900064794,-0.5471128859230848,0.38302474045710677,-0.3932870628755153,0.835833317338163,-0.762048288314333,-0.6459351752248804,0.04527864490462055,0.1281128397463671,2.1800692129847605,1.5814100292185198,-7.56308,-5.7753234,-1.898935
1.4864475675079305,3.9230140208250064,-6.2328029544746535,0.4855443985725805,-0.6667099326330859,-0.5654595500503816,0.3972084059076476,-0.4079518974960363,0.8220710015598962,-0.778763198469918,-0.6237572565171254,0.06674403082772727,0.12534723736679232,1.837640708210623,1.285320258181154,-7.832034,-5.5303817,-1.6764908
0.6913796749443031,3.7975216149213855,-6.400245037267488,0.4531949983377798,-0.6771745498902993,-0.5796972679446515,0.4088807688823102,-0.41995090821001285,0.8102208041835252,-0.7921053025449526,-0.6042150806413701,0.08656399947849203,0.1307874209839578,1.484185686884031,0.9813339304196571,-8.038997,-5.330499,-1.4819168
0.0964349033616394,3.506498647185604,-6.42263940906435,0.43063858904369423,-0.6843949034524844,-0.5883485546465832,0.416873661733163,-0.42734844057098753,0.8022404006871828,-0.8004790789143968,-0.5907426905767104,0.1012734799962387,0.13952093370565477,1.111426067306502,0.6850455432270635,-8.188283,-5.181357,-1.3206924
-0.4740824310076164,3.143851331372706,-6.414835045366171,0.41515909808124996,-0.6890818637209802,-0.5939773635174882,0.4228703026181172,-0.43191594989363685,0.7966362528727533,-0.8054958910162271,-0.5819061757004295,0.11207842003559852,0.13126324843037068,0.6996253725098136,0.4312527161173411,-8.282163,-5.0864153,-1.2029434
-1.1873399665616002,2.5400646077959483,-6.237517627279537,0.42047789022448473,-0.6860280524182374,-0.5937708776351439,0.4250244302350258,-0.42925335296624445,0.796928975926105,-0.8015937733888396,-0.5874581434131949,0.11108713787727334,0.09097905968063859,-0.168717027107274,-0.03087059689034099,-8.312578,-5.065074,-1.1281052
-1.2627472511974314,2.413342804421762,-5.991077636108624,0.4318466070112116,-0.6819693256395455,-0.5902765003789753,0.4238976432500205,-0.42420577523167496,0.8002251235166102,-0.7961276882887461,-0.5957913218122921,0.10589336519904977,0.08900298856551953,-0.571760717935279,-0.30297777574888685,-8.252103,-5.1399107,-1.1664886
-0.9741824046551542,2.7416415340738762,-5.5077293090548505,0.4736911286883356,-0.6681978526960858,-0.573697084055962,0.41556405887530296,-0.40475014782577845,0.8145451680576691,-0.7764813117989736,-0.6242507088400874,0.08595245743778367,0.09463517756555334,-0.9533909686977884,-0.6059706646156584,-7.9755387,-5.4552293,-1.3639816
-0.5994615018085645,3.03626376708322,-5.20575644190408,0.5061853694223164,-0.6574958657778837,-0.5580999536532745,0.40701859093385073,-0.3883992651850984,0.8267296277731315,-0.76033692427569,-0.6456354987829184,0.07101101530267138,0.12213166995009106,-1.3045200773737022,-0.9363198426064832,-7.7539916,-5.6884966,-1.5088775
-0.17811229142096208,3.305933793849969,-4.859010459858525,0.5376593487279948,-0.6468192550547234,-0.5408763962458003,0.3975534550947391,-0.37122852073359436,0.8391308811718138,-0.7435547559310103,-0.6661938431750934,0.057550744981929504,0.224324671099849,-1.980700748938859,-1.5378222391308451,-7.4703703,-5.9673567,-1.6710708
0.3433088131088773,3.589877006477457,-4.553133270584867,0.5874392910286251,-0.6285264034704016,-0.5097741063415745,0.38129067543965867,-0.34066106729291284,0.859399475246305,-0.7138154524655204,-0.6992171317776876,0.03953356105928564,0.3871879946691652,-2.2772157240623714,-1.8933884462687336,-7.1166153,-6.2921343,-1.8261917
0.8312385045673784,3.8774134237171194,-4.2765804449952975,0.6377776215268759,-0.6075322775752718,-0.47343873646304696,0.3626880870118878,-0.3053784308344917,0.8804552035854651,-0.6794829335746252,-0.7332452152488054,0.02558119026851924,0.6035875312066323,-2.5399796279022717,-2.2612318225179573,-6.686812,-6.658545,-1.948117
1.6089484844776183,4.310434625980731,-3.9021526953451966,0.695158612297198,-0.5798484795964266,-0.42488850826863866,0.33813090222054115,-0.2578387983234218,0.9050893033522486,-0.6343673988412056,-0.7728485587673994,0.016825828318262116,0.9271140888366822,-2.78510732827232,-2.6951497087902014,-6.171869,-7.059552,-2.005342
2.5460346841613886,4.65273213861666,-3.256033886279999,0.7524961732206602,-0.5460683107530595,-0.36818325502331684,0.3084058950212605,-0.201789746104858,0.9296056703156851,-0.5819238036069654,-0.8130745958140846,0.016564674381471224,1.2823066407144177,-2.9989583884754425,-3.1017780931253247,-5.5731187,-7.4760666,-1.9783828
3.652889745318987,4.835610362963582,-2.2146935910984276,0.8121346249731775,-0.5006565045171474,-0.2996338021725027,0.2697216419626074,-0.1332321079650107,0.9536768012614109,-0.5173853368396445,-0.8553316724475197,0.0268354864210751,1.6433950319971031,-3.2108690617891353,-3.4432117430322435,-4.894838,-7.8877153,-1.8565216
