-0.1810840206484263,0.359344248776861,0.39082924335593444,0.9999988189259145,-0.0014508745583010543,-0.0005070599493022748,0.0014498026433225754,0.999996727213232,-0.00210799314995053,0.0005101167234335474,0.0021072555233996194,0.9999976496247817,-1.4756973,4.90627,8.361534
-0.231368779276621,0.5249425138049467,0.5834200216815669,0.9999927924107009,-0.0034484466023077857,-0.001588503282965169,0.0034400540060502732,0.9999802694632763,-0.005256111926963295,0.001606597362258733,0.005250609505985017,0.9999849248587356,-1.4576035,4.935666,8.346889
-0.29842958984388923,0.7294836777244459,0.8439613868712652,0.9999735393665258,-0.0063626835965905305,-0.0035265881859146827,0.00632676528004151,0.999928935455766,-0.01010426045733435,0.0035906277828001796,0.010081681196510185,0.9999427319083714,-1.429451,4.977446,8.3259
-0.3721123150277637,0.953477407316055,1.162534139347762,0.9999412179696898,-0.009348961786325653,-0.005491586183522789,0.009265331195518964,0.9998436351254305,-0.015061837105814239,0.0056315400318721915,0.015010070375669865,0.9998714835138498,-1.3884186,5.0341616,8.296901
-0.4590176776294239,1.1810219209918842,1.5422460989299096,0.9998675707949644,-0.013515732906818905,-0.00906453730581107,0.013310501094420403,0.9996620063591148,-0.022331672635168692,0.009363302472543637,0.022208061735785076,0.9997095230919567,-1.3306977,5.108641,8.257782
-0.5731596544011035,1.398469243546034,1.9726131069947594,0.9996783081370344,-0.02018240246505747,-0.015360692400248503,0.01965186870554946,0.9992306733606799,-0.0339391436477434,0.01603384846680475,0.033626359391119895,0.9993058509072401,-1.2518555,5.2025423,8.206785
-0.7033152348181202,1.5768501879390742,2.405819685201263,0.9993500927422453,-0.027701342500037775,-0.023065726950632637,0.02659600244400489,0.9985444035112131,-0.04692256248793868,0.02433197053392979,0.046278611043673555,0.9986321872290143,-1.148494,5.3157883,8.142725
-0.8349055027546649,1.674520465725061,2.809911518315599,0.9987208189397807,-0.03760928536164252,-0.03379744769712521,0.03539020146081914,0.997321105834515,-0.06401675950548377,0.036114532487850515,0.06273877199632497,0.9973763517507209,-1.0188812,5.4484606,8.063681
-0.968365340816082,1.713126908295158,3.203034285448987,0.9978639532477928,-0.04745741643802943,-0.04489236498241134,0.04371246419437086,0.995754115166999,-0.0810121139215797,0.04854638279771652,0.07887671236185374,0.9957016184401046,-0.8602951,5.6018524,7.9662247
-1.1236393910582496,1.632968688972407,3.558693185594137,0.9965267534024593,-0.05913904052670449,-0.0586259638618831,0.05300782272511055,0.9934605061472219,-0.10112563204078932,0.06422305258314402,0.09766676308390004,0.993144804600828,-0.6713959,5.7739854,7.848282
-1.2607814365733587,1.4194992437756142,3.8139685146090847,0.9947163080164716,-0.07128585791900639,-0.07387687748430524,0.06193456223772473,0.9906030222610682,-0.12194163475884248,0.08187537216099372,0.11672180065432836,0.9897840394174432,-0.45401764,5.958148,7.712288
-1.3300187228519964,1.0550786148119933,3.8434853355406857,0.991852670041835,-0.08616924210776679,-0.0938250640578289,0.07178212295993691,0.9865021002626473,-0.14717653685540466,0.10524071338720173,0.13924247876262058,0.9846501532797295,-0.21233979,6.1469665,7.561887
-1.327705619612522,0.6287820419256159,3.646706086214172,0.9879557625558821,-0.10191359952386443,-0.11643465748957571,0.08071501491467391,0.9814073848225634,-0.17413968928151016,0.13201703526420147,0.16264428439950263,0.9778130389559269,0.049061585,6.3369246,7.3975754
-1.3024996060325102,0.15151288741426217,3.2663180870469186,0.9814824171227408,-0.12237124072494578,-0.14736873590534572,0.08970119629874833,0.9733908183459151,-0.2108649096991796,0.16925117506674986,0.1937410493501754,0.9663428198808215,0.32385865,6.531108,7.2132463
-1.179358158847745,-0.3096567666550766,2.779897859528263,0.9763461856678901,-0.13561254033131864,-0.16839645078399967,0.09354610244637568,0.9671249003351156,-0.23647104234744024,0.19492883944879416,0.21512476858018725,0.9569347320974757,0.60430604,6.730757,7.003862
-1.006773060568504,-0.8896805045499906,2.2171321559743338,0.9672398133619605,-0.1550829948002226,-0.2009885772160033,0.09545352144232844,0.9557897993189423,-0.2781267422635134,0.23523556000693893,0.24983019081297997,0.9392811650760235,0.8807281,6.936902,6.7647886
-0.7394313967087683,-1.4967990697458449,1.6303151450300042,0.9616382002988526,-0.16534651803383893,-0.2188892429976148,0.09441502288554514,0.9486754652802682,-0.3018288671230577,0.2575612066665039,0.2695837356914393,0.9278937623840045,1.1461823,7.1443586,6.500806
-0.49709428571350905,-2.1422942389419872,0.8934329542434601,0.9505058724090827,-0.1826890781202477,-0.25132307345610416,0.0883761821659479,0.9344303341624057,-0.3450066680846989,0.29787285365004235,0.305719890312535,0.9043268832262329,1.3957367,7.347501,6.219228
-0.2559460348907553,-2.673236611413014,0.0712670742556133,0.9433855335519216,-0.1920619219985039,-0.2704365973813394,0.08206088431525484,0.9251035710163337,-0.3707416811719785,0.32138722182183055,0.32756007237004203,0.8884900970965174,1.6218414,7.5432024,5.9248443
-0.007335006672299804,-3.001206749021341,-0.8925426102974702,0.933525936993337,-0.20275570461481293,-0.29566780211389765,0.07004979385471945,0.9119753490682391,-0.40422022348315767,0.35159970327294593,0.3566385942912143,0.8655556375648903,1.8177704,7.727275,5.62742
0.2530329760620501,-3.0635724424294972,-1.9079252047977917,0.9245923613405199,-0.21076028830646315,-0.3173469177788526,0.056495645040945654,0.8996701292903048,-0.43289941158908146,0.37674554734219334,0.38232677036239826,0.843735167704944,1.9807144,7.9002028,5.3341613
0.5187146862294101,-2.913155467674237,-2.9128512589721707,0.9157567344432931,-0.21767957650862124,-0.3376465686080389,0.04084487548997821,0.8865690582763637,-0.46078954095461966,0.3996514724956785,0.40817999323581294,0.8207726808648351,2.1107712,8.064334,5.048013
0.7380843552715468,-2.6585729087945946,-3.7982274048085594,0.9082105204010595,-0.22305406513675818,-0.35411937910654284,0.025798812280601754,0.8743651904968684,-0.4845822272146231,0.41771769404437126,0.43096681736920445,0.7998621946366216,2.2099411,8.21774,4.7758913
0.8636257275442689,-2.3559831571041183,-4.5036738272695,0.9013658812370997,-0.22710716022838986,-0.36873009900829,0.010553008147907694,0.8627220654447668,-0.5055682662249928,0.4329297658520343,0.45181077407219006,0.780024898494652,2.2805176,8.3522625,4.5326247
0.9164214298820927,-2.019481616263695,-5.0557144636033335,0.896172440867253,-0.2291623791115487,-0.37994678605031634,-0.002412852998548592,0.8537735274404215,-0.5206389747054545,0.4436993738675294,0.4674990565144217,0.7645753709005338,2.3251832,8.460713,4.332947
1.0588200623635213,-1.087070464637724,-5.9403487537859565,0.8892338845859954,-0.22975880451974842,-0.39556793379868005,-0.02176946757725337,0.8424846740957923,-0.5382802840482912,0.45693455634861324,0.4872683712897466,0.7441641926047871,2.3517594,8.582952,4.10674
1.1556373424444748,-0.5879139450258983,-6.171803954267676,0.8891412232947505,-0.22615575672221014,-0.39784602390789253,-0.0265441128678872,0.8424059701764789,-0.5381891781549328,0.45686244659631625,0.4890866539913247,0.7430147709013591,2.3365295,8.599901,4.083562
1.237529608659862,-0.18380808283457695,-6.220111201746414,0.8910298387526044,-0.22192617052924474,-0.39599823394395656,-0.02628535793760731,0.8456616124068369,-0.533071774960521,0.45318308266152213,0.485391813008515,0.7476763213140479,2.3034196,8.585256,4.1256666
1.2858252306093714,0.018176484140401072,-6.118127726315738,0.8951409343089752,-0.21605621701323408,-0.3899261709790526,-0.021741161110512372,0.8524992070139392,-0.5222761950866335,0.4452527705001081,0.47598824894164665,0.7584096236411059,2.2527404,8.537908,4.232442
1.271779120304588,-0.03854741436550846,-5.864122996549054,0.9009521373323783,-0.20945921061405673,-0.38001590141092234,-0.013496067620771915,0.8618267623983099,-0.5070231629549309,0.43370854544843285,0.46193232264367834,0.7736377879227604,2.1839523,8.458061,4.398018
1.0724727840681327,-0.749702394549645,-4.972424448605802,0.9151443946189617,-0.1943593419164591,-0.35317868453135104,0.007407919362008873,0.8840595257534668,-0.46731560818710227,0.4030581344275546,0.42504494013498917,0.8104819178349529,1.9679763,8.195892,4.8906527
0.9736796403019276,-1.237791862495785,-4.405517810951325,0.9256735869989752,-0.1828640330475962,-0.3311935321681556,0.022117639440799232,0.9000853165538552,-0.4351519653520058,0.3776760786150195,0.39548346152742514,0.8372297243291521,1.808168,8.016275,5.199399
0.9024376469083035,-1.5842671818379053,-3.740952960622404,0.935212199669883,-0.17181446425741884,-0.3096093206939282,0.0334081457086335,0.9133007251270157,-0.4059133913567995,0.35250820896672797,0.369271682307761,0.8598699827628979,1.608641,7.8076506,5.5335493
0.7860270899191106,-1.8166450049810643,-3.0097105063717238,0.9472301309173573,-0.15776812568739382,-0.27904174884660815,0.04745822188494832,0.9299257325095374,-0.3646722490019217,0.3170217599121643,0.3321857169320913,0.888341068063673,1.368158,7.5694017,5.8839936
0.6481143080624958,-1.9162362043082712,-2.278760596759855,0.9572090675645789,-0.14400615222301644,-0.2510239611950847,0.05569852636884347,0.9428588836338003,-0.3285038808190294,0.2839867516848089,0.30046522872829307,0.910534003314959,1.0842117,7.3036776,6.23985
0.4532498023238695,-1.9960023182053848,-1.4906530201126547,0.9693125658505031,-0.12655707048969758,-0.21075212357976447,0.06492066527238029,0.9586505845765172,-0.27708187221774966,0.23710431650416292,0.2548967724396833,0.9374482271010633,0.7569,7.014165,6.589171
0.30596073124496037,-2.021689928208017,-0.6817319248891142,0.9771149575638768,-0.1113119581031334,-0.18126226217332153,0.065601535785091,0.9683060087187036,-0.24099774269044735,0.2023432682536812,0.2235914163435172,0.9534485200208345,0.38986206,6.7035627,6.921454
0.20159590284406506,-1.9871103792797593,0.1917363774901527,0.9869887778218239,-0.08945222080472193,-0.13360932844261214,0.0639964071462751,0.9808525063448403,-0.1839370019039475,0.1475046179824578,0.17299323972383418,0.9738150372035246,-0.010800171,6.3822966,7.2232437
0.07009933840442929,-1.7369090249388353,1.0383376147932881,0.9924758682354274,-0.07145324717181244,-0.0994287907949128,0.05634336578566494,0.9874942010004636,-0.14724343150850006,0.10870637562846755,0.1405333997989785,0.9840900809573603,-0.4372635,6.057599,7.487326
-0.11389704615601756,-1.1428089829003516,1.8951844731307883,0.9976392928284832,-0.04776939411441321,-0.04933483952164238,0.042917766424918284,0.9945412788519976,-0.09510893745873103,0.053608830707081626,0.09276707198879647,0.9942436138215051,-0.87722474,5.7336073,7.710312
-0.2780068451435946,-0.3799123870924601,2.64643941826108,0.999450484590391,-0.028953884861407618,-0.01613695768927416,0.027860233429012612,0.9975410084555376,-0.06430974920484157,0.01795929412070598,0.06382483059860844,0.9977995062905904,-1.3170074,5.4198823,7.887868
-0.3891270821407619,0.4854518351422167,3.2724324688617608,0.9996809060555757,-0.004753200077897064,0.02480913454603113,0.005487884660718253,0.9995458731829244,-0.029629892421934284,-0.024657031245757244,0.029756587371609633,0.9992530091614148,-1.7445037,5.1261306,8.022049
-0.5334037631749354,1.2485629988910107,3.8062704258155824,0.9983961122486912,0.013864563274799738,0.05489059055884003,-0.013538469310118453,0.9998884519218026,-0.006308213864439818,-0.054971928249226504,0.005554961621795123,0.9984724480454846,-2.143805,4.8563857,8.119528
-0.6655681250027226,1.9739555753659694,4.32744722986935,0.9954652508499312,0.03594840932417333,0.08807182419676257,-0.03765002649541821,0.9991335819360022,0.01773586627791151,-0.08735794099667205,-0.020971345087889705,0.9959562203380363,-2.5048904,4.6143737,8.185941
-0.7901546048812608,2.6818021573176485,4.785628836893311,0.9919560988239464,0.05486213632325179,0.11407560652491017,-0.05929430068635085,0.9975974099271115,0.035827274705661244,-0.11183596877612204,-0.04230311696278724,0.9928258469556176,-2.8140671,4.403421,8.2297945
-0.8637618994128519,3.3388929290998295,5.044070835627786,0.9883424119027635,0.07118463815036505,0.1345809203625457,-0.07848073269335121,0.9956758682304443,0.04970251522272965,-0.13046091916793687,-0.05968511300946438,0.9896553116388074,-3.066092,4.226369,8.257164
-0.921594617090101,3.9066690873581456,5.069861761845913,0.985163931319172,0.08430834837425898,0.14947953312128884,-0.09406099024938815,0.9937922496816514,0.05940954961945804,-0.1435428804958934,-0.07258833836841115,0.9869784063452732,-3.256209,4.0901155,8.27193
-0.9836073945804364,4.359755209310043,4.910242607248361,0.9827902861566757,0.09432725416525489,0.15882576163117604,-0.10586899007237337,0.9921985923787701,0.06583092147800332,-0.15137704706175034,-0.08151271313869243,0.985109469662958,-3.3832397,3.994339,8.280573
-1.0020046652689345,4.59184882166245,4.620740313962852,0.9816926825954211,0.09985412468168908,0.16219935487744666,-0.11214310547059356,0.9913321524059742,0.06844331597424146,-0.15395908818259943,-0.08537984182576268,0.9843814716743661,-3.4491577,3.9405243,8.285749
-0.9542623688883929,4.549104052038347,4.291190469335303,0.9816445727554535,0.10205417262747325,0.16111759254993066,-0.11419976603819865,0.9911283603857308,0.06799254867934894,-0.15274929203300483,-0.08514410777273357,0.9845903385139433,-3.4559798,3.9323761,8.287508
-0.9327409532649962,4.390066437594769,4.033277752992836,0.9828285592419357,0.10011771484748955,0.15499827841669112,-0.1111231972768349,0.9917419765133442,0.06402723676982455,-0.14730803835974085,-0.0801517011367965,0.9858377384942633,-3.40477,3.970343,8.286352
-0.9350524478334564,4.177010434151962,3.8747614228651317,0.985148994237987,0.09377437620119931,0.14383263023375176,-0.1028568476374299,0.9930587101939183,0.05705144171782209,-0.13748428290526038,-0.07099834136138317,0.987956126292033,-3.2958512,4.049005,8.283716
-0.9661819720301372,3.9204953229445154,3.7516971856133914,0.9884105033580102,0.08256017495876122,0.12739110786214333,-0.08909278669141187,0.994939429056897,0.04645436327724809,-0.12291115576351899,-0.057265609389185,0.9907640979416653,-3.132892,4.1673784,8.275293
-0.9938904357567504,3.5063590846602306,3.613657020232059,0.9917510043773834,0.06829273209473644,0.10847141586375797,-0.07229774267983692,0.9968228729433649,0.033424487734845215,-0.10584413880726606,-0.04099100779406759,0.993537495799819,-2.9174805,4.323259,8.25728
-0.981989026525467,2.900063885390253,3.5274251060286645,0.9943767096278107,0.054503891443104364,0.09079804605456752,-0.05657131189461363,0.9981911113568839,0.020351704563300873,-0.08952455540404196,-0.02537382560174662,0.9956613495330835,-2.6557145,4.512625,8.224157
-1.0519633767576497,2.1019180700168527,3.5880687367450217,0.9981097973184895,0.026801128922053566,0.05530399610649826,-0.026392660738699524,0.9996188101513137,-0.008103200034819562,-0.055500089693404996,0.006628263737651956,0.9984366810989309,-2.3487167,4.7348404,8.169678
-1.0542677563960126,1.313609166363364,3.6676427495269683,0.9993660924235414,0.010591245481143836,0.033988804528254965,-0.009706244605787734,0.9996122608479902,-0.026098214077267104,-0.03425203832992109,0.025751766571022152,0.9990814002816374,-2.0011659,4.983139,8.089952
-1.131123951508888,0.5212588172273523,3.6546869811171057,0.9999269414509644,-0.011654345942083135,0.0032074882980067283,0.011806332046131183,0.99855889708362,-0.052352073299550175,-0.0025927368042478922,0.05238611720491643,0.998623538897445,-1.6196808,5.2468843,7.985405
-1.3282490583730673,-0.23903752761553343,3.543786259638259,0.9980620909943938,-0.04417811549955774,-0.04382187388515137,0.039953375367408867,0.9948644858606887,-0.09299668042408307,0.04770524412105374,0.09106562954296121,0.99470159384576,-1.2076782,5.5195923,7.8545685
-1.526013665373294,-0.8901428684982156,3.429275381568727,0.995178964437182,-0.06385933709383791,-0.07443664290975034,0.05468331373721049,0.9913408774329197,-0.11938592852278404,0.08141599314911022,0.1147399224178972,0.9900536279732929,-0.7711151,5.7965956,7.6946306
-1.75017771808166,-1.6520095409141429,3.111173639665588,0.9882728727402527,-0.09146295708219686,-0.12227533065793995,0.07145744668268554,0.9846876123057942,-0.1590098722881872,0.13494651651420853,0.14840766035921005,0.9796757647443292,-0.31966704,6.0676317,7.509215
-1.8165450486354884,-2.37253307991874,2.462274179295913,0.9797744055340731,-0.1142377739643311,-0.16429195129411495,0.08167995814956745,0.9778304681542757,-0.19281068431462892,0.18267593902054652,0.17549161389896942,0.9673842022454662,0.13587494,6.3230834,7.3031845
-1.7572702158643512,-2.890810549805559,1.5923283978544422,0.9699123913081443,-0.13372928079291482,-0.2034365568070955,0.08684110731720088,0.97069802871158,-0.22406240009286588,0.2274391682776723,0.19965424241438706,0.95310524509054,0.58747405,6.5626936,7.0725417
-1.3207021294743244,-3.4173337514996573,-0.2834340003400051,0.9445264985646891,-0.16410804152032632,-0.2844964748770902,0.07878833814291279,0.9541400805961812,-0.28880634406569283,0.31884493297182265,0.25037024046055506,0.9141403893330161,1.4195831,7.0082335,6.5328965
-0.821716592988411,-3.48316507511988,-1.4040356407818562,0.9256653267312761,-0.18078669956137255,-0.33235503930162613,0.06690875607670271,0.9428248488032203,-0.3265034805931684,0.3723800763302836,0.27999548878667885,0.8848364849006631,1.7772446,7.2084136,6.2411895
-0.242244472423357,-3.400723387941946,-2.495399798358983,0.9076137598886886,-0.19416701347681126,-0.37220482766645185,0.052092682937994315,0.9318488097394801,-0.3590879393288448,0.4165616583952957,0.306524006669315,0.8558734825255139,2.0889144,7.3937926,5.941249
0.3795609106531047,-2.7484965659273004,-3.823876646566581,0.8736526828403911,-0.2176058239467548,-0.435176625234215,0.019756011964031154,0.9095406680346717,-0.4151451230381016,0.48614883498478495,0.35409529589574806,0.7989216680422677,2.5678284,7.734103,5.3303957
0.6321267788104323,-2.195131737886625,-4.253852883822436,0.8563268931772477,-0.2278049665480435,-0.4634750794136044,0.00032294482920057835,0.8976884245528707,-0.4406306708916467,0.5164340691008288,0.3771742165628904,0.7687883080745509,2.7295456,7.880052,5.0533953
0.9581075699372404,-1.5805004619810377,-4.65281385473621,0.8471240772502928,-0.23242860983877964,-0.4778679096478984,-0.012520466973514919,0.8902905731484766,-0.4552207522397486,0.5312476217825401,0.3916115890667305,0.7512764655298512,2.8463197,8.008478,4.807335
1.2860476857616296,-0.9876231438189029,-4.966105430452201,0.8352956810227945,-0.23771955086358937,-0.4957524991383088,-0.03163909514148999,0.8794167151218149,-0.4750002198136175,0.5488898732198412,0.4124507925820613,0.7270517524737399,2.9230423,8.120046,4.5973372
1.6879617574847525,-0.4031081985416556,-5.364523723855774,0.8306990237491113,-0.23656607982546665,-0.5039599406880312,-0.04660521864919246,0.8725003798733629,-0.48638569131451515,0.5547675959687389,0.42752728216670427,0.7137599999062832,2.9616714,8.268598,4.340831
1.7572484328721005,-0.07945199990677221,-5.427128128080613,0.8312504123627472,-0.234395905931675,-0.5040647887218781,-0.04951284809191647,0.8719352636101322,-0.4871112541780949,0.5536887481433852,0.42986911421454693,0.713190938545781,2.9382553,8.29583,4.3100953
1.647921194336239,0.2652069626724729,-5.367089184233297,0.8350134171891298,-0.2299363206994144,-0.4998818675820798,-0.04841569977028263,0.874268704060474,-0.4830218971394295,0.5480953503998056,0.4275318953290337,0.7188935702497822,2.8921676,8.288239,4.3476167
1.4283741643135823,0.5133212721650433,-5.236273187613604,0.84290772482207,-0.221710327069952,-0.4902561558061418,-0.041969524277728085,0.8812901850583003,-0.4707081566658989,0.536418797645256,0.417339359023855,0.7335412278409277,2.8227646,8.239993,4.4596434
1.3003889376632682,0.5342240005349013,-5.180689959447022,0.8539540399468855,-0.2099838772819954,-0.4760979614953343,-0.03139639103924493,0.892500161972604,-0.4499530281135874,0.519400389187478,0.39918696391602754,0.7555613830466725,2.72601,8.1457,4.6516557
1.3730737785281037,0.2896628234886178,-5.2347272713560224,0.8644122839805676,-0.1999950441400051,-0.4612953344907531,-0.020256460202386566,0.90288491686857,-0.42940482381000894,0.5023754364253565,0.38052701508654174,0.776413621509669,2.6006057,8.008675,4.9082212
1.4030453754412822,-0.25257997269912247,-5.220082996047864,0.8779196468176388,-0.18717235169837534,-0.4407080717337636,-0.0060406379934217925,0.916024619881612,-0.4010765593541726,0.4787698867140924,0.3547751492571717,0.803065370343739,2.4426727,7.8353057,5.2118225
1.3033643578265806,-0.8541248252848648,-4.887595235606975,0.8875513435108224,-0.1792481461036171,-0.4244086647920263,0.0037926256809284343,0.9240195514948284,-0.3823264108660832,0.4606932044458422,0.3377246964225642,0.8207946154816735,2.2432556,7.639511,5.5416613
1.0306270260493888,-1.4364970044828829,-4.229728329366656,0.9065448736061175,-0.1632754225697903,-0.3892525253908124,0.02129662985599385,0.9386774952723763,-0.34413807320021345,0.42157187488641296,0.3036868391185815,0.8544304875476527,1.9963013,7.423384,5.887677
0.860043760948209,-1.8201374419249379,-3.4695558732204015,0.9241374500253722,-0.14735380805454065,-0.35250082086773693,0.03542045504184932,0.9517018257871925,-0.30497381224943476,0.3804147274031739,0.2693519816989488,0.8847226374009078,1.7030761,7.177695,6.2461014
0.7405703247779312,-2.046308208482394,-2.780018594914477,0.9441277999320553,-0.12728650197320357,-0.30400796668982644,0.0483049757560162,0.965892492891136,-0.2543979589025005,0.3260204391026238,0.22549908778523559,0.9180745256760799,1.3649429,6.9023085,6.6065493
0.6896278717608342,-2.168415852125178,-2.112112504711733,0.9583772276891582,-0.11115138591528963,-0.2629799590386186,0.0545009656544785,0.9753905857587927,-0.21364187313316985,0.28025476657779164,0.19041684437630652,0.9408499833598325,0.98172,6.6074677,6.9513855
0.4605992621609748,-2.107476863328115,-0.4295073653541732,0.9817348971312583,-0.07451962011610695,-0.1750526148688691,0.05066218143271618,0.9892736602241843,-0.13700718433397785,0.18338466437288597,0.1256361866836033,0.9749798015694718,0.0941452,5.994241,7.538278
0.3753915986851991,-1.7566434756592366,0.5374868656544622,0.9924302240842359,-0.04953362391757802,-0.11237735726428613,0.039877811026964194,0.9954446051222917,-0.08660137597419176,0.11615511401488432,0.0814644599473757,0.9898846050190252,-0.391037,5.6843553,7.7663774
0.375283949802679,-1.1948032261152621,1.421983611098835,0.9977595736524961,-0.028657469577597974,-0.06045314402244165,0.025760625974442043,0.9985071071218272,-0.04816582996903107,0.06174320476128461,0.04650060714237812,0.9970082598460237,-0.8846924,5.381551,7.946019
0.44417682786164564,-0.48258277299408026,2.1554805366838408,0.9998579415806742,-0.009398758232177996,-0.013991426008454426,0.009170018124388746,0.9998247044792736,-0.0163239419421995,0.014142398157857346,0.01619332135872674,0.999768857745488,-1.3759048,5.089752,8.079931
0.5208220103322825,0.30736363328918676,2.6786233260864796,0.999337450388918,0.011426895252064775,0.03455555404092031,-0.01199617070803291,0.9997949843069337,0.01631199690542194,-0.034362074130069115,-0.01671572372340153,0.9992696495150257,-1.8509766,4.802855,8.18046
0.30151487974494773,1.719426202494903,3.49399744285084,0.9944221206566226,0.040977844230884734,0.09718776790818162,-0.0467272545502275,0.997243399668993,0.05763822949074501,-0.09455796968518043,-0.061858047971293455,0.9935956784679558,-2.6963058,4.258087,8.300038
0.21628738414789717,2.317013457755505,3.8985688432116956,0.9882467812530653,0.06117901080276888,0.1400907847795511,-0.07316890281988847,0.9939348335249893,0.08209664040498807,-0.1342185195980405,-0.09138202964941639,0.9867293011024164,-3.049765,4.0326815,8.318258
0.06282933141604119,2.8261113086990695,4.145690569723692,0.9830190877591969,0.07453759668844367,0.16768309330694975,-0.09141949024762307,0.9912405705106625,0.09531321092357325,-0.15910986739967173,-0.10902420856675653,0.9812225904668374,-3.3525453,3.850682,8.314153
-0.11360793358173157,3.3262072454012044,4.208016377420319,0.9778368718972213,0.08593319027908339,0.19092024189885123,-0.10747397343321602,0.9885963549854921,0.10548266181641328,-0.17967859358513877,-0.123663793075654,0.9759215487370938,-3.599411,3.7042205,8.299298
-0.3129153895013515,3.7042918663734645,4.240317599112207,0.9737668505106969,0.09402200802212715,0.20721482295908553,-0.11914099988108079,0.986510624199812,0.1122595674685874,-0.193864754387729,-0.13400242665110568,0.9718332195689752,-3.7860596,3.5924149,8.28195
-0.4692079494004906,3.871730714305248,4.299065607750867,0.9709916967827419,0.09918564885701978,0.2175714407724139,-0.12664117745050113,0.9851327760425304,0.11608370144291957,-0.20282292018636058,-0.14026981367190178,0.9691167331232737,-3.9097748,3.5204163,8.266037
-0.5819081163478899,3.8621268257331085,4.279756517463316,0.9697282692660465,0.10138334554358534,0.2221452250953598,-0.1298154424223254,0.9845705354399755,0.11734057973325385,-0.20682126267619125,-0.14262635797716358,0.9679270051585477,-3.9731643,3.48676,8.255345
-0.7028096823718387,3.7784480258173763,4.133269267630104,0.9700498577303445,0.10046419212191546,0.22115655002425136,-0.12859779319129924,0.9848067092533757,0.11669769918839566,-0.20607251418776412,-0.1416428307780813,0.9682310816047504,-3.9758987,3.4897857,8.25281
-0.8310331172402224,3.642571563250094,3.934004710993719,0.971854587803024,0.09665233538142988,0.21484177022062018,-0.12324008955337297,0.9858078391363054,0.11399466928012403,-0.20077485025045055,-0.13726336132677103,0.9699733136247536,-3.9192214,3.5286667,8.258815
-0.9142847229231168,3.3721606877726042,3.768133363188104,0.9749103831419309,0.09040175635143773,0.2034140292374857,-0.11414618589034217,0.9875563705858623,0.10818069680847199,-0.19110309544520968,-0.12868542016815365,0.9730979753074219,-3.806453,3.6082566,8.268519
-0.9244780477516288,3.00259936782642,3.7091557292201984,0.9790382658304289,0.08158602075314546,0.18662206530154396,-0.10119732484935666,0.9900196973968569,0.09808210952854732,-0.17675739159390272,-0.11491179218819697,0.9775234547227066,-3.6423218,3.7342377,8.2739315
-0.9202125964129246,2.7084846645909217,3.8512532596959117,0.984035615163709,0.0697789142151491,0.16372174938087972,-0.08457935663560152,0.9927643523234537,0.08523657188614207,-0.1565894010477354,-0.09772330268031518,0.9828173358222585,-3.4225464,3.8936934,8.276601
-0.961765565781166,2.4414492655998252,4.177739176242896,0.9891923937346095,0.05571102151098082,0.13562702628825918,-0.06585071913723535,0.9952675071229475,0.07145818395665349,-0.1310041639288695,-0.07961702925553635,0.9881796586075935,-3.1397278,4.0715013,8.280273
-1.0456840256093238,1.9661003517168916,4.446410585584499,0.9941923401738135,0.038706038558881176,0.10041630006525099,-0.04438877869937394,0.9974998389792424,0.05498824930804588,-0.09803686584797663,-0.05912625318303321,0.9934248130176941,-2.7929702,4.26633,8.279928
-1.1264282785291841,0.47883510700091214,4.088530096915382,0.9995962723499705,0.008372376421831843,0.027151346506110674,-0.008846661411768446,0.9998095506147382,0.017395375288310574,-0.027000534918946925,-0.01762855106373684,0.9994799674338065,-1.9381745,4.718623,8.219951
-1.2274755798353612,-0.37163146814438386,3.5679641942741793,0.9992974444012801,-0.01884137383715341,-0.03239784321524214,0.018347539922554085,0.9997119332980555,-0.015473144485038899,0.03268004577507576,0.014867853018955154,0.9993552729408819,-1.4519058,4.97451,8.141408
-1.2417435057725013,-1.1784310735791343,2.9340934184932483,0.9957527015257507,-0.04055778813860413,-0.08265363407300122,0.036884179729856116,0.9982832361344806,-0.04549876634069279,0.08435706662648432,0.04225690800535968,0.9955391700159267,-0.9435089,5.245,8.024112
-1.2122264682968866,-1.8865742399780536,2.1952030572732495,0.9896486581880628,-0.05777226656870883,-0.13136932123628076,0.04778922538373328,0.9958138181875794,-0.0779168110480494,0.13532081615106284,0.07083222940292647,0.9882667008424498,-0.4262619,5.5283446,7.863365
-1.162204978153421,-2.394304682999856,1.396470602237073,0.9825922520424608,-0.07105409655858769,-0.1716501721186679,0.05322162089411119,0.9929035635811275,-0.10634835446447485,0.17798855383290474,0.09536156872734979,0.9794009627901787,0.08638916,5.8198423,7.657712
-1.053463294733346,-2.723898235565257,0.38523672884481636,0.9666066849590422,-0.09228673145278687,-0.23907044106340802,0.05547190080362281,0.9861366871409954,-0.1563883067745662,0.25018869841326596,0.13790429098597365,0.9583256344864886,0.5800354,6.1112304,7.410675
-0.7531703868616284,-2.8476866575763715,-0.6879849235492987,0.9510798799193271,-0.10801568661219368,-0.2894471859568426,0.051491766567348704,0.9792059465520316,-0.19622515693181083,0.30462380075826667,0.17172165175899223,0.9368649925836434,1.0392517,6.3968735,7.1259584
-0.3172257697310724,-2.8227209627392504,-1.7343732117146016,0.9349062521805162,-0.1216386708946198,-0.3333981604279961,0.04323953944005749,0.9714705686996172,-0.23318506894622207,0.35225082237348,0.20359019596589895,0.9134935085942171,1.4521377,6.6728516,6.813464
0.18358572829638103,-2.6537577216253414,-2.700977713021226,0.9153711073260674,-0.13586275885135501,-0.37899478443634,0.02927122739083972,0.9613086258900584,-0.2739140760099813,0.4015456775009324,0.2396393885542749,0.8839310110713672,1.8098968,6.938072,6.4840226
0.6397564183576359,-2.350472484200795,-3.502346742293291,0.8997994160198972,-0.14616579061181018,-0.4110919271708901,0.015696946270728904,0.9524498555033349,-0.30429077973124763,0.43602134902780343,0.26734777800928405,0.8593081803319877,2.1095397,7.1859007,6.1510057
1.0166879162983875,-1.8562080764745155,-4.095578418298937,0.880875968470649,-0.15807037804909324,-0.44617405096476964,-0.003099052111312008,0.9406476061320557,-0.33937070727162794,0.4733370089554664,0.3003262170731195,0.8281040027023425,2.3519104,7.409871,5.8277373
1.1681126570865263,-1.2958393376949486,-4.379283218084421,0.866149990070721,-0.16702010151212174,-0.4710504011158152,-0.019232491230761723,0.9306709326127854,-0.3653515108367657,0.4994139625416457,0.3255086801922944,0.8028884064039793,2.5397415,7.606322,5.5278153
1.118667494140154,-0.8048554493970708,-4.40878497125262,0.8556335493293773,-0.17319760530151035,-0.487743599424774,-0.0316510366221342,0.9230776733271011,-0.38330904096534224,0.5166134349228214,0.34340966573882065,0.7843343421873061,2.6805115,7.77249,5.262262
1.0648800307264343,-0.40677558151010773,-4.337464651214541,0.8437129691738898,-0.17975031642751704,-0.505804556515643,-0.04659818045311319,0.9141858872555968,-0.402607467791094,0.5347682070077069,0.3632547140601281,0.7629344516318921,2.7814224,7.904546,5.041986
1.0945347661916376,0.02030234097082717,-4.282014589911431,0.8347197364278344,-0.18308854749577527,-0.5193472300818923,-0.058447978461526245,0.9083264400330122,-0.414158076283339,0.5475644212616515,0.3760607159925675,0.7474968511342032,2.8910155,8.057344,4.772139
1.1447084966022651,0.07821905678246965,-4.317177697197148,0.8319327002215682,-0.18272445434888607,-0.523927243121554,-0.06223851351148072,0.9075352952771008,-0.4153384827609732,0.5513749629226293,0.3781421182693195,0.743635790325385,2.9099076,8.078394,4.730832
1.1817752992151407,0.053333130225130754,-4.340927596513387,0.8324122270933972,-0.18070550373695807,-0.5238658273876837,-0.061905505764162747,0.9090981947832107,-0.41195652755842,0.5506882898169281,0.3753478295675631,0.7455577873628747,2.9081192,8.067657,4.7479506
1.1697410844293905,0.03808989782486227,-4.254658378125803,0.8357717185753127,-0.1769466602933097,-0.5197841031050412,-0.05811108981788592,0.9128288565103864,-0.40418631837571994,0.545993347642483,0.3680127146349504,0.7526339789015429,2.885858,8.027969,4.8186674
1.0914123753978164,0.053622798974591435,-4.082561197426318,0.8414549694076716,-0.17144178733800136,-0.5124073067526319,-0.051687497360106506,0.9184388791529493,-0.39217142664519056,0.5378493628106136,0.35647964712536784,0.7639635620300154,2.8424087,7.95838,4.941739
1.0367107418383659,0.03287314938092045,-3.941916816428708,0.8493704822690221,-0.16417575915894006,-0.5016135005705833,-0.04293735825861387,0.9257471235537358,-0.3756975465687212,0.5260476852110083,0.34064436489771976,0.7792530074036084,2.774901,7.8573046,5.1162505
1.0636168432650883,-0.07585016962887225,-3.920309789679464,0.8599503906002219,-0.15512698909259615,-0.48623136772692,-0.03154161819082476,0.9347150625433049,-0.35399559061741215,0.5094020534199187,0.319755170575445,0.7989156268729742,2.6790435,7.724832,5.3369813
1.1229540782059924,-0.25136342055910954,-3.970721214952592,0.872582288815057,-0.14447122044292332,-0.46661356142959354,-0.018864993500085706,0.944581003460023,-0.3277359301674113,0.4881027158975028,0.29477922987583266,0.8214992053357639,2.5501924,7.5608644,5.5977845
1.1628887778900578,-0.4607037500243065,-3.963108320722165,0.8865261650540814,-0.13294336867241294,-0.4431674845930541,-0.006088573623605828,0.9543953518642199,-0.2984835700858635,0.4626383986935517,0.26731175257740486,0.8452870157456943,2.3811111,7.368576,5.8892336
1.116339523740685,-0.7388485999340818,-3.4341163823340946,0.9158872957868178,-0.11000928040085749,-0.38606789511949313,0.017698506526793247,0.9718488784704599,-0.23493939704194183,0.40104516489172554,0.20834518386897216,0.8920510411829425,1.9070908,6.925035,6.5103045
1.0538622428363733,-0.7631512983999837,-3.0511942702680828,0.9342598385936799,-0.09424942934204651,-0.343912196729936,0.027739486757329256,0.9807253090686315,-0.19341248415414647,0.3555124116895941,0.17115756840098179,0.9188666997523149,1.5987747,6.672618,6.8251967
1.0455134664853525,-0.8073150285861528,-2.6739577250717557,0.9496853365151916,-0.08017959420914986,-0.30276887931305624,0.033702809870023664,0.9872255373914229,-0.15572366207189578,0.31138702961891795,0.13768431644407855,0.9402558943130498,1.2443069,6.404126,7.129941
0.9297157138025415,-1.0658901889634689,-1.5322702697824113,0.9739131593608206,-0.0530647703043904,-0.2206293003577896,0.03286907955580854,0.9950084058714724,-0.09422258675214726,0.22452790836103054,0.08451273512113057,0.970795970309604,0.40948945,5.8654175,7.653792
0.8030256044821404,-1.037876413928042,-0.734470755270763,0.9875753662059845,-0.03491669020113621,-0.1532178867120734,0.02825021623677757,0.9985660004782153,-0.04547381632892819,0.15458596749281983,0.04058038238286723,0.9871455876515726,-0.05476532,5.6019745,7.860831
0.7575607500781144,-0.784993125647444,0.016354985083834997,0.9939062315240005,-0.02093399251752933,-0.10822278362265672,0.019208738516564256,0.9996716413374175,-0.01695977211984164,0.10854228347682106,0.014777600042995769,0.9939819893914608,-0.5330368,5.3425703,8.0288725
0.7514226775124805,-0.41137532171673075,0.6424371341782275,0.9987320439150404,-0.004864748262943001,-0.050106273874880286,0.005807726978594683,0.999808436216109,0.01869120591192207,0.05000574731596769,-0.018958509842230284,0.9985689761553447,-1.015091,5.092412,8.155522
0.7282744408607879,0.01679722852129782,1.1776675935654473,0.999923434469123,0.008451603361119444,-0.009038561838053606,-0.008078359001755964,0.9991443260129695,0.04056298697000162,0.009373650052821259,-0.04048686449598241,0.9991361010833164,-1.4878006,4.853307,8.243185
0.6933972261983378,0.40538816625276825,1.6277491708205138,0.998930014970111,0.024678957899616463,0.03911232834802243,-0.027174244723673267,0.9975407706493339,0.06460627923067727,-0.03742172651699138,-0.06559999946130488,0.9971440489995236,-1.9411361,4.62589,8.2982435
0.6088964531363554,0.6625622338023671,2.0845041804665385,0.9970750066991656,0.034691440609648815,0.06810238589276277,-0.0399444213772547,0.9962033493593202,0.07735198721500353,-0.06516037305522362,-0.07984604356948972,0.9946751907580702,-2.364737,4.420134,8.321846
0.5558959707855421,0.9100618616173893,2.5761358453815175,0.9918865462703459,0.052033882158831486,0.1159894582941341,-0.06315221310124249,0.9935350660603831,0.0943391249101182,-0.11033076320003024,-0.10089869977295209,0.9887601200876918,-2.750177,4.2468443,8.315265
0.4690748041160997,1.2888866246749808,3.0233288242678538,0.9871644248711948,0.06415109451354765,0.14625674460153268,-0.07973696617019228,0.9914470354432166,0.10331888567358985,-0.13837779624888438,-0.11365479745075624,0.9838364561865605,-3.0924516,4.1017256,8.288091
0.39282211577312515,1.7953518588372228,3.2340488998545953,0.9819556024583597,0.07594918266179988,0.1731904052008815,-0.09618218623510595,0.9890889166753786,0.11158898673687605,-0.1628256179219856,-0.12623326250609093,0.9785463614900379,-3.3867066,3.9684632,8.255857
0.28839572008572767,2.241111329769967,3.2012418314340443,0.9766416354090663,0.08687794731101212,0.1965282123679203,-0.11178472710900075,0.9865331210603079,0.11940090383315927,-0.18350828529162302,-0.13858074657770428,0.9732009483695001,-3.6313796,3.8430467,8.226194
0.12805874767638123,2.4992574892889707,3.0974408966279587,0.9721409311883045,0.09574902017160497,0.21394890755625467,-0.1244029483283632,0.9843610254427001,0.12472881798769608,-0.19866030392493592,-0.14786986415620518,0.9688491043082392,-3.8293395,3.736386,8.197505
-0.04028067957405421,2.656031353851674,3.0536266550246696,0.9688949692758612,0.10228851296275568,0.22534329062077035,-0.13338290100181616,0.9828469026668704,0.12736156264148374,-0.2084503303721743,-0.15345691914673903,0.9659189581604258,-3.9833877,3.657103,8.16881
-0.12822648316920293,2.8441403902626874,3.038388735856538,0.9653014825061856,0.10987386916837802,0.23689824977262106,-0.14337381376196665,0.9812086317676632,0.12912618042821844,-0.21825901447296514,-0.15861069894115534,0.9629151825486438,-4.0928817,3.604077,8.144277
-0.202901230362654,3.1872367541576185,2.9308995108595437,0.9626298079656241,0.11622202446561761,0.24461458224149238,-0.15109273970850498,0.9800744630918377,0.1289380890296797,-0.22475505961700734,-0.16107913528561288,0.9610091962890857,-4.180855,3.5747848,8.11687
-0.25059431366178164,3.2605538260599456,2.853626686274698,0.9637151219983758,0.11580752159554869,0.24050318412352256,-0.14949637791961787,0.980589199235434,0.12686865385794316,-0.22114248036180512,-0.15821959513507824,0.9623214447858471,-4.1603074,3.5928636,8.118223
-0.31412745653202034,3.268205324498377,2.81164244881944,0.9659022009650481,0.11287017219347442,0.2330091466013559,-0.14475127347456188,0.9815971881769104,0.12455532501935541,-0.21466254214084352,-0.1540366332798787,0.9644649856834775,-4.0966845,3.6304321,8.129976
-0.42289672813088386,3.211525713829178,2.8855208076599292,0.9691690079144543,0.10744441016230215,0.22173662941198624,-0.13664648341435082,0.9832236281528275,0.12082646900610641,-0.20503456457047714,-0.14740079974975295,0.9675917690661324,-3.9880357,3.6935928,8.148211
-0.5668219149695785,3.0995783330614577,3.074844504976655,0.9735603305451033,0.09926793702721631,0.20573322402390667,-0.12466532228212375,0.9855836420846545,0.1143828740478376,-0.19141274829332725,-0.13700642734379162,0.971900405729561,-3.8321273,3.7906723,8.167091
-0.6889089630542351,2.9386631057415333,3.292515234260131,0.9786784117479124,0.08848230298790205,0.18536301798509303,-0.10928112968606468,0.9884328957793033,0.10515724052998063,-0.1739143498194511,-0.12317180115310317,0.9770273825884194,-3.6267197,3.9231505,8.182963
-0.7647829399161773,2.7275101699594284,3.5036710773224193,0.984235536964827,0.07489983492140881,0.1602199191870518,-0.09063768871494361,0.9915058087931757,0.09327936810358989,-0.15187237128580283,-0.10633083211438522,0.9826640000437024,-3.368634,4.08681,8.193571
-0.8300717288877447,2.4271581682518404,3.7316373128921554,0.9898506261806428,0.05850348932597268,0.12951092458351213,-0.06902981895935519,0.9945341656559906,0.07833694809847118,-0.12422005451709098,-0.08648199280561003,0.9884787519092867,-3.0548217,4.2770524,8.195353
-0.9283410105306089,1.968808577605434,3.94846252374512,0.9948957624854714,0.03956901829105948,0.09282626018500978,-0.04520420305843266,0.9972095858875604,0.05941062059778185,-0.09021641654546775,-0.0633035117939226,0.9939082772470764,-2.6862366,4.493158,8.180934
