-0.11547033124230811,-0.22611824723107188,-1.0717857024399358,0.9999980943086905,0.0019521564707008943,-2.1543010096294e-05,-0.0019522147083567583,0.9999931204546042,-0.0031540293587701807,1.5385703068659107e-05,0.003154065404745014,0.99999502580498,0.19955201,-0.0011682131,-0.123511955
-0.1681394987063818,-0.0739009390003843,-1.1710344876372114,0.9999876965356846,0.004949038225846017,-0.0003373394353538546,-0.004951518272119763,0.999957343786131,-0.00779699140606781,0.00029873743721548504,0.00779856581844034,0.9999695460998395,0.2072810552034872,-0.013363906531285696,-0.13385184050084095
-0.2609542945461579,0.11198779130931064,-1.3590373564916067,0.999966179501055,0.008174360395855512,-0.0009053652205621034,-0.008184843983640042,0.9998914177805429,-0.012254018841965853,0.0008050981476851215,0.012261014678013056,0.9999245068184088,0.21359858421084374,-0.025658166402632274,-0.1547616143718995
-0.37538398014289454,0.20797884197604932,-1.5996436936932124,0.9999280542827776,0.011848419057859178,-0.0018711558160181233,-0.011877718375965022,0.9997931203848283,-0.01651170001392052,0.0016751311709003055,0.01653273712964068,0.9998619217364778,0.22120330525571422,-0.0473639913425459,-0.19134428465191802
-0.4819817093766452,0.17679063823366648,-1.8146574391234391,0.9998544328302229,0.016706018271032522,-0.003467290481233163,-0.01677522701256204,0.9996388041472127,-0.020996499751332817,0.0031152702018173656,0.021051607935229977,0.9997735368046661,0.2176841787050624,-0.07281290297751253,-0.2364879976461271
-0.5716116863013972,0.08954995551875047,-1.9977448253952332,0.9997423654139209,0.0220286949885019,-0.005471690203383214,-0.02215651828636872,0.9994538710911074,-0.024516285575639063,0.0049286401779858454,0.024631202936601176,0.999684456390061,0.1818240353784729,-0.09657392583494095,-0.27535245485942184
-0.6575728086368332,0.0011492383012205731,-2.2255503379287274,0.9995677809480833,0.028283184198625595,-0.008019525055214794,-0.028489364998838203,0.9992325927870086,-0.026880877852402625,0.007253093994122361,0.0270977306012779,0.9996064753810735,0.11822799898166098,-0.11715651499807585,-0.31030665087575127
-0.7448500294677736,-0.1453831887648621,-2.533413873244209,0.9993435351933314,0.034546511006436985,-0.01091041908346837,-0.03483905920904248,0.9990042454088155,-0.0278703715187385,0.00993673088714862,0.028232184337132114,0.9995520022224108,0.057149442986560856,-0.14795767788152325,-0.345303976492299
-0.8100770642030137,-0.40862496356927147,-2.828124684424844,0.9990295263282568,0.041442822072591735,-0.014916367620778116,-0.04184070635935994,0.9987476467323638,-0.027431613840894258,0.013760843567474694,0.02802910353945754,0.9995123853855367,-0.01804793407453308,-0.1975788698387232,-0.3632332147039355
-0.8317631356806067,-0.7703207713045941,-3.0314171032850346,0.9986358764742472,0.04816373373356115,-0.0201653408439983,-0.04866567951262948,0.998497476461424,-0.02518811500971882,0.018921888280138313,0.0261351153242417,0.9994793233933869,-0.11006868664926174,-0.26276526921479615,-0.3558764809625566
-0.8074094009602164,-1.1840185754048067,-3.1382945906213595,0.9981366126241578,0.05468005474980612,-0.027081250926242934,-0.05522890593350403,0.9982743757032265,-0.019950908844519385,0.025943602073730816,0.02140940043280906,0.9994341234341299,-0.25068135239899425,-0.3338805604161528,-0.32990377004512755
-0.7383066068157005,-1.6234692761876175,-3.145102520729011,0.9974582741440937,0.060891560161788025,-0.03700282749397768,-0.0613190512999684,0.998062680867816,-0.010528960377015631,0.03629001638409052,0.012771176923536735,0.9992596918473345,-0.3921878961415756,-0.4180161915583672,-0.2717671484196234
-0.6261118173769067,-2.078038686616175,-2.99856168180273,0.9967775035965586,0.06464819000114284,-0.047489155113440956,-0.06470587697369133,0.9979043266069639,0.0003231472859581419,0.04741052424175286,0.002750721483363569,0.9988717013322798,-0.5121997773880913,-0.5015175311123107,-0.18409617611866072
-0.4598260003265082,-2.557322068038932,-2.7026802916400072,0.9961259951078741,0.06571215845298883,-0.05843726637853898,-0.0651493414681404,0.9978094089827984,0.011486803370275026,0.0590640768709261,-0.0076351540160634985,0.9982249943006517,-0.5798350137146445,-0.5717780557070457,-0.054174955910204076
-0.2257226590334623,-3.091978138286646,-2.404028140656403,0.9954001835940866,0.06385537708571848,-0.07142104254419046,-0.06226471705265061,0.9977642269034054,0.0242827618322977,0.07281194621222341,-0.019724054580421185,0.9971506316297938,-0.629425244472394,-0.6303490625720201,0.09903179706399695
0.04756453397580296,-3.61876491019045,-2.1501581839597743,0.9945776933363031,0.05900620166841754,-0.08563574068404167,-0.05597075131728401,0.997730694759038,0.037426404217172526,0.08764979700385585,-0.032430370030489514,0.9956233144040312,-0.6641279637922817,-0.6885836824638937,0.25527169509990866
0.7178857500576028,-4.527656476685605,-1.587061898769266,0.9922556058087284,0.04289674463460518,-0.11657050244768816,-0.03576361236117426,0.9973971072380475,0.06260969976014394,0.11895283423287001,-0.0579558433027177,0.9912070134210301,-0.7166055454656535,-0.7991244677685831,0.4627026527216803
1.5993606470247694,-5.434702628289631,-0.7807729727421967,0.986980466886592,0.007576825675120031,-0.16066159994539259,0.0074356845980206344,0.99567235558613,0.09263514946350956,0.1606681940487391,-0.09262371205181111,0.9826528274964969,-0.8626301462339674,-1.0021475423161028,0.9287124835705183
2.1051220506852752,-5.9147647485306365,-0.25894216093471634,0.98280479061158,-0.013915600475573709,-0.18412251251363113,0.03403587209849008,0.9937222372220911,0.10657239164445131,0.18148361623414733,-0.11100662734146675,0.9771086048770882,-0.9056511770447604,-1.0586245667779708,1.1711463557325223
2.7196968561496493,-6.284451597917331,0.40124647207764486,0.9778338853225952,-0.039357515588572256,-0.20564989346365486,0.0645810224674535,0.9909804863054948,0.11741791728175117,0.1991737539234916,-0.12809629865230746,0.9715560478014654,-0.9926827168121263,-1.1216515707857646,1.6577872167504348
3.4905840848706027,-6.443858174738978,1.3112029121261797,0.9685676722654498,-0.0753616531315111,-0.2370596664967987,0.10892977810681811,0.9852674387393825,0.1318422451323456,0.2236313208919695,-0.1535209933436593,0.9625073178521237,-0.9926827168121262,-1.1216515707857646,1.6577872167504348
4.259925553236093,-6.342310548087357,2.3444453685912263,0.9595219317030517,-0.10701480797852832,-0.2605100640170402,0.1474545922418427,0.9789727251274002,0.14095937955107732,0.23994750635844422,-0.17366702142304224,0.9551256251731566,-1.1102543508706162,-1.1519302804748315,2.1043415574123547
4.96006836085969,-5.83878584334315,3.6269461569035246,0.9468599300342119,-0.14386778387071414,-0.28767748201716553,0.19288836586136432,0.9696993687049807,0.14992402291992823,0.25739143577621165,-0.19744668925381373,0.9459198981371354,-1.1767530769041834,-1.2091908201396018,2.2952427519382512
5.546700811425857,-5.015927780735566,5.111842837386575,0.9287187372860085,-0.18728388292440593,-0.32000977205491576,0.2471950122402187,0.9560142044201889,0.15789701349421448,0.2763623218484026,-0.22574673451368304,0.9341639464885,-1.2140744042849103,-1.270894777047407,2.477126017426264
5.984396217317379,-4.025971104440705,6.641779940442102,0.9080725304706576,-0.22838890146674437,-0.3510595235731828,0.29964381589664674,0.9399207054155156,0.16359294338722724,0.29260530241182087,-0.2537470733191096,0.9219514953523713,-1.2494644167281392,-1.2894071501291327,2.575337791657316
6.30759530558524,-2.8312063899294877,8.070743392649328,0.8817765871504554,-0.2718995369925852,-0.38540977171902757,0.35695433492859985,0.9188035405785888,0.16847449835488787,0.30830772473127627,-0.28613055692020684,0.9072351686677254,-1.3058547183018552,-1.3148095842582483,2.611937012694284
6.388992087476119,-1.389716516572447,9.31155222571439,0.8520268110066075,-0.3131389605283932,-0.4195167514237158,0.4130184323088792,0.8944957343309619,0.17115243450453663,0.3216614491962419,-0.31909461396725436,0.891466510553292,-1.3121962477950224,-1.3189771696027628,2.6142309542078315
6.208568521553387,0.2103808368066291,10.305632495393876,0.82151205893213,-0.3495509242179,-0.4504798423986407,0.4635027302848631,0.8695275971167732,0.1705490453529678,0.33208907848282243,-0.3489067342868905,0.8763452143543018,-1.2373373612772762,-1.281787817799723,2.58477882011104
5.826745434370334,1.8353345499281613,10.990721808327942,0.7893742262205632,-0.3836562519428608,-0.4792663260900382,0.5108346525294502,0.8434668980267208,0.16616723415974022,0.3404941831423899,-0.3759939790453268,0.8617959381244837,-1.092476681385031,-1.189218357924985,2.519678086030016
5.381498620147779,3.2990005633179127,11.225447632939929,0.7604866577228258,-0.4125085770615138,-0.5014944837944386,0.5494383095453487,0.8203872177196838,0.15837410459449003,0.34608898773222424,-0.3959816748952425,0.8505415484958055,-0.8695986726505988,-1.0000065603704769,2.4099713997077674
4.849990291744381,4.720206727180225,10.96426047997775,0.72812510957249,-0.444298748847167,-0.5219506169963698,0.5893338452359684,0.7946420279303079,0.14570403668463075,0.35002777556850767,-0.4136939318139076,0.8404391037492915,-0.6437490369546659,-0.7428538926837722,2.235164446086965
4.349322310552003,5.964798373898904,10.300408039740493,0.7014367974329071,-0.4722147951476894,-0.5338535440087406,0.6204807530849434,0.7731372483607157,0.1313865679906564,0.3506993787536683,-0.4234052225006762,0.8353071071773208,-0.40035977524698857,-0.38631056424355253,2.006322967828626
3.8765946923062016,6.996542175238902,9.403544299148317,0.6796842473024207,-0.4999093497223161,-0.5367680747111853,0.6458256574811073,0.7548038684415647,0.11480566329561159,0.34776219476538506,-0.4246901956083522,0.8358825836480277,-0.13354111903523364,0.08250902304267416,1.7009636464935434
3.4391267286495077,7.7854502811795046,8.333009785108016,0.6647183846461391,-0.5283380723279462,-0.5282124103447564,0.6649753699844496,0.740672930332967,0.09597586981122365,0.34052492776223053,-0.415045168145307,0.8436707189251987,0.14466266525269605,0.614402778483735,1.3265553122981413
3.0753752346168355,8.31098202062402,7.042769224979763,0.6605747082318525,-0.5527368404392847,-0.5080581069775383,0.6744450269752386,0.7341751255545597,0.07817154600823134,0.3297953311264022,-0.39429540986187467,0.8577681326145681,0.4540336157727478,1.2455123521291478,0.9239123057413591
2.2899493836936204,8.975335641563575,3.5755604932440006,0.6696711438511214,-0.5928939029323174,-0.4472330253445225,0.6781368678039456,0.7336900441494295,0.0427704061362864,0.3027721050859626,-0.331927309785881,0.8933942653723064,0.8243930927199787,1.9660105485022363,0.5460945589339614
1.7490775085552341,9.377306084746206,1.3817093628485235,0.6838258678862288,-0.611927376531254,-0.397400387847348,0.67320642939326,0.7391782937735887,0.020212704854732057,0.28138103317960844,-0.28135446658182517,0.9174226824649765,1.1349971443893965,2.655401721254842,0.13899615363867512
1.1216428874524667,9.815950975691784,-0.7901539415461918,0.7184985106680514,-0.6204317417240681,-0.31436339486179227,0.6516785301457415,0.7584587007224249,-0.007449338597317719,0.24305345814219181,-0.19951153640752328,0.9492734923747906,1.525642903832095,3.7461293822054227,-0.7239754788557728
0.26836304426889335,10.110686058522356,-2.640710903674047,0.7500597930000407,-0.6165938275897189,-0.2392119535119344,0.6286912139528505,0.7770148677461541,-0.03154762748478103,0.20532331680359073,-0.12672784650457358,0.9704547328428492,1.6406373500483795,4.117636636687542,-1.136300983898596
-0.6395305907534965,10.080363749522409,-4.037399472332182,0.7858674101207556,-0.599028881155507,-0.15354742997418536,0.5977088924722871,0.7994762919452262,-0.059847627163189934,0.15860798709285867,-0.04474436455122771,0.9863272521183113,1.7205355463244703,4.335179532279359,-1.5563552330653487
-1.5713898335565757,9.786171897926486,-5.336384949293543,0.8197445566533599,-0.5682056744371636,-0.07184130688256024,0.5623316638887483,0.8222985289377966,-0.08722516319760147,0.108636833649083,0.031103711099222518,0.9935947853781026,1.6466538672694784,4.38632153094178,-1.9889868102181598
-3.78324427473676,9.158003133491167,-7.8916017571863915,0.8779839185257354,-0.47057058082994124,0.08779275179401941,0.47863456049672937,0.8657857675433389,-0.14602726532225074,-0.007293579937027353,0.17023023578895594,0.9853773239297415,1.4600190062793963,4.294383052559578,-2.3669099300154373
-5.044559752856363,8.902631639636228,-8.766002390702742,0.8992572675571414,-0.40587907342363544,0.1630906021278801,0.43143341529500867,0.8844694289218892,-0.17770491684101647,-0.07212194473631708,0.23016517342847226,0.9704753567340559,1.223215343447082,4.13508091150192,-2.6093310868886492
-6.163433246957733,8.497731357456654,-9.335247261845607,0.9152194740441473,-0.3391350285505893,0.21762524380306855,0.3822139783697931,0.9016575900288359,-0.20230191566598582,-0.12761578691168957,0.268330063081614,0.9548367337809786,0.7533002454354006,3.51393360186976,-2.899952371358612
-7.163253540344982,8.013812878727313,-9.412295708745924,0.9250652161833051,-0.2637628823690705,0.27328279801717187,0.3294426167720959,0.9152888991908406,-0.23176236379613901,-0.18900240226539128,0.30442630126580644,0.9335966575751712,0.7533002454354008,3.51393360186976,-2.8999523713586117
-7.725876882575808,7.08739592302301,-9.516891076155114,0.9313590290298258,-0.1965511102588801,0.3064930995970726,0.2781230213821806,0.9273142287294123,-0.25047136797091846,-0.2349849868010017,0.31852155696589435,0.9183278683161888,0.13824118277183411,2.5791648263648437,-2.8595963565089733
-8.034625010076901,5.665311390153698,-9.731368767033722,0.9348584871800458,-0.12866365978316968,0.3308855868705016,0.22358769032651332,0.937335498428535,-0.26722782063285583,-0.2757682970935762,0.3238021402599607,0.9050436565609294,-0.09093835738627923,2.099524632740957,-2.8152816693470784
-8.287620363367727,3.8896731518231817,-10.13774371658149,0.9362317943006622,-0.06892170594097802,0.34455743467635064,0.17268371452275025,0.9442402502791576,-0.2803403012258138,-0.3060234665498509,0.3219629609177739,0.8959293999628946,-0.27082039200189045,1.6158104185761597,-2.7308752688634463
-8.54335739823581,2.203446333498632,-10.492256036424768,0.9365573205815557,-0.011710607273997005,0.35031877903185676,0.12080047583815724,0.9489955047205044,-0.2912297667779698,-0.32904046909517304,0.3150720452492573,0.8902033340760293,-0.40091820739769485,1.1286285188596072,-2.5497417453757767
-8.632984764891381,0.7279381513609398,-10.573855738434252,0.9370761995583176,0.03414545662148311,0.34745112463978295,0.07622644647237888,0.9511849543352999,-0.29905971227222766,-0.34070181255686494,0.3067267031711853,0.8887299952641424,-0.45515247077517024,0.6073163068038646,-2.3416430561197257
-8.376218776038876,-0.6981361343997281,-10.391604640031224,0.9385888677599604,0.07427246433074888,0.336948866089964,0.03382487638074912,0.9520466727006195,-0.30407731046151254,-0.34337561802623934,0.2968008322796916,0.8910681516602311,-0.5189338079177986,0.11315794450968952,-2.0880536185204686
-7.645837211218837,-2.555751107219926,-10.094400624235375,0.9410581365851469,0.10388822167009394,0.3218956678259524,-0.001015595618915949,0.9525281854643214,-0.304448722220322,-0.3382433327242818,0.2861770313883932,0.8964899076806706,-0.6406845974622772,-0.3105770332380683,-1.8001002250314366
-6.524193008603289,-4.938218123732854,-9.798451880392454,0.9448564257098372,0.12628262603266524,0.3021572986990787,-0.03204117490601227,0.9538815785361511,-0.2984682516450011,-0.32591363565440534,0.2723281705804147,0.9053273825544281,-0.8516809865468968,-0.6779061522667225,-1.4434661570832321
-5.244193066189755,-7.4446185552037525,-9.447345548851466,0.9505680861021396,0.14252129397074423,0.275876774029673,-0.06137766224298717,0.957155811801751,-0.28299387716294766,-0.3043897111626807,0.2520722767363291,0.9185893919696999,-1.106482567337734,-0.9827965429661281,-1.0459033942238385
-3.8760315530867135,-9.701710331252468,-9.102524844159898,0.9576060200567518,0.14986902186104886,0.24602842648255036,-0.08431577499206444,0.9624342800957549,-0.25809127568372825,-0.2754660785624151,0.22640568186991067,0.9342691832541977,-1.379844033277427,-1.2440717339652287,-0.6508659125890525
-2.4612354216840204,-11.745299662303182,-8.403386160361954,0.9643410545064972,0.1501664678784807,0.2179366020616944,-0.09881569876844389,0.9681909777504765,-0.22987320043772191,-0.24552349840738288,0.20014060689294969,0.9485051129025721,-1.5908402951533218,-1.4178556834066307,-0.3287771158140184
1.024716381654938,-14.636997384001388,-5.293577453987062,0.9771278383311262,0.14155141810129435,0.15869588397892503,-0.11479183124568826,0.9793020401657904,-0.1667043778860737,-0.17900844403994237,0.14467449727106044,0.9731522320797318,-1.6641506682398066,-1.5410674225688183,-0.05023167288526567
2.997574866769149,-15.34358624466635,-2.9993440686882025,0.9841211095673973,0.12718404712784928,0.12381381126520269,-0.11143824787662329,0.9856574093936824,-0.12673195420857236,-0.13815628329548527,0.11092199720306388,0.9841794307556222,-1.763507850980326,-1.6598009543835373,0.4381400953976788
4.856312220301695,-15.582317910257721,-0.6403903446365015,0.9896555452518847,0.11007782372751579,0.09200420901028439,-0.10206955741594498,0.9909090440097621,-0.08764172492924296,-0.10081521314319163,0.077344290177582,0.9918942249936826,-1.9136537014478503,-1.6972502944462318,0.7094602770611556
6.486224483049919,-15.31324371087108,1.6828080976089121,0.9944656181281075,0.08795134408670559,0.05746908242196523,-0.0854608126894834,0.9953495197098964,-0.044449781863719784,-0.0611112416461463,0.03929242530846379,0.997357268714599,-2.045948196904186,-1.7603770517435036,0.9842545097968973
7.676068165036095,-14.305933181590415,3.729619597902659,0.9978662460649549,0.062102562540161346,0.020155066116983367,-0.06211388794660605,0.9980690661470503,-6.422236527714453e-05,-0.0201201363909655,-0.0011878241877939996,0.9997968639605285,-2.1214959435072083,-1.8511207470188618,1.2303253310705267
8.766272581798876,-10.813611540705704,6.895386949351841,0.9985624276586496,0.013113859736540053,-0.051972153613972935,-0.00923848847309842,0.9972067564418926,0.07411703742981943,0.052798943163632484,-0.07353034468470246,0.9958943518322373,-2.0855535437959456,-1.9522840189045476,1.4355601032621281
9.040487422831099,-8.91456221009146,8.753189922718576,0.993965655520718,-0.028143653756463865,-0.10601985851011841,0.040354473106123105,0.9925625771460744,0.1148522831704769,0.10199898110077626,-0.11843760045855548,0.9877088349569537,-1.8091364027515586,-2.0243126808114074,1.871451264154655
9.195472579670788,-7.276875338683299,10.204274954691677,0.9875244306860147,-0.0603645183852494,-0.14543597807413267,0.08080183170293802,0.9869914548941963,0.13899256080556727,0.13515384860118826,-0.14901004290300704,0.9795557382417454,-1.6771800780832646,-2.0173434253093254,2.1352255129450786
9.06524270333372,-5.363209750291329,11.45973405046832,0.9752122059156553,-0.1001229857653059,-0.1973234429928744,0.13419850648114592,0.9766665125290287,0.1676701647956967,0.17593156138496535,-0.1899945026200138,0.96589345928152,-1.6771800780832649,-2.017343425309326,2.1352255129450786
8.900551202333329,-3.6129339371412197,12.079800789045139,0.9645823194337688,-0.12920425793912865,-0.22997219128879504,0.17384495139244918,0.9670797159743928,0.18583529219781242,0.1983907304062573,-0.21923294159703327,0.9552895034530544,-1.985788553662091,-2.027978532125486,2.6400545895776077
8.488476986081162,-1.4719893689417622,12.718404981236716,0.9419176758697494,-0.17761965212326564,-0.28503043883722307,0.2434298564144819,0.945771733253464,0.21507611114385744,0.23137198812767926,-0.2719689095436277,0.9340770393021631,-2.1565682242979567,-2.029493659717332,2.7999015140367147
8.08257913363411,0.19531666325940744,13.088355128651308,0.9214258494306757,-0.2116003103491993,-0.3258829738741814,0.2956710790552568,0.9260004700227109,0.23473760356623774,0.2520972372146477,-0.3126474662904567,0.9158048617532554,-2.2604712602086416,-2.0265643147867864,2.873259210542336
7.454435130430186,1.848943254125568,13.341360976345292,0.8908339182494666,-0.2522664890359544,-0.3778578417947359,0.3622250466095188,0.8963786362581491,0.25553543016324437,0.27424067113583894,-0.36450920285975585,0.8899017335220276,-2.2352470311409967,-1.9884812325021157,2.888476661215887
6.772554356127085,3.251564644599748,13.36241999675669,0.8580348554344013,-0.28711897353800114,-0.42583903284474844,0.4232599268829162,0.8649503652013943,0.26965144174108224,0.29090758181033216,-0.41161093373774693,0.8636835173099027,-2.1232025670932604,-1.9197716177436739,2.851996833870186
5.986027421986279,4.6854385333085276,13.178158528588014,0.8190955138274246,-0.3204570249645912,-0.47580440769147014,0.4861805901386381,0.8280301464126881,0.2792749727494914,0.30448476645020117,-0.4600797450253883,0.834035763751855,-1.9876974090444999,-1.8251223825954548,2.7574407660146667
5.299751873966769,5.893682110192,12.78119571882762,0.7861419229070262,-0.3442320089395138,-0.5133080956594294,0.5333901746697381,0.7974325998483686,0.28212793244352713,0.31221114428192714,-0.49558609012011107,0.810505168808707,-1.7691927500861115,-1.6634274812580387,2.61810470348367
4.421384037782854,7.051311678597263,12.106909201237121,0.7483894214867103,-0.3686629855933703,-0.5513627452595702,0.5818363322669262,0.7639814978507515,0.2789242789645511,0.31840187854495927,-0.5295468572233294,0.7862571905832949,-1.4278123034938233,-1.4230149449342369,2.428810482082973
3.4368612984561686,7.988786534383717,11.080771259138965,0.7110696965786986,-0.3917470597759833,-0.5838785214103615,0.6244867961924476,0.7334645720382299,0.26841379052885894,0.32310389658555805,-0.5554853397900334,0.7661852969677635,-0.988474421779557,-1.1052699652628108,2.1800603897043436
1.846761681315162,8.948235183629853,8.22173907620129,0.6542125770752569,-0.43074002027898173,-0.621666260083828,0.6809140399451535,0.693211377330295,0.23624998739768585,0.32918380002989545,-0.57785899774071,0.7468045289953588,-0.43183514219154095,-0.6403497496679449,1.9046797752869806
1.5548891584637285,8.91708757480405,6.6152401648378065,0.6384575114638158,-0.45794279857854986,-0.6185955053873876,0.6943449153137639,0.6894570917980476,0.2062378654546789,0.3320499128645497,-0.5611927581494833,0.7581593127880315,0.7010769258458018,0.5516859299634531,1.2685781081091547
1.5305286400912859,8.724016491453215,4.986471031742495,0.6340755477750611,-0.48373237096186594,-0.6032836753943936,0.6976235771957447,0.6943995855045513,0.17643854508502882,0.33357089839248616,-0.5327402828158571,0.7777649045893688,1.2651723007296156,1.2605045311593854,0.9278003620148935
1.5256294502731107,8.556851491611177,3.418520041231928,0.6393549917890976,-0.5126977043188006,-0.5730325108234215,0.6930280094450162,0.7070624557266907,0.14062311981470754,0.3330726236108918,-0.48703567393772446,0.8073777800466044,1.7622360511634299,1.9623358670660482,0.5731358587598174
1.4165745842762938,8.526398973460731,1.7940522639549286,0.6536541367796239,-0.5394669929748288,-0.5307651391732325,0.6817351509741684,0.7242470051552208,0.10345752485886568,0.3285931426507768,-0.4294666913910669,0.8411806628712382,2.1466676497016532,2.634078451724879,0.2119077682368588
1.1718514213703135,8.572992413284886,0.12724831534642211,0.6775920397552059,-0.5636724878296072,-0.47237945988829866,0.6632025429476299,0.7459318959918833,0.06122085894327733,0.31785439227447787,-0.3547660257210881,0.8792665422418197,2.4445065471971876,3.2442016212270577,-0.1496595412839944
0.6945555268667025,8.68752223376546,-1.5189408268712397,0.7067179720026814,-0.5788831289841714,-0.4067481174214728,0.6401356339158888,0.7680225429512338,0.019176644905314837,0.3012906872764597,-0.27392644358698803,0.9133390527423331,2.6508539188526417,3.718695829092516,-0.5174100099561325
-0.045145726045129564,8.909437477418424,-2.983343960777945,0.7427307090265415,-0.5830156233196437,-0.32930817911819027,0.6100058027149976,0.7919609029780326,-0.02628400289628014,0.2761231872244039,-0.18135796403639565,0.9438565962886573,2.7064391569882673,3.9974424097781553,-0.9129227520683423
-1.7912469556805637,9.45401967079966,-5.411385662513381,0.824070041961328,-0.5382127410153891,-0.1767359933645566,0.5298429375779913,0.8426793918579488,-0.09569693849148624,0.20043709098013918,-0.014781337781791054,0.9795950615498218,2.2367069517568505,3.982335846006896,-1.8141139091662266
-2.6550095698688216,9.435445885226148,-6.495489350211493,0.8482121608321929,-0.5132769881394027,-0.13070142946014596,0.5014650123342361,0.8576642670722926,-0.11377542086044962,0.1704962510467819,0.03096350164130001,0.9848717124301526,1.7427230268181864,3.797289576847785,-2.193865416415976
-3.4585716248176954,9.342298839470399,-7.119195088863268,0.8889802471098478,-0.4550203939036851,-0.051677474592408984,0.44475463012224503,0.8847482404634905,-0.1393336642078406,0.10912121348912635,0.10088107914020836,0.9888961364259479,1.2806974523035572,3.5737970219805693,-2.451482179414838
-4.220059790534001,8.855392453523681,-7.87529209292024,0.9109715134787372,-0.4124317050697303,-0.005566891730025343,0.4068551394789558,0.9007096164490825,-0.1522861855708094,0.06782180408849933,0.13646345844006058,0.9883207613931615,0.9138605365066848,3.369037827599592,-2.6050703558010153
-4.985654311099687,8.272597526997412,-8.538483580431892,0.9351988363336771,-0.3506822279172086,0.04924542154514381,0.3538951679204447,0.9205279112072626,-0.1654888963373528,0.01270222983167088,0.17219274000786888,0.9849813773091779,0.5821788503164691,3.107418157413597,-2.7297769313312457
-5.691503243857889,7.575324320288536,-9.183636981306726,0.9537005427286173,-0.2848195394766653,0.09660799517348859,0.2979547467782182,0.9384957015162385,-0.17449580828166608,-0.040966372447027555,0.1952015578007621,0.9799071936467689,0.22398371527151273,2.747932648571508,-2.7870379019304257
-6.861706460907768,5.558298679455386,-10.741700429247711,0.9719571381549774,-0.1680066010622628,0.16453906402156177,0.19756664182966557,0.9628904360971315,-0.1838734078349151,-0.12754114483465576,0.2112245015905637,0.9690807326028531,-0.11443055492811582,2.3650863881611777,-2.766575600342915
-7.334846775001864,4.074832496249126,-11.469553304206555,0.9768518550404137,-0.09515294185165896,0.19158906795816155,0.1309241118883191,0.9742263227122337,-0.1836898175208799,-0.16917248662343748,0.20452136756724004,0.964132604976135,-0.4902504405124726,1.6011050719922504,-2.6206536979346993
-7.651743748232574,2.1559956179777555,-11.95766287951032,0.9780091136919848,-0.043341245827321254,0.20400909280116333,0.08196173983734398,0.9793408018986658,-0.1848617508824217,-0.1917822899494462,0.19751741732468764,0.9613565535820364,-0.44819487560489335,1.1370326886356295,-2.48522705493171
-7.765000020357417,0.08667772460318712,-12.182118185400693,0.9782436307255877,0.005888429968333832,0.20737580702031747,0.03391294439645464,0.9816123345005682,-0.1878487076311901,-0.20466878400768113,0.19079452599289515,0.9600563200687566,-0.3440292430947916,0.6179667796112925,-2.3104220562880937
-7.75669126087586,-1.867944507296674,-12.332437086848927,0.9783778543151498,0.04826935080522715,0.2011140073652888,-0.008874734775319533,0.9812872547574848,-0.19234490565956658,-0.20663497590764052,0.18640116261268846,0.9604980964626042,-0.2206925393198501,0.0974682088770209,-2.1361397103616087
-7.2248541887551045,-3.901745706159432,-12.402333771531568,0.9786624097007797,0.08410843460393425,0.1874717553850156,-0.04631895591584225,0.9792046842211984,-0.19751643152439244,-0.2001860188962495,0.18461841085801725,0.9622066307247784,-0.11430259610351845,-0.3301916439072148,-1.9121298982332546
-6.406332794713659,-5.896168809162072,-12.339171158660623,0.97906361907664,0.1140005872558639,0.1686365793826191,-0.07878454846287655,0.9761156301362172,-0.20246301273881395,-0.18768970329789747,0.18493821322023982,0.9646607862698948,-0.048321344245442946,-0.6394166680542813,-1.6596615116860647
-3.7821497470520775,-10.262121149509573,-10.849806111648261,0.978682234211549,0.16263822152847546,0.1254188715335351,-0.13365926324412825,0.9680195553138877,-0.21230483244368373,-0.15593680062040377,0.19101557378381115,0.9691216460198963,0.0402656807418556,-0.8149627068957408,-1.4079181935303826
-2.4329689183832306,-12.350641447652226,-9.110669614656066,0.9782100008538005,0.18108659973600105,0.10155214239818432,-0.15620728704894393,0.9641385829348592,-0.2145601928810918,-0.13676431443332174,0.1940217418033765,0.9714170505015683,-0.018143529246726436,-0.9725883597792064,-1.1442706623571528
-1.0441389375876056,-14.201522796762788,-6.783360265915876,0.9781651015233463,0.19369696862767405,0.07532940001268576,-0.17423273219950147,0.9618676387413658,-0.21084022522376264,-0.11329602460862459,0.19311170313204812,0.9746137085642296,-0.26796357989874153,-1.1376228683982592,-0.8742942138060565
0.4516541595665462,-15.649362987750354,-4.220115017780118,0.9787945656879508,0.1995881801662273,0.04610592714249993,-0.186723850656877,0.9618716839283716,-0.1998426061996488,-0.08423420787069902,0.18699578068698092,0.978742650664444,-0.5840071228856744,-1.3403193313517074,-0.5634360759534252
2.176342745686971,-16.576805508673402,-1.6743784502441956,0.9810601001612569,0.19289357413150207,0.01769601453320135,-0.18671185731298517,0.9660175506246201,-0.17874220045626027,-0.05157288250931819,0.1720527853421311,0.9837367924631538,-1.2038431629270563,-1.6407797452908117,0.08410640387083862
3.9657248127028137,-16.987789875941797,0.7429875080210389,0.983582028644568,0.17994104738623104,-0.0136971673342407,-0.17989325697384845,0.9716368104400523,-0.15349372851430612,-0.014311150295376662,0.15343770091939268,0.9880546861959583,-1.329037263477131,-1.7217489965588328,0.4050175428060912
5.7780508940675395,-16.97759853096235,3.1122605537508474,0.9857721172407702,0.16248607409374205,-0.043030321823711755,-0.16677044582249434,0.9774392489044974,-0.12961532741608695,0.02099883974927274,0.13494736168823804,0.9906302328833739,-1.3852330603639058,-1.7823903202974278,0.7483365094817924
7.172654309690424,-16.061273642422954,5.531841542303081,0.9874348016434071,0.1367630394858544,-0.07917312381127586,-0.14436839242445887,0.9844587628765346,-0.09999355711435345,0.06426725272035802,0.11016721484268745,0.9918331034007597,-1.506450285564954,-1.8799609683717229,1.0312311991350454
8.23041035545616,-14.484700653552462,7.930089239488672,0.9873734908415647,0.1080248791192752,-0.11586291500997259,-0.11645857713363027,0.9908195814188346,-0.06865826162244705,0.10738244453984266,0.08128457767788572,0.9908894126169553,-1.7541168935833014,-2.0146554084898303,1.3016552088488385
8.825502574458248,-12.224188507449565,10.129729985350092,0.9843774950853539,0.06948727143626333,-0.16177906625341426,-0.07500717901547688,0.9967825054901214,-0.028258801194972552,0.1592949160068322,0.03995191931784923,0.9864223101071851,-2.079254321446285,-2.183654912019942,1.6236197122932228
9.23097246525583,-9.915778361387401,11.705276514591352,0.9783892888096009,0.030964256300116302,-0.20443975732333358,-0.030111380412794826,0.9995200230139216,0.007282057668443639,0.2045671144448169,-0.000968723919036095,0.9788520609681981,-2.236700134493279,-2.2685945445336553,1.9538821849207615
9.630119624051789,-7.603177271676692,12.886754700000981,0.9682328943458531,-0.012872327174114895,-0.2497185725967818,0.023816648442936232,0.9988812111820625,0.04085453713361989,0.24891329728159833,-0.045504166189253646,0.9674562219014474,-2.272636345172526,-2.2945881613787247,2.269887033008364
9.899807985573503,-5.148283456015683,13.81626908543076,0.9530239711457618,-0.06054306021978016,-0.29678249321815775,0.08583665221918524,0.9936358289740519,0.0729377029721429,0.2904778469304753,-0.09498619498787071,0.9521555772059316,-2.351015383924912,-2.2546338659029717,2.503960450437016
9.832013332721184,-2.566304880419019,14.516853190962292,0.9336121015105646,-0.10715158603663782,-0.3418873813448805,0.15029105079655264,0.9833434109750759,0.10221710298365969,0.3252399790362419,-0.14681373812329945,0.9341652328869703,-2.4621266115338765,-2.1678945225437007,2.6447128312370274
9.267784058131475,0.0974512180405025,14.961024269762143,0.9098859519727902,-0.15169340902345585,-0.38613037184532817,0.21639602896087098,0.9676418260644476,0.12977694364034134,0.3539495911179093,-0.201639297036824,0.9132695554095513,-2.571691290883383,-2.0904269718339323,2.6879951207689965
8.17498301627573,2.815342860409728,15.071543170952777,0.8784370108290598,-0.19687515465674468,-0.43541772068278134,0.2898947759779712,0.9439169631127058,0.15805627355081447,0.379880819292562,-0.2650678030749308,0.8862446744024141,-2.6272545864490784,-2.055718984319504,2.6403837969712125
6.891600300442417,5.08831717226773,14.789338258504579,0.844412113839777,-0.23378831865020602,-0.4819867260240147,0.3567710199481448,0.9165993986291667,0.18044384655014273,0.3996030797251192,-0.3243278657398405,0.8573965326375186,-2.5521470495889833,-2.045345406198394,2.532593973963358
4.882552379492983,7.642927604351535,13.716524136652186,0.7848600769276936,-0.2816587456506872,-0.5519628707110069,0.4502982211433323,0.8711538345350303,0.19576135627356306,0.4257066732859678,-0.40219317196267124,0.8105642977249854,-1.915065085441674,-1.8492203027486014,2.25663844002228
3.9739929633087345,8.469015257079237,12.947842479690339,0.7501541373836788,-0.30466999329525846,-0.5868943391715541,0.4958888227174118,0.8463271080790207,0.19448573632670907,0.43745062083632735,-0.4369286226788868,0.7859582259979483,-1.4160979897024624,-1.6174605811231522,2.0941842247922025
3.219408204295047,8.99852538171919,11.969902956137869,0.72009172707008,-0.3242034080231674,-0.6134819107613462,0.530137241984259,0.8274920177124515,0.18496341606788136,0.4476856143171821,-0.4584202338993553,0.7677424567425635,-0.8352939519569174,-1.300755956242801,1.8991595718566567
2.5637728807932096,9.259526237493919,10.751491762641217,0.6933914574845236,-0.34555908218130477,-0.6322951900888554,0.5565609581394477,0.8141807947296575,0.16537694327893582,0.4576550956368652,-0.46658177655733374,0.7568707017861197,-0.15422298143474028,-0.8009712314459425,1.7099025256156097
1.930733626215661,9.367081649275985,9.214137131036427,0.6625154185603499,-0.3685186185776656,-0.652125254787309,0.5847790187047924,0.7985153952503077,0.14285189124021458,0.4680884739581448,-0.47599074708428313,0.7445307174574334,-0.15422298143474,-0.8009712314459424,1.7099025256156095
1.69165606071798,9.196470255744092,7.535641584285277,0.6426344820379287,-0.3931732911173364,-0.6575984227838482,0.6004345642633231,0.7915793876163574,0.1134918813784811,0.47591938028804515,-0.46777861884963806,0.7447710434847526,0.534152188925267,-0.0870495671716991,1.5301235541908174
1.7606763862315882,8.920040394486572,5.763745574835728,0.6337189011050665,-0.41934478060601044,-0.6500386983562464,0.6060159697561655,0.791392206276041,0.08026842620878798,0.48077541407884183,-0.4448014510138619,0.7556498331855042,1.1420574786740558,0.68764721466326,1.306429941254384
1.912422742249511,8.708977640903456,3.886883973907062,0.6351657584537385,-0.44903655304295387,-0.628435066907623,0.6031063455357154,0.7966400058053581,0.040341506231103566,0.48252170444700393,-0.4046367200115939,0.7768152480196409,1.651282097776672,1.4407864052640185,1.032461391429481
2.040278596436627,8.636630274164823,1.9105569092969268,0.6569668293295845,-0.4759909879351033,-0.5846598708353395,0.5865921009785969,0.8098824983908648,-0.00021417209727539466,0.4736077408891755,-0.3428161580274986,0.8112784907570987,2.3311805570699686,2.8594646484214072,0.40389822319266805
1.8312980169646704,8.659554633012382,-0.028185082714640375,0.6797754571316788,-0.5010316572268263,-0.5356048976045275,0.5696415520569437,0.8206753327389413,-0.04472695388672408,0.4619673473867754,-0.2746985196362876,0.843283400321658,2.3311805570699686,2.8594646484214072,0.4038982231926679
1.3292328387829797,8.730855187276534,-1.9030240488662595,0.7173633812442007,-0.5140093672846645,-0.4703021896541685,0.5430054747207506,0.8354348133121754,-0.08481584244316503,0.4365029595239647,-0.19453288423726556,0.8784202429800614,2.580268717405221,3.9343504139268197,-0.30665245893071497
0.4219341808248487,8.978910071798136,-3.718934911658123,0.7550981541460489,-0.5209783376028911,-0.3980054639747513,0.5157805058927641,0.8468133296124354,-0.12991402746318784,0.4047187262114694,-0.10718561722184891,0.9081376526246098,2.580268717405221,3.9343504139268193,-0.3066524589307148
-0.5899047854871604,9.24704358754878,-5.520632642425531,0.797752054108732,-0.5084893060618645,-0.32408376353347496,0.4825462856586725,0.8606540085953973,-0.16255386702780483,0.36158089324840925,-0.026707735010612514,0.9319581291712009,2.2599060006343255,4.320010547218965,-1.0936659127997792
-1.6424100445065308,9.33070957760509,-7.0644470514689655,0.8394647286468693,-0.48279088984810453,-0.2494231866477382,0.44614503692600876,0.8743655613585447,-0.19089125474061883,0.31024760334953133,0.04896755854473645,0.9493938080828415,1.9694375967183975,4.2981987052251345,-1.4475848094406194
-2.7137963141719066,9.19504265215194,-8.220796489202247,0.8785931281564872,-0.4442472760815311,-0.1752668618145981,0.40592089000050424,0.8880144395746781,-0.216005986417205,0.25159957515345044,0.11863689477144312,0.9605326340013609,1.6849519827332635,4.197046382464876,-1.7544176534376652
-3.8521355330047404,8.992025453146761,-9.01786100777728,0.9129134566194146,-0.3946545850893393,-0.1040998520227225,0.362107393539673,0.9008210945526487,-0.2395821177652311,0.1883275239233402,0.18102241318944345,0.9652790423789246,1.4665261760669985,4.025782813915153,-1.992221819220239
-4.975593302257558,8.737229326331498,-9.593264330705427,0.9384033161866635,-0.342699738000375,-0.04422788423999101,0.320373952324156,0.9108515347690087,-0.2602114760750217,0.12945944091518272,0.23001384998172625,0.9645381703045824,1.2725650540746964,3.7695108265519846,-2.1213049175612673
-5.928947357633939,8.278736656633106,-9.935672729471499,0.958945109072665,-0.28334208033215696,0.01189719709255841,0.27519793664058056,0.919611606895278,-0.2803222933201221,0.06848630121696708,0.27208777623504277,0.95983220854954,1.046127378629179,3.432092362035725,-2.1904551264979
-6.5814159157962,7.4183732394354855,-10.228874226446282,0.9725120149597818,-0.2261597108392736,0.05542712289087565,0.23232567593987338,0.9264146988273392,-0.296277886612775,0.015657619804599836,0.30101094828884106,0.9534921331360352,0.7813778536674196,3.0286634801377046,-2.2571975545139407
-7.009882153021785,6.279788213465812,-10.563400386757717,0.9820408933491207,-0.16500819716479817,0.0914766563582368,0.1855758051217903,0.9322353354233368,-0.31064272072839394,-0.03401917611376604,0.3220397091300429,0.946114750651303,0.551043076508582,2.571374863413481,-2.314171397346639
-7.277941478371394,4.954756675776219,-11.029250608302744,0.9871046428523759,-0.10986296934794094,0.1164240182493966,0.1421938995105529,0.9358255372112436,-0.3225080756279924,-0.07352087459535167,0.3349040039613463,0.9393795767044291,0.398737801827248,2.1490416795383753,-2.309025142119806
-7.219927297647259,3.144227858226869,-11.393282402012181,0.9894705560309818,-0.05524314296241069,0.133776731546908,0.09765508783478878,0.9370156059259841,-0.33535837259734735,-0.10682463464818708,0.3448912138730071,0.9325441265835545,0.3708896774648392,1.686709641343445,-2.2293744061925245
-7.08883580339201,1.3319470447508754,-11.605591908417384,0.9898880572632007,-0.0078098560681961506,0.14163558958072373,0.05707623254644676,0.9360184554978936,-0.34729203078337745,-0.12986122502883288,0.35186425950291206,0.9269992476364141,0.3420779960007468,1.2250709241633055,-2.1517575711368457
-6.804926776784096,-0.15696077860281754,-11.658730510358652,0.9893006804674914,0.03547177501615722,0.14151295631058008,0.01740200450721654,0.9343747028618024,-0.3558666672941569,-0.14484934886180156,0.35452174521335444,0.923760249364081,0.15412015349179015,0.7668057664347859,-2.0358087363893205
