-0.21332868055596357,0.5276745018622246,0.7648372417521624,0.9999902451979087,-0.004137127023036049,-0.0015471551381746682,0.004131529869074997,0.999984972252945,-0.003603571730617549,0.0015620403219048244,0.003597144460823016,0.9999923102613143,0.16970947,-0.07327881,0.19487914
-0.2718439957287927,0.6233978365734062,0.903711630587498,0.999956518578945,-0.008623032840447954,-0.003550247330628758,0.008594095936661626,0.9999303701062898,-0.008086807412681328,0.0036197329331784543,0.008055944620644906,0.9999609988843373,0.22978708719139299,-0.10427366756130677,0.22990706655722645
-0.34580717073408807,0.7493141885651239,1.1063468825296592,0.9998762848266862,-0.014296868739875892,-0.006558550557724822,0.014201532766034796,0.999796041044727,-0.014359414277258266,0.006762507543708429,0.014264496329189044,0.9998753885540917,0.3051029549841419,-0.1500866525050661,0.27557845696475114
-0.432504865753104,0.9084353982952137,1.391638394060999,0.9997350862435638,-0.0204832504520356,-0.01049732272979586,0.02025237766975879,0.999560526638338,-0.021647050265797538,0.010936111388229443,0.021428719919950715,0.9997105638284997,0.39344633877555707,-0.22016754356876814,0.3325072949508998
-0.4978902058769912,1.0675501428693512,1.7113176376587766,0.9994443888084491,-0.028863050315254518,-0.016668473409550744,0.028318824541065747,0.9990862307256714,-0.03201168147697213,0.01757719704384482,0.03152186385463071,0.9993484948921533,0.4930044663438005,-0.30733135869885003,0.3948732702279944
-0.5133810222698818,1.1792962820486155,2.027181915895378,0.9988903839159577,-0.03970542643078128,-0.025327456093742824,0.03851465010801507,0.9982038954220321,-0.045886870576867,0.02710392309773311,0.04486047565765195,0.9986255129308892,0.6055956531898544,-0.40219303112949867,0.46565765818017146
-0.5271799632101191,1.2278594769360076,2.3777597103113104,0.9980531967192765,-0.05134430204582136,-0.03540591992676918,0.049105622894142845,0.9969022783959114,-0.061436838535355316,0.038450673838199,0.059578603344393286,0.9974827997037944,0.7429459744922499,-0.5213147437599874,0.5414074268796149
-0.6101336574168317,1.2187621919028684,2.7939216290225413,0.9968039381422854,-0.0641876953225046,-0.04755889688813489,0.06028454505263023,0.9950184753122686,-0.07939777966067971,0.05241834155930842,0.07627695298341283,0.9957078607260957,0.8959692460326539,-0.6669089286405893,0.613890624877982
-0.7629448163633157,1.1420111608295014,3.218185722273238,0.994953351282908,-0.07859841918352332,-0.062370804650585136,0.07211537249124514,0.9923558828564141,-0.1001457678123057,0.06976533395146375,0.09514247349169791,0.9930159655899408,1.044389567425001,-0.8338223861293153,0.6800915171688615
-0.9364626404022601,0.9679550536665127,3.5566990841177626,0.9920481586036227,-0.09581183360970334,-0.08161215320960488,0.08513777311959356,0.988433014139646,-0.12550592076492373,0.0926930989847578,0.11755964060493389,0.9887303577322994,1.178628022364318,-1.0171155397006855,0.727041101532065
-1.0785711104989781,0.6958689453610136,3.7597772349090555,0.9880069587490411,-0.11423972657614735,-0.10388231002089647,0.09761427789995261,0.9833869322320404,-0.15304115219550463,0.11963988554634011,0.14106532666486082,0.9827445606053461,1.2927216750711095,-1.2094106860231093,0.7538325508488266
-1.16532121166581,0.3231457550742758,3.7807503888790306,0.9828655048823025,-0.13263858269805154,-0.12799377208406942,0.10835387997380949,0.9775087207693212,-0.1809313060654433,0.14911350041856655,0.16396251766723388,0.9751315074353532,1.3807149603455953,-1.398493039436857,0.750438692852216
-1.1757021007838466,-0.15829087205096293,3.526660150814377,0.9757905787087396,-0.1529151032025509,-0.1563640550632269,0.11805754562108131,0.9701169030239274,-0.21198021225857508,0.1841063888766192,0.1883883374304722,0.9646837159893358,1.448708817101841,-1.5686610785520827,0.7278984865361005
-1.0533503767875807,-0.7074604910327438,2.987566251044091,0.9675085994951054,-0.17222739828036687,-0.18510762594932562,0.12484889353927552,0.9620664481901825,-0.24257143906228093,0.21986328407680578,0.2115794709992042,0.9523099620221656,1.5202050165125267,-1.7015301464648565,0.6752820520343223
-0.840325990664026,-1.2648047679580392,2.2964393303025807,0.958617444467155,-0.1896782012930623,-0.21230820784295926,0.12843568293184088,0.9536606843735375,-0.27209478942094417,0.2540804410282151,0.23356686202118837,0.938557217463316,1.6181238382346936,-1.7732671446038577,0.6063427687484124
-0.6658244901107235,-1.764232912588275,1.548156613414723,0.9433524140494203,-0.21668541649103867,-0.25126411042414326,0.13175075237301176,0.939666796415401,-0.31570247221642556,0.3045126633758871,0.2647144536940186,0.9149854074515071,1.6181238382346939,-1.7732671446038577,0.6063427687484126
-0.5061180009141618,-2.0837354055676167,0.8320304377955396,0.9319406840615139,-0.2323917812959191,-0.2783534109312606,0.12805560761185084,0.9291000028242007,-0.34695092752611306,0.33924669895242493,0.2876929695668286,0.895625162951389,1.7797439266311903,-1.7873290972611988,0.39458465337020154
-0.30086593403068695,-2.286216480238102,0.052953974920476266,0.9168568669634418,-0.25203932746531,-0.30959596721019433,0.12205491723582641,0.9153492083240083,-0.3837165933331093,0.38010009560711383,0.31402548341089365,0.8700068465753688,1.7797439266311903,-1.7873290972611986,0.39458465337020177
-0.020551821856751418,-2.4114599760214728,-0.7779008939502184,0.9053187898335759,-0.2636510959829065,-0.33299547798923895,0.11236609155443424,0.9047514508538039,-0.4108511575336224,0.4095994998081052,0.33453387237311133,0.8487139317767799,1.7495372804179175,-1.626491124188338,0.15008801799110694
0.3146275109534781,-2.4518202331432377,-1.629956122598838,0.8906745058841776,-0.27657826363381993,-0.3608370666288001,0.09707240585214695,0.8910613279392416,-0.44338093990746974,0.44415748624789836,0.3598807773922586,0.8204937254321273,1.6897956789626736,-1.4939170652940443,0.0549322999652353
0.6177111431678142,-2.412769551041855,-2.3894189798935956,0.8801136565804095,-0.2847878493798926,-0.37986291257009613,0.08375034121323172,0.8806937258853501,-0.4662235960704336,0.4673176990520776,0.3785161053796194,0.7989616549753287,1.6195413351207064,-1.326054411959438,-0.024267938043632475
0.8667882450263085,-2.267693443125578,-3.032112984244422,0.8692864290379395,-0.29230493202485985,-0.3986212876959899,0.06759290249036175,0.8691383618534915,-0.489928267695953,0.48966550197394504,0.398944024480341,0.7752879216833144,1.537576396817321,-1.1385839415006538,-0.07825873350874635
1.0281976300151645,-2.0421882060305414,-3.5018689359212956,0.8595371246392479,-0.2984810224863803,-0.4148554092480639,0.050419011592303616,0.8572971859028466,-0.5123470096654363,0.508580234217718,0.419464675817338,0.7519278762650752,1.4383582918277948,-0.9321623526147019,-0.104990210597597
1.0445833080770224,-1.792296290111998,-3.7934283555173938,0.8529969420111783,-0.302210953911168,-0.4255170457874516,0.03693951999146091,0.8482115744289348,-0.5283678613121614,0.5206070387368759,0.43497777453668696,0.7346854067400085,1.2869399090946576,-0.729582833544889,-0.11786868555141156
0.9602441055272837,-1.509686967300351,-3.9924438646162708,0.8467103180953435,-0.3049061078803318,-0.4360205300305815,0.022055856699999335,0.8389142654405967,-0.5438165080479745,0.5315968175376062,0.4508382421861872,0.7170423299682922,1.063174588097576,-0.5565724629885642,-0.14559513646198186
0.8752714739398862,-1.256346605488299,-4.171706073588988,0.8427513695264858,-0.30565439618489443,-0.4431089248188075,0.011529669022745633,0.8332193669865879,-0.5528223523074072,0.5381795201356682,0.4607828952677353,0.7057208566672976,0.7868985776164679,-0.40339076462217094,-0.17179507674035824
0.8869654623878824,-1.0256124501905155,-4.374538234375417,0.8398700125085208,-0.30484860135944497,-0.4490943022775135,0.0027095383173723576,0.8297293640335648,-0.5581593328634417,0.54278082177896,0.4675644476536319,0.6976908103159378,0.4736846917260646,-0.25167318657989934,-0.18580300883151168
0.9781564226413534,-0.8185777087798842,-4.544408064839008,0.838914227666167,-0.30300173589102053,-0.4521204116895256,-0.0016511445638220956,0.8292804112100163,-0.5588302723591262,0.5442611435155988,0.4695571824925844,0.695194836019887,0.17541471997975283,-0.10139143031432482,-0.1854172219427982
1.080528051915084,-0.6346757093246116,-4.607977603870358,0.8397183564294382,-0.2994320434298709,-0.4530050035516762,-0.0033423056856147415,0.8313635013265916,-0.555718955637374,0.5430118883303995,0.4681614892634823,0.6971103995081778,-0.10218130994021861,0.06871189525605373,-0.15879046859567933
1.1626279697933837,-0.4952091260986431,-4.586899492525023,0.8417481437596149,-0.29578827894586374,-0.45162966744389776,-0.00204405938939859,0.8347998586446721,-0.5505497414657892,0.5398665430441624,0.46434738078843374,0.7020866226160886,-0.3891220579068918,0.24708923783004438,-0.14912586457086785
1.215596274766622,-0.4613542185140571,-4.537832039306575,0.8465823006055596,-0.2892550260913452,-0.4467996622450518,0.003375224775147038,0.8423427506826664,-0.5389316266745492,0.5322471382347814,0.45474192708969985,0.7140887645017465,-0.689318307274453,0.4256312137784909,-0.13461108092286264
1.2354534911445,-0.5179941415443248,-4.483495499181742,0.8549149608539062,-0.27951138552471166,-0.43702836872475354,0.014372198326605289,0.8548728819361623,-0.5186384054863465,0.5185690403634062,0.4371106737340277,0.7348608094628257,-0.9815759031459808,0.5950323046260952,-0.11957685988385247
1.2265163204397054,-0.6623003958684774,-4.3684457570579,0.8609265774268046,-0.2728387153607328,-0.429376831792858,0.022295523528945677,0.8634430716312048,-0.5039533427636325,0.5082404331718775,0.42429364531227,0.7494441704602732,-1.259374598478183,0.7856184523633557,-0.13033380974819136
1.2082738353243219,-0.8828518477006027,-4.22174136156721,0.8716272115962582,-0.26113303487574835,-0.4148198911594186,0.035718009774273564,0.8778655666001375,-0.4775733145346203,0.4888662677897665,0.40144935555359906,0.7744986682641252,-1.5077411879284293,0.9788352854519434,-0.15460711002214667
1.1704981374935373,-1.2795572522555856,-3.6208670313691638,0.8951171566711684,-0.23644946229247085,-0.3779641882698982,0.060729647025153696,0.904538897776883,-0.42204418297232876,0.44167543038426077,0.3548253573100181,0.8240277786608259,-1.8476552375062039,1.3896838989497804,-0.1831510298959449
1.0511443967544545,-1.3931795645998155,-3.1007079740046732,0.9122196742805794,-0.21755718141765976,-0.34716586622108414,0.07621929321355324,0.9226867499146774,-0.37794150456640113,0.402549233259062,0.31830493924143294,0.8582750610713609,-1.993369855328457,1.582235176704309,-0.2449351248773034
0.9704006446853817,-1.3959938984646194,-2.584659547182206,0.9260617176741411,-0.2011075553553461,-0.3193202878575278,0.08671720369436543,0.9369300175587583,-0.3385886424273175,0.3672734970588649,0.28586341734531295,0.8850945062431529,-2.1446830247373487,1.7384934222088602,-0.32419584700137694
0.9291065448219827,-1.4187540367151787,-2.147271351397544,0.9400413161986028,-0.18344967041809865,-0.287521377054104,0.0951573562503344,0.9506176803360813,-0.2954168298927707,0.3275170245819968,0.2503442514936951,0.9110764810667744,-2.2404670870331596,1.883709374786401,-0.38791258199933376
0.8715550873490043,-1.4776137511552685,-1.67879574247961,0.9530192490175723,-0.16565359035604663,-0.25360047122222024,0.1002185084088236,0.9624991602717548,-0.25209446056682167,0.28585059309767347,0.214835412533217,0.9338817826402815,-2.2636322971792913,2.0147213748559265,-0.46033355296464296
0.756560007203013,-1.492640299074381,-1.0435095082009587,0.965726323915592,-0.1459864586729905,-0.214617383220919,0.10149714283983288,0.9733987063117093,-0.2054100497688474,0.238895368920844,0.17658684105790334,0.9548539627992145,-2.2311980033294625,2.1085837476469793,-0.5463905840081504
0.6279689588942488,-1.3979942883103356,-0.24418506072527268,0.9760337989715844,-0.12717992323900842,-0.17658791122275358,0.09855758778251765,0.9817983697785277,-0.16235258849404224,0.19402171310342176,0.14105753515904268,0.9708029391278479,-2.1806633918147296,2.1640675710709307,-0.6426605714251393
0.5301563558016713,-1.131202352477528,0.5329005331530742,0.9851744132102564,-0.10633529437736489,-0.13462607743488744,0.09076200597236371,0.9889795737799864,-0.11696863219610723,0.14558033461871747,0.10301557074362536,0.9839685758989798,-2.0984200020233983,2.155694232567244,-0.7428718922238585
0.4431889636022166,-0.7493749169239426,1.2613939556836298,0.9916252853303343,-0.08680065040460608,-0.09562918269476514,0.0795864178517122,0.9938621104950798,-0.07683818982639792,0.101711826190783,0.06858390781810518,0.9924469517315939,-1.997225798696304,2.1167883699422716,-0.832948383540261
0.2542204670754852,0.26498081125393164,2.2336599275511824,0.9982911473279885,-0.0523168659719826,-0.02603326144447543,0.052125459998697096,0.9986086767902674,-0.007977910698563129,0.02641442004835605,0.006607281896489375,0.9996292423891211,-1.918801402605161,2.0344044443923406,-0.9118130832322305
0.0901786209513938,0.7232331769135368,2.6126547597116154,0.9994032690361467,-0.028891905306531764,0.018930495176309372,0.028245761601117084,0.9990376865861229,0.03355410157074041,-0.01988172003209731,-0.03299937254562758,0.9992576037339717,-1.6408635127351405,1.767933586639653,-0.9513225226121904
-0.1830880999199625,1.232787677943616,3.15210521961945,0.9985502439208626,-0.011344655752095638,0.052618524793564894,0.008077208744904425,0.9980497370021633,0.06189895935153571,-0.053218127216915254,-0.06138421015031684,0.9966944414813123,-1.393664530151613,1.5735178769830793,-0.9163179300119721
-0.485414078041777,1.9311079412906378,3.7853432049313307,0.996726802509932,0.0035922183615500177,0.08076371168766874,-0.01050200975799902,0.9963004288025061,0.08529456816811054,-0.08015852387219224,-0.08586356348990223,0.9930770662518824,-1.197792593336613,1.3134402297050067,-0.82473130169911
-0.7710097959422041,2.7260509977461242,4.271166193239336,0.9946504005866472,0.014727604244294508,0.10224323100354425,-0.02551088141447825,0.9941475833366263,0.10497512788942537,-0.10009882887565213,-0.1070218679484159,0.9892050061734189,-1.0540066134009298,1.0207793892952937,-0.6585759586933775
-1.034957262069697,3.457718426172406,4.466637425874151,0.9927733660085452,0.022180205447873393,0.11793677217200683,-0.036725697989460473,0.9917727239733914,0.1226298784537653,-0.11424651789550812,-0.1260749874824042,0.9854201290211511,-0.9218895131509325,0.7228582814205703,-0.4506958368618074
-1.2566834118785688,4.025696263172889,4.440000646060002,0.9915190487727874,0.02556719142783975,0.12742171966818538,-0.043128118024569145,0.989627853033315,0.1370280188002794,-0.12259666127739478,-0.14136134982081566,0.9823375323281055,-0.7425195349506081,0.44068223323639616,-0.22635272499795966
-1.3972590877984543,4.420917516990335,4.327701106887543,0.9911046383068823,0.024606334930278282,0.13079038270408672,-0.04390884348561682,0.9881882789431937,0.14681940887717765,-0.1256328356375757,-0.15125625157522307,0.9804784224903033,-0.5168721254799836,0.18232002369281558,0.023666405566185836
-1.4770377927872662,4.6381092396332875,4.255078874694532,0.9915269692270768,0.01917948063607583,0.12847730078849084,-0.038906168864515575,0.9874840681093073,0.1528447750319863,-0.12393780423927064,-0.1565482761093939,0.9798632853248069,-0.25861773706035074,-0.07123785951972372,0.27468641537719585
-1.5475867558214482,4.6270937098612634,4.312119615676258,0.9926324328714498,0.010237481139697411,0.12073130162314845,-0.028841835143027246,0.987746884872692,0.1533761388543707,-0.11768178175608897,-0.15572824215346126,0.9807648611356873,0.03762341414328759,-0.32362546528907676,0.5139820669719328
-1.6272075521564786,4.399143671394258,4.441914591406023,0.9942718488068627,-0.002643744659374389,0.10684802892125748,-0.013344706690467712,0.9888006098472276,0.14864478722476593,-0.1060443750206829,-0.14921918301587958,0.9831013304571127,0.3193603488000634,-0.5787365674808403,0.725693504875804
-1.6690515444682668,3.9929286378030886,4.495616532631889,0.9959980816825933,-0.018585326820744638,0.08742086084887728,0.006255773655261681,0.9902378197646178,0.13924771310075473,-0.08915540690595702,-0.1381435700088212,0.9863912344930129,0.5518316407478183,-0.8252702597171989,0.9013637471493166
-1.6202586019294103,3.440954865574242,4.400449161386877,0.9972522759887164,-0.035852999211105456,0.06482638724232634,0.027455681729952507,0.9916405811708016,0.12607594265353714,-0.06880467699268054,-0.12394966810283484,0.98990019507076,0.763889113544071,-1.0355209404412589,1.0316525972053199
-1.518626214012786,2.78930192968096,4.222996922709318,0.9977632579850662,-0.05540248434151477,0.03740381990937569,0.05111038363784487,0.9929113422661395,0.10730701320810807,-0.04308375215109607,-0.10515527151807937,0.9935220979789733,0.9812726765143575,-1.2208042397095227,1.1032397894625248
-1.1947656137524871,1.377380760472618,3.847354868593263,0.9954503037783344,-0.09343264072737512,-0.01868246114218515,0.09441201392939302,0.9936515962076109,0.06117905670948727,0.012847736509441758,-0.06266455936792237,0.9979519470725065,1.2222497020075895,-1.3787526049388936,1.117961360406718
-1.0428380635056325,0.6274359839333342,3.585500666166618,0.9920363553283881,-0.11494849514479444,-0.05148507716526791,0.11655404547788942,0.9927508489133777,0.029341207618392547,0.04773912640072535,-0.035108338692036944,0.9982426460359121,1.4695228887791367,-1.5040255458441039,1.0982381783451252
-0.9197039534604154,-0.09533813833271038,3.2085308430754464,0.9871160323884528,-0.1357123759824618,-0.08475900900124067,0.13562375684024136,0.9907368737994176,-0.006829602821231455,0.0849007372301118,-0.0047537247871210775,0.9963780742862772,1.690165714356952,-1.608897862223535,1.0493995849585842
-0.8018679304600389,-0.7533168937036541,2.728650682328555,0.9816136119812905,-0.15153219211384386,-0.1160720100894948,0.14728064446770223,0.9880968423765752,-0.04441893572137335,0.12142128535895551,0.026507071483179684,0.9922470693447086,1.9989458058025535,-1.760016248234979,0.8629484889343405
-0.6565963278496175,-1.339431288299128,2.181426287588186,0.9730693274004056,-0.1721375816807506,-0.1533125469282386,0.15959519074500858,0.9830017027826315,-0.0907580708119724,0.16632936951598398,0.06384594975054912,0.9840011359428728,1.9989458058025538,-1.760016248234979,0.8629484889343405
-0.4445941042376489,-1.766270191143637,1.6650733700845386,0.9665265058093914,-0.18364133467029084,-0.17917135309083604,0.16292258841724133,0.9787751429441341,-0.12431994907542263,0.19819874810733024,0.09096746536649125,0.9759314404677624,2.1463776521957425,-1.8050089534481595,0.62911012142432
-0.24476467307868544,-2.1019034058666675,1.16270850873161,0.953826752176027,-0.204039692786086,-0.22041399819677931,0.16598866179664426,0.9696826656051096,-0.1793412729405255,0.2503243715427833,0.13447427929804454,0.9587775431344752,2.146377652195742,-1.8050089534481593,0.6291101214243199
-0.06931363637084564,-2.3660064039111313,0.7067071612537745,0.944889822628581,-0.21537299156469233,-0.24657189133678994,0.16277335015932867,0.962513692099356,-0.21696135369962677,0.2840564372987089,0.16486924220648597,0.9445263751761632,2.256412173796997,-1.732814489976517,0.43264050704421536
0.11493953812421676,-2.6421199320544937,0.07761978315729623,0.930662842609165,-0.2327655131020334,-0.2822886630684518,0.15596122003580148,0.9503116757954827,-0.26941383908724026,0.33097246295057703,0.2067073650287482,0.920722158966156,2.2564121737969973,-1.7328144899765165,0.43264050704421536
0.3184948497190653,-2.843734027033858,-0.6528650558628699,0.9223072556213586,-0.24167106820289036,-0.301569927250497,0.149169156076479,0.9424958499398629,-0.2990821554716461,0.3565079088935156,0.2308607104723727,0.9053206300844816,2.1910449902933284,-1.5782109641061908,0.297161726411069
0.5583649459123062,-2.879969044061616,-1.4809254845276443,0.9061544435187038,-0.2587118791667766,-0.3345927196896278,0.13508290728714303,0.9266949306431689,-0.3506980377462996,0.4007951255319353,0.27258882790431255,0.8746762819761332,2.1910449902933284,-1.5782109641061906,0.29716172641106897
0.7618183124383706,-2.8410507497141517,-2.1954548558321716,0.8959498102517883,-0.26797131699816035,-0.3542108281462527,0.12339434814782306,0.9162738079970933,-0.3810723600888408,0.42667056654397495,0.29771409446779085,0.8540014903969815,1.9751482721433598,-1.3812210756991794,0.1550187892586311
0.9568978083402427,-2.753683200764857,-2.839888631090198,0.8839184675905926,-0.2780743947467905,-0.3759824113419442,0.10811851011470888,0.9037346848401621,-0.41421492873558796,0.4549709116227898,0.325481566917481,0.8288927669934559,1.8115796328595124,-1.2587605726839348,0.09070958969005449
1.102208334913977,-2.658209902823375,-3.3974769070645356,0.8744083226228498,-0.2857483384383863,-0.3921198444450293,0.09550064203828222,0.8937295487185505,-0.4383230784679398,0.47569918299085656,0.3458256509095835,0.8087737053557028,1.638202269251949,-1.1431119054838024,0.05576470061390071
1.1313914452948521,-2.4680608575057628,-3.910162296393855,0.864210411882268,-0.29401647096598166,-0.40828259673293604,0.08202349330117954,0.8829600066350123,-0.4622269715516069,0.49639954728117014,0.3659725966295955,0.787179489046329,1.4362561013791217,-1.0139643343577491,0.047412855177774715
1.1223850377101405,-2.2137974769072404,-4.396957512833406,0.854952968015781,-0.30120979148334565,-0.42228910001983827,0.06974561400849827,0.8734833684071849,-0.4818322887090645,0.5139951087389677,0.3824911327476717,0.7677952601845225,1.2123510911339772,-0.885717417680381,0.019808440428456586
1.1085639074467732,-1.872106080887361,-4.850682188161646,0.8471670151640528,-0.30642448058335636,-0.4340646105330961,0.05944372288329052,0.8664767612418964,-0.495665679705109,0.5279909963510768,0.3941091979730659,0.7522655434387665,0.922895271952933,-0.7457431404234888,-0.03550654158403449
1.163956513073522,-1.46420672730664,-5.236283656781412,0.840989714009877,-0.3096950187047623,-0.44364997049367727,0.05162675859256496,0.8621693370977385,-0.503982848880466,0.5385823787748806,0.40094018201959064,0.7410640942019032,0.6170172577961285,-0.5996829421792287,-0.0827275128950749
1.263280669029031,-1.0465697006028896,-5.447622618699779,0.8374375363589993,-0.3107664919548842,-0.44958042681485033,0.047357191125573,0.8607712983576669,-0.5067840451043736,0.5444774275814052,0.40310911599926724,0.7355592236201133,0.31570703204353023,-0.4300875870905305,-0.12126116844998458
1.3831781506300407,-0.7000677281607661,-5.482508084285553,0.8351329186756161,-0.30984155795739193,-0.4544790612414187,0.04454574293497453,0.8616369965084258,-0.5055663784650929,0.5482414476585262,0.4019700178004256,0.7333835421243156,0.014679806688856656,-0.22450734618569512,-0.15870250898952465
1.4778065748503109,-0.48311326366108,-5.431126990923886,0.8351521624541617,-0.30721284373229824,-0.4562248723974288,0.0451744152685419,0.8649813770688884,-0.499766434976534,0.5481606860705001,0.3967713270511408,0.7362692281202536,-0.3039368951462599,-0.011379903090580224,-0.16100630078698525
1.500335534477921,-0.3736254717478369,-5.341049564029911,0.837483915841872,-0.30305683599661964,-0.45472766010204424,0.04995443127574626,0.8711038219286822,-0.48855162083157494,0.5441739110818153,0.38643846285917266,0.744674471780092,-0.6494478581383165,0.1956113706883923,-0.14531212870497967
1.4390384467398842,-0.3427623823960335,-5.213973896868364,0.8420513070704868,-0.2974311474889427,-0.4499825649559029,0.05861865772895763,0.8797506308900861,-0.4718078850703435,0.5362028060602988,0.3709090723504966,0.7582301832696681,-0.9897875983289581,0.39343602195368527,-0.13949488844278
1.3587675156824628,-0.3795638813132052,-5.055086846893483,0.8487084300048732,-0.2903263253403815,-0.44204595423215004,0.06982166842700215,0.8900396624321852,-0.45050453262500195,0.5242317573904993,0.35148260854835,0.7756552329684334,-1.3130149563709148,0.6153646444134316,-0.15428600581556828
1.4187773440532867,-0.5104920155310533,-4.8767224625377095,0.8581828162735444,-0.28100662662301024,-0.4296015940924357,0.0836888700046494,0.9022581391527655,-0.4229969543270183,0.5064764820701462,0.3270558455777008,0.7978195579097461,-1.5875765059124012,0.8597552889874895,-0.17566121008939806
1.540649316835268,-0.6589756656702848,-4.646986900262232,0.8702389784062804,-0.2701939108138373,-0.41192155930652063,0.09912314966656646,0.915106021059424,-0.3908395724859091,0.4825543717163602,0.2992928679068596,0.8231434003607845,-1.8292284102063947,1.1482696390365057,-0.18103584888746632
1.6313041304998157,-0.8329777279637496,-4.326955636611831,0.8840643802969705,-0.2584194194460335,-0.3894221040764202,0.11447254813694219,0.9275775107405811,-0.35566275780764856,0.45312934931779364,0.2698506350214534,0.8496201666423356,-2.032872885598758,1.4498938255114473,-0.19882012286462292
1.5711889844430638,-1.0461007386264953,-3.865898923874507,0.8995672482902392,-0.24543395382298006,-0.36130449777762846,0.12954874082456488,0.9398981503566646,-0.31592497638979106,0.4171281452435152,0.23738921893577994,0.8772972524627922,-2.19935173041315,1.7154954277919852,-0.22869012675930406
1.3797713398643514,-1.3167893278903842,-3.2591906193995297,0.9157365827133664,-0.23180625740897298,-0.32816515675264535,0.1428233473637141,0.9512424528496537,-0.2733848703648353,0.37553695228068773,0.20347888077788057,0.9041948587274274,-2.2895033820072253,1.9523493465483468,-0.2669573929770471
1.0856787576317144,-1.6269908620263036,-2.4872147972500387,0.9322108634684478,-0.21724563964250457,-0.289460253036108,0.1530405992447021,0.9613973297851531,-0.22867826583389947,0.3279656704812738,0.16887719306731797,0.9294724378094659,-2.2881425407320823,2.1659690606094215,-0.32719848144146085
0.741449770140018,-1.8470513599332319,-1.52989021223164,0.9479117579906208,-0.2011494611481689,-0.24698622095762715,0.15824234836004655,0.9703099408030401,-0.18291522070155367,0.2764464835164782,0.1343038088015442,0.9515985648858298,-2.2524720404074183,2.3097301965286348,-0.4532522791957071
0.4874759573738971,-1.8695536820118461,-0.47715433865348056,0.9626946999707046,-0.1822632878427385,-0.19999752136731053,0.15727403627633477,0.9783461201560351,-0.13455016421016613,0.22019035437925774,0.09807631253461582,0.9705139075551408,-2.1961075806162347,2.375299102610013,-0.6179764285765219
0.4189027753367897,-1.7013437563593112,0.49182189428706974,0.9746866235255608,-0.16259129959551122,-0.15346027243616495,0.15009386952880327,0.9845798001278289,-0.08985792958951588,0.16570400191368326,0.06454987587971478,0.9840607182860733,-2.085178850935973,2.4064927163076755,-0.7760534967935763
0.4226201048443633,-1.360212101703648,1.2938913099714908,0.9838573627480539,-0.14239473295779767,-0.10839017387346173,0.1377532575006719,0.9892435248625885,-0.04920659067029788,0.11423103700131323,0.03348116699456899,0.9928898638027712,-1.9706431283362327,2.3853137939656675,-0.9229794010920233
0.33533489461790644,-0.8486556060052741,1.9844615482754886,0.9907188305348108,-0.12059215559027764,-0.06271946136427428,0.1202047523242765,0.992699480579746,-0.009927677238967855,0.06345877671680851,0.0022963594649129185,0.9979818186674612,-1.8548041974543998,2.2918162251642618,-1.0427865106957832
0.138638252580382,-0.23883512593645767,2.610914564611681,0.9948461628236968,-0.09916676471158539,-0.021143913819377823,0.09968695416658772,0.994700765915597,0.025157453287504426,0.01853708401968409,-0.027135568237304532,0.9994598728575775,-1.7443405716662013,2.1144644923871736,-1.1260401332536978
-0.03293879213529222,0.3652405086428837,3.1063597498775954,0.9968436833001261,-0.07714771639037958,0.018732349569259982,0.07594228205172059,0.9954097893836725,0.05824191785929907,-0.023139595100439184,-0.05663551054684672,0.9981267344799882,-1.6052513420011174,1.8883363483971183,-1.1527897825606765
-0.11611940824450148,0.897988730459075,3.3884324939901567,0.9969649174274882,-0.05680983842048684,0.053231528978955736,0.05212532699461321,0.9949650216874603,0.08560114429244557,-0.05782649656086579,-0.08256662689676506,0.9949064520940578,-1.4308006026347824,1.6687434717015548,-1.1508047259680423
-0.1564489882234706,1.430574522490935,3.4735587860236468,0.9957292308005097,-0.03713941957132788,0.08452196426567218,0.027716852784240152,0.9935403197047894,0.11004276074618156,-0.08806290366073227,-0.10723011067237333,0.9903265261336941,-1.2880860442418969,1.4409246351091565,-1.1105519576111966
-0.33585713541041745,2.520413667979399,3.239692374363071,0.9922611071604801,-0.010481619110797306,0.12372562740787263,-0.007395832830550483,0.989672615740295,0.1431552140528065,-0.12394836373828455,-0.14296240524899678,0.9819361251181375,-1.0305771229900216,0.9979649058147744,-0.8768748970014411
-0.49548682114219067,3.0069426380419815,3.0815138097329076,0.9894013106157399,0.0033609649334857537,0.1451680077240481,-0.026826911129795003,0.9867532392483515,0.15999488014345808,-0.1427072646752347,-0.162193553347848,0.9763851124742278,-0.8277920747776003,0.8167637213997911,-0.7198333715111973
-0.7367863496336701,3.4880020755938794,3.0426258568903286,0.9869043546264374,0.012812309047018838,0.16079688913737006,-0.040875773258381314,0.9841680539730594,0.17245988721847905,-0.15604155209399007,-0.17677411087533346,0.9718034511897624,-0.6533913636059476,0.622960541932257,-0.5339915859640292
-0.9590288022930308,3.907528709661303,3.1103469825814853,0.9852378462276811,0.017685583964126395,0.17027509060483625,-0.048815928563201,0.9823771561118766,0.1804220836484659,-0.1640834893557236,-0.18607080176478327,0.968738491674332,-0.4646996933727703,0.427694955553302,-0.32598344689284675
-1.0869291012251543,4.161614748462714,3.2106828228772035,0.9843152585907973,0.019232641024099502,0.17536697871767956,-0.05217700216507484,0.9813065768175957,0.18524298296992978,-0.16852605777859625,-0.19148761791241203,0.9669185384694174,-0.26649577137318176,0.2351943367702783,-0.12259569709135043
-1.1363148815631772,4.226407200226067,3.3045983641328562,0.9842327143283379,0.017688179967605046,0.17599173939507254,-0.05101360340074988,0.9810939399064691,0.18668768932865396,-0.1693622635475227,-0.1927221039949349,0.9665270892829771,-0.06018730729535141,0.04436042302757138,0.06765915798207876
-1.1584376937202956,4.153639932668921,3.416630430853395,0.984960255573754,0.013425146824091978,0.17225870187840736,-0.0456601646155496,0.9817588015043427,0.18456653281685942,-0.1666386639029592,-0.18965606001788443,0.9676063944554771,0.15018468480706304,-0.14235210874827017,0.2396856486613737
-1.2411463648065324,3.8462911221435876,3.786347517001569,0.9877112576339295,-6.134530414524759e-05,0.15628969185442812,-0.027364179270911705,0.9844851434387728,0.17332110096917686,-0.15387551213896208,-0.17546794175886302,0.9723853804839312,0.35717770586129816,-0.33552480342536667,0.40398800992906175
-1.2995636426545976,3.5892647818924743,4.013434379480298,0.9895108422964303,-0.00896124241018754,0.1441804047444459,-0.014984555091427518,0.986322903847888,0.16414198869814206,-0.1436793516359201,-0.16458075671090708,0.975842927132203,0.5698542324833614,-0.5418432175701151,0.5572994324076244
-1.3557987888275456,3.20403016220335,4.223694786563163,0.9918982242083721,-0.02070361874859936,0.1253366386296818,0.0018396741424814267,0.9888676678429902,0.14878625976149235,-0.12702176353414515,-0.1473502482708372,0.9808941716226055,1.0222824222321134,-0.9778186977016354,0.841086192670862
-1.445566064745294,2.6731701049369194,4.363366658762045,0.9946885772612173,-0.038971644650901756,0.0952672303536532,0.02700999522558314,0.9919433906132189,0.12376901864628376,-0.09932318170480717,-0.12053846162928224,0.9877273838686863,1.2267281876063696,-1.2083057601580414,0.974433975455471
-1.5187731482065072,2.053857768303222,4.390750613632102,0.9962392979555118,-0.05644840099249962,0.06573309086370174,0.049786048491261455,0.993849089485364,0.09892086081680712,-0.07091269692185904,-0.09527625808406988,0.9929218620116921,1.4092734691746618,-1.4483864966809636,1.0842172775458339
-1.5906143215557056,1.307990167225367,4.322595620603213,0.9966328267781348,-0.0744453990643722,0.03436409676344572,0.07181098224585175,0.9947867920989515,0.07240456542485907,-0.039575136349822154,-0.06969304716844493,0.9967831698816294,1.5679916976120856,-1.6853277106292563,1.1648060853630184
-1.6467544171526047,0.40830639813450387,4.11017523967955,0.9953251066702207,-0.09641911416690994,-0.005593429643706772,0.09656459221949641,0.994558054186554,0.03910954336395818,0.001792082976049346,-0.039466837673208,0.9992192738146533,1.6711884716617202,-1.9177718932359267,1.2004003421383096
-1.5628746665476565,-0.534665920336445,3.6731201175553414,0.9927833380908759,-0.11340308878076845,-0.03899978287267269,0.11394763856664428,0.9934139375839464,0.012028477835697635,0.037378861328561795,-0.016385605540828584,0.999166819233325,1.7255338370470148,-2.1308192029086115,1.1640850498126252
-1.4173891502065352,-1.5377391556162734,2.900340468947054,0.9853740270638135,-0.14077131091429756,-0.0960284583418381,0.13801108901089773,0.9898177998117705,-0.03483765901738035,0.09995482028429667,0.021075132247637712,0.9947687533807431,1.7885671538330656,-2.278501694379552,1.0879683520878372
-1.1493896322414758,-2.3759716747819786,2.0415286342259784,0.9773883708606306,-0.16009210919848005,-0.13813938279426824,0.1515046805470706,0.9859280169753938,-0.0706560479739505,0.14750696349233677,0.048129636559495356,0.9878892821596561,1.8674676821060525,-2.385805900991179,0.9906187611004434
-0.7936619825611573,-2.9622748369878025,1.1092300197486682,0.9679582503910852,-0.17724486977339912,-0.17787940195210064,0.1600955328241,0.981324361173677,-0.10663919793791418,0.19345864123784662,0.07474459382513873,0.9782571235745338,1.9917923759576164,-2.43081477432997,0.8632027086011567
-0.4023495430503511,-3.2603395811520492,0.1390589590445251,0.9513314244650884,-0.20054923920862372,-0.23398402398040957,0.16559206396125736,0.9730114537952006,-0.16071085568934196,0.25989957517909434,0.11414338980506916,0.9588657348062521,2.074074295217915,-2.4096845747412714,0.7183851238781906
-0.02362984391446954,-3.3184399558531505,-0.7789014773303394,0.9366355938977703,-0.21683604990538366,-0.2751288638169361,0.1641618332173457,0.965512540356722,-0.20208024873457825,0.3094586511288525,0.14410989513332775,0.9399296151128402,2.1003666486299757,-2.343101369956918,0.5552052021710974
0.38828340196648187,-3.241062056395009,-1.7082076383654068,0.9189557910700471,-0.23280961536395323,-0.3183079280396721,0.15691829218182612,0.9563651669771205,-0.24645956457715917,0.3617967711817788,0.17653710767686237,0.9153893958177182,2.0648867141404756,-2.224503707129911,0.38964918993469955
0.819965998434477,-3.107860394384831,-2.536556074682001,0.9052473378765491,-0.24317612909148884,-0.3484144479029214,0.14774209797925808,0.949005636022836,-0.27849699330796945,0.39837109552790817,0.2006331802992006,0.8950121771299664,2.007072025912157,-2.0391754635943866,0.24066016292858078
1.253109743730477,-2.8517836955504485,-3.2559995574346154,0.8888749586025345,-0.25368923318375486,-0.3815010890364251,0.1328161868858819,0.9396265510694823,-0.31537565699711745,0.43847596110896997,0.22966000411893125,0.8689045482891992,1.929143445493958,-1.8111308358760991,0.11349970291378925
1.5702142483694324,-2.46015991086113,-3.8000008655161315,0.8744423266022749,-0.26207129861541223,-0.40825145668867974,0.11651101208848896,0.9303505138960592,-0.34766809654533154,0.4709307820779123,0.25644990882308677,0.8440720601679197,1.8343231720421942,-1.548537811425164,0.03774267056183417
1.701122450318317,-1.980442452409398,-4.151792524244314,0.8624677447948129,-0.26919238569702675,-0.4285847041966032,0.1010130351771562,0.9213367037064131,-0.37541316589552265,0.49592918437297684,0.2804891047547906,0.8218151289681944,1.7107821319175023,-1.2763758586485447,0.028188081684401067
1.6524699562428684,-1.4860295621110016,-4.314862300718409,0.8514367028981639,-0.2760828141349503,-0.445907861219364,0.08522270123236493,0.9117594885588887,-0.40178567199128934,0.5174868424922134,0.30409359539812664,0.799834015959111,1.5309352357743626,-1.0298344725976034,0.02905605484810375
1.5197254886050153,-1.0231538082351088,-4.389630175289409,0.8434068354310383,-0.2811216272094938,-0.457859739072224,0.072320816025414,0.9038343759394503,-0.42172635729767005,0.5323857713327974,0.3225741024714017,0.7826310362470631,1.2848261427430006,-0.7827288877710191,0.014652421571657082
1.330699934431105,-0.7136860164147723,-4.422162247280806,0.8368951070260576,-0.28472050468436727,-0.46748349066905026,0.060854814921154084,0.8971682605862642,-0.4374766321731124,0.5439699176762935,0.33767343160055685,0.7681623410805493,0.9427179716319022,-0.5566683636807886,-0.021066436116480597
1.1902917989003456,-0.5848033349093686,-4.500363536622917,0.8330946298766627,-0.2859785345554606,-0.47346553775768613,0.05337081821615088,0.8935405804261642,-0.445799043173728,0.550549628492839,0.3461235457249105,0.7596667675113954,0.5802197832185062,-0.35128661186457955,-0.06442772787087525
1.1430667972795536,-0.573176632373368,-4.594632233467145,0.8315464635929978,-0.285484688647294,-0.47647557275681424,0.04944869910699041,0.8924525528722144,-0.44842308931241825,0.5532497673226837,0.34932353688210654,0.7562326107340067,0.2232659450488207,-0.14603266403725945,-0.0841085248124194
1.149064660667567,-0.6161284853320494,-4.667343872046333,0.8324405413720029,-0.2833066979926396,-0.4762143004496939,0.049173109989374686,0.8937937796439925,-0.44577425309642793,0.5519282112143369,0.34766362240276555,0.7579612492228937,-0.11232805798722198,0.07023116444951212,-0.09063933380383286
1.173111353743026,-0.6474912227871572,-4.728667922972831,0.835629603892554,-0.2794718176441093,-0.4728833558511741,0.05239543877911587,0.8975228680775067,-0.4378440581680531,0.546788700590562,0.3410985259725163,0.7646397272479775,-0.4589710588892249,0.2831280019812156,-0.1072778967329715
1.219022135781229,-0.675012467716209,-4.788412047306032,0.8413114733148372,-0.2735863135597609,-0.46620331820097044,0.05898569965266534,0.9037746719381056,-0.42392455649520244,0.5373227076025184,0.32915326429484,0.7764936809135987,-0.8076854175559516,0.5025298694231257,-0.13494201212693502
1.3382508480076636,-0.9604091535105466,-4.819619441785736,0.8567394346815375,-0.25917047009144456,-0.4459015681673889,0.07665653469144472,0.9189560704148003,-0.3868378424312785,0.5100208983469766,0.29723796540880676,0.8071730143959075,-1.120820560024868,0.740834478365745,-0.15386571642584385
1.2963108383392017,-1.2142086003901285,-4.674098612379277,0.8681867516654139,-0.24903242318725005,-0.429225600860597,0.08863933623409814,0.9288737078011163,-0.35963412383669,0.4882569326744203,0.2741833094068483,0.8285099157753485,-1.4084105169501162,1.008764191210246,-0.18538443705750624
1.163467382125255,-1.421576089044563,-4.361428863793696,0.8815270976115227,-0.23719550911275458,-0.40822575449540577,0.09993840052483145,0.9387924937664204,-0.3296679689450624,0.46143503581451334,0.24981381888231358,0.8512759620817996,-1.878862444928771,1.5352760724872865,-0.287731027889355
1.0008351512460585,-1.5789010601849132,-3.900911857882855,0.8974225591809559,-0.2231143297227941,-0.38059525239478387,0.11284321284292341,0.9500808468156782,-0.2908827836591385,0.4264963769932732,0.2180971810600741,0.8778009227753529,-1.878862444928771,1.5352760724872865,-0.2877310278893551
0.9042240307039551,-1.6577391154662777,-3.389769546814441,0.9131695531883994,-0.20860636902915514,-0.35014961078111784,0.1216805779033592,0.9594484398418294,-0.2542686143553365,0.38899255017390943,0.18958394996821373,0.901522446655461,-2.098221615555238,2.0088256056155402,-0.4076372808699019
0.8692539664904331,-1.68742728704707,-2.8535298378642473,0.9295601137575825,-0.19227865197744837,-0.3145582853855916,0.12761891483430685,0.9682942911998983,-0.21475469309470083,0.3458777348825773,0.15948380991003572,0.9246261443897622,-2.1433515462319206,2.227606550926852,-0.5080029902152856
