0.05031370851167003,0.12242816921762523,-0.03510688284018325,0.9999998397938811,-0.0001604260813992448,-0.0005428403858151216,0.0001607747699546078,0.9999997807636885,0.0006423581932120106,0.0005427372157969916,-0.0006424453653404612,0.999999646350071,-0.033559571999999996,-0.028355712000000005,0.008389892
0.08678214885136273,0.197818939548066,-0.07076153102787654,0.9999992437970762,-0.00017497152255145794,-0.0012172880686152552,0.0001769002178909256,0.9999987290439345,0.001584492609245561,0.0012170092804112743,-0.0015847067495722037,0.9999980037944721,-0.04555547375944403,-0.03261060026582575,0.0007396266968836776
0.13410093165277548,0.29994920680795134,-0.12475739145446332,0.9999979398741257,0.00010445453950557463,-0.00202714990896164,-9.88786339179234e-05,0.9999962124278725,0.0027505186647899223,0.0020274295351456546,-0.0027503125565615264,0.9999941626381231,-0.05976662597852965,-0.04155773315709247,-0.014237890701416763
0.20630173870204088,0.4427792654241925,-0.19704944802768318,0.9999946562095432,0.0011732862253572235,-0.0030513852248601108,-0.001159452238582224,0.9999890605361593,0.0045314984846337,0.0030566685890940325,-0.004527936333825602,0.9999850771735012,-0.08730272754296159,-0.05047424428618556,-0.052289430597519226
0.3184108461959066,0.6495170285612353,-0.29598736203991854,0.9999864492912038,0.003116668987208431,-0.004169845128325209,-0.003086063346916717,0.9999684012562873,0.007326165570344179,0.004192546599485934,-0.007313197889395098,0.9999644692136023,-0.1416512927955739,-0.05741625303905205,-0.098409609547808
0.4406614068585437,0.9132311631344686,-0.4331802368267861,0.9999650885109561,0.006439627893298261,-0.005324748996047974,-0.006378119662127211,0.9999136599626041,0.01148878626165202,0.005398272765491227,-0.01145442328474873,0.9999198242051024,-0.20319561655106366,-0.05811634525076292,-0.16227789014517388
0.5430610121810854,1.212085428586742,-0.6119850586826774,0.9999075788610848,0.011774380601199797,-0.006796888819236305,-0.011655528432490483,0.9997829460702157,0.017268740663989115,0.006998742252888989,-0.017187923336424236,0.999827781619544,-0.27586746280096397,-0.0743232795556735,-0.2549872845307376
0.6473771763518928,1.536924838492753,-0.8198356087779514,0.9997724577177531,0.019559700835836392,-0.008511808986095748,-0.019346218790650856,0.9995131310986176,0.024479064114922556,0.008986468021835062,-0.02430882277385734,0.9996641058514812,-0.3540987522374728,-0.09292785833213611,-0.38361710868116305
0.7854753233834785,1.8719538300440224,-1.0325715353569866,0.9994744870208268,0.030642394088846628,-0.010573243540130126,-0.030273912797528387,0.998983175333022,0.03340816674827915,0.0115861986165752,-0.03307051687012162,0.9993858618749618,-0.43366439689814035,-0.11699168145032282,-0.5414670972689203
1.175424543406308,2.2939830540195034,-1.2923339397478342,0.9982405429293318,0.057375526519811974,-0.014962199327876567,-0.05651655035945646,0.99701468557365,0.05260794888553749,0.017935941224808155,-0.051669775566095325,0.9985031478695146,-0.5139769254666395,-0.15072287609530136,-0.722798526361354
1.6536803173830417,2.3567896903575276,-1.3935805595127475,0.9943716362396416,0.10415891490285605,-0.019389932654794113,-0.1022868192077994,0.9914901433630545,0.08052764885591064,0.02761259963221162,-0.07809107541947083,0.9965637602689462,-0.6784360499116308,-0.18830194551387808,-1.161913128427079
1.7775232491218054,2.384977142596746,-1.447854083528839,0.9903442463609238,0.13711963453550854,-0.020407829984161283,-0.13437915462802222,0.9856933104925141,0.10173957171016008,0.03406635438775264,-0.09801481252931765,0.9946017192944977,-1.0008452347003278,-0.19590668639702657,-1.598743282033485
1.8136995160454694,2.277448726638305,-1.4226965432880798,0.9849816362747132,0.17141197504915245,-0.020714994842799345,-0.16759896298180618,0.9780414364674175,0.12387710103232964,0.04149414186378164,-0.11854485801796537,0.9920813236970489,-1.0008452347003278,-0.1959066863970266,-1.598743282033485
1.8505879223308577,1.906850495839337,-1.2890779831258017,0.9775010126024419,0.210013815880361,-0.019646055598272785,-0.2048026943090008,0.9672642279745173,0.1498524930878205,0.05047402069356632,-0.14245739861527426,0.9885131576336222,-1.2808285033914282,-0.21783017569560664,-1.9694576830441157
1.8763968597758303,1.3559753315890692,-1.0656233499556826,0.9677626538828492,0.2513615139328315,-0.015900788125733024,-0.24467697524299337,0.9532459567489289,0.17735648769571158,0.05973795724297996,-0.16774842847315866,0.9840182118280238,-1.3574908973423372,-0.16307803740886267,-2.128938674127134
1.8004784406018968,0.8582443805298026,-0.8093859620600506,0.9557828545033814,0.2939423394911637,-0.008777020669317799,-0.2858491383545629,0.9356482198489865,0.20700888578845358,0.06906087994894199,-0.19534663997080792,0.978299690847745,-1.484376270827348,-0.0757481064001486,-2.241919618928879
1.581436265380333,0.5554494359484508,-0.5643330013697572,0.9420203570155828,0.3355498869844606,0.0019799780174624745,-0.3262311032867509,0.9144456261275444,0.23950462230302116,0.0785551667081373,-0.2262641602218946,0.9708932050346926,-1.6968453024946626,0.0356597566180942,-2.3080004562007312
1.2505729856331973,0.3469481396511411,-0.34278456124540635,0.9257036179203101,0.37785944861861265,0.017176986315610047,-0.36756680433334665,0.8879146251082283,0.27659042440237513,0.08926060789295531,-0.26235444651949913,0.9608343708829463,-1.8875467742637895,0.1444836836969166,-2.3190332338275566
0.81818006200761,0.03129792237428458,-0.12117162430922743,0.9086873728105045,0.416016871437187,0.03488869694268361,-0.40531833850801235,0.859113740741377,0.3124749989014523,0.10002151250529927,-0.29808311449824415,0.9492850751419085,-1.9645686150149007,0.23374795409759183,-2.286539849310302
0.3042705330227926,-0.42819393155233626,0.14165365396120852,0.8899983050557748,0.45251793629122866,0.05595117811606435,-0.4421902506690587,0.8266578894112281,0.34800074150410815,0.11122409456175866,-0.3344611355731808,0.9358231401178405,-1.9478797285159564,0.30957965744257054,-2.2306698725603975
-0.20681766479370484,-0.8442708374271087,0.43520368083028266,0.8716948118145503,0.4837479004185967,0.07833341494020962,-0.47476952755050494,0.7940517888996789,0.3795729867294174,0.12141684712207702,-0.3680621216395675,0.9218395868311983,-1.8937417591273034,0.3937276842632812,-2.142181527324832
-0.6491198437496494,-1.0457651288993648,0.6886693604933972,0.8525724903633553,0.5121489378810312,0.10403659982409119,-0.5058280150185638,0.758638617115851,0.4106159615053088,0.1313703463419584,-0.40270449966182564,0.9058536957225005,-1.8570233716371507,0.49369777574504314,-2.0271355056259686
-1.0427247582471815,-1.038321364434671,0.8468583202945457,0.8348519126873465,0.5348164327227329,0.13035976055520185,-0.532306299859688,0.7239955727718344,0.43872589818299046,0.1402579302997412,-0.43566247703527816,0.8891152451125324,-1.8332632573522512,0.5940898831223226,-1.8853270906394353
-1.4224321896158991,-0.9235795643055289,0.9442020014287887,0.8177502430275196,0.5533629228423086,0.1583477680671555,-0.5559290735771526,0.688100634772726,0.466326475312115,0.14908858165560943,-0.46936871652123247,0.8703249983604568,-1.8226380398702937,0.6756326566942843,-1.7223912131883874
-1.7432446078958106,-0.7301937781092864,1.0064913714556094,0.8024933645791478,0.5668253358429666,0.18631542730795822,-0.5754205536445208,0.6526496004758212,0.49288912083975284,0.15778335225831644,-0.5027499752812123,0.8499099223475792,-1.8367462447755705,0.7513359369805135,-1.5386679383267388
-1.9805175170555351,-0.6625956474496986,1.1275797988595027,0.7895098342708364,0.5754615194277135,0.21335009080753545,-0.5909416699787295,0.6189121715445299,0.5174317989810687,0.16571712124094648,-0.534594952811923,0.828701437283435,-1.803452138857743,0.8164582080320189,-1.354064215769827
-2.146387935520687,-0.699219396436151,1.2887251823677142,0.7785379729366069,0.5802017357005541,0.2392583762082814,-0.6033714693298871,0.5870617653878064,0.5397234047347269,0.17268901150464752,-0.5645568434708919,0.8071270505910023,-1.705651124438286,0.8483798846135736,-1.1717017298933048
-2.2685357284044043,-0.7400286271955485,1.4160259026357385,0.769263829743254,0.581940595395385,0.26377699611529176,-0.6134425716292715,0.5572536880933444,0.5596039120835666,0.1786655298640673,-0.5922950873823207,0.7856622416160528,-1.5678574399228717,0.8459726438584532,-1.0073854046377657
-2.2930266654157174,-0.6567314204345035,1.400331710930256,0.7617765937323796,0.5809104621910213,0.2867742250595532,-0.6212693430471885,0.5295865448592108,0.5775486948247728,0.18363230824451326,-0.6181271118638122,0.7643284954440035,-1.457893968756654,0.852276070918295,-0.8546840438031527
-2.1712932447891857,-0.41565823822603776,1.217019267087553,0.7564006100393768,0.5766622033802747,0.30873746180965067,-0.6266162173285449,0.5034134925091345,0.5949176176082046,0.1876439002816891,-0.6434559493487981,0.7421281613944538,-1.4233118973305214,0.9069960916166544,-0.6985026016061695
-1.9533239979380663,-0.14179250246001573,1.0018962088476067,0.7531308240643814,0.5699502545871178,0.32855847141747196,-0.6296096653172859,0.4796405606108794,0.6111764082128309,0.19075018003441327,-0.6671593811923519,0.72007827970567,-1.4231769325691248,0.9666800568845769,-0.5665225421087787
-1.6922192626328978,0.039193625188005066,0.8914623925534162,0.7510658154555664,0.5605612614712124,0.34881400916802086,-0.6313411489481764,0.4552221416840818,0.6278384787231145,0.19315406933031856,-0.6917686563139165,0.6958071799304582,-1.3997825411346252,1.0139982518101407,-0.47208564266416025
-1.3932118932660762,0.12656270454581353,0.8155140289525962,0.7498317582559159,0.5493740669974656,0.3687010561708579,-0.6324089138833837,0.43133738854951664,0.6434337750539076,0.19445127912071117,-0.715636913350582,0.6708595294831632,-1.379583221403166,1.0741433787414734,-0.428266866160771
-1.0736095878919998,0.2212315620344793,0.639271751704791,0.7490494917350671,0.535894553454967,0.3895406095758688,-0.6332273461876495,0.4062228530416039,0.6587914098611841,0.19480243061005237,-0.7401351371499951,0.643624107522686,-1.3563980364329018,1.1228081539548407,-0.40473218104058817
-0.8080908899076703,0.2946964809355892,0.44514899195680063,0.7485045210754997,0.5205124959508325,0.41086217091449495,-0.6339697099144845,0.37998034510266265,0.6735705933653919,0.19448236125798443,-0.7646448057070008,0.6144061622939847,-1.2859911879212673,1.1071932921641074,-0.3783950947999689
-0.6011076182109467,0.3962853382870414,0.25763666967343685,0.7479503980014398,0.505513355295036,0.4301470094605362,-0.6347017664420354,0.35507206535260266,0.6863508549434447,0.19422633653767926,-0.7863714618579394,0.5864265121654715,-1.173383385238522,1.0097262443204096,-0.34753628324977326
-0.3895532010172238,0.47081093433438437,0.11903662294565663,0.7472458062510888,0.49464134745296817,0.44379459486351586,-0.6355246808093002,0.3367024994239509,0.6947947948595338,0.19424748421124302,-0.8012249149094012,0.5659563151039363,-1.062114933493752,0.9007498374759684,-0.3365588877748333
0.29426246384526566,0.5981737769825181,-0.360292687179083,0.7439805267794423,0.4684129290217743,0.4765315348413217,-0.6394272999810956,0.2920529950630518,0.711222733124854,0.19397346161748358,-0.8338431363271774,0.5167977555951524,-1.1100631987284946,0.9582000185637374,-0.419028176646868
0.6903357922745776,0.5770413273648509,-0.5797176805355437,0.7399118513242837,0.4391137830052832,0.5096170501902973,-0.6441052331955966,0.24391186281267344,0.7250072080671321,0.19405901380744178,-0.8646884344976756,0.463308763575698,-1.1467021287029844,0.9890443228714144,-0.4544070336124858
0.6636347557854392,0.4024433942353832,-0.4101524826627193,0.7376167946428659,0.4256399353780723,0.5241680166436468,-0.6465627326904377,0.22148368083926123,0.7300011039839364,0.19462296102119414,-0.877368579636428,0.43857300248658676,-1.0933643389619199,0.9159301207747752,-0.45826154636892213
0.6133828160999977,0.2114516526910707,-0.2977155524627263,0.7343592508820811,0.4177622382736981,0.5349684130081498,-0.6496116374279008,0.20408051950947573,0.7323632036598945,0.1967770595423908,-0.8853394003597111,0.42125162908712604,-0.845467259381946,0.5874671173585588,-0.4470618725433989
0.6011313907339071,0.07796565791796976,-0.38864525106890263,0.7305939469934214,0.41142447338582555,0.5449425541428838,-0.6529391867942258,0.18747529575583907,0.7338415577151215,0.19975710992369836,-0.8919545482705142,0.4056034773698007,-0.7692959259724784,0.47122831671776594,-0.4458305346914328
0.5948113182290662,-0.020416920860698934,-0.6183775079481615,0.7266004330757332,0.40591543700174154,0.5543324531883752,-0.6562976315681458,0.1713355544739024,0.7347908182409214,0.2032860778612222,-0.8977064028828167,0.39089382800319994,-0.739558478899077,0.41122386584991644,-0.4455592861963549
0.5328045892066485,-0.1256217081935382,-0.7793662510381204,0.7219365916528233,0.3999583776801027,0.5646599452380212,-0.6599828628695559,0.15280278479774081,0.7355772764819208,0.20791868206394815,-0.9037060390865803,0.3742795967819178,-0.7229887465475481,0.3721788731802499,-0.43179592810922446
0.39835354456447647,-0.2366472694741048,-0.7105875260615291,0.718015936215048,0.39545051410551235,0.5727757032512065,-0.6628128734749015,0.1373022478519293,0.7360891165414358,0.2124434279924232,-0.9081668258797463,0.36069489360723506,-0.6750449229101441,0.3090240438469609,-0.391641266574681
0.24631289693850592,-0.33677207991063113,-0.41532089766360936,0.7141744034900759,0.39295787757611284,0.5792573071187546,-0.6653394842438917,0.12403171285537491,0.7361654059464039,0.21743571947972565,-0.9111532476247004,0.35003066613840483,-0.5605942305385394,0.18168215148985706,-0.33942349036842534
0.25235315288733584,-0.36368118185329923,-0.1515260530131025,0.7103589049019051,0.39264623662551,0.5841396742992127,-0.6677148993330125,0.11347471254992068,0.735717542824974,0.2225916427794864,-0.9126622718593866,0.3427835149029086,-0.4583093352169584,0.058177557760788104,-0.3123558438092613
0.5027766877661027,-0.3169834027510214,-0.2096186962494721,0.7063815211269033,0.392969725406411,0.5887273915187334,-0.6701194764833655,0.10340957752693376,0.7350145212942129,0.22795840376722581,-0.91371836699812,0.3363832813357219,-0.4273654892011322,0.018622098134964203,-0.30838308150078314
0.7749996529680026,-0.27820195650708834,-0.41592690572774643,0.7023059037084195,0.39311649604516075,0.5934861735149987,-0.6724329487580649,0.09269054745660693,0.7343312548412518,0.23366717150860725,-0.9148048332564545,0.329441603337826,-0.42860449013088836,0.024153950832690483,-0.29620200131539226
0.7925110326679303,-0.30736674059664865,-0.3780844288131712,0.6991455957534133,0.3932608353304624,0.5971108367244655,-0.6740001635080102,0.08383650727791783,0.7339585953162581,0.23857748328327058,-0.9155967209654184,0.32367179214073355,-0.38595310749512535,0.015482762894648863,-0.2434602763242536
0.5804360929841195,-0.41554161410204554,-0.054765330265665685,0.6977477933412939,0.3929053911136132,0.5989769365519955,-0.6743249449098994,0.0780946527183882,0.7342936019665806,0.24173101902655145,-0.9162568301795369,0.31943627782349976,-0.344387241881898,0.03841340981202843,-0.1486932112041668
0.38408466335884056,-0.5675433643428722,0.34229044732357394,0.6971017865570219,0.3924379924739623,0.6000346000373763,-0.6735339926935578,0.07156885771213775,0.7356832601684326,0.24576627080476532,-0.9169898149209651,0.3142111065286088,-0.30818772698278674,0.028236774478533386,-0.054872735082310026
0.3726955015725054,-0.6820527151022046,0.6677642688814536,0.6976880882631268,0.39168561633118326,0.599844737790542,-0.6717881114289704,0.0668396486928074,0.7377216241275015,0.24886153748307335,-0.9176681531588001,0.30976296718568175,-0.2447638311475266,0.03513205670506511,0.02654667941299474
0.5406618785380917,-0.6829604912187325,0.8230964780725261,0.6994938457418348,0.39006746135171405,0.5987952365908791,-0.6692628482117954,0.06374641618444128,0.7402861841389955,0.2505905021598627,-0.9185770354294021,0.305647885988107,-0.19757069806339303,0.07484396721923627,0.09703150700965735
0.7724513439457248,-0.590459594318916,0.7490178856814762,0.701930690180482,0.3865398968693052,0.5982309038415003,-0.6665596629404379,0.06053522986011973,0.7429897049667051,0.2509811186593137,-0.9202838660294167,0.3001434390461837,-0.23655000662668113,0.19583940560525023,0.12043877151327693
0.898993451861995,-0.504270176003828,0.5154297171568203,0.7055812824598096,0.379782397261516,0.5982644771108058,-0.6630383834589495,0.05588803804067591,0.746496235264523,0.2500703019203039,-0.9233860828138248,0.29124386030134297,-0.3146381367844685,0.3628673187233998,0.14178669041195202
0.7474171118803987,-0.5058946565557014,0.38110118911503493,0.7108762041000908,0.370206979686836,0.5979981727692786,-0.6581486376972496,0.05036375474863252,0.7512016126878809,0.2479826468555789,-0.9275830336949733,0.2794536141468404,-0.3690673210053357,0.48602131889869443,0.20230264405507734
0.3765135076749071,-0.5419214034593505,0.4865201485634185,0.7173593335283484,0.36028433422303807,0.596314334150392,-0.652098463728492,0.045884107490645934,0.7567445026445362,0.24528183830586175,-0.9317133932670759,0.2678562536213186,-0.35071623602652413,0.5066390456918416,0.293066169067278
0.1039656589424498,-0.5072032184963509,0.544657318374526,0.7242505804474835,0.34978109921740863,0.594234195710533,-0.6457399723421033,0.04181635631822569,0.7624114902491211,0.2418284202510148,-0.9358977374556092,0.2561531576701137,-0.3493494436166641,0.5594866644416947,0.3330143762967959
0.11096988770409132,-0.3622345710659733,0.30543903330796046,0.7317012643075088,0.3369230088316918,0.5925336664954933,-0.638866717206992,0.035945802431027934,0.7684772065147734,0.23761855452795178,-0.9408457819469614,0.24155048568913634,-0.42037720701622994,0.6514118246321353,0.3195403572891168
0.2694493238109159,-0.12886232969960634,-0.0566435375716912,0.7384064714611219,0.32439377083960547,0.5912060252947331,-0.6325767239294917,0.029412858296743765,0.773938997666771,0.2336719308067739,-0.9454647350415971,0.22692259373133639,-0.4586364257390747,0.6726058370838044,0.2927651665121417
0.4492152219143638,0.25828053888802666,-0.43298158137174025,0.7516981861191682,0.2985949706152149,0.5880398630266924,-0.6200268770305708,0.01609370793948795,0.7844154921497118,0.22475877901623498,-0.9542442224546386,0.19723451819363136,-0.45108051637964236,0.6831196880195011,0.28916976254089033
0.43501667505721975,0.238697826149942,-0.5393695222239757,0.7587685489867172,0.28280465389576226,0.58676385096859,-0.6129206509036903,0.005114543106150747,0.7901279118880757,0.2204508216459792,-0.9591638906796449,0.1772175669957673,-0.5689263679426119,0.7110562178709858,0.23918769808614368
0.38789691260301346,0.12250089423886783,-0.5874296007340135,0.7643915307933264,0.27018301688932145,0.5854115860110897,-0.6070576996195624,-0.004312786931288842,0.7946460527816704,0.21722462333731685,-0.9627993234591882,0.16072002290471127,-0.559420481288142,0.661434351922642,0.22699974532780204
0.30022669300015015,0.06657287574255848,-0.42343780580837037,0.774509594958222,0.2502635392119861,0.5809501254485978,-0.595845897009168,-0.01970527908515981,0.8028570040757662,0.2123736196776569,-0.9679772016516025,0.13385657528766878,-0.4790071036921459,0.5378250982611507,0.2439421433265015
0.31736465124128943,0.0805144142718029,-0.3301004005835374,0.7800259937780247,0.24128875478808115,0.5773553375897914,-0.5893854125328268,-0.026640436837025168,0.8074126098957342,0.21020058164551705,-0.9700876372462183,0.12143183906182373,-0.3754740937196789,0.4073873842155577,0.2580051595176388
0.3211573618350053,0.04287470137127233,-0.2621758214885939,0.7834205265713249,0.23740592582381345,0.5743611276282944,-0.5850542726044067,-0.030073439353354874,0.8104363555226207,0.20967540784277944,-0.9709449081328966,0.1153352015508105,-0.27570154673325464,0.24737661321519724,0.25809510032207605
0.329151672330949,-0.03894888143846243,-0.26648400894248403,0.7881331502681925,0.23199432386398355,0.5701094378654219,-0.5789763485737476,-0.03490943440749706,0.8145966604286798,0.208883999484269,-0.9720905128043594,0.1068059440069428,-0.2757015467332546,0.24737661321519722,0.258095100322076
0.36989726822164104,-0.1192626355430273,-0.3277291197573534,0.7912188129474002,0.22958429889842102,0.5668014111992199,-0.5747831389033129,-0.03726887992743125,0.817456649505898,0.2087992654933467,-0.9725749741219316,0.10247334502768915,-0.2067830438102484,0.15745644818886217,0.2618214956962978
0.3987850438081399,-0.14112247229124536,-0.34716967624958184,0.7947298151814974,0.22717427300280893,0.5628466669948645,-0.5698666726804947,-0.03994790642137633,0.8207655817227048,0.20894137031627796,-0.9730344364194903,0.09771125478757255,-0.18749760394832032,0.12684965780429502,0.24385131809603194
0.3466369482338852,-0.08852283582680141,-0.2658683530273356,0.7976748819267754,0.22598455391328603,0.559147354581704,-0.5656039362926345,-0.041442283793919836,0.8236350674687307,0.20930114666045538,-0.9732489499128978,0.09476028440259839,-0.13756758397264043,0.07438377604252572,0.24478343117443688
0.2363937031915312,-0.014025889982625071,-0.13655555002982947,0.8007135684765779,0.22586474577233467,0.5548359197769219,-0.561063356223177,-0.04179995518410435,0.8267168040206937,0.2099182973470582,-0.9732614655701759,0.09325464103789513,-0.07858255374279197,0.01721556723982444,0.26025910867564933
0.1337473886178682,0.030278653928445975,-0.036018863755286755,0.8035815731869266,0.2266934580608468,0.5503332911126122,-0.556616106300345,-0.0412452990171847,0.8297453437748386,0.2107965024412558,-0.9730924423616697,0.09303726767879422,-0.0344863556172431,-0.03167535552431669,0.27302876554511485
0.13526777465430845,0.0056750343985846555,-0.05800652322211256,0.8065637986027805,0.22757154288311673,0.5455877854692597,-0.5518397922818855,-0.04107221327385986,0.8329381231226429,0.2119615116895941,-0.9728947867917608,0.09245567259869895,-0.05143922217563978,-0.030037112485671376,0.25482204335008835
0.1586401183515912,-0.022981541479170704,-0.09208343832102658,0.8087694848080017,0.22811994133308294,0.5420822933924242,-0.5481979823425364,-0.04141570158898257,0.8353225196398476,0.21300444267425747,-0.9727517833589844,0.09155913593381003,-0.0736515696524945,-0.021493310205284923,0.23081757609129508
0.16063122216538014,-0.04319061843766888,-0.07761320320049343,0.81137377468136,0.22879148270874627,0.5378913042606797,-0.543799798439007,-0.04202593526611467,0.838162036829814,0.21436972028954174,-0.9725678784562768,0.0903180204501954,-0.08117548918048731,-0.021648567410866258,0.2245835438345927
0.13059456523718518,-0.049360200795027356,0.04687561608831353,0.8129192479665331,0.22925119364797913,0.5353561305304189,-0.5411718184329375,-0.04226556902912489,0.8398492034934789,0.21516356387528365,-0.9724492335775798,0.08970579075436412,-0.07339768255378301,-0.02654684936933085,0.23077436189903885
0.1124086473835148,-0.05442367007469976,0.2522617803257179,0.8153761142538193,0.23019662656385456,0.5311979907934178,-0.5369396411633294,-0.04238114172057321,0.8425554347186033,0.21646619609476453,-0.9722208349675927,0.08904512341044318,-0.06079506749843552,-0.03648265990231651,0.23319432085340916
0.1255762336899234,-0.08061967960845538,0.47991648027471656,0.8179665693882917,0.231532095114793,0.5266152108464999,-0.5324864188274049,-0.04168127726224251,0.845411665929772,0.2176899288610153,-0.9719339278251087,0.08919380480136312,-0.02397614042721659,-0.050719125796012295,0.23532315867471032
0.15250911439238568,-0.14529089404568496,0.667108775947522,0.8204080858117834,0.2325455362834621,0.5223534687252326,-0.5284246594041672,-0.040581188738739685,0.8480097561078762,0.21839860821038845,-0.9717385145578974,0.08958966043343138,-0.0022747567819281084,-0.03886460782768112,0.23058742047667824
0.1907998897353902,-0.22975339719004448,0.8166010396935571,0.8226971794992035,0.2325803363029622,0.5187251083273842,-0.5248967626776992,-0.039606839800016086,0.850243898402997,0.21829507409587978,-0.9717703871832368,0.08949623019556506,-0.0012811184362956154,0.007683008518732045,0.23347145616702003
0.25157978895765226,-0.32259662549661705,1.0076642704083252,0.8259305751748193,0.23108754052698155,0.5142346094970495,-0.5203678178104889,-0.0384825556233458,0.8530746902234556,0.21692399401297519,-0.972171611149949,0.088466599887031,-0.006417877365914537,0.0778622294222636,0.2420589515579989
0.33977092192182823,-0.4407062495689148,1.3247190252108736,0.8287760685004931,0.2287010757270267,0.5107113139946745,-0.5168347545168628,-0.03700650519909696,0.8552849554952093,0.21450423027147852,-0.9727930594603619,0.0875305584432693,0.02712326215759875,0.14867697917791434,0.2489764718963896
0.4624178592013277,-0.591695751298002,1.7715511826675678,0.8318101101884796,0.2255474821491492,0.5071688810291982,-0.513541932156173,-0.03401570577310991,0.8573900020866004,0.21063386362485348,-0.9736381592033754,0.08753348180856424,0.11661315263727601,0.19588158039558135,0.2580666137441516
0.6426555886913188,-0.7582240689487721,2.215444958931769,0.8354512955236335,0.22064789915315,0.5033245845447887,-0.5102303405723028,-0.028834218657794952,0.8595542957800079,0.20417182069853268,-0.974927224173013,0.08849166739840801,0.21394811066903108,0.2662441322351147,0.2569955925009861
0.886488947546254,-0.9076748640362693,2.565974518294196,0.8395294551124377,0.21273352781153002,0.4999347358840699,-0.5074643294733461,-0.02168203467036091,0.8613999324847428,0.1940882487704496,-0.9768696614786513,0.08975197029484018,0.30104152928290195,0.395665364324934,0.2302864704125032
1.1539368499801674,-1.0551091513806405,2.9667027956381022,0.8448155167024145,0.19844595337539908,0.4968963134576083,-0.505220705606558,-0.009926998467933972,0.8629330758105336,0.17617826587080296,-0.9800615584188308,0.0918725222490933,0.41445996942306323,0.555876734324363,0.19196217284720865
1.3944240058801554,-1.2118802042255847,3.61576677697062,0.8487285033016734,0.1831226541792405,0.49611089608035414,-0.5049557332737854,0.001942133568066406,0.8631430562491575,0.15709753377196642,-0.9830881555809503,0.09411717823655698,0.5609033421254286,0.7561473132389372,0.12552796015992465
1.5857538914230704,-1.326248712578828,4.447564827524514,0.8514024073446256,0.16779926177295137,0.49694803401988513,-0.5061631099057303,0.014432433567003501,0.8623170014744534,0.1375239867744337,-0.9857155333105933,0.09722160486167081,0.7721729520359878,0.9570903042770998,0.04644778538998123
1.726053807888608,-1.333965606998666,5.183107115457547,0.8537847586108709,0.14339098326260985,0.5004903714186308,-0.5097508898432939,0.034775927378588395,0.8596189069459373,0.10585658348797118,-0.9890549331528263,0.10278483807601736,1.0035453002925034,1.194244146592687,-0.059805591120929175
1.7440172085541552,-1.1833683552409706,5.721548707029584,0.8543187506376636,0.11660036213244951,0.5065015576081513,-0.5149731773899296,0.05808622659302922,0.8552360006741426,0.07030006314236387,-0.9914788680707045,0.10967021150437677,1.24456655052418,1.410782567589968,-0.18851461149154064
1.692759436029763,-0.9692566582955063,5.954698076432754,0.8524154406494028,0.08622836935893353,0.5157059092740589,-0.5221675875112949,0.08945971166943831,0.8481379431086985,0.026998649875820485,-0.9922507890174344,0.12128249914625984,1.5617004440291469,1.504011211398216,-0.3185317174481022
1.5811582395564612,-0.7469334840169308,5.650821827018438,0.847965770627984,0.05759876740680113,0.5269121689964151,-0.5297681492135731,0.12456682814877364,0.838945059824407,-0.01731357623696289,-0.9905379787358847,0.13614239883194248,1.859334089265681,1.5382552857733833,-0.45055347297084597
1.3088054875144157,-0.48894278720162687,4.617981384292176,0.8409788723358868,0.027662257774106504,0.5403603758414373,-0.53697309201084,0.1653057381054055,0.827244771156484,-0.0664412126693705,-0.9858543566086558,0.15387252131149812,2.0033103561810575,1.5306725153339469,-0.5093942114415144
0.8186504486104335,-0.1621254549695509,3.024758646906232,0.8331511839023268,0.0009124214846174573,0.5530445481597173,-0.5416058324031453,0.20368506111201554,0.8155829315199583,-0.1119027572003728,-0.9790360378284498,0.17019462260637222,2.0066503915669944,1.4869073958265122,-0.497033047285083
0.24122182989331353,0.09514721908145485,1.2622242397250216,0.8244103410491407,-0.023681170003756163,0.565496942306935,-0.543947455009059,0.2429808428186701,0.8031696434828042,-0.15642492052229237,-0.9697419822872385,0.18743460734136738,1.9764523758825274,1.3454909126824772,-0.4587937790419077
-0.38190871933134796,0.30350278458127367,-0.518618453580668,0.8162093196704838,-0.04234695878425454,0.5762022922245025,-0.5439720088570609,0.2797105567384787,0.7911109012199633,-0.1946710046798394,-0.9591500088780565,0.20526680298130784,1.9124058783362154,1.090328649255183,-0.4107728569574367
-1.9199707956853727,0.8087539316662891,-4.736735064101305,0.8032831428737074,-0.06393142189192119,0.592156200398017,-0.539689077466555,0.34242314604764373,0.7690787272536741,-0.2519362856720644,-0.9373682106545496,0.24055965084787773,1.7862493798092192,0.7357231766441497,-0.34817472390088094
-3.177307971383274,1.0465828952855314,-9.594807558908476,0.8006400697374102,-0.05758931263273674,0.5963714864087352,-0.5315777211229192,0.39092046259313734,0.7514029001352936,-0.27640659387329614,-0.9186210660530583,0.2823733908620047,1.2049892932041284,-0.0950837894338622,-0.16167076019074186
-3.2394528740442343,0.23662447015804666,-13.136593768791581,0.8153286111195279,-0.020300433403539722,0.5786425047415115,-0.5280444432238727,0.383875623655401,0.7575015323704407,-0.2375043617921364,-0.9231616315504052,0.3022652480238255,-0.2051389369071443,-1.2063566139885429,0.1870223001919244
-2.8269021649558743,-0.4237475796679302,-13.688114590278326,0.8250058883322423,0.006545779491546925,0.5650862208441964,-0.5267386078214257,0.3711455222675513,0.7647204981763542,-0.20472352880768763,-0.928551643190402,0.30964515607535886,-0.6400062511136284,-1.4542191530056852,0.24686647732981692
-2.3005829055750104,-1.0213784229243634,-13.492626008919842,0.8338908140159779,0.034419387369951905,0.5508551679641819,-0.5248717422860382,0.35811590060599785,0.7721804555172143,-0.1706920163610081,-0.9330425003751079,0.3166953236856855,-0.6400062511136283,-1.4542191530056856,0.24686647732981692
-1.8182044399446848,-1.4143468394954173,-12.859415371869053,0.842108816177865,0.06675743405264428,0.535159963669015,-0.5236881143260719,0.33830863844187165,0.7818555007603444,-0.1288545716267599,-0.9386643224040822,0.3198527617773066,-0.976827790605736,-1.6626137445263482,0.23891251182108608
-1.529642773622649,-1.4947953323650047,-12.068163355511762,0.8475410504792312,0.0949259967405543,0.5221716412209431,-0.5231042708257179,0.3155963616782989,0.7916822963407184,-0.08964423905892184,-0.9441334607131734,0.3171370662116213,-1.5739354298292696,-2.0117709471450387,0.248009766428817
-0.8846942311241459,-1.4787561401294762,-10.40176693701493,0.8530841081829255,0.13148396523148545,0.5049351158839598,-0.5206032816648521,0.27926464244131166,0.8068354743080597,-0.034924597141946026,-0.9511693994074518,0.3066872122298888,-1.887671539018568,-1.9537510919269425,0.28051686803122433
-0.19499405002271053,-1.3625355835593829,-8.055447987484825,0.8564702008231678,0.16713627910489312,0.4883894545430865,-0.5156709374187823,0.23434692617952652,0.8241146779980566,0.023286893385654726,-0.9576779116159981,0.28689848064997886,-2.2084311190677637,-1.7935207843482026,0.28042941576807556
0.6404431860786509,-1.4576730293997056,-4.213319135848386,0.8562524558195774,0.19914355943000656,0.4766272911201053,-0.5106509246413371,0.18719166886141378,0.8391632214723336,0.07789329281708444,-0.9619257361389324,0.2619761689308508,-2.391273519622172,-1.6357973833676795,0.1408449556239173
1.3848537989504217,-1.6971800773274204,0.5119713208808597,0.8533582663596193,0.22621320935491687,0.46968846393013874,-0.5063694791297213,0.14541463456277082,0.8499673727037227,0.12397427088552611,-0.9631625864662337,0.2386382454471157,-2.2752932357209654,-1.47411235490004,-0.005941670231631169
1.9085890568050872,-1.735653708383833,4.854444304768395,0.8485529195844965,0.2507530715016765,0.4659193490263113,-0.5020825659568503,0.1037594244938637,0.8585726986055903,0.1669462177673098,-0.9624743523653905,0.2139441081497986,-2.04067803341581,-1.2039873951199171,-0.10808856753933438
2.4242739489158387,-1.3453058346604467,8.13522070225211,0.8441107664306138,0.2663067179103478,0.4653576538445884,-0.4982700947201679,0.06910669056062359,0.8642633730682514,0.19799981490767735,-0.9614078204984485,0.19102637509241743,-1.795579162429393,-0.8107754016119064,-0.15731445601277633
3.0373710542048795,-0.5536313355612427,10.661866863731472,0.8409939295111739,0.27391678402379904,0.46658204632777456,-0.49454488956689985,0.03941208955105658,0.8682580488544178,0.21944147905219588,-0.9609455149108505,0.16860947376735955,-1.4646301447737924,-0.3776453035238899,-0.14729300190854144
3.6570440933640507,0.2596005073817197,12.931077979520806,0.8403478533013229,0.2732247069643618,0.46814927635968456,-0.49187568400786336,0.021481809990406518,0.8704003925328451,0.2277581983895477,-0.9617103469048127,0.15244478253640864,-0.9809219024307118,0.041682958633339415,-0.0895798763386742
4.275437776838096,0.6321685535719054,14.994581390982024,0.8416955807218988,0.26318729344600367,0.471466857755444,-0.49182697008239246,0.01335163258986635,0.8705905842626354,0.2228335273086092,-0.9646523635360841,0.14068061924604658,-0.3799348760465586,0.5048807705591276,-0.09898202707163273
4.887915688200836,0.38241923323939153,16.571108107082733,0.8435369275968256,0.24576274234878823,0.4775417534139921,-0.4960051711243731,0.015485569252591896,0.8681814714463807,0.2059716533855728,-0.9692063101415133,0.13496224058412523,0.18567643735807748,1.0200183215617804,-0.2324739767480168
5.271055150309724,-0.5163691957453123,16.609467935298696,0.844664920608146,0.21910276871709347,0.4884006026148387,-0.5060858579911288,0.02959212825682861,0.8619752956359089,0.1744083605662727,-0.975252932672205,0.13588024535910243,0.7975489258636177,1.3365343411778763,-0.39836003922351426
5.252902463754609,-1.47120092350224,15.394736569996086,0.844034713412035,0.19258348712313533,0.5005167360268353,-0.51844827193552,0.054290528309137914,0.8533838104059546,0.1371743120359456,-0.9797775967143815,0.14566766660469732,1.4610384764966602,1.47453457441374,-0.514302486615321
4.747788556018227,-2.0450695543755897,12.133348445572924,0.8423855268258018,0.15859873535393473,0.5150078303662464,-0.5323272490083357,0.09637803125172865,0.8410344672219187,0.08375156212054388,-0.9826279643060107,0.16561388711758235,2.0098867233066104,1.590749583856316,-0.47531539029849856
3.837588172550195,-1.774629187262921,7.629620744788544,0.8396183690564248,0.123791811852902,0.528882389252284,-0.5425156740765461,0.14309481829220497,0.8277684557647689,0.026790627545796964,-0.9819365866979892,0.18730403620746094,2.2197556219685817,1.6598462411875825,-0.4047270860397629
1.7051375492491936,-0.43476718181769636,-0.28819000840540326,0.8311867332658476,0.063747263329663,0.5523268062124331,-0.5509048132701793,0.22852073426917296,0.8026718885851337,-0.07504999106325791,-0.9714497209979823,0.22506207680181997,2.2310836521525044,1.607121614942417,-0.31710384464649854
0.4285596505393257,-0.308537169598744,-3.346433914988758,0.8253561358144501,0.03647432705086509,0.5634331127468679,-0.5507053766564932,0.2721249999971772,0.7890954140648421,-0.12454251159771214,-0.9615703863174676,0.2446866464730166,2.179090171684599,1.4198111593634073,-0.25099217290912845
-0.9262625414345405,-0.40554387540640513,-6.307135712905247,0.8193850553606229,0.01594881958313497,0.5730216105921073,-0.5490363344742903,0.309253263021085,0.776480214002807,-0.16482486001420202,-0.9508459677911649,0.26215398348410174,1.991289894674723,1.17207083528643,-0.2466071838876815
-2.1128639564659544,-0.42259299867186506,-9.107265984165117,0.8144010592089775,0.006950449253884607,0.5802608086149397,-0.5492364409598925,0.33201290593345445,0.7668811917209416,-0.18732390846072738,-0.9432492361771585,0.2742091022745324,1.1991592049075634,0.5644463374796672,-0.2706583013875803
-2.962812552160295,-0.22021903231036077,-11.429207679223659,0.8110196331346514,0.006195919053804372,0.584986123986897,-0.5498291230492434,0.34964543637550327,0.7585749826277438,-0.1998376594064105,-0.9368616116635706,0.28697601027630365,0.8105924051597031,0.11602623639771097,-0.22453099625054998
-3.332491897786175,-0.05985490051683051,-13.115400164677242,0.8110920300460545,0.013435005534727592,0.584764242598717,-0.5500295105918257,0.35763122219304233,0.754696923533431,-0.1989905934306545,-0.9337662499464162,0.2974614835354715,0.41438159507717887,-0.33150986154718304,-0.11384047628291838
-3.2652105296389062,-0.15787035567538066,-14.172327285134902,0.8135687609117431,0.02461146988443382,0.58094762829248,-0.5498287374458108,0.3576420615384242,0.7548380722362178,-0.18919363294591515,-0.9335343761044229,0.30449850226898156,0.0003767202046340082,-0.688023815366761,0.014004718259253368
-2.8892601759241963,-0.559765212545928,-14.599673879188522,0.8182777616705594,0.0426495630220036,0.5732386235499578,-0.549833496368783,0.34891483422125696,0.7589081398504236,-0.167644358766693,-0.9361834506304763,0.308959407915214,-0.4528624501267449,-0.9659842349027798,0.09874729696333678
-2.5280290615939593,-1.034886713776797,-14.346650736114167,0.8235839989812638,0.06236137048921023,0.5637556705637079,-0.5494710038345973,0.33424632723798625,0.7657421293574715,-0.1406805337174496,-0.9404203593067437,0.30954569167466894,-0.8633956760246654,-1.2140381515905354,0.1862295912030429
-2.209128575017092,-1.3678392267089294,-13.503800475044738,0.8306730078019778,0.08933714226265357,0.5495463848680623,-0.5473384744484421,0.31185278643478365,0.7766391916336124,-0.101994845446543,-0.9459210932235332,0.3079453472568344,-1.1575632952645876,-1.4663880340622306,0.29295309173373685
-1.833623812092986,-1.3745833235954228,-11.997011611732235,0.837513337841454,0.1183224340106087,0.5334521633168907,-0.5431869291857865,0.2862787393524856,0.7892987035061343,-0.059324269058952106,-0.9508124341869733,0.30403346213215476,-1.4218597347459283,-1.6864950316535765,0.3920160384691296
-1.0379336622170077,-1.2579352858890505,-9.349080137051192,0.8434826290616125,0.15167086705403715,0.5152989448450148,-0.5370780244241584,0.25452241160197964,0.8042173447973832,-0.009178788152593854,-0.955099099611862,0.29614432253322165,-1.6257828830025893,-1.7623975489572956,0.40823400031453017
0.13547012006633574,-1.228011986592864,-5.252239364808721,0.8457177416546279,0.18192626756972238,0.5016615737912808,-0.5324285048787737,0.22461184656213837,0.8161307527452311,0.035796489257280045,-0.9573151787954146,0.286820954263731,-1.7135043827949519,-1.7529952326239873,0.26637880878513864
1.3915483184138009,-1.2826999294992858,-0.4301342008152681,0.8450066661644121,0.21187111221494817,0.49099324429823415,-0.5284581528584643,0.190354594097994,0.8273434046290604,0.08182734759921369,-0.9585800750665482,0.2728159175530062,-1.7534083310243194,-1.5365774961222984,0.10544986672859014
2.468353124688805,-1.1323425990655012,3.954432742453686,0.8433535079255574,0.22819221850391683,0.4865009476701112,-0.5257476303379621,0.16320342105483893,0.834837752230942,0.11110485976621896,-0.9598400672873881,0.25760969579204734,-1.788252809203795,-1.074886298255726,-0.0014605525922081197
3.3072739938166187,-0.6349474360801376,7.571726849998832,0.8408431397746887,0.24247216354575915,0.4839318797096143,-0.5218019647997258,0.12543593445896392,0.8437941312177689,0.14389414103772863,-0.9620151122783077,0.23199439631846527,-1.6377165948750725,-0.6162730479823189,-0.05122601616203293
3.9596817423267985,0.03434437045092831,10.58684596612556,0.8399625762428775,0.24596153880188196,0.4837001053769135,-0.5186425984086503,0.1017153114907934,0.848919224970345,0.15960177200566517,-0.9639278587314204,0.21300318667595206,-1.2883521279272658,-0.1867250303055874,-0.03466742476797846
