-0.1810175909518472,-0.7747619991989233,0.2757822188419267,0.9999984448168531,-0.0016588443949689506,0.0005988314859259069,0.0016576262885415899,0.9999965678404608,0.0020289362696499376,-0.000602195120199398,-0.0020279404754689587,0.9999977624067291,-0.1262732,0.03738281500000001,0.10322753
-0.13660209891085157,-1.0302986831096026,0.4477488822938253,0.9999841115667232,-0.005437831722930115,0.00148546297980378,0.005429392354060226,0.9999694262479144,0.005627456626446545,-0.0015160187257896788,-0.005619302053632612,0.9999830624223857,-0.1740262397531174,0.04362463308618915,0.1827883097973147
-0.11267815245349191,-1.3178543495914503,0.6039702939436753,0.9999338322812455,-0.011221424355846275,0.0025319349849258896,0.011195135549923836,0.9998856280682348,0.010168565415560462,-0.002645751190248827,-0.010139547229424048,0.9999450932839369,-0.2191721815305848,0.052843473087605786,0.27944821098483785
-0.0891913526418631,-1.5661444948931251,0.7398550549264352,0.9998028721656477,-0.019478463310246143,0.0038478924611837747,0.01941298689865351,0.9996774018056176,0.016377675623926474,-0.004165663091771481,-0.016299748042262592,0.9998584727173963,-0.2931762292098408,0.06758597300476862,0.3906844019613404
-0.048501875866400014,-1.7626042956952463,0.8841579218618933,0.9995566483037943,-0.02930119210713663,0.0052864896467735515,0.029165629479175784,0.9992835795505064,0.02411832701101254,-0.005989398030537119,-0.023953450311539233,0.9996951331928169,-0.4029594655769621,0.08570959341512817,0.5127462583555547
0.008415575265688702,-1.9269653488994227,1.053148799578385,0.9991040100277768,-0.04173950518284233,0.006999346648614002,0.041477052588751125,0.9985544448648782,0.03418588523272297,-0.00841613064097502,-0.03386494275333138,0.9993909817470573,-0.5201160125783814,0.1079698087585048,0.6447708359867945
0.06251867986988148,-2.0828872154485865,1.22233458230928,0.9983330845998505,-0.05702255267352869,0.008915193769203503,0.05654831927316438,0.9973127357325113,0.046578908672426596,-0.011547284560798857,-0.04599712634859528,0.9988748292889068,-0.6320232112264785,0.13030874966658818,0.7828298272381582
0.11983735146522695,-2.2687480140685254,1.3732158149083529,0.9969607574743392,-0.0771245305044799,0.011002492929119121,0.07629453409269941,0.9951316825076049,0.06238652528520252,-0.015760460772759586,-0.061357487432642105,0.9979914161014527,-0.7211204918699579,0.14679500480269783,0.9228806761002722
0.20407776088478582,-2.489991833303496,1.5139907957137837,0.995167874036335,-0.09739709476103157,0.012438183875138363,0.09614369494035155,0.9923125246810494,0.07792459999472605,-0.019932195293487654,-0.07635220555577996,0.9968816621332492,-0.809930461316491,0.15101568179220481,1.0666176014633273
0.34376131962908013,-2.627023358912619,1.6471014880542065,0.9924280505320032,-0.1221195677426678,0.013167220344155088,0.12029441538330964,0.9880195944449299,0.09667747731743767,-0.024815683444856344,-0.09436149727097322,0.9952286620108689,-0.8949866349891027,0.14014586581363947,1.1951967250031368
0.49281994326267514,-2.5959942401095257,1.7487510703965006,0.9887989653599608,-0.14872595716912798,0.012537773614072763,0.14627918489137703,0.9823555633145366,0.11653303090752265,-0.029648038224903635,-0.11339372508699946,0.993107676407905,-0.9553838167241241,0.10891963112100674,1.3031784790446048
0.6043868378532478,-2.417213372803194,1.7981976793116277,0.9839124709379398,-0.1783799675271078,0.0098405649139751,0.1753237196719502,0.9747022293381777,0.13862596237205244,-0.03431971522593948,-0.13467052872924445,0.9902959183186588,-1.0102301570524392,0.05341447817061383,1.3887695350017424
0.6671686733480388,-2.1732407644867378,1.7957193986100264,0.9781317754474641,-0.2079328048388878,0.004709408861532051,0.2044891754703709,0.9655741732232938,0.1607815073931091,-0.03797903336631793,-0.1563024781504937,0.986978788195863,-1.0436262085623802,-0.026556888922255134,1.4369730495827762
0.7831686480476505,-1.6540578154791268,1.6931529576190396,0.9657962774406821,-0.2590110879809732,-0.012280341389144465,0.25644146008079727,0.9470547566627411,0.1931969602092769,-0.03840999913239014,-0.1897380936590979,0.9810831400963228,-0.8256762059602856,-0.18473547375181806,1.3636750970506262
0.8761415683535317,-1.305388172459891,1.598199638003139,0.9590982475569804,-0.2822330002752597,-0.021796446700207757,0.280646337893449,0.9379905191876976,0.2034979580757246,-0.03698897890082606,-0.2012916279173542,0.9788327211379151,-0.5341247446138988,-0.22101023025590882,1.2469506614212489
0.9395512194278497,-0.7874363290706639,1.4582058814996073,0.9528903311784596,-0.30176280398340705,-0.0306468086214228,0.3014355511067503,0.930908776688129,0.20626550369361482,-0.03371387363647125,-0.2057864417717619,0.9780160096375422,-0.16864207904137013,-0.22053184516595697,1.0801996697306269
0.9065828957968043,0.011262424589474185,1.2351565592420977,0.9474693636753725,-0.31753236031828713,-0.03840579444931275,0.3185686017687896,0.9261329340521275,0.20196988496079213,-0.028563103186868465,-0.20359515862292682,0.9786384217481149,0.18380214791784716,-0.20510932561898546,0.8757008261346424
0.7679916987767578,1.119092783679998,0.8893202599308826,0.9432766369657893,-0.3290077305857691,-0.04453200387713371,0.3312771018858295,0.9238017365540817,0.19195268507053603,-0.02201517478097282,-0.19581691641547372,0.9803933227663774,0.4762802625286615,-0.17749904059532073,0.6494664102164373
0.5908114184233508,2.3920727989688864,0.4215665865047933,0.9404285654647202,-0.33648579457189265,-0.048697261825396916,0.33967244825362547,0.9236569994389044,0.17742709850783003,-0.014722131481455947,-0.18339862987176644,0.9829283806085778,0.6973324602013542,-0.12693439455029493,0.41844135425719026
0.4434969120587442,3.619018826819743,-0.11908457982743775,0.9392460398579483,-0.33955033379130806,-0.05022397269604611,0.34315738597325374,0.9256020404821392,0.15969931467386786,-0.007738543995175578,-0.16723167605902584,0.9858872559574565,0.8901291149897497,-0.04754106292876209,0.1744487511087301
0.3237960188639948,4.736567483550413,-0.6758077192339792,0.9398926062061701,-0.33801883500122254,-0.04842681058453062,0.3414672324026502,0.9297947652844177,0.13741114818299316,-0.0014205612440792376,-0.14568789117188258,0.989329581267861,1.1211133222426564,0.07581109217946108,-0.09445131176770893
0.15916652832577705,5.852904936738925,-1.2264037283059201,0.9423430462908978,-0.33183129223091906,-0.04333101203006616,0.3346329707515825,0.9356122094222822,0.112474745902916,0.0032183836256446667,-0.12048977996624202,0.9927093506815197,1.3622713288713661,0.2259731979070156,-0.3866836878411482
-0.10885309665125842,7.094645730728391,-1.7417444780588376,0.9470025834553272,-0.31934148380058847,-0.034743685080532334,0.3211557909281879,0.9435017649566466,0.08162951351675546,0.006713038226219184,-0.0884614958483671,0.9960569757147641,1.5551713904685702,0.3575820801778697,-0.6945409982336627
-0.48941853528894486,8.43246638691447,-2.251965670974007,0.9530801457981082,-0.30166205103442706,-0.025263464749717066,0.3025935037784013,0.9517584803745549,0.050921179348360324,0.008683729415868476,-0.0561765253537458,0.9983830882194527,1.6574312667685347,0.43451082265853186,-1.0187426641613413
-0.9018562423796186,9.710406808531395,-2.7005795985490435,0.961500710729753,-0.27440828395825845,-0.014713156060621693,0.2746373788177894,0.9614003409165691,0.016843237265977563,0.00952330941818158,-0.020235567216853427,0.9997498829192916,1.6231974538817642,0.4483401698065685,-1.3511347842876436
-1.3418916303208912,10.67258442258074,-3.1809134817981106,0.9696810778397379,-0.2442771379953829,-0.0068765639929817875,0.24420366108367686,0.9696720034403484,-0.01003880756409557,0.009120262764504011,0.008055159636215628,0.9999259648645699,1.4429460000605936,0.40979309761283356,-1.656630704322688
-1.6798277920830655,10.942892890384215,-3.7005961957526585,0.9785343215182114,-0.20608350628274757,-0.00041237010446476714,0.20594853495929863,0.9779620480173827,-0.03428459691704816,0.007468772256059423,0.033463727763873616,0.9994120253254569,1.215072083580834,0.3651930547388982,-1.9456225206877167
-1.8499147063987098,9.994839941906053,-4.314607486987981,0.987308505345816,-0.15874589382173843,0.00465365088385688,0.15874980014569604,0.9856513522563489,-0.05735776101742275,0.004518431753721919,0.057368571447854344,0.9983428423064487,1.1187526639347602,0.35356672024041463,-2.3291414435426074
-1.900393078860404,7.654556919385154,-4.969189568780255,0.9941318472838299,-0.10792747826476583,0.007316396069736216,0.10816733928651878,0.9909690504588705,-0.07924750938874453,0.0013026617810830087,0.07957386799730501,0.9968281208935825,1.1490423380907888,0.32716201350085183,-2.708014267986323
-1.8854700044286166,4.443693509268309,-5.5389332379321905,0.9981204087485621,-0.06082785336499898,0.007458008756359441,0.0612637356286281,0.9934636724468182,-0.0963155554690228,-0.0015505922833952688,0.09659142707035148,0.9953229083468756,1.0487286066922632,0.26814257816843173,-2.9418812741222453
-1.7354580924467522,1.1836137483095763,-5.828004408484127,0.9999868198213813,0.0006792389687071326,0.005089088125022935,-0.00012296048250251852,0.9940942402996825,-0.10852016533214774,-0.005132744318646966,0.1085181092602536,0.9940812214795823,0.5723344365334433,0.19022472478422262,-2.9616431516719133
-1.557168859049976,-1.9454990464597919,-5.717193460963857,0.9985195067602946,0.05438327069035951,0.0011200393732846503,-0.05395296424643676,0.99281788482239,-0.1067788613247871,-0.006918978840936544,0.10656034649819089,0.9942821633148126,-0.09936588875770945,0.09521624145497753,-2.787814090126045
-1.4440839357397186,-5.100427565560359,-5.139833250870835,0.9941696477008606,0.10770171829087821,-0.005201102531155081,-0.10771888483768886,0.9898528471306061,-0.09267137031876489,-0.004832539671019264,0.09269132054634499,0.9956831652969242,-0.6399270472101585,-0.04333665504215206,-2.4508874694743463
-1.4922550825760217,-8.232282875780994,-4.0432324290574835,0.9879410622034123,0.15416216972411811,-0.01436951767966943,-0.1547851601954046,0.9856333634169215,-0.06759014057338135,0.0037432333185408208,0.06899926336852266,0.9976096881340535,-1.030962015391983,-0.2246483108861138,-1.9817215704043458
-1.2554729528391158,-13.603257561699916,-0.6363451409763088,0.9823251273371233,0.1819533015636845,-0.04393563760980389,-0.18222439141266292,0.9832544822508008,-0.0022123082954370737,0.042797375811954926,0.010179350852798044,0.9990319141247818,-1.6689223986565813,-0.7382403823045485,-0.7586726052611269
-0.7916250077430669,-15.642735191490722,1.584795207315339,0.9809727735039836,0.18327658064471267,-0.06404773712696543,-0.18101832463815368,0.9826864956010628,0.03949199296690356,0.07017680378229477,-0.027146755800354992,0.9971651166483997,-2.0251787156547856,-0.9791989763257638,-0.056895960339867505
0.21750210209011422,-16.493247017174706,4.170771781495657,0.981678555688136,0.1689040868046824,-0.08819650085310718,-0.16106845472114664,0.9828759882286014,0.0895083496518155,0.1018045489936364,-0.0736627533040006,0.992073400802519,-2.5260417004791975,-1.1406345197070937,0.7758487162350506
1.546212769979686,-15.55778792923922,6.591301514214104,0.9831631369642133,0.14662757870086754,-0.10904402449932384,-0.13159788176827408,0.9821790562943843,0.1341875511766114,0.12677635279811278,-0.11757829111274432,0.9849381208127822,-3.104012648929173,-1.1938673245996354,1.5934817306965436
2.8929045539287985,-13.097785569405314,8.92100736526396,0.9843691482024262,0.10713616630167588,-0.13978276695433628,-0.07861356552085706,0.9775249180546145,0.19561426813608665,0.15759850057449315,-0.18156782879270908,0.9706677269612772,-3.5431416791000245,-1.2440181903364733,2.2771457202501497
3.7349002070556083,-9.375427959266434,10.530737563059036,0.982148727357864,0.05738063278773496,-0.179140560259836,-0.009343928726864221,0.9660447489409277,0.2582057978427421,0.1878738096310288,-0.2519226191205125,0.94933578128615,-3.59862245215579,-1.3219519732771579,2.7606878128793837
3.964743910541966,-5.712438463581308,11.340689345597568,0.9746312715730873,0.004441857859426792,-0.22377255052973855,0.06724470460418137,0.947799757608097,0.3116949938332807,0.21347607400953406,-0.3188352072415923,0.9234565915345921,-3.448963075477664,-1.376114297121501,3.103916307001937
3.728826499279394,-2.1077866163233754,11.309847167955056,0.9601290362564161,-0.0515549995816444,-0.27476228954400367,0.1526091123419775,0.9201407095051244,0.36062658462958586,0.23422786462656364,-0.3881792842612068,0.8913215753603955,-3.344667832375532,-1.3563017181819574,3.2418760465875183
3.342833889625788,1.062811357283075,10.493552156171972,0.9404618731243268,-0.10153303889690574,-0.32438018930237195,0.23401711094227926,0.8855505909812601,0.40129308815249987,0.24651056161088108,-0.45331136410319617,0.856587035968434,-3.2779905075363605,-1.273468172081541,3.1916216091008467
3.066349102978212,3.671988628108373,9.192255231099898,0.9182738898435995,-0.14293744899078692,-0.3692451068159356,0.30650196263731866,0.8469854818248479,0.4343640644406509,0.25065835340354603,-0.5120395289955029,0.8215752616864058,-3.1550728859375123,-1.135747066484142,2.970195672865787
2.8970671142669686,5.9023776985864425,7.621136887115992,0.8964421914604299,-0.17528994637496997,-0.4070194492520999,0.36680454664724965,0.8088929284518933,0.4595069693262832,0.24868820223027846,-0.5612180191337234,0.7894228987501513,-2.879700410065194,-0.9564571662234522,2.6352861845275486
2.658353008721328,7.970905208790391,5.8592364713983285,0.8755818097668314,-0.20153929973831725,-0.4390198230905177,0.4176255741012044,0.7725694868793535,0.4782523055873458,0.24278668468859607,-0.6020949249113143,0.7606157552496257,-2.439456526461209,-0.7427644197929567,2.2265363449307194
2.2661876571758945,9.805504629948597,4.0268867376672155,0.8568231334607574,-0.22264796268006767,-0.46506128916617523,0.4588407713649446,0.7406906397736079,0.4907570913241967,0.23520047725230459,-0.6338811094094685,0.736800837834831,-1.872222035052417,-0.5261479336850466,1.7709924708408455
1.8452706311309128,11.201014006335281,2.3770245792234594,0.8428104483461146,-0.2375550824036403,-0.4829473376909968,0.48705747765129503,0.7184556091453794,0.4965848881626384,0.229009959658046,-0.6537500443684433,0.72122487329936,-1.2293132750338611,-0.32768614372639127,1.289028911906549
1.476510189104814,12.266716387192947,0.9433227210529962,0.834711875288125,-0.24704718774295298,-0.4921623434206245,0.5022561075107437,0.7080226757281102,0.49642994785061434,0.22582047675341224,-0.6615675155893808,0.7150758942907777,-0.5162831655899649,-0.11214143695279061,0.7765399022487405
1.4398426063709762,12.673439465600897,0.3019376093118247,0.8322577658706408,-0.25335889246049903,-0.49310879403961133,0.5062419346065091,0.7098749016893315,0.48969044058202793,0.22597812901665734,-0.6571810219131035,0.7190597955965689,0.24807843336248903,0.14097983159446753,0.2974292020853438
1.5636324164878843,12.795077655096438,0.16351969773400743,0.8363273908133668,-0.256634019191704,-0.4844537909530887,0.4980057807698744,0.7251173095150379,0.4755997579493288,0.22923075207112634,-0.6390178930477491,0.7342406925999951,1.11889791060661,0.47509185213893335,-0.1969380570369577
2.1633279217698034,11.993850981659982,1.7514538871062078,0.8568319334583597,-0.257243295283364,-0.4468388130386235,0.4569253684545689,0.7803544203095536,0.4269264413994486,0.23886867829136973,-0.5699761975162617,0.7861735742164303,2.0604565351439104,0.869498972435389,-0.6774634343971417
2.6004898984455136,10.945969561103642,3.504899371834178,0.8737447681806355,-0.25222709399387466,-0.41587446799770433,0.42121802542694237,0.8199215812734704,0.38769056684092695,0.24319838636881583,-0.5139164266857178,0.8226447904473636,2.929684907651474,1.248972659689887,-1.1436755899492104
3.346738313943633,8.968451413784258,5.7767506326553555,0.8969730849375117,-0.23850823863767137,-0.37222722227107474,0.3692563974474267,0.8671689798947849,0.33416713371064155,0.2430822861539529,-0.43718620793683954,0.8658979280192173,4.410306367046803,1.9760121275048184,-2.0052827986637114
4.242126017255218,5.964306959962899,8.091889567556501,0.9229639977377245,-0.21537571781953907,-0.3189839479561894,0.3040495074153006,0.9161576121603614,0.2611687705701766,0.23599016064342918,-0.3380362848191639,0.9110653731896218,4.410306367046804,1.9760121275048181,-2.005282798663711
4.921882749597989,2.870422375116635,9.985591826755286,0.9420668584856001,-0.19042368876288332,-0.27613194835261257,0.2534835555314191,0.9433074203617708,0.21428298524514547,0.21967275939046965,-0.27186380680104866,0.9369279317713921,4.4932595693207364,2.58668324086977,-2.7555851414584076
5.896762620758403,-0.9054175697476357,11.267228125338658,0.9672024452068739,-0.14547964626731721,-0.2082188812470701,0.17879557395535445,0.97218744299839,0.15127365405194412,0.18042054406253333,-0.18354086247533066,0.9663131889206474,3.949156973432669,2.880116113451356,-2.951315758076286
6.758016097349513,-5.003874711299144,11.358568612079301,0.9852204116566872,-0.09909700363737253,-0.13971586998306157,0.11321126431249162,0.9888276424181598,0.09696959947587103,0.12854551757177818,-0.11135383899910371,0.9854320739920966,3.379199550776231,3.235724716452806,-2.917135234943232
7.160272514850238,-9.19221537421083,9.9851902126834,0.9967689847237905,-0.05003438411355389,-0.06283431784528787,0.052811865983248954,0.9976631811016441,0.043348401187532484,0.06051857486815654,-0.04652673941429041,0.9970821253113515,2.8735022924582934,3.542601322142905,-2.657566693574821
6.799015867139838,-12.649149064077596,7.554060167216074,0.9999207489832165,-0.009413936097215131,0.00835904061495231,0.009421376932011854,0.9999552555375325,-0.0008512223990494935,-0.008350653240903755,0.000929908611232412,0.9999647003071782,2.380313587444693,3.6895295337060574,-2.2156238386136375
5.849262627928996,-14.915707818557543,4.426868298730212,0.996143964818186,0.025826234961538772,0.08384632934134587,-0.022424356073403547,0.9988965984837734,-0.041264195039280936,-0.08481951197100346,0.03922487890686209,0.995623954745838,1.8772134264286358,3.681058731766471,-1.6257054905341877
4.587380614870343,-15.786122807952648,1.2509348083721124,0.987374288037545,0.0482467364874882,0.1508783209764062,-0.037832446579445136,0.9967478778164657,-0.07115036229131308,-0.15382041902220228,0.06454394229266246,0.9859885182927615,1.4331067335731134,3.526973104563359,-0.9697235371621171
3.2015273959132204,-15.346828535654458,-1.7798515139629805,0.9743830067762691,0.059090196140008225,0.21699332898910456,-0.03935502761714748,0.9947777519647878,-0.09417221457062784,-0.22142479063305395,0.08322002713300543,0.9716200333345797,1.0822060425434183,3.2838740528219867,-0.2819227069230517
1.8015715823233585,-13.622745047304075,-4.397948140763193,0.9601295530681524,0.056426267027472644,0.2738016028340511,-0.028060182467921507,0.9939236791653356,-0.10643470371222787,-0.2781436094628416,0.09450818157062978,0.9558788292096415,0.7479702589397919,2.9518245965010346,0.3998539238338059
0.32904506350184626,-10.912322657737793,-6.77208422917689,0.9433850909570258,0.04085644394297888,0.3291736944962943,-0.0033634917908869815,0.9935124697067506,-0.11367347738221772,-0.3316824642379782,0.10613069078041071,0.9374022719150488,0.6480905690916815,2.5143919995015254,0.9571596869039416
-1.4080366899808894,-7.704851102195718,-9.100596509161129,0.9282784694146743,0.020305639753797015,0.3713310708994604,0.0279979162964794,0.9918584617181042,-0.12422925823352247,-0.3708304193350457,0.12571584193085972,0.9201523391175014,0.9849982928284851,1.9726024646308127,1.200154499546997
-3.357924110848157,-4.102253466744341,-11.004070605369698,0.9136749366930822,-0.003853423692457312,0.40642743655508784,0.06839377517247561,0.987153793657733,-0.14439417988548792,-0.40064997388811807,0.15972644988539694,0.9022012301202309,1.4108291368615835,1.3919481782656553,1.1947144496668969
-4.951298964724792,-0.30351527787675714,-11.95533431878145,0.9071810538603237,-0.018575808573501322,0.4203301974076032,0.09470634391068453,0.9824024222647454,-0.1609850587832058,-0.4099429764490965,0.18585053151444508,0.8929761116602469,1.6569299685215264,0.7894224598615907,1.0773507911177016
-5.879922759463346,3.5709609551231662,-11.973017192740338,0.9032602551031593,-0.03656116178929303,0.4275326806217204,0.12557170100087395,0.975266690436422,-0.18189730738231238,-0.41030800559911473,0.217986614207858,0.8855106868736657,1.6210981455107896,0.21722689637883938,0.9555021349639731
-6.11200219407611,6.994758370409389,-11.358774446771427,0.9031167228846266,-0.05305511092551042,0.4261048463122843,0.15014346709026047,0.9687145782265353,-0.19760821142225266,-0.40228985089888697,0.2424401392840461,0.8828282135997262,1.3685980938987232,-0.2696576932646918,0.8508695502727736
-5.94247347146282,9.621396900807099,-10.449902412844004,0.9064735447304011,-0.07281072478464236,0.4159378692307756,0.17333915166557715,0.962364774437415,-0.20930260252056482,-0.3850444795134193,0.26182558942616485,0.8849791576742818,0.9535257289517797,-0.6919419720692161,0.7450840833682827
-5.707116205430773,11.304766045444959,-9.599814609486344,0.91217692478569,-0.0902171267366381,0.3997425770816867,0.1879975680468865,0.9588872922148166,-0.21258427796380736,-0.36412933457355284,0.26906510526696414,0.8916354618512541,0.46937550254053984,-1.0637853534342796,0.6175611887215331
-5.597049377255053,12.156104419641487,-9.12604318517122,0.9208523812384459,-0.1067462037529842,0.37501485297493425,0.1957349449534402,0.9583811381881437,-0.20783028001057027,-0.337222068215528,0.26478451984495766,0.9034215155501429,-0.06987742123426047,-1.4605794997186736,0.4425300012948537
-5.592483394473822,12.221724482452117,-9.223944411660646,0.9319596044558849,-0.12057767412321771,0.3419244363385963,0.19578346248255132,0.9611251085345693,-0.19469812932526076,-0.3051559133963727,0.2483939416480357,0.9193368905204325,-0.6362461557792162,-1.8737445283316403,0.22322094958206445
-5.317268556002803,9.693144965274564,-10.097517953022962,0.9565093912017524,-0.13759369752871983,0.25721150624190464,0.18091099984667455,0.9715164204268506,-0.15305899181516786,-0.22882524921286607,0.1929347538453723,0.9541567932375137,-1.1378774902528377,-2.2537787465983774,-0.07316313213601305
-4.953643394766863,6.9075882494747445,-10.091862728878223,0.968866752729352,-0.14047349190262487,0.20387352336280712,0.16743130633159986,0.97835950377941,-0.12157071614743785,-0.18238413614066187,0.15192063532381062,0.9714196556828744,-1.667161733295381,-2.646136299426575,-0.3244406745516129
-4.340332857446324,2.996120110184075,-9.595536038498892,0.9793618644817212,-0.13811890246674594,0.14755848732034826,0.1513666646416077,0.9850177435575789,-0.08263278835916846,-0.13393457818712323,0.1032628377400008,0.9855954114684786,-2.1998978627157775,-2.9937647438556563,-0.5161158338152712
-3.1713485971773783,-1.605791691490471,-8.665816920393077,0.9886917123719707,-0.12759293677453903,0.07879556061244802,0.1305095957011055,0.9908968230083242,-0.03302622566906564,-0.07386435755433929,0.04293633236850427,0.9963435793168068,-2.454699158475884,-3.2413779112301,-0.7441902546874701
-2.0574462983500497,-5.923969306170855,-7.256608985372545,0.9928899532432607,-0.1156093930611049,0.028355052188983952,0.11568200382197855,0.9932858662893088,-0.0009283434865536913,-0.02805734735018027,0.004201912176656525,0.9995974835871343,-2.2648798890213975,-3.466458688279263,-0.9145046400169402
-0.5893505560785949,-9.012938911695528,-5.241151784275772,0.9943771936388579,-0.09647890816617433,-0.04365566458059533,0.09848158703019964,0.9940604394962422,0.04631651589391078,0.038927802235981857,-0.05035536622447152,0.9979724261248283,-2.2767117487559014,-3.49933752183826,-0.8480095445003349
0.5565387834735227,-11.36264119830809,-2.6355502767809296,0.9908544824730903,-0.07786181016390498,-0.11020405201709055,0.08824910026153754,0.991771350796499,0.09274526425816254,0.10207590737296773,-0.1016224692540354,0.9895723232168016,-2.363222832406003,-3.5141891849341214,-0.7012695899625725
1.3256513438608133,-12.794845563390824,0.7293010520032963,0.9816910595727935,-0.05781858431199852,-0.1814929058200442,0.08532577585740592,0.9853570241903842,0.1476179083072306,0.17030025111308236,-0.16040120381975484,0.9722495967003506,-2.551863571884234,-3.4704493891456103,-0.491452942564779
1.850043457945907,-13.494277202083563,4.427057366875926,0.9694869678078015,-0.042232008363591124,-0.24147769404318364,0.09132893842388207,0.9763591237789176,0.19591295623319618,0.22749515216198057,-0.2119889593427946,0.9504244508952598,-2.62487158475449,-3.3542285383691586,-0.2080289374143286
2.246612210942637,-13.313495890165207,8.08089247080174,0.9523180841846178,-0.029661662924150685,-0.3036617399138628,0.10817510014393955,0.9634333574903927,0.2451414150722741,0.2852865476039646,-0.266301241880999,0.9207036626020604,-2.5786527392933407,-3.16311870964301,0.1559716713520619
2.8259429771837117,-12.265156639111652,10.949241147974998,0.9337025524479645,-0.02358813332896914,-0.3572718062179162,0.13173317705471813,0.9504692720426183,0.28152181614547156,0.3329352994430418,-0.3099221884099768,0.8905629250737667,-2.2780256846290903,-2.9045079137555785,0.546036577809306
3.6679823385842756,-10.328135814930096,12.820601281719915,0.9115666845490209,-0.025039859492947625,-0.41038906546944054,0.163948919321517,0.9374925741451152,0.3069664888486551,0.3770503036381407,-0.3471032682925044,0.858692255506621,-1.8305907547625138,-2.596753919170684,0.9777770772748634
4.578502020779753,-7.465473467251746,13.545448958373253,0.8894261482454032,-0.033671680505196894,-0.45583697167880477,0.2000914612762018,0.9253310512180695,0.32206498222566204,0.4109556350041958,-0.3776621023926253,0.8297510484926672,-1.6264039454803776,-2.2775925957695353,1.3658185448494742
4.976079928680187,-3.9280646112233084,13.233691279092874,0.8640376719344735,-0.047204226115290994,-0.5012092003494283,0.24346342328926282,0.9106070975622316,0.3339465157619721,0.4406409683612386,-0.4105684777307489,0.7982913391084271,-1.6010253035915802,-2.0004733342263554,1.5535234154893498
4.997733024716345,-0.4842942263135228,12.304796324661673,0.8361237443893591,-0.06513944536249408,-0.5446594685913264,0.29136000140084517,0.8940180776978895,0.3403542659245937,0.46476492300088523,-0.44327026677551506,0.7664887715686024,-1.516406673539049,-1.7496883796447427,1.7192546061383687
4.723134403057054,1.4452299275187883,11.161129491841631,0.8087684379725442,-0.08874476972069087,-0.5813931368589367,0.3376893115330217,0.8794280244464286,0.33551792604062836,0.4815179566909279,-0.46768655707158446,0.7412217898299546,-1.1654083407787996,-1.3975190814505334,1.9617935047175639
4.694777278580187,2.6595224940237125,9.926656634722114,0.784570694341849,-0.11732330012103546,-0.608838294482747,0.3788725108888726,0.8680082090790693,0.32096319020116143,0.4908201769209488,-0.48249040635027707,0.725464376594215,-0.7594279178282367,-0.9413853588685656,2.1922528535230548
4.919503308846432,3.35795394663269,8.636909147724536,0.7617881828682269,-0.15415802792947925,-0.6292170268414711,0.4188438535920115,0.8581702259843412,0.2968395013170876,0.4942151259831288,-0.4896725085798444,0.7183120795243544,-0.3581790779995766,-0.4075962920995777,2.3953090231882737
5.008015883675704,4.072772610275551,7.386297332070938,0.7401214355343038,-0.19967190008908325,-0.6421459281015945,0.459095255592551,0.8477766958418117,0.2655300741534742,0.4913774587372246,-0.49133064864951664,0.719126127145018,-0.11562039376371339,0.11200515376305475,2.4715661565671794
4.161426465275013,5.436872092733109,6.148604156497772,0.7029588448295313,-0.29089827116228406,-0.649020075429664,0.5305770472647882,0.8221836959386266,0.2061600520190017,0.47364212164007385,-0.48927718725431446,0.7323052469024076,-0.09855524494918072,0.5436929699960888,2.397852130569736
3.547514806901236,5.876539612261802,6.000406864517293,0.6862985033887073,-0.3365891026683694,-0.6447496725174227,0.5650383075189169,0.8049099762080084,0.1812502172053316,0.4579585955985309,-0.48870001653951756,0.7425942489352424,-0.2973211037253681,0.8601502347831067,2.2058389237535563
3.1082603067397567,6.227970736409495,5.7496711054443415,0.6788439928862094,-0.3727743590365232,-0.6326216172146023,0.5934088839020084,0.7859476222632499,0.1736439793511864,0.4324774327389594,-0.49328046008701043,0.7547434384397564,-0.8664746584309961,1.2547702900347604,1.6505408732666589
2.794696373263929,6.588338110654527,5.3355245002959695,0.6736705030598977,-0.4105316223678719,-0.6145175671557559,0.6225006109343627,0.7633859427075117,0.17243808124340568,0.3983227870626658,-0.49870400992228464,0.7698267777844988,-1.058653482479087,1.4385698872191153,1.3856801779087935
2.525627940070041,6.973342326597285,4.838162988512567,0.6716570337675186,-0.4392464786139108,-0.5966065370207563,0.6444062490489895,0.7436942021775796,0.177931222201343,0.3655371597761714,-0.5039657375980358,0.7825606175562616,-1.2517742039667272,1.5314121126152278,1.1000847459411507
2.1711137544761563,7.490433592763049,4.195831354330558,0.6718760161704311,-0.4676075091034842,-0.5743917098330955,0.6662150981248858,0.7204043437163659,0.19280825860175135,0.3236356932190877,-0.5122116740026794,0.7955495830493367,-1.4447100986436086,1.4877882258773587,0.7668128451391876
1.7183946020375944,7.963388199313471,3.6994460727503764,0.6737618597757942,-0.4832992597089898,-0.558987282392191,0.6780018222606096,0.7051531923961739,0.20753916320727575,0.2938681427490162,-0.5188263686612574,0.8027831051155828,-1.5592587935267164,1.4057357819073666,0.4578308066658653
1.3290175971922475,8.327561696498043,3.2961969008565424,0.679288596401832,-0.5008397755395745,-0.5364014560344699,0.6890666198312352,0.6867665689876239,0.23138468651862473,0.2524959331014765,-0.5267933171163393,0.8116246699113937,-1.528962824060024,1.3864379818574475,0.16654853179461238
1.066182694084669,8.454641368274496,2.979757291385802,0.6875913872069003,-0.5138610215144369,-0.5129960378083165,0.6934027963815829,0.6743185370656222,0.25394304979636567,0.21543130276051323,-0.5303219410299926,0.8199682875898855,-1.343605340218709,1.4429423793757075,-0.13216970223071323
0.9556569638896273,8.362712569575613,2.4727468358826488,0.7011580144863457,-0.5254788777055711,-0.48192259524415404,0.6907179585782028,0.6682685042744012,0.27627143879238386,0.1768788863011239,-0.5265825246627053,0.8315195152855557,-0.9799113454699373,1.5997273633899087,-0.4562385994597581
0.9607692324447652,8.09929262279034,1.6792682625385273,0.7204564332566379,-0.5346813774524947,-0.4416541094393081,0.6791217551797502,0.6729569771387723,0.293125482621045,0.14048547761494634,-0.5111210536905608,0.8479499390020329,-0.44293112975649174,1.867263286951022,-0.8298490411495144
1.0115400151097549,7.685351041031465,0.6775168715541127,0.7442503466096951,-0.5394305889380347,-0.39383506863827594,0.6587670642458123,0.6900583060948968,0.29974237146989186,0.11007895637360987,-0.4825289358239638,0.8689352389311241,0.25607385015255635,2.2137264739137894,-1.2815250675011085
0.592467137149884,6.626796828056321,-1.1927785834760465,0.8049331739519575,-0.521513447729011,-0.28303058016657784,0.5885837819618973,0.762194444461051,0.2694972364313568,0.07517790289079719,-0.3835144751772874,0.9204699507569117,1.8156890368233525,2.7180046232842923,-2.3087366527729105
-0.16809117689635933,6.030391674636529,-1.8426737919437495,0.8396654175306496,-0.49590035189037107,-0.221460668286917,0.5397964946217233,0.8069512610100977,0.239686058727478,0.05984756467209487,-0.32079978701554557,0.9452543391350287,2.407270613599464,2.607411657876726,-2.8439445910201124
-0.7130315363700062,5.0414540351996635,-1.8831667217631198,0.8750420889480983,-0.4596819373644898,-0.15163726135148783,0.48260323457370685,0.8526940860155336,0.2000172833860333,0.03735586364073233,-0.24820417428996489,0.9679872041079322,2.4072706135994637,2.6074116578767264,-2.8439445910201124
-0.500545752641604,2.900332815352037,-1.413606068567374,0.9076582704800799,-0.4071588143104131,-0.10187327401458376,0.4190873604182289,0.892425135069903,0.16716208491504986,0.022852754030810662,-0.1944198503877732,0.9806521673908659,2.432160407168082,2.1547278365240543,-3.966848372263365
0.04527804979234401,-0.4711138012206623,-0.9210876271443065,0.9412266937049152,-0.33439310341263245,-0.047681898529566856,0.3377671435830498,0.9327732102633842,0.12588683382581017,0.0023807085210748383,-0.13459342704979588,0.9908980480462805,2.3543928055137933,2.0389564142338727,-4.238712909695132
0.30502731159037133,-4.079872010880832,-0.9055691291021756,0.9674372896717132,-0.2530876140216256,0.0034278537734552528,0.2519903440102637,0.964339158791893,0.08093734209950613,-0.02378985242157066,-0.0774380168223884,0.9967132970279744,2.2102126494084136,1.965893255507841,-4.229830657716441
0.23661068462968293,-6.922893732752932,-1.273622126805058,0.9841092290200729,-0.17075499855285678,0.04870067583446491,0.1690833095231501,0.9849209788057398,0.0366264924479766,-0.0542204739763318,-0.027809997798582127,0.998141645371149,1.9381683906899134,1.8518411768532732,-3.9834097453252966
0.0069780754931707545,-8.830504045533443,-1.7365983908806844,0.9912738155620958,-0.09939958259012525,0.08657912890457531,0.0997173214548733,0.9950155892782994,0.0006579475844410085,-0.08621298268144653,0.007981232615792005,0.9962447598572858,1.5198579159593189,1.7869386755766667,-3.534065250101772
-0.7149706338652668,-10.035344284056698,-2.1725723766636795,0.991531892155052,-0.024121520983670226,0.12760352293278837,0.028444756701172746,0.9990776676433534,-0.032166905858789126,-0.1267099153801119,0.035524164194974554,0.9913035010039121,0.9678485685891828,1.6443188129924817,-2.8877505583900605
-1.3927964725661242,-10.97564472325124,-2.43594717966937,0.9895859316559513,0.004396889505196831,0.14387616630736216,0.0016783644123064565,0.999112961848722,-0.04207698371762804,-0.1439335505069054,0.04188026777079085,0.9887007515977333,0.46673691471526935,1.3183173890870563,-2.1014641642483802
-1.9994029812357754,-12.140456953241749,-2.7411360930382127,0.986235987999757,0.030972780291295122,0.16241694140443708,-0.023335474777926246,0.9985397483004967,-0.048721932236615265,-0.16368882549225425,0.04426124653698459,0.9855185997554579,0.13556832764716348,0.9888906029276614,-1.2751073723969455
-1.9424032048551823,-13.512714231541079,-3.219546456537965,0.9836870675768827,0.03905800765717191,0.17559676853475295,-0.030000807565827473,0.9980932615560566,-0.05394249513872272,-0.17736883781372975,0.047794489998798415,0.9829832053999505,0.2413644311403727,0.8268421326116906,-0.4478356130707935
-1.525349704922882,-13.988121322918852,-4.01320294539338,0.9812606497662969,0.03229681161821083,0.18995908290872673,-0.0191514406028956,0.9973184050574802,-0.07063441977136403,-0.19173095614182945,0.06567278654740728,0.9792478366399583,0.8233815935205767,0.6326474688635461,0.3388049501669605
-1.11304259837953,-12.497964045970013,-4.846199425642767,0.9797394261093562,0.016056164939687735,0.1996318023120092,0.00278875326026774,0.9955908543822799,-0.0937607248564938,-0.20025703428884725,0.09241780260204942,0.9753748356298947,1.5212984124890727,0.47642938782663324,0.9545676049810058
-0.9181766426705071,-9.067424393875031,-5.280745743477388,0.977882276089013,-0.012114000077042133,0.20880494513566217,0.039006259539209054,0.9913694681822142,-0.1251602543656467,-0.2054866560819288,0.13053669429799053,0.9699151538222403,1.8476121098609135,0.29664153073868227,1.39825094892757
-2.065986520331157,-1.6466211729852072,-4.598850925622214,0.9738970881965411,-0.0810912526042158,0.21201101469824654,0.12106811628016356,0.9756347318904328,-0.18297371710017737,-0.19200774156963862,0.20386534448052324,0.959985389731096,1.871043250646323,-0.1914752397963381,1.718927186996265
-3.1282161094457397,0.6654349295219706,-4.034489022705872,0.9711010023434867,-0.11623829296343652,0.2084502398569599,0.16069436963162256,0.9641964021644762,-0.21095643536468564,-0.17646575536395925,0.23835678572682983,0.9550109318127208,1.7808850276796921,-0.5186438305667913,1.6427385099397964
-3.654662811682444,2.0468268708392876,-3.5968388213095954,0.9678718364670974,-0.1524083618945622,0.1999894982203484,0.199215275646069,0.9500929608527726,-0.2400763205467637,-0.153418975759424,0.2722040722741454,0.9499302926606251,1.657631219398858,-0.7370956119122183,1.4642547695822568
-3.5488287421009628,3.0164457539750757,-3.061315308442913,0.9646135581811772,-0.18014108560556785,0.19253538025489886,0.22733125630893455,0.9381335706197084,-0.26120088740530306,-0.1335708923308216,0.2957272272773748,0.9458880609082576,1.4123025318368863,-0.7445293160017159,1.2865144695773325
-3.249509372233112,3.944100299321654,-2.1781981367944203,0.9608294594393622,-0.20632655238340658,0.1850300074448547,0.2524060185007115,0.9271858842215553,-0.27679873179787284,-0.1144462830243233,0.31265906332916377,0.9429455755344771,0.9947965762750892,-0.685314319174519,1.095368889206385
-3.0353468995012736,4.787619561114133,-1.0743322052844986,0.9579790843094613,-0.22545158486787192,0.17733487222250857,0.269049401023339,0.9205965001316094,-0.28304505605011687,-0.0994409062438121,0.3188630847652272,0.9425698060830364,0.5010100248152949,-0.6674806418077976,0.8355139858203244
-2.8361081133820587,5.350995941266189,-0.16062481692809372,0.9564740476646626,-0.23935756540796835,0.16692918266723045,0.2789187949094533,0.9180418991025384,-0.28178604887123615,-0.08580036124770794,0.3160807292040673,0.9448445748564088,0.026139750296423056,-0.6861349413436144,0.49932589051048615
-2.4760655739762747,5.661861845753503,0.36931444503396404,0.957275654122613,-0.24574664112836606,0.15242017713627076,0.2799221204502428,0.9197505762248914,-0.2751408439629052,-0.07257360750827627,0.3060514105638241,0.949244755363509,-0.34605726134325665,-0.8101546057472047,0.08242767385904323
-1.6189905507901452,5.71098321409062,0.5139084007818673,0.9601352950315752,-0.24528703309433278,0.1340689622187487,0.27338846963409025,0.9240014772887176,-0.26735746602516547,-0.0583005995317564,0.2933522479273807,0.9542250776049591,-0.44069318628803467,-0.8473450661940551,-0.29958874306844485
-0.1855682412796258,5.3411583685537956,0.4790459856909013,0.9641609044603685,-0.23904052248376442,0.1151233204909235,0.26162218527816505,0.928740737077086,-0.26266799474581654,-0.044131422823698294,0.28337302607023157,0.957993812931668,-0.322990593096355,-0.8268364076312613,-0.5948516617939795
1.7408415227456278,4.441195741869393,0.24608241082602444,0.968385627387054,-0.22874809166702464,0.09951676858137665,0.24732071843432898,0.9324915411087112,-0.26323371363453396,-0.03258433524428231,0.27952430362921105,0.959585548441249,-0.05502909885731566,-0.6337492217507985,-0.7647868543355469
3.5592178527372873,3.621587304371584,0.23942001545496516,0.971788168624845,-0.2188740962188504,0.0878742586037245,0.2346201514348181,0.9351788965723079,-0.26531832945822503,-0.02410684262767565,0.2784502853476398,0.9601480608366307,0.054749274335886944,-0.5232196698623283,-0.8058365185518652
4.960577456594556,3.0452617082096705,0.5788060838645128,0.975356158557098,-0.2077621716004795,0.07426468889450116,0.22020325110048183,0.9377193834226266,-0.26868733903603814,-0.013816373240542409,0.2784191767916536,0.9603602812617439,0.11060623930860644,-0.492706672024423,-0.7286300217083572
6.226031338152289,2.477978024093025,0.9832422709138703,0.9777949849911551,-0.20000946190273267,0.06255543521972218,0.20952579277689237,0.9387284200525072,-0.2736565284200947,-0.003988669874032924,0.2806869582561739,0.9597910824640604,0.22640620831948396,-0.4687281844692903,-0.5654414763253583
8.790418811232968,1.411894004017883,1.5873320002466444,0.9772481157079805,-0.20721759560190103,0.04524365610968317,0.21132684505840976,0.9330892989508055,-0.291007430731851,0.018085488737186118,0.29394766244428894,0.9556503999060929,0.436835055254469,-0.44713904688208433,0.047304746353698746
9.777901694595661,1.2560948107822125,1.9564523937149672,0.9751323057070196,-0.2181676450396287,0.038985446314964256,0.2197509461920254,0.9289969636601709,-0.29778207326481615,0.02874905240566553,0.2989440084163685,0.9538374975947057,0.3799713929351907,-0.4706847993414759,0.4472279411672104
