-0.17796558786367958,0.9929223229510693,0.06975129601107498,0.9997523543948933,0.022250694034325523,-0.0003694548127700912,-0.022242036573073484,0.9996267573747636,0.01586309394467517,0.0007222817662865552,-0.015850948091718647,0.9998741049520403,4.283632,1.2008728,8.737389
-0.3454609799640017,1.2395757669519385,-0.01870737182889891,0.9992162534491469,0.03957992402990649,0.0005553889064503551,-0.03957716747158745,0.9986927373084862,0.03234909986706086,0.0007257120479203629,-0.0323457270913793,0.9994764766021027,4.253844,1.096112,8.76104
-0.515093197669974,1.3522780982267848,-0.2351984583999141,0.9982680736611697,0.05875432324847882,0.002963546596763415,-0.05882826337605402,0.9967330684403259,0.05533918779391585,0.0002975516350939768,-0.055417684696727684,0.998463214988854,4.2168593,0.94871217,8.788157
-0.7156200530644499,1.3111709966059062,-0.47973522022287246,0.9969805866932567,0.07734725396211074,0.006863822644189242,-0.07765046164857438,0.9934555382114229,0.08376454741007965,-0.0003399448976222012,-0.08404460661799154,0.9964619353170966,4.181009,0.7590698,8.813002
-0.9319147899091045,1.3255938116233499,-0.6663080460795356,0.9953497451102566,0.09566591246914206,0.011265793376149517,-0.09632694857303942,0.9884431201994528,0.1170526253826759,6.235025789866821e-05,-0.11759350033831166,0.9930618131771197,4.152585,0.5120438,8.8280945
-1.0620880307866414,1.4739322548206377,-0.8817811765264865,0.9924041881901151,0.12142312831651147,0.019757306814211954,-0.12299929533520823,0.9764084943831354,0.17747570381181982,0.0022584529574753076,-0.17855776658070793,0.9839268384305553,4.132506,0.16430816,8.81837
-1.1000903779222553,1.5094998537958249,-1.1811605567460939,0.9892572430876208,0.14292986484149184,0.030678343095300917,-0.14609576571378877,0.9592975342558065,0.2416697498886265,0.005112165801482593,-0.2435555265378358,0.9698734820860376,4.1171494,-0.28604126,8.771258
-1.1404364692727613,1.1925703643220373,-1.457227555488744,0.985857864264861,0.16165585536020174,0.04417754967048914,-0.16737446311425197,0.9366325071530073,0.30774232019903813,0.00837021889456173,-0.310784380193138,0.9504435851030949,4.104422,-0.81371766,8.688021
-1.2462268818922764,0.6455366146582289,-1.5320797553197507,0.9818327587642749,0.17974368854164705,0.060800002029413644,-0.18926952331760982,0.904968690553473,0.38106261514488243,0.013471501789260189,-0.3856473460914459,0.9225479082910364,4.1007204,-1.3871796,8.575523
-1.3115627892983495,0.20316703583871182,-1.4034732274672772,0.9779278563127926,0.19387851222118302,0.07789884688727305,-0.20798966297068935,0.8677109947462114,0.4514619914166407,0.01993509329813219,-0.4576994123826691,0.888883479405346,4.1101484,-1.999382,8.423182
-1.2073654973588748,-0.07613166853887704,-1.2194301209628262,0.973955986128985,0.2043762606929153,0.09818391491837104,-0.22501689971270364,0.8180029398025562,0.5293756561441586,0.027877086060049995,-0.5376816293491503,0.8426869724478024,4.1272535,-2.6550415,8.200821
-0.980082011113756,-0.3314314893350745,-1.0322539493710536,0.9704822961361488,0.20920777511813898,0.1199842477845603,-0.23853818465812304,0.7593309649083552,0.6054056658071126,0.03554781774336819,-0.6161563053004201,0.7868213012445835,4.146361,-3.3529954,7.881935
-0.6959349917679413,-0.507447512556585,-0.6969839945641151,0.9672901281167067,0.20834632267104733,0.14471218980243927,-0.24996471651117524,0.6856606945272108,0.6836571161627374,0.04321398555390518,-0.6974677209806306,0.7153120505364298,4.1669235,-4.0790544,7.4678373
-0.396497933393205,-0.5526365835436965,-0.24374147872567556,0.9647740200791141,0.2028033090777981,0.1675765735640889,-0.2584113167367984,0.6110573883265593,0.7482195263115488,0.04934249246581887,-0.7651664433302205,0.6419389631722324,4.1869917,-4.8052382,6.98423
-0.04805692022673147,-0.527402114149271,0.23969232135695595,0.9621229702207544,0.19208331655647437,0.19345125916948372,-0.26700506019241793,0.5207263472568927,0.810896028541352,0.055024430985124544,-0.8318341606192663,0.5522899973941261,4.205751,-5.4978623,6.4508195
0.7994739251672888,0.08741217098400864,0.8811431149631117,0.9578682079898628,0.16474927860658978,0.23525767005752968,-0.28109902156284017,0.36972162603385295,0.8856010723340941,0.058922289489658684,-0.9144198130188846,0.40045545240364083,4.225713,-6.647119,5.246321
1.4058428112674168,1.4140964292713847,0.13738476969736646,0.9526832534179435,0.11824788022966669,0.2800215303832785,-0.29780786734963444,0.17862641645015434,0.937764937226189,0.06086947347945017,-0.9767855661133443,0.2053895445999333,4.24552,-7.550958,3.8504639
1.536577601563286,1.4142337326734706,0.1217878105925202,0.9444929570251153,0.07067893551315708,0.3208388103155248,-0.32194319730547305,0.0045207034356683495,0.9467481930002168,0.06546473736817111,-0.9974888727776233,0.027024375037040943,4.261969,-8.228052,2.4550385
1.4713085109388169,1.4473382424789372,0.3785397314991101,0.9396953233287637,0.04641313950361729,0.33884881554384805,-0.3347450921673297,-0.07834581569915754,0.9390461418015195,0.07013146643224358,-0.9958452458308225,-0.05808462595396223,4.278079,-8.428253,1.8143585
1.2088157768958285,1.2638643864781152,0.5022180082824474,0.9301069585369033,0.006182896656733786,0.3672367321907822,-0.35798951054962996,-0.20830599762797597,0.9101934528926529,0.08212524592150958,-0.9780441621630108,-0.19153344575082915,4.3287063,-8.626709,0.67520905
0.7771613653155363,0.9123792615447714,0.9051748969017491,0.9222101485656332,-0.023546776104654082,0.3859714901616838,-0.37454976354826575,-0.302529031136104,0.8764637242611859,0.096129685885743,-0.9528492717397267,-0.28781478217176576,4.39453,-8.689015,-0.24645233
0.549644477332975,0.7375005599219286,1.1468841397444933,0.9186972982160306,-0.03569870648824874,0.3933457469016697,-0.3809762310788102,-0.3427752615745773,0.8586979861426628,0.10417478391411006,-0.9387389000182883,-0.32850706535613905,4.4378786,-8.67779,-0.59115297
0.29411787118708754,0.24283746460334688,1.9142731408642306,0.9152386267268579,-0.047034832284192196,0.4001574448878018,-0.3860986158836401,-0.3862946084189878,0.8376779418840858,0.11517862197419075,-0.9211754447760853,-0.3717118305646294,4.5214186,-8.617889,-1.0510086
0.25544359020409746,0.06171018985459065,2.1010362607733963,0.9147780852302833,-0.050917875459336855,0.40073485590989594,-0.3862112728512846,-0.4010381921164592,0.8306679367753111,0.11841413557936478,-0.9146451434423457,-0.3865260069805426,4.551114,-8.591702,-1.2048295
0.26747355689793717,-0.10654783047891325,2.05407558410061,0.9153384177492028,-0.053619531382516454,0.3990996452600609,-0.38448355318800187,-0.41097876670672334,0.8266007806941326,0.11969953350082892,-0.9100667003964819,-0.39680048199207624,4.568582,-8.573354,-1.3149643
0.3608889602643116,-0.2224399737000715,2.0108939950795612,0.9168145602185174,-0.054794367351479197,0.3955358889884443,-0.381364624612577,-0.4137882170208403,0.8266440192421536,0.1183726542130235,-0.9087226687836422,-0.40026369554744645,4.570056,-8.566238,-1.3721054
0.5704642816048117,-0.23264402820724472,1.9430899185613213,0.9190526859171572,-0.05529301663597995,0.39023690601960476,-0.37715843530374754,-0.410835059376016,0.8300397994474326,0.11442759801590467,-0.9100314479724305,-0.39843329242611225,4.553659,-8.573023,-1.3829483
0.8792004254970186,-0.16243282754053234,1.7063490560966328,0.9215401572443558,-0.05726340933422813,0.384037290555839,-0.37299022826940165,-0.4054014397944046,0.8345825077415432,0.10789823076208857,-0.9123434520859149,-0.39495239869428156,4.5145965,-8.593775,-1.3732681
1.1844977531639729,-0.05418134995067991,1.4878209308830257,0.9241720775820326,-0.06311292290423236,0.37672633300606323,-0.36927557510373427,-0.3998308302282065,0.838910517773397,0.09768070766285993,-0.9144135093935932,-0.3928185499552883,4.443568,-8.627617,-1.3746246
1.4277967828970883,0.13830164217527696,1.7054041031677671,0.9270033067681972,-0.07527038551062487,0.36742242488164867,-0.3660499944259513,-0.394938613826973,0.8426333086753631,0.08168396918361545,-0.915618840114985,-0.39366212518465526,4.3301225,-8.673859,-1.4074128
1.6809033323502087,0.4510835996172977,2.485936443399905,0.929851381945564,-0.09556167898759847,0.3553088417180146,-0.3633605061763755,-0.3903107600694014,0.8459471928703908,0.05784072998479656,-0.9157103669191022,-0.39765433968675434,4.165503,-8.731984,-1.4738815
1.9758821031614189,0.7572288793607996,3.4362817465406326,0.9316051136839357,-0.1168728595028979,0.3441695031079282,-0.36190597667044716,-0.3860670972490185,0.848514148657479,0.03370424614424833,-0.9150371200849352,-0.40195906838696305,3.945418,-8.801318,-1.561853
2.295831416917474,0.9777210567260621,4.121037099601339,0.9323926822806607,-0.1486826600952952,0.3294500760607939,-0.3614444327875532,-0.3801500369080081,0.8513776315159588,-0.0013446324255679378,-0.9128961693565301,-0.40818963232523825,3.668599,-8.880135,-1.6640946
2.6097920321970967,1.1921050561331965,4.525148470814204,0.9306503479821713,-0.1936820454071377,0.3104467669143486,-0.36240852042567734,-0.37080799104136564,0.855079819726052,-0.050497466506111574,-0.908288885248946,-0.41528460940623635,3.3353348,-8.967488,-1.7700592
2.752319139447742,1.4597112674149053,4.810169175143331,0.9279706120356667,-0.2208899621144409,0.3001302514496528,-0.3638875453197801,-0.3634569845312398,0.8576041480523532,-0.08035171161397804,-0.9050451066286906,-0.4176565064836955,2.9524536,-9.062338,-1.8589615
2.8513220685970975,1.6176431726151557,4.750805332566387,0.921008108766105,-0.264434325982269,0.2860394218099778,-0.3676615654848245,-0.3474491572821489,0.8626146627371761,-0.1287207708659775,-0.8996408007345079,-0.41722582949937426,2.5336106,-9.161487,-1.910669
2.7660575760830053,1.5932097769882134,4.2367130839345295,0.9109688208648349,-0.3075354955982172,0.27487765707545575,-0.3724030562097256,-0.3266924736168728,0.8686702431922855,-0.1773464720195721,-0.8936967867399137,-0.4121338159299275,2.0835235,-9.260782,-1.9143646
2.5165562651036826,1.4409760391062347,3.5804401105472783,0.8991610546824214,-0.3456344420728725,0.2684142883591898,-0.3775376318588207,-0.3024959572041085,0.8751922831044634,-0.2213023593928219,-0.8882753111103241,-0.4024825926658518,1.6192353,-9.355632,-1.8613449
1.8286555394805823,1.0951260258516906,2.3626707498783373,0.8844822161821084,-0.3840001997796399,0.2650189725789137,-0.3824238321348135,-0.2712575432503715,0.8832730935815357,-0.2672886489787964,-0.8825889143870822,-0.3867733009504666,1.171704,-9.4428,-1.7525895
0.8651623663479561,0.671053526736385,0.8212843322763288,0.8697699979214245,-0.4158155747194848,0.2657020107874048,-0.3857137738619156,-0.2370532211288543,0.891644915314181,-0.3077743253895045,-0.8780109214429725,-0.3665675742041244,0.7605011,-9.520971,-1.590332
-0.3543611103731426,0.01842781045920333,-1.1329404008044237,0.8561564719344212,-0.44014980140644927,0.27067369263869784,-0.38718131243433945,-0.1995734335383112,0.9001450304963924,-0.34217937820159067,-0.8754647890963927,-0.3412838645262621,0.40805513,-9.590802,-1.3700196
-1.5915904356299455,-0.7497562285060577,-3.194343853853438,0.8452079562498087,-0.45534549834613697,0.279792758712462,-0.38696554666157734,-0.16031876438092252,0.9080504168185158,-0.36862064021013274,-0.8757615947980826,-0.3117057148782954,0.13295288,-9.651289,-1.0902771
-2.714778518429136,-1.4999641096517196,-5.195828588406259,0.8382528771691344,-0.4607958376974972,0.29154641119096275,-0.3853635334008238,-0.12235054475563803,0.9146175656102555,-0.3857811050874576,-0.8790321610491045,-0.2801346083561246,-0.05480652,-9.699781,-0.7642609
-3.7300374493940343,-2.1456831838695307,-7.196497371984109,0.835250415031468,-0.4571542157384372,0.3055597604763018,-0.3831016751783532,-0.08518147606808021,0.9197702009797893,-0.3944487934641197,-0.8852988982075127,-0.24628440910309862,-0.14757538,-9.732814,-0.41228637
-5.474090322934701,-3.0790115595528715,-10.792784923337766,0.8374859698296686,-0.4347892962013201,0.33102193016055625,-0.378927123205434,-0.025591317388466032,0.9250726024337635,-0.3937403784700181,-0.900168513325745,-0.1861858264723799,-0.045411684,-9.746399,0.25510103
-5.871911385101559,-3.5127359481925553,-11.859227340980995,0.8486832091036486,-0.4030394515746728,0.34248505231603854,-0.37691757195211256,-0.006614783042806053,0.9262231850904079,-0.3710390202381098,-0.9151586994175829,-0.15752650678872981,0.15470886,-9.7272005,0.52807313
-6.071184880940743,-3.956109642291109,-12.40862253109329,0.8622873632350786,-0.3673695037508119,0.3485687176425584,-0.3742403875897084,0.001458135075649871,0.9273305808280051,-0.3411812355652051,-0.9300739333816327,-0.13622717402272005,0.4572464,-9.687177,0.75535125
-5.161506032679322,-4.198855735329205,-11.349404117812712,0.8932425210564818,-0.2783667109512711,0.3530294220186639,-0.3646869169083232,0.010566385456782113,0.9310702466163764,-0.2629092071658235,-0.9604167458622057,-0.09207835280285892,1.3342361,-9.505178,1.1626205
-3.9106037230038764,-3.4988965015985523,-9.775347138361676,0.9099934063038254,-0.22173283839322133,0.3503520356179573,-0.35648954344684974,0.013072001331753395,0.9342078613425595,-0.21172436302092695,-0.975019831162047,-0.0671500033068833,1.897583,-9.340184,1.3466781
-1.7521176546093982,-2.2587417635945717,-6.9154607257249685,0.9245251964706905,-0.16249068067234806,0.3447461961870904,-0.3480152162635508,0.008816496024757384,0.9374474271375856,-0.1553659239983613,-0.9866706887774062,-0.04839815665552706,2.495114,-9.136473,1.4969498
1.2040696961713189,-0.8606622187518733,-2.871118590479668,0.9373451834072016,-0.09038781661961458,0.33647295545118955,-0.33747385493826504,0.004433463809767902,0.9413244614009314,-0.08657600346762329,-0.9958967752761253,-0.026347838966178386,3.0744324,-8.927483,1.6062866
3.9072443619925377,0.2733510008917396,1.28411165963344,0.9420779525534169,-0.04575909639851973,0.3322577860781483,-0.332990581120996,-0.009226551515483678,0.9428850108214855,-0.04007997252322903,-0.9989098937561495,-0.02392947886215042,3.601677,-8.7418995,1.6474121
5.6822009330771,1.2686083649927107,4.727661641150056,0.9450678512687694,-0.0003800043779429217,0.32687400033484365,-0.3267436951913988,-0.029355469532988152,0.9446569822222072,0.009236565969056724,-0.9995689631061827,-0.027867074549165104,4.0557737,-8.590235,1.6248032
6.68891012924617,2.284853547296233,7.607576149704742,0.9466731582730118,0.03039521263295844,0.32075857346982606,-0.31937561537081527,-0.04289907384938581,0.9466566884406287,0.04253407706667096,-0.9986169438337509,-0.03090391198900752,4.4107847,-8.477005,1.5887299
7.533999608752399,3.293352148548892,10.353218513869429,0.948574839792588,0.051185088573974497,0.31238735573025345,-0.31001813307113746,-0.0492679057861017,0.9494532271926499,0.06398851834158933,-0.9974731876933458,-0.030865990237183522,4.6443863,-8.403891,1.572438
8.687107744804683,3.946690844094796,12.796817621659477,0.9504349813366308,0.05478543779927582,0.3060586578693364,-0.30367968197127576,-0.047672288284150696,0.9515807919917137,0.06672328686045492,-0.997359468163256,-0.0286721860980802,4.7267866,-8.376249,1.5827042
10.128598209296493,3.9873400006810575,14.546887424128032,0.9518049279421901,0.04019785347075281,0.30405840182653393,-0.3025081487588235,-0.04038308394853282,0.9522909358307023,0.050558867466266304,-0.9983753498094532,-0.026276640070200946,4.6310563,-8.400665,1.6067795
11.496268884044856,3.3889926875840772,15.228643612154736,0.950418973165528,0.00955882992015667,0.3108253596757196,-0.31044842677083156,-0.028828557819009275,0.9501529816664215,0.01804299760290494,-0.9995386650973698,-0.024431684609703404,4.3389754,-8.480153,1.6460006
12.087886022873336,2.212841218691912,14.232428166112571,0.9448617790289443,-0.03492346315861285,0.3256018584886567,-0.326081932075177,-0.00890702848627472,0.9452995495702216,-0.03011298896452643,-0.9993502972254285,-0.019803821122919923,3.8647308,-8.606031,1.7292297
11.008478724891663,0.7105838769925255,10.994236348680463,0.934850936960589,-0.08579137901329817,0.34451932449560135,-0.3441352507200371,0.019696272105428,0.9387134738976561,-0.08731926978488713,-0.9961184147239445,-0.01111075929396915,3.2535737,-8.751625,1.8709656
8.114302284223012,-0.6275223111831792,6.030872554473227,0.9163772028369394,-0.15078399580796267,0.37083285821098855,-0.3652244864490404,0.06436943015155697,0.9286913647493433,-0.1639020946137705,-0.9864688353263609,0.003916670916793968,2.5781968,-8.890146,2.0457733
4.319690694661113,-1.1979304670462145,1.3465940731095951,0.8941990636602763,-0.20653618914825517,0.3971785960008433,-0.3810211331836329,0.11463261356306578,0.9174324280159059,-0.23501261799432174,-0.9717006568279223,0.02380972288032625,1.897287,-9.004225,2.2619796
1.2271354321540506,-1.515377296521706,-2.1942986857135054,0.8697247316404572,-0.252446217921833,0.42408701728524695,-0.39294613040310794,0.16571603026051254,0.9045062387379756,-0.2986171960456369,-0.9533147981499385,0.044929565479562006,1.2495056,-9.0907955,2.5159302
-0.996767767547859,-2.1636209776858752,-5.118543460385727,0.845967065572938,-0.28717554841359305,0.4492993749820543,-0.40273798495911756,0.2081423347631235,0.8913354497328291,-0.34948796751387856,-0.9349903597752796,0.06042505846343958,0.6692627,-9.150482,2.764499
-3.179096221842348,-2.9841185517358193,-7.918976506189361,0.8225145737050663,-0.3144788949975191,0.4738911274163218,-0.41219956739278374,0.24448113392825654,0.877679036888973,-0.39186897387261305,-0.9172415165888929,0.07146123117979299,0.18799743,-9.184771,2.9833648
-7.260222440849329,-3.8871842007732167,-12.60550599756591,0.805343738102698,-0.32145031394780627,0.4980875015111602,-0.4219588823079691,0.27931623512869724,0.8625155896764644,-0.41637983277313306,-0.9047939745911143,0.08930676572035492,-0.35466462,-9.170749,3.336351
-8.383606424354715,-3.9227425630814743,-14.299274838688152,0.805521154666043,-0.31360023753434285,0.5027828163371226,-0.42364016093224643,0.2884889024781909,0.8586635937270362,-0.414324369824881,-0.9046706827157226,0.09953025873513201,-0.37337494,-9.133206,3.4639297
-8.762406890975422,-3.8567490557783835,-15.402651414423907,0.8057009508049511,-0.3041695122950474,0.5082586798690122,-0.42566713025393416,0.29935822225516756,0.8539274846200967,-0.4118901213835769,-0.9043591999633871,0.11171824089289668,-0.22198181,-9.0893,3.5380769
-8.206332197962077,-3.953328113034173,-15.621199413932047,0.8151358136274096,-0.28666688878841506,0.5033643811538039,-0.4234664237925012,0.29803565981510743,0.8554828656372744,-0.39525914696863196,-0.9104926360772739,0.12154573783841655,0.09879913,-9.046301,3.5407333
-6.681387936493628,-4.009226495010955,-14.579935550669859,0.8341244529433024,-0.25854226167587674,0.4872292026649877,-0.41626927259765506,0.2844721864410775,0.8635945042856927,-0.3618788328889322,-0.9231638392338353,0.129662007689179,0.5727234,-8.991384,3.4839509
-4.086690667033993,-3.8680516598760923,-12.06232903497736,0.8626357202543262,-0.21294521784198883,0.45881799042706284,-0.4024881734268473,0.2604302157927726,0.8775986400135597,-0.3063705018320465,-0.9417167498246789,0.13894847500718366,1.161911,-8.897814,3.4092927
-0.8955451657889992,-3.2593067975885934,-7.972554546795353,0.8888317661291962,-0.16340166418670773,0.42810978458880006,-0.38612511899060803,0.23600807773761795,0.8917441223395212,-0.24674984094046087,-0.9579144447097601,0.1466779895289275,1.8133926,-8.761345,3.341484
2.5084023597381933,-2.2121374833978313,-2.8674948754099643,0.9098930742602827,-0.10883357772110817,0.40031218539234553,-0.37215663241671404,0.2121995581476171,0.9035877314739319,-0.18328675446257034,-0.9711470536856808,0.1525757705410584,2.4683807,-8.606209,3.2823043
5.550006328138946,-0.7724439359909372,2.0633197036448205,0.9260015406182579,-0.057432862483525984,0.373125465600462,-0.3574127719066643,0.18488152694850762,0.9154643256136105,-0.12156174254512629,-0.9810811828284831,0.15067334020740253,3.0768692,-8.466585,3.1979263
7.746713238616185,1.0483690337303386,5.868369577392447,0.9359201989244648,-0.01971506750973132,0.3516599171902838,-0.3444534095649277,0.15717725762877463,0.9255523530969999,-0.07352026852702853,-0.9873735999090636,0.1403144480027947,3.5970657,-8.366946,3.0595384
9.027528238471318,2.887088512996617,8.867990267150274,0.9427398382862813,0.008121355361611331,0.3334301139595024,-0.33152284236640744,0.1323008671628518,0.934124769791089,-0.03652673400749359,-0.99117633352247,0.12741771292759052,3.9926696,-8.308985,2.906868
10.072350962672115,4.281162236548933,11.555043757725645,0.9465165451995788,0.01930180745501887,0.32207742841190096,-0.32203441070226746,0.1184087027306886,0.9392939994704951,-0.02000669855565505,-0.9927773261646359,0.11829164241948074,4.236009,-8.287036,2.7812622
10.46571757035657,5.111976615334547,14.02222304939639,0.9519701894632302,0.03772148373424791,0.30385826965581936,-0.30612152979039187,0.0961563239187421,0.9471238410943016,0.006509022363743891,-0.994651220798185,0.10308531220570379,4.3057814,-8.296738,2.7032654
11.28250869973984,5.118159526219143,15.790683152405784,0.9539368487728006,0.03620582819497162,0.2978147520827925,-0.2999032029450195,0.08891295840564685,0.9498171164444627,0.007909324670106474,-0.995381145005405,0.09567559119749872,4.186113,-8.333089,2.68349
12.252501930388284,4.055335965231614,15.923623495142476,0.951172563569563,0.014744844840432812,0.3083072231770404,-0.3082589710412872,0.09625521400430145,0.9464202769116651,-0.015721357609075722,-0.9952474683854347,0.09610054936008339,3.8672364,-8.395877,2.7277846
12.873633359448377,2.132587461607786,13.674692659136147,0.9394506186224642,-0.04671897975753735,0.3394847155621063,-0.332123602293079,0.11991359021148043,0.9355825156994233,-0.08441829167744233,-0.9916844598021122,0.09713642065288504,3.3586242,-8.491925,2.8131073
11.564432471641062,0.39671046246503394,9.787002273623525,0.9246740104896111,-0.1008964036888542,0.3671483215918525,-0.35181637897755513,0.14235603160632246,0.9251810610623311,-0.14561321989496512,-0.9846596752116716,0.0961359152651335,2.7132034,-8.612223,2.9205825
8.522104759525819,-0.8108132486764912,5.014481464963697,0.9065870552382993,-0.1520564955740925,0.39367338420075476,-0.36835468934489535,0.17011686219493072,0.9139885535577437,-0.2059483772987157,-0.9736216284320497,0.0982150219536133,2.0031724,-8.731009,3.0451522
4.789992100689813,-1.5596933863897022,0.4892364868244168,0.8748695018428782,-0.22169847734785003,0.4306427056004073,-0.3882606083188257,0.21056781492038285,0.8971704940241575,-0.28958082597625323,-0.9521087020195224,0.09814257366510484,1.2770157,-8.821413,3.2043183
1.5236904750859623,-2.176596971184506,-2.7235029156590427,0.8527687682785163,-0.2558109594212446,0.45535280924654936,-0.39949977204657056,0.2421118184590649,0.8841842565309466,-0.3364303196554667,-0.9359180628679129,0.10426897723720663,0.57808685,-8.873159,3.4035416
-1.0634125334687436,-2.8567982549908266,-5.35938003912474,0.817160262491131,-0.2985945060087925,0.49304201280092863,-0.4157072289440885,0.28724500005802783,0.8629471650948803,-0.39929513546880624,-0.9101272608393994,0.11059730497583872,-0.055152893,-8.890508,3.6022613
-3.51415182758766,-3.4450473626611435,-7.687861428819167,0.788690412580073,-0.3245192363036896,0.5221634785899378,-0.4285155137408018,0.3188508263893249,0.8454044032262319,-0.44084224796147903,-0.8905174988621584,0.11241306255304552,-0.58820343,-8.880981,3.7751281
-5.5161359337993385,-3.5492704175644265,-9.866226118567003,0.7631858667392374,-0.3426559205795561,0.5478450993677465,-0.44031546990732934,0.34474983593540415,0.8290173928107899,-0.4729372260350899,-0.8739190298387423,0.11223149966005541,-0.994693,-8.854901,3.9092803
-7.292785497826344,-3.520624265082872,-11.772838033403621,0.7492555717215856,-0.3495384615238376,0.5625290678353508,-0.4477969512103855,0.35842319513730553,0.819152430060638,-0.48794874600806437,-0.8656533238560996,0.11202831858973607,-1.2567825,-8.823665,4.006041
-8.417346863660118,-3.550613985720136,-13.071735260805228,0.7417826670464114,-0.34851955532870554,0.5729682316001424,-0.45407322569959613,0.36773020142190366,0.8115368165801041,-0.49353417366204294,-0.8621534773552139,0.11452249085675939,-1.3584839,-8.796923,4.071843
-8.713365372238236,-4.029823334613489,-13.913228533704263,0.746371783915874,-0.3398923304521186,0.5721908456748185,-0.4562507414494261,0.36460975183327987,0.8117234687964385,-0.4845249437346686,-0.8669099910416893,0.11705830312717659,-1.2843689,-8.786402,4.0961366
-8.263034683502907,-4.8033500768924,-14.459835139100718,0.7621011360241202,-0.32301118222482306,0.5611288930615387,-0.4549066647978838,0.34956791202637116,0.8190617810665987,-0.46071876974268167,-0.8794691870891471,0.11946616327456121,-1.040767,-8.796353,4.066069
-7.160454249527791,-5.378567360358646,-14.412683867258172,0.7862928544090079,-0.29992575349252637,0.5401741288670491,-0.4486537304338468,0.3239324913170601,0.8329331133031725,-0.42479804292525525,-0.8972804931909881,0.12014299507590784,-0.6484741,-8.819119,3.9697862
-5.2176612433240575,-5.452177184225046,-12.98725668398881,0.8167046354106821,-0.2684966809044784,0.5107867175661323,-0.4374776160272302,0.2891388892337746,0.8514763873459968,-0.37630688802337303,-0.9188624679874225,0.11867978324140416,-0.12644653,-8.835073,3.816072
-2.259574204994782,-5.051320506707382,-9.155809191978292,0.8463355679172386,-0.22985421684998575,0.48050301297128745,-0.4251818289273735,0.25183981649301607,0.8693659293868937,-0.32083721546631444,-0.9400764574357999,0.11541115780884362,0.48270112,-8.827336,3.6352844
1.2890581126851195,-4.091734124519931,-3.4920474906602936,0.8728373922430885,-0.18549772784283583,0.4513817449426046,-0.41175806187935454,0.21652045138422157,0.8851972619759566,-0.26193545995080936,-0.9584933422291038,0.11260696125391002,1.1309357,-8.789739,3.4825256
4.560951339810119,-2.584928746352377,1.7662051596287072,0.8926016712692724,-0.1467486244743621,0.42629461369126526,-0.3989274107963899,0.18344084922776657,0.8984466460229478,-0.21004565542421974,-0.972015584262659,0.10519755980026976,1.7570862,-8.751045,3.3280792
7.037817645068365,-0.7066532501404729,5.603085822451551,0.9129368694146104,-0.10567904155298144,0.3941804315791111,-0.37927252817151574,0.13687428052761605,0.915105338583725,-0.15066061807200032,-0.9849352118319714,0.08487641990371673,2.3072815,-8.7424345,3.124173
8.78895579287666,1.0565187073591127,8.351968493165165,0.922334853366627,-0.08702944775641312,0.3764628713278069,-0.3668027219783235,0.10907265669877336,0.9238825243016365,-0.12146679140594444,-0.9902166585065538,0.06867887449324867,2.7567139,-8.760218,2.8842683
9.946231781691887,2.8700007600989066,10.83489110509172,0.9333016630345529,-0.06965161807958964,0.3522735554591539,-0.34743808579688834,0.07275615220305137,0.9348760981298004,-0.09074570135676979,-0.9949146669013887,0.043703812988874075,3.071254,-8.794304,2.6619613
10.995988964904459,4.038133130117954,12.959219037592131,0.936909845505362,-0.06979816583708638,0.34253198017250636,-0.3388212467018021,0.05981055564216936,0.9389477409404697,-0.08602385819385035,-0.9957664954594292,0.03238799687987376,3.2133622,-8.836134,2.4914017
12.010827254458794,4.520395373706343,14.461688347290213,0.9368397513461338,-0.0847628377573551,0.33933249421921785,-0.3356741060144837,0.054652641225358456,0.9403913990240816,-0.09825566064655902,-0.9949011760684638,0.022748077028523127,3.1625931,-8.878247,2.3877473
12.859508176127616,3.973648178543936,15.044458515210533,0.9299225770582655,-0.11319653784896877,0.3499007637835654,-0.34461944157529295,0.06391600648547485,0.9365640312350684,-0.1283800652969458,-0.9915146433280527,0.020427209804477188,2.920941,-8.913773,2.3731446
11.276899509165727,0.8449298187683423,10.524662555787017,0.9035052156030255,-0.1793995737271056,0.3892224535206882,-0.3753825926795005,0.10695881158964902,0.9206778599143928,-0.20679998668120572,-0.9779445820545573,0.029294367014670843,1.9211334,-8.96384,2.6263688
8.193493125338323,-1.1689381082342596,4.941819979815074,0.8720280715590789,-0.2394378628098735,0.4268917336585415,-0.3981532124376946,0.16026117798472833,0.9032111459988144,-0.284677118572073,-0.9575937889752563,0.0444192917268416,1.2669693,-8.9791155,2.8215897
4.126283202380919,-2.5723528459372353,0.04263352609976301,0.84338689354985,-0.28003979943152335,0.45855889318896337,-0.4124015368808822,0.20967892434773644,0.8865436938260082,-0.34441765368026706,-0.9368097242336507,0.06135161297513702,0.59559786,-8.963811,3.0589461
0.4277980458288705,-3.507501295554599,-3.370833456157974,0.8114155799000826,-0.31015331899714893,0.4953884086355535,-0.4255221462211665,0.26755630327861846,0.8644909066330383,-0.400669015236697,-0.9122601291796837,0.08512224702345748,-0.035017394,-8.899155,3.3646636
-2.4571422648091215,-4.073516786588299,-5.8945619887294995,0.7817777098333146,-0.3274834362077675,0.5306394363570535,-0.4359463046011772,0.3214061757241526,0.8406241072625463,-0.44584126313336553,-0.8885114907618971,0.10850299015104012,-0.5971268,-8.8019085,3.709825
-4.783317707351314,-4.286267992187904,-8.171392026769787,0.7543929460665783,-0.3359877412147775,0.5639180088260891,-0.44541721316054256,0.3690255716819077,0.8157350266263779,-0.48217713461474315,-0.8665635378887305,0.1287355648470257,-1.0588195,-8.691304,4.0355043
-6.678934367748025,-4.195351499588117,-10.242269381470818,0.7332199813148662,-0.33564970925860826,0.5913778248085055,-0.45426960011858514,0.4053609199283268,0.79329796104803,-0.5059916890708062,-0.8503068841715165,0.14474326693079728,-1.3899567,-8.579767,4.3142486
-8.765086918649441,-3.6195834402130522,-13.068511435480897,0.7099482860898156,-0.3199407532380663,0.6273845276189018,-0.46760568760087795,0.45198896005838246,0.7596386647009565,-0.5266102467683693,-0.8326727414793887,0.17128267161553784,-1.5969986,-8.402687,4.7154493
-8.491594824393518,-3.8503790009684993,-13.777554885391808,0.7212184584589129,-0.2974940832434704,0.6255727021004649,-0.470390768757215,0.45260570081750395,0.7575490771266853,-0.5085041394582204,-0.840622001866846,0.186489115315697,-1.4486663,-8.353411,4.827512
-7.503515740739207,-4.27687911112954,-13.867384216218149,0.7411952725785597,-0.27074441294646245,0.6142695098777657,-0.4716136950780408,0.44116932490543326,0.7635117218336083,-0.4777133978883479,-0.8556091921086169,0.19930584501516554,-1.1329972,-8.330762,4.8764405
-5.865297081137135,-4.426044298172268,-12.934704824258723,0.7678810750065532,-0.23882928035361028,0.594406619657417,-0.46993734755243405,0.4205679503535066,0.7760679664248702,-0.4353361276326173,-0.8752617745458939,0.21071137130352094,-0.6709839,-8.32076,4.866832
-0.9323807066851693,-2.995348304475626,-6.716662612029616,0.8311056191831956,-0.16022511048149468,0.5325329696209524,-0.45452971112353213,0.356023028872031,0.8164865856943051,-0.32041565421819673,-0.9206386462038068,0.22306566667227617,0.5889023,-8.304759,4.640439
1.8971351054192769,-1.7265223016764155,-2.2995565596862613,0.8602353023061451,-0.11720360205227502,0.4962444360718087,-0.44004351340811787,0.3210266792992567,0.8386319678413959,-0.25759839086006386,-0.9397899695379092,0.22458379768416395,1.2983109,-8.279709,4.4565215
4.736191353310464,-0.6932398273431915,1.7285807357525278,0.8870080112221355,-0.07332651699585424,0.4558947355837846,-0.4194628750499525,0.2848151752912174,0.8619345754630461,-0.1930483993266439,-0.9557737900931841,0.22187559056446637,1.9864807,-8.259488,4.2331085
7.324941184211066,0.49478290921215473,5.298337301049011,0.9054653672672174,-0.040306901529577055,0.4225018607872966,-0.401070348325233,0.24437686953885474,0.8828490931799535,-0.138834593577821,-0.9688422468717364,0.2051088888922336,2.6009445,-8.261228,3.9781005
9.28992593512508,1.8271435936990672,8.03429453043736,0.9199638405566857,-0.014010970668131199,0.3917527597466668,-0.3809935784801411,0.2032265074101143,0.9019661190104558,-0.09225196596869198,-0.979031500712221,0.1816229484070989,3.1027894,-8.2866335,3.7096832
10.22278168452742,3.306116586794366,10.512516312363465,0.9327816591826065,0.014806539285295904,0.3601376718519414,-0.35770780551501985,0.16085954588711787,0.9198746286155626,-0.04431142252480351,-0.9868662386014546,0.1553432487829615,3.4533248,-8.328847,3.465573
10.932722321999044,4.278768016577056,12.657457610259542,0.9381244240083351,0.014972261493738186,0.3459745604300879,-0.3445845788578186,0.13963085655536722,0.9283128200725198,-0.034409781929104204,-0.9900904278314065,0.13615032730116317,3.6248155,-8.385323,3.2606263
11.713313012311739,4.572767713668565,14.211450604831779,0.939479330555341,0.005168895042006231,0.34256659204209144,-0.3402353429561246,0.13148783506464418,0.9311019603854034,-0.040230571246449055,-0.9913043083503963,0.12528874404002413,3.5980058,-8.453496,3.1075256
12.691740184354602,4.094623882518263,14.271257957062955,0.9367970382303955,-0.0275489003930262,0.3487869940950979,-0.34277881766728474,0.12746844497353588,0.9307279289323207,-0.07009986677145973,-0.9914599606757519,0.10996888221428719,3.3646576,-8.53789,2.99933
13.358930744382487,2.5096263631772207,12.455009410482209,0.9245317828418974,-0.0856708001128848,0.37135090752979294,-0.35807336878748675,0.13833352520501324,0.923389028724911,-0.13047775703299958,-0.9866733754451734,0.09721730868145537,2.930359,-8.628508,2.959375
12.485155316872916,0.44435825250517835,9.51555916016981,0.9107426796010559,-0.12856074157556055,0.39245370080893655,-0.3727201035462232,0.15335425562165209,0.9151842419399614,-0.17784120997558542,-0.9797727328356669,0.09174909278106658,2.324173,-8.716299,2.9891129
10.21509815523423,-1.5464321309163416,5.74354790569573,0.8842817233989035,-0.18682192546553883,0.4279525696009007,-0.39662354677795547,0.18318939210216328,0.89951731987912,-0.24644592876316568,-0.9651627918577201,0.08789305666246958,1.5959854,-8.786189,3.0860915
6.704548136744828,-2.477713633515398,2.332922145151275,0.845379236233616,-0.25075317499985517,0.4716532541736145,-0.42067401395530135,0.23162095314802555,0.8771460015559185,-0.3291919211156347,-0.9399332844890069,0.09032219982875478,0.8114761,-8.815447,3.2472107
2.9335231338068803,-2.6247851368761084,-0.2694234292481781,0.8083057917335359,-0.2961039136708243,0.5088852713125452,-0.4356760659406588,0.28055059264633553,0.8552647137186598,-0.39601529341237773,-0.9130245545847118,0.09776528069257179,0.033683777,-8.790396,3.4631011
-0.06895392355873248,-2.5448682094692505,-2.0411749195828346,0.7672489274010156,-0.33198155401998963,0.5487415887213797,-0.4475441595792146,0.3357112691635957,0.8288559398249509,-0.4593836181542882,-0.8815249239511272,0.1089977055925246,-0.6957611,-8.712102,3.7198257
-2.2248641823753466,-2.5983207680110088,-3.8847818629408573,0.7284814169792284,-0.3554664704750256,0.585626513644971,-0.45660348539497375,0.38534783797722727,0.8018854661929214,-0.5107133072880488,-0.8515577679372694,0.11841150967958645,-1.347435,-8.596647,3.9751525
-4.1475517761740885,-2.5420248273049504,-6.025010460099455,0.6941537406840853,-0.3692409727600002,0.617909126271445,-0.46387037593657354,0.42694546592767557,0.7762356880820813,-0.5504315203753806,-0.8254566452328364,0.12508584339643827,-1.8979095,-8.462481,4.2087693
-5.9801238422838825,-2.332236581110141,-7.986459141318927,0.6632243278843758,-0.3751292024363054,0.6476199289566523,-0.4701395251485315,0.4644552686098643,0.7504999202889047,-0.5823249245871506,-0.8022215310872928,0.13167496825338243,-2.3253295,-8.324939,4.412616
-7.337421328525384,-2.230373961204033,-9.496866728352542,0.6429578384139203,-0.3730593201449986,0.6689035518481351,-0.474160458111351,0.4919811194294594,0.7301550781091438,-0.6014790752684023,-0.7866265453046238,0.1394331389461642,-2.6179185,-8.195343,4.593924
-8.028293471651132,-2.327586086419923,-10.688190393679255,0.6341184335036973,-0.36547077648893816,0.6814139151964757,-0.4763446250518036,0.5095355105958483,0.7165677648527631,-0.6090891646344344,-0.7789766844870266,0.14901581979953102,-2.7628753,-8.092455,4.7480288
-7.490838906750519,-3.369411260823153,-12.657578128501203,0.6660742604671374,-0.3338148745692505,0.6670177726713672,-0.47452502534036933,0.5003069706565281,0.7242367951424519,-0.5754746561481899,-0.7989121132069557,0.17483808367263476,-2.5660462,-8.027171,4.9321136
-6.563648761267537,-3.818627282260194,-12.818463859232052,0.6824085691089211,-0.3165889590659514,0.6588550491604752,-0.473332005504341,0.4954680648211693,0.728332485412812,-0.5570236596159565,-0.8088775109618902,0.18825996623856164,-2.2293823,-8.044858,4.9836793
-5.112432751772892,-4.0749475421514765,-12.042494563276035,0.7118110508597432,-0.28965815765860126,0.6398618441318197,-0.4702502835218111,0.4801507292274676,0.7404862916151705,-0.5217180260654255,-0.8279815389996059,0.2055647643791129,-1.749498,-8.063421,5.026225
-3.440693884029934,-3.692844819112225,-10.208422445342741,0.748327037661399,-0.25251116083763253,0.613387934636268,-0.4647957933352125,0.4601327168407143,0.756467285076277,-0.47325628913180356,-0.851185054230403,0.22696362759698013,-1.1504349,-8.059906,5.06552
-1.6685095617056558,-2.6101118759255493,-7.463768499161766,0.7844248908813569,-0.20984172148759372,0.5836471900805269,-0.4563732288575063,0.441957675762791,0.7722673687373602,-0.42000126969801566,-0.8721466991036971,0.2509164576000947,-0.44229737,-8.009207,5.108275
0.3834042704372147,-1.2513505462319452,-4.378036677406939,0.8304667971167298,-0.14683924266126364,0.5373668539288102,-0.4397941399095586,0.41924820076828856,0.7942367787088208,-0.3419152137414945,-0.8959180671061497,0.28359267205781086,0.3557251,-7.9018297,5.1402864
2.3541209959219564,0.04875104991614376,-1.6600483107274147,0.8676215121100644,-0.08718690069180828,0.48952155833180855,-0.42093261285193945,0.3952494889204233,0.8164518215704974,-0.2646670496330896,-0.9144267525919728,0.30622714932320233,1.1966674,-7.7718534,5.125287
4.081513696531724,1.0433358942436621,0.44192646316236406,0.8971350591113145,-0.02993779350398243,0.44074075626546205,-0.40018516659023373,0.3674500009782353,0.8395429287548325,-0.1870842541596832,-0.9295613079841524,0.3176716174673265,2.028337,-7.650609,5.052461
5.230497331488064,1.734669281935492,2.3625019916227252,0.9195008938203887,0.026902293471669704,0.3921662566686106,-0.37749013129640085,0.3386791450338551,0.8618570864667547,-0.10963260024888571,-0.9405172530714689,0.3215711268717498,2.8202438,-7.530374,4.9383545
5.5580629540853295,2.2935092353646502,4.406509017982926,0.9341837505751021,0.0835990570132834,0.3468600839357645,-0.3550295405810006,0.31432117278294186,0.8804295688214928,-0.035422386654190764,-0.9456285729644839,0.32331386687996433,3.5445359,-7.387828,4.8306565
5.243480321862208,2.8177337135231584,6.299978695151774,0.9410817788415385,0.1313660493990745,0.31162164013066523,-0.3373203149536117,0.2990090695340552,0.892641350966879,0.024085071144625117,-0.9451648202306616,0.3257044242043696,4.176033,-7.2178254,4.752649
4.7115179752920575,3.1971133636709137,7.587196780530217,0.9435489866597547,0.17215549931432916,0.2829802004190126,-0.3229843137542875,0.2887180262544911,0.9012896506586454,0.07346048490189866,-0.9418091024042745,0.328023126907895,4.6982803,-7.0387254,4.6917086
4.396204407230187,3.1832444503862614,7.996405778764288,0.9436101195576861,0.20403329668511133,0.26071125045178856,-0.31177676855940245,0.28284483686530115,0.9070799550454735,0.11133368248192563,-0.937213536021779,0.33050809224974703,5.102257,-6.8671966,4.646019
4.461244621358478,2.6722181159370786,7.502098768016836,0.9425436964097145,0.22851127125182696,0.24370880014719726,-0.3032367069890196,0.27901494788016146,0.9111521049714402,0.14021012763979487,-0.9327021270321542,0.33227678573281,5.394774,-6.7224455,4.6080933
4.80651991701999,1.716926522499003,6.144699425022026,0.9414647019178223,0.2399375246667182,0.2367999140616281,-0.2999208462670921,0.27543357670712754,0.9133366470238399,0.1539210869803655,-0.9308954447622605,0.33127325564200905,5.5733137,-6.6286726,4.5709105
4.86205968088599,0.5855628205521974,4.339900923223885,0.94003201265819,0.24497117857695822,0.23733717965040582,-0.3013606336067214,0.27060218601481506,0.914306417693849,0.15975476108694797,-0.9310013848489267,0.32819938714055014,5.642627,-6.596086,4.5437636
