-0.09244048715669617,-0.15431259158809524,0.07649408614561067,0.9999999999406838,-8.506278343484969e-06,6.802619412502301e-06,8.503940418113492e-06,0.9999999409311681,0.0003436063784053272,-6.805541822174797e-06,-0.00034360632053587556,0.9999999409441888,-0.021452632,0.00042480425,0.00053100585,2.174376,-9.440767,-1.5210556
-0.053019129963345735,-0.2613108751510766,0.10254786074808918,0.9999999780136648,-0.00018265361373361586,-0.00010300644256884442,0.00018274816056737813,0.9999995613776558,0.0009186117818100758,0.00010283860962633531,-0.0009186305858510783,0.9999995727709423,-0.02559438770457925,-0.0048828074930243395,0.007754538330628331,2.1742554,-9.440489,-1.5229874
0.0015446234457391337,-0.39400972599514655,0.13312807282908332,0.9999996351072559,-0.0006511592226774152,-0.0005529710858247314,0.0006522332660841947,0.9999978970260414,0.0019443598589525266,0.0005517038350865279,-0.0019447198156070976,0.9999979568417713,-0.03950553095120088,-0.017301420409348806,0.018066029682757837,2.1720307,-9.440252,-1.5276566
0.07689907133098677,-0.5748098519994752,0.17757735787753198,0.9999987063691504,-0.0010438095046336065,-0.0012238144236756052,0.0010474306866240322,0.9999950646128021,0.0029620329158497392,0.0012207165855669254,-0.0029633109448546843,0.9999948643064432,-0.06922826671749652,-0.045553334572336915,0.026813039628649907,2.1672668,-9.4396305,-1.5380356
0.19070031169770704,-0.830674835377938,0.27007050429029317,0.99999402216664,-0.0022162189401736254,-0.0026540543691956834,0.002230457480421141,0.9999830727862364,0.005373937143744558,0.002642099622168755,-0.005379824774665037,0.9999820382361778,-0.11522581805275615,-0.06802890940233633,0.05624119568831263,2.1576493,-9.43821,-1.5588791
0.332172744555178,-1.231737738992835,0.41332973994556715,0.999979051954761,-0.004403335737616047,-0.004744079050708054,0.004441729115254609,0.9999572242651529,0.008112994662752646,0.004708151879902875,-0.008133896625418028,0.9999558355405317,-0.13291589525267794,-0.10040206004937115,0.10649607120455586,2.1382766,-9.437899,-1.5849152
0.4975338293757692,-1.8444855131796514,0.5535995222386294,0.9999380417380694,-0.008054123374030608,-0.0076839951659941575,0.008131680027640177,0.9999157676785911,0.01011599365668516,0.007601872464281765,-0.010177850677324272,0.9999193081897294,-0.10260314609392346,-0.1472000013475513,0.18624915098244854,2.1037445,-9.441014,-1.608902
0.7261554961324119,-2.6051628938690086,0.6454816341607585,0.9998324396350061,-0.013842986711608763,-0.011977661391709015,0.013994598961579981,0.9998218197227211,0.012668070344429419,0.01180016327924142,-0.012833570245613275,0.9998480162611387,-0.1282596174555076,-0.2077713518218415,0.2869267900386537,2.048886,-9.447194,-1.6360245
1.064767144177873,-3.375983908244592,0.7443670894843111,0.9996018405509629,-0.02241884462295658,-0.017133469377192914,0.02271084404093882,0.9995968051988624,0.017042435247814076,0.016744489543597002,-0.01742476519209119,0.999707957169455,-0.22903077121532356,-0.25584617294108564,0.4403438493948873,1.9657288,-9.45412,-1.6810806
1.5088521123016998,-4.106147959156563,0.8797343331032391,0.9991155612265402,-0.03526443203663135,-0.022902295695175906,0.035788110531844164,0.9990976070901036,0.022873186297271735,0.02207501890227883,-0.023672586254209812,0.9994760138194919,-0.29999192963121263,-0.27140791785533863,0.6384720104992224,1.8449295,-9.461955,-1.7429154
1.9617849599024133,-4.781109734398059,0.9648476227309276,0.9982553902366769,-0.05218589454291873,-0.027618983945382997,0.05293448670787726,0.9982300680602353,0.027104821294967475,0.026155610877850354,-0.028519530697645092,0.9992509796784753,-0.23643803341542372,-0.21757268081767397,0.8643858329377601,1.6840241,-9.474741,-1.79785
2.3102621779127612,-5.282096067510105,0.9704904539906304,0.9967962419274357,-0.073784501103175,-0.030872309215488974,0.07464393179563097,0.9968260759583232,0.027677748022928945,0.028732134021516625,-0.029893505757724665,0.999140051638449,-0.0592988385407358,-0.13043559814827707,1.065450804212615,1.4852493,-9.495227,-1.8213501
2.5034750568172233,-5.385496743369828,0.9623010898787034,0.9946142213582547,-0.09864995172225796,-0.03179210117479966,0.09941497144719956,0.9947696732520263,0.02345123941734847,0.029312354461302228,-0.026485547063511243,0.9992193461261053,0.17308628390474276,-0.014134515685616411,1.2543585684369647,1.2531296,-9.522741,-1.7985413
2.545629085495939,-4.887552057536246,0.9802322995324302,0.9913993360187656,-0.1274658652601697,-0.029661586859554605,0.12792697691107024,0.9916819650012586,0.01419749518885208,0.02760516473316442,-0.01786990444068552,0.9994591644461196,0.41338660878948313,0.13223486076607036,1.4300053967644721,0.9890839,-9.554701,-1.7254105
2.441991065555224,-3.778794866796356,0.9999990104091424,0.9872083950859996,-0.15749364913235506,-0.024805949985836972,0.15757714986397992,0.9875056354259015,0.0014359118467813913,0.02426986840652499,-0.005326395128182658,0.9996912538391383,0.6101925776597751,0.2603132936449746,1.5474046748736046,0.70108336,-9.588274,-1.6059449
2.293691283129463,-2.1525009858134485,0.9622811927112528,0.9815661542530452,-0.19037214339971922,-0.01692134280381313,0.19016032358928242,0.981662059003836,-0.013366123026858282,0.019155577707468206,0.009901965953608073,0.9997674804237967,0.672505038176812,0.36642488964053854,1.5925669714405943,0.40288696,-9.619619,-1.4657761
2.140531420377517,-0.12350464618335333,0.7746637811641245,0.9753152940725228,-0.22073628763787317,-0.0059639305896882835,0.22049785088543447,0.975002297925942,-0.027408334390068637,0.011864860013218027,0.02541673383783167,0.9996065299596054,0.6989074556428979,0.5270997444954021,1.5940995920389922,0.10469513,-9.646294,-1.3156067
1.883095856927521,2.120161267774325,0.46714737151030816,0.9677819644748255,-0.2515322525876739,0.011383986358844843,0.2517897294873501,0.96679892915492,-0.043609204413600104,-3.6904401536350107e-05,0.04507057236235935,0.9989838047461002,0.7887433058555018,0.7844962878603119,1.5633395742000573,-0.1857254,-9.668602,-1.142601
1.3432360161393457,4.394424883242803,0.22324595129223238,0.9596858729086034,-0.27900581195661645,0.03404089061821208,0.2806347716987708,0.9579043872907513,-0.06052528168219569,-0.015721013110826083,0.06763831535128184,0.9975860404211807,0.8622090063688574,1.0344002360700977,1.45732191939117,-0.45602113,-9.688852,-0.94477385
0.43837558517231234,6.680050985123812,0.07859504388045879,0.9512973467259931,-0.3022163987749535,0.06081616909658075,0.30634546707881777,0.9488020792447788,-0.07698746145344332,-0.03443563433925276,0.0918687255396667,0.9951755243952549,0.8567758253460571,1.2069564298281752,1.2741162308184673,-0.69146883,-9.707464,-0.7373764
-0.6577055725448515,8.874588484726559,-0.16523104857652693,0.9437458852412707,-0.31866580844719805,0.08829386511453578,0.32619790795462783,0.9409498641250574,-0.0905995477309901,-0.05420912225995218,0.11430422446143171,0.9919656825385019,0.7754083184916701,1.3220845224734852,1.0312363122269026,-0.88209534,-9.721693,-0.53688204
-2.435491062133134,11.773277105741329,-1.581766742297296,0.9308136058114737,-0.33688488843689907,0.1417554343900092,0.3529141419278556,0.9293034851031916,-0.10884227580488857,-0.09506650126920434,0.15133936869803585,0.9838997691932405,0.5899568248169536,1.4052079341269614,0.7321168945357397,-1.0792786,-9.736081,-0.21914062
-3.0155148037189985,12.051286799280549,-2.6593350896912513,0.9238315707089351,-0.339284389887265,0.17726063223481922,0.3620388376604879,0.9248324597139924,-0.11667391090046302,-0.12435074984456064,0.17196227562518632,0.977223550051319,0.3849529826431409,1.4407542233563324,0.3571438293551273,-1.0536988,-9.740438,-0.09767608
-3.2930628786492036,11.64909906088385,-4.109080509146739,0.9244749267685739,-0.3270452152402451,0.19592737676164984,0.3538056802496348,0.927411268345338,-0.12136671689216996,-0.14201285293709506,0.18152070552571314,0.97307891923837,0.18780639810589966,1.259558249376345,-0.5802998033300941,-0.93770903,-9.742726,0.014076233
-3.674830640376253,10.626812679008903,-5.6468599810131845,0.9246140658763911,-0.3077657865336425,0.22443050109745985,0.3412164380593464,0.9311030947679176,-0.12891225431159736,-0.1692931527901258,0.1957734597766869,0.9659257636409978,0.18780639810589966,1.259558249376345,-0.5802998033300941,-0.7284149,-9.739729,0.12562561
-3.940831429939507,8.907019024384752,-7.019669613677084,0.9316851608840195,-0.27949459821220857,0.23204639742670977,0.3153881142772168,0.9393232384135787,-0.13491549632598873,-0.18025842105482856,0.19888344160945778,0.9633027967842704,-0.01954286703361327,0.6613427511371612,-1.570373269597152,-0.42642364,-9.727857,0.19784394
-3.975059035022412,6.313487334657415,-7.800976984442106,0.9430218752094822,-0.2398278346950285,0.2306346734163916,0.27563909857710156,0.951335735418255,-0.13778028107029738,-0.18636746017477032,0.19350175250291976,0.9632363373369508,-0.3340725179432339,0.2108320743911536,-1.991745656899365,-0.040776063,-9.701808,0.19621734
-4.008715510099057,3.183697018670121,-8.214391029166059,0.9530399597051677,-0.19812624812466773,0.2290432819560844,0.23381210140455658,0.9620482245684902,-0.14069511306865076,-0.19247528787342363,0.1876411559564094,0.9631947155946118,-0.3340725179432339,0.21083207439115348,-1.991745656899365,0.40320128,-9.659828,0.13282928
-3.3450589820530734,-1.194575294387717,-8.074153904290853,0.963923466279116,-0.1562707303850835,0.2154785603751942,0.18864580323319893,0.9721814501927837,-0.13883799488452891,-0.18778794444520397,0.17447832738184915,0.966588330777419,-0.6442497371622234,-0.3997852779757248,-2.3563720024023067,0.8574951,-9.613455,0.047169495
-2.6373391614021466,-5.6788818283593585,-7.5045419970638205,0.9735757095220088,-0.11462419513696354,0.19751362413241316,0.14258777978193876,0.9807110154061928,-0.13369603329123467,-0.17837898667044375,0.15832623961351705,0.9711404321540056,-0.7646900885681372,-0.6311219588503262,-2.3049582918972495,1.3017457,-9.564985,-0.06589661
-1.913018754845715,-9.42274144205956,-6.331672814285179,0.9818705917794861,-0.07787591933759076,0.17281632499832447,0.10037570113385058,0.9869998415162137,-0.12552303162709405,-0.1607944638987595,0.14059393313473217,0.976922968480738,-0.8114576367771615,-1.009073589900081,-2.0395292297795167,1.6901169,-9.522146,-0.21058807
-1.3210839312345195,-11.989189172398584,-4.751654047465371,0.9881144830206416,-0.05386534043409824,0.14397323898825298,0.07056831089368379,0.991023278240722,-0.11354723899163817,-0.13656457059743712,0.12235761964393742,0.9830456403304005,-0.9649123504791159,-1.5047003326864843,-1.602416558521803,1.9851425,-9.481725,-0.41691893
-0.6959268284571076,-13.753236449261781,-2.879513883326701,0.9943684920791058,-0.036436617967980194,0.09951720871980164,0.045141146180906574,0.9952142466634865,-0.08666533424329717,-0.09588315223124019,0.0906695985933754,0.9912544804484452,-1.3883707260053273,-1.9827611571116628,-1.0258519271714521,2.160045,-9.431437,-0.7247528
0.23579480311053402,-15.038534965428157,-0.9326203449517558,0.997393877117991,-0.03237877525405365,0.06447533482339834,0.03626563906995951,0.9975360030119129,-0.06005602482568805,-0.06237192726210494,0.06223775066680742,0.996110538585727,-1.7944311626859373,-2.2823409282130713,-0.44248122707297244,2.205159,-9.367206,-1.1284851
1.4371802865235086,-15.727309268850874,1.625249699877947,0.9992173979048955,-0.039316759354022436,0.00433406945809886,0.039365536668991924,0.9991550705670597,-0.011810989920224814,-0.003866037626823214,0.01197235958494667,0.9999208550475566,-1.8941595495293164,-2.375824836775158,0.18491904126173717,2.108766,-9.300522,-1.5781235
2.738998269551911,-15.348157580111426,4.128975202763412,0.9976296052097721,-0.054945659990122374,-0.041426383588775734,0.05582268844831997,0.9982339222181795,0.020319054783893196,0.04023677749766181,-0.02258342270690799,0.9989349281887407,-1.6715413361530984,-2.3555278661080363,0.8187962239577666,1.868756,-9.246898,-1.9892715
4.008443210622681,-13.591941052827394,6.089661618910272,0.9940423467049835,-0.07605866230503051,-0.07806979470716544,0.0793909526675525,0.9960204106313236,0.040502076988067126,0.07467857518584617,-0.046458815032006315,0.9961248360090383,-1.3611646937200597,-2.274324942248868,1.4145324810400504,1.4989532,-9.211698,-2.3242753
5.247829187104785,-10.704985377917255,7.626180757655266,0.9856006443203172,-0.11305626547390768,-0.12573643367166407,0.12129685740822443,0.9908064249512994,0.05991411067614511,0.11780680073011214,-0.07430282035237801,0.9902528205410059,-1.1171617099479523,-2.1711988672084983,1.8909960983129717,1.0312805,-9.192909,-2.5865006
5.892810067451411,-6.479853226092712,7.855211123829526,0.9731200516179691,-0.15135863951018208,-0.1735739824532122,0.16599209500256953,0.9834168067815422,0.07306167624857896,0.15963705564717492,-0.09990969114766053,0.9821069514462667,-0.961177160945933,-2.2111414645419187,2.0758045253132016,0.51940614,-9.17677,-2.8061357
6.058404753960708,-2.1187524769185706,7.723671536476834,0.9548323790934123,-0.19307714103997206,-0.22586798233181518,0.2159410175336689,0.9730328099731388,0.08109640967577197,0.2041190946024849,-0.12620763971966037,0.9707765071812636,-0.8138126918817639,-2.232831480180566,2.1726698886301956,-0.012857055,-9.159834,-2.9898467
5.80919370056695,1.6084901683277826,7.474896285650462,0.9355380055263461,-0.22717062813061356,-0.27048501978950523,0.25798741692109384,0.9624942981409703,0.0839477144209539,0.24126983426480875,-0.14831800888921992,0.9590571595650431,-0.6730015067662757,-2.117501205073153,2.047016010457424,-0.52041626,-9.134875,-3.1381881
5.5245234919631585,4.4661758949535,7.439189029013679,0.9178979884759041,-0.2537172841070637,-0.3051078866519596,0.2905468786945491,0.9534027975687374,0.0812749461332317,0.27026985409539195,-0.1632502537009979,0.9488432750638089,-0.3919106189374238,-1.819714613615944,1.804675262501994,-0.97061616,-9.109093,-3.2211318
5.049531412295505,6.731994250994948,7.678524472733816,0.9005235713990518,-0.27919184447875023,-0.3333304836513615,0.3181051357590122,0.9456622374374547,0.06732054135646166,0.2964227048632368,-0.16665787308537197,0.9404034949851164,0.20257575003004216,-1.3540639264051022,1.5614082647721736,-1.3398011,-9.104006,-3.1901765
4.233531315411425,8.570708751182561,8.124807586386842,0.8860767027549498,-0.3014487925779023,-0.3521316547660003,0.33650701563259894,0.9407706399205359,0.04139603234063693,0.3187963382238863,-0.15517483209860414,0.9350345802258926,0.8573517727760223,-0.8876160325522184,1.2836472103136733,-1.6096008,-9.133807,-3.032956
3.2752009828980517,9.919840341001837,8.598232516261318,0.8763039702190514,-0.3176520668853983,-0.3621995529839356,0.3434534663434075,0.9391412072731079,0.007315002276630692,0.33783289987066994,-0.1308088575175381,0.9320718719926753,1.41606754659886,-0.4972918393744274,0.9084236406578233,-1.7627472,-9.192919,-2.7670715
2.5012714126944777,10.569347243488329,8.956387213675447,0.8719857652211626,-0.3250355805789173,-0.36605012854715685,0.3376221978230191,0.9407680483432607,-0.03109229411874029,0.35447436689952344,-0.09647461103387843,0.9300755736159528,1.9570452231469522,-0.21861964245302568,0.43121754904603593,-1.7810485,-9.262817,-2.4181275
1.9883487595574452,10.25177447279946,9.431915082344927,0.8723860583417263,-0.32423872364781653,-0.3658029733315757,0.3165072424810638,0.9449715490597559,-0.0827764273488414,0.37251272551151804,-0.043566289202084996,0.9270039092566656,2.585162744337088,0.014745945845615283,-0.04010691269933418,-1.6546204,-9.328367,-1.9839904
1.634683593594556,8.93879992722366,10.164186888508425,0.8766203882696282,-0.31618214449160537,-0.3627196525895675,0.28687972587075256,0.9486089693302518,-0.13357037916588693,0.38631168472404354,0.013033603142891634,0.9222762099473153,3.299817714780854,0.2454939429741807,-0.4854816171235471,-1.3806107,-9.371264,-1.4557114
1.4446462634602837,6.2372155114911125,11.437722230314062,0.8859897155747144,-0.29687194837446695,-0.35621520203970103,0.23580024693790172,0.949898440092275,-0.2051613926992279,0.3992749271365054,0.09777525136050523,0.9116027274978548,4.024115949065328,0.5034683848257683,-0.9246418683665137,-0.95949554,-9.367615,-0.83638304
1.5390815750316311,2.454517630909119,12.439118363866454,0.8980349177498664,-0.2703769508402788,-0.3470296686975112,0.17663422276922128,0.944068591574179,-0.278450795922473,0.40290648772228016,0.18876122180537774,0.8955643825509346,4.666883629184851,0.8701068836097362,-1.3032391515067985,-0.41445923,-9.296209,-0.13253936
2.2162818168415663,-2.1154807170037535,12.231278003774456,0.9144898640826966,-0.23094625532566196,-0.33222299083757834,0.10293123091584037,0.9268729029260756,-0.36098723457144455,0.39129713798105054,0.295923045693375,0.8713874573548755,5.144730314293459,1.4111273179596004,-1.666591534611435,0.21874848,-9.14124,0.6491165
3.397675599009438,-6.500585283290084,10.219805296074465,0.9323825878199452,-0.1831184006335165,-0.3116574422015387,0.028824844033734878,0.8971070454116916,-0.4408719512955382,0.36032185375940384,0.4020778536827507,0.8417253478904263,5.530008131844945,2.127297187102248,-1.89503993483141,0.89353484,-8.882257,1.5109985
4.642635870985401,-9.962785458885076,6.410499341142973,0.9516081462185765,-0.12110341129639594,-0.2824462777641453,-0.048678569383287136,0.8480766977706355,-0.5276327430905422,0.30343423164376343,0.5158486972658064,0.8011415534073422,5.805006013038785,2.858375467651827,-1.9323952975033436,1.5501983,-8.502222,2.4426866
5.38709494941428,-11.723248575957562,1.8902346107992045,0.9670907835535567,-0.05365976086143903,-0.2487087582496064,-0.11248729184277347,0.7866117074801345,-0.6071150062624588,0.22821486704342128,0.615111901786561,0.7546888913591305,5.831312174199253,3.517730717728439,-1.783820060000227,2.1346328,-8.003535,3.4099228
5.558752845877754,-11.921522548414925,-1.9953948841684728,0.9778623435414199,0.02459711088415076,-0.20779850629837376,-0.16237065468708192,0.7155946610677281,-0.6793821101176064,0.1319886645896936,0.6980825618703822,0.7037469212950871,5.290212982147635,4.061515205966691,-1.5132904190120238,2.6051698,-7.459297,4.3433776
5.615603320945875,-11.37897969853108,-4.829040244957598,0.9817636919108119,0.10079853133220469,-0.16118222397933032,-0.18760054653494418,0.650877416287514,-0.7356389222347334,0.030758546543074604,0.7524614575167027,0.6579176747636417,4.458042765817327,4.459574194728038,-0.9396630032733719,2.9234772,-6.941583,5.1910567
5.510378472998625,-10.438850322268571,-7.889569015157406,0.9791141655478374,0.17639751202128864,-0.10109089264746579,-0.1877289239302813,0.5934897729627542,-0.782641514685106,-0.07805960506907918,0.7852730780698635,0.614209158931338,3.6686897849035054,4.778612344245743,-0.09496353278990233,3.056317,-6.4702973,5.929747
4.680209469116333,-8.780068263792737,-11.357955614114855,0.9699391480233038,0.2413038082145264,-0.03147254792663866,-0.16403965084031275,0.5528108620324732,-0.8170013119763652,-0.1797471615464781,0.7976043022452179,0.5757762889837539,2.897040308379118,4.888425827396214,0.8774216029708266,2.988542,-6.0656524,6.5406265
2.947349578973002,-6.223576043296866,-14.513018857961665,0.9528302496501644,0.29881063428450305,0.05316690878825309,-0.11693392809339848,0.5230832716333695,-0.8442217406570255,-0.28007315439408564,0.7981829964211362,0.533350665521215,2.3829346736870383,4.6442291061670735,1.7742199846124769,2.7344391,-5.728348,7.03391
1.1214733979468114,-3.118998177129514,-16.28499151564032,0.9300072357250309,0.34017245489275044,0.1391734257368355,-0.056545423469371844,0.506577875430979,-0.8603379982358704,-0.36316546722362836,0.7922509432345759,0.49035628512355,2.0767419840219588,4.288961431653604,2.5466429904477073,2.3077347,-5.447,7.435347
-0.3527892283139611,0.15543155219100502,-15.972613972425993,0.9016723189391589,0.36646897326461236,0.2295376241343896,0.015802943639084813,0.5025402249466219,-0.8644093875490585,-0.4321311100016054,0.7830413871213828,0.44733532145785304,1.6697254582246244,3.666408178120145,3.1602273849267277,1.7365158,-5.257918,7.731108
-1.3572012704527356,3.0383077794490916,-13.72552200912947,0.8730160779179655,0.3722305508753692,0.3150989442885387,0.08957300120598088,0.5127288767864676,-0.8538651980050718,-0.47939504080839856,0.7736624043497953,0.4142787454649432,1.0702896971884917,2.7533263090779783,3.6485023114330923,1.064711,-5.2026887,7.8884125
-3.0424803474453634,6.428576469172951,-8.157342878614273,0.8178019945785543,0.34017344228563945,0.4642003089474165,0.22390370052254044,0.5549836174165488,-0.8011618546158785,-0.5301575525781475,0.759127929642152,0.3777006167344291,0.39727547505091754,1.7019085149969426,4.07157472312768,-0.38425294,-5.5370283,7.728363
-6.065959500999993,6.659397649632215,-5.583541825628416,0.7689206339283884,0.22471089869630967,0.5985533148569658,0.3551634551609354,0.6283282899914538,-0.6921433956302419,-0.5316201452515809,0.7447876019399838,0.40332548786206834,-0.6525908929564211,-0.19562642323232926,4.25385317071816,-1.6308197,-6.2178984,7.0477843
-7.428851423030359,7.030325594351152,-2.974981020123635,0.7508302363823306,0.06600190222622253,0.6571892459836615,0.4251796682171024,0.7131252978105238,-0.5573818792869446,-0.5054465410593375,0.697922673743425,0.5073733690350521,-2.0300074680298277,-1.8458715363481817,3.534755548590473,-2.3656082,-6.990706,5.8483706
-7.319566406467081,8.042864662382133,-1.6822994397277355,0.7500259125151909,-0.018738457217131445,0.6611429503344012,0.4455471291799714,0.7530826693528828,-0.4841014860541352,-0.4888239828764964,0.6576590023267816,0.5731803820991259,-2.694116803323275,-2.615565781933306,3.0744660930904213,-2.5427413,-7.3819566,5.0581374
-7.511570072894618,9.358109796051828,-0.7656401500496681,0.7662301666027276,-0.10476552964494412,0.6339680714248709,0.4413293650051975,0.8029023989746548,-0.40071951450466314,-0.4670328932442186,0.5868321067553803,0.6614441436047155,-4.670459512453217,-4.31452886735166,2.6379427705374536,-2.6111267,-7.7776732,4.077867
-8.414348157231712,10.263660926376645,-0.8769038870598251,0.7837297176926645,-0.204149257953711,0.5865925417888682,0.4397705838095203,0.8493234192295817,-0.2919787032713268,-0.4385995476755651,0.48679853124790845,0.7554188419371523,-4.670459512453218,-4.31452886735166,2.637942770537454,-2.5936646,-8.088519,2.873851
-8.948687140274314,10.493798246813975,-1.941457090854609,0.8085251977298324,-0.2759096668363994,0.5197700071975703,0.423973239641601,0.8856539939769813,-0.18937712380439803,-0.40808540368866575,0.3734847502895502,0.8330518858975176,-6.929940201745895,-6.304549082314405,2.367297679571477,-2.5201995,-8.207489,1.4798523
-9.089704926472479,9.235589360365736,-5.721873235018968,0.8433027949175428,-0.370774450189601,0.3890587400006069,0.4073296415340256,0.9131938906382586,-0.012628587756423004,-0.35060370678591446,0.1691248804509801,0.9211263841625739,-6.929940201745896,-6.304549082314404,2.367297679571477,-2.4103577,-8.1191,0.0028778077
-7.372935071051914,5.579378344890291,-9.84015635235593,0.8745530658725201,-0.40708474396693994,0.2635127059599716,0.3832961086915993,0.9131667427987973,0.13860228319949264,-0.29705391435706363,-0.020211656923796617,0.9546467728377552,-8.608601902043883,-7.512696675056844,1.6520045306389861,-2.237976,-7.7666717,-1.528209
-3.5520052325227267,-1.127379453695267,-12.183572664043432,0.9064956586966761,-0.40870287280830725,0.1059602874775066,0.35859331873746286,0.8777405035313821,0.3177773437759962,-0.2228821493994797,-0.2500671314241668,0.9422260754512986,-8.631143511535758,-7.505148998264957,1.2174846259738825,-2.0472808,-7.2310166,-3.0161223
0.2601346721889812,-7.393766285535584,-11.075998410838825,0.9246084786837034,-0.3802932795297973,-0.02182161063439131,0.34871781041466304,0.8220044278045904,0.4502272863446313,-0.15328095069450381,-0.4238935505691477,0.892647303216713,-8.086498690067993,-7.407180629262383,1.0534246896602704,-1.942836,-6.5625563,-4.389711
3.7378962096204553,-11.550094977103381,-7.613360589371968,0.9345122492190485,-0.31799487157823253,-0.1598940827845055,0.34915357131994734,0.7317640868739025,0.585331619508232,-0.06912770569085547,-0.6028271583228035,0.7948715477952222,-7.4746509801754515,-6.976097278606469,0.9157952091043662,-1.9250412,-5.775174,-5.61481
6.038346080514914,-13.012495731886187,-3.669268944912684,0.9335236304835791,-0.24722296963636275,-0.2596428982524577,0.3585147992962009,0.6419584382687277,0.6777584394319118,-0.0008775046227504982,-0.7257893405250272,0.687916465252783,-6.893621590843206,-6.520367330043432,0.7944809063844414,-1.97677,-4.9210496,-6.6947756
7.404203585310598,-13.514078438597647,0.8010158854054721,0.9224201989561697,-0.16167513710352932,-0.3507165901411213,0.3804764973181635,0.5360610775528281,0.7535755808951095,0.06617107786761425,-0.828552757026042,0.5559871556775235,-6.350561963076351,-6.024637071370979,0.9216933131235514,-2.1198165,-4.013284,-7.6184006
8.086764114541452,-13.970713015311606,5.58830039508322,0.9045320411790493,-0.08091192256348449,-0.41865862855976516,0.4096870771742713,0.4371416083425791,0.8006645446452998,0.11822979859944588,-0.8957457647361462,0.4285571603419908,-5.575939945624091,-5.253296376595193,1.0316915025616966,-2.3481202,-3.0779204,-8.335966
8.26388554403398,-13.911717313353297,10.671700844866903,0.8829891366439766,-0.013180449504991427,-0.4692083335998746,0.4431053381425275,0.35323338597549186,0.8239440723385811,0.154880095165006,-0.9354423823962302,0.3177415700511082,-4.480126225187487,-4.168914609454554,1.1678744460436437,-2.6312668,-2.1933274,-8.793712
8.073877741985227,-12.958086184478505,15.193499580638662,0.8613704010250257,0.03332548336510589,-0.5068830677744802,0.47684934447934024,0.2908870620767825,0.8294573043779656,0.17508779200049845,-0.956176829501123,0.23467027041696215,-3.363137738659118,-2.950786989413789,1.3294236085327475,-2.9401963,-1.445639,-9.004085
7.0613504260272695,-10.190501517634225,18.459724076594245,0.839947774599541,0.06185678680032963,-0.5391302939661407,0.5117933075619692,0.24002644719761307,0.82489691172926,0.18043100143838448,-0.9687936016368139,0.1699517906569734,-2.61957455245833,-1.8251969080477766,1.4338659997127026,-3.2492263,-0.83480835,-9.062584
5.7168060804355445,-6.119899701361869,18.447666833694992,0.8195227047676011,0.06229175471628477,-0.5696510104131838,0.5478846202462526,0.20616162351225228,0.8107526305158752,0.16794338113785434,-0.9765332161709391,0.13482543694283686,-1.8869156620346725,-0.43937111866129813,1.8164312487165957,-3.5923004,-0.4129486,-8.992241
4.700001099871167,-1.9880112952217104,15.624127018483417,0.8030332851171271,0.05056320362066477,-0.5937852351091342,0.5774333488182881,0.18032626901339663,0.7962745533898498,0.1473372684234775,-0.9823063672517465,0.1156111162050816,-1.8025225130413642,0.3756149431579025,1.981038088831691,-3.9472382,-0.08240662,-8.875807
4.320463912829742,1.558387744846131,12.488050629814497,0.7826078852601968,0.02425126410398775,-0.6220424214777648,0.6130384693371054,0.14366633858134997,0.7768808262992769,0.10820689923189528,-0.9893289944947471,0.09756745159442748,-1.7561089023188254,0.9237949880834727,1.7572299936889069,-4.234169,0.2249939,-8.756198
3.1898676094168024,4.761377543181861,9.320585035179374,0.7459225649375185,-0.03578718151305523,-0.6650705261522157,0.6655628268755043,0.07755251545886088,0.7423016440959093,0.025013008585952717,-0.9963457657788055,0.08166678894216622,-1.6887370842587133,1.363180177916679,1.6053104728488163,-4.6500807,0.76556855,-8.545001
2.80562386846457,5.5789388915402,8.019190491086912,0.7312946036509916,-0.0802138306140796,-0.6773285347961908,0.6815529739294391,0.04759085595139489,0.7302195931072721,-0.02633906602133409,-0.9956409251371847,0.08947291094568534,-1.4591656977565435,2.189442795958835,1.0974071065665245,-4.770468,0.9760529,-8.475695
2.5110243302646853,6.562965310623894,6.233872793511381,0.7160414023556511,-0.14448735354483178,-0.6829407842398661,0.6920281732929412,0.01861763486992771,0.721630370093086,-0.09155172025356775,-0.9893314855686443,0.11332031671837017,-1.089929177993942,2.5630463878564895,0.6666394973817678,-4.8123627,1.099446,-8.448904
2.081760636159868,7.317232154106372,4.491044111710446,0.7059600790550375,-0.20635113152578538,-0.6775245953459055,0.6932528923380172,0.00549984431185218,0.7206734204738774,-0.14498549598348973,-0.9784625502442967,0.14693618929265925,-0.5878777696599659,2.9197935886135316,0.17783719273145748,-4.779382,1.1045974,-8.464563
1.857993356180994,7.549350727579402,3.1271960571860475,0.7004674369952784,-0.26940732756345387,-0.6608820330167734,0.688120558378545,0.009324294311382778,0.7255364599194125,-0.1893025801357847,-0.9629811781082287,0.1919160852123198,0.10254340189456458,3.2796207079055986,-0.3925200240112892,-4.672339,0.9476746,-8.506439
2.7677516072311463,6.6747511606393894,1.5345020672304424,0.6969610787968142,-0.39555087455285537,-0.5981511182659882,0.6688162042038267,0.05762774946000125,0.74119088464886,-0.2587085998508094,-0.9166343590181671,0.3047151329202201,1.011465334103155,3.6698149877778756,-1.0718085888210798,-4.2173705,-0.031004334,-8.4974
3.795557895513313,5.675172110514134,0.9621763161761925,0.701723034323738,-0.47521601067142055,-0.5308055447157901,0.6494036005246083,0.12021809067304888,0.7508811985265049,-0.29301833854754095,-0.8716176649635243,0.39296679172465965,2.029392166176775,4.0138301010525685,-1.9893773703363058,-3.835153,-0.8704392,-8.326289
4.601200906807517,4.239495559848449,0.17115288340160628,0.714255952573296,-0.5368115248776344,-0.4490788583001461,0.625485801757223,0.20171224399714813,0.7537106092007448,-0.3140158372021031,-0.8192347388753626,0.4798421580124851,3.0954022907514744,4.301386404119035,-3.0520430851928797,-3.3365798,-1.9010254,-7.947937
4.80648589576256,2.427292658254392,-0.8859419774327082,0.7417858309131793,-0.5841633672167581,-0.32940391840174466,0.5886081732877118,0.3317139869458353,0.7372287631416724,-0.32139414959726226,-0.7407556893244065,0.5899040679111951,5.471461338257479,5.121428116835087,-5.182412494141128,-2.7506242,-3.0413864,-7.2841597
4.464945160230489,0.6628570811976934,-2.029796141538335,0.7691349217178282,-0.6147001580813727,-0.1748576216492887,0.5420758637793707,0.4825694253222131,0.6879538557578095,-0.33850440189450953,-0.6239154312877057,0.7043751163258939,5.471461338257479,5.121428116835087,-5.182412494141127,-2.1381288,-4.1832685,-6.3134794
4.389609131803441,-0.6423738986275482,-2.983802452106401,0.7938269281678129,-0.6079148493239774,-0.016683647294881948,0.49593038748807566,0.6312299229172558,0.5963235993819139,-0.3519827536706614,-0.4816516587589834,0.8025707574620061,7.18547664668887,5.678006186272544,-6.276024364780451,-1.5218887,-5.2509065,-5.126901
4.519298883341151,-1.4020582377253195,-4.022376600604075,0.8127098979059602,-0.5611701260408525,0.15681425791355136,0.4438873752345202,0.7706338336699711,0.4572608582751541,-0.3774475062218485,-0.30201255610059674,0.8753980785931001,7.185476646688871,5.678006186272543,-6.27602436478045,-0.919577,-6.219386,-3.812758
4.51486647789762,-1.7166405140464074,-4.878233520660836,0.8249506380312255,-0.4863084616153053,0.2880286877608366,0.3978876183718531,0.8616091904893625,0.3151428977632829,-0.4014248222995796,-0.1453742859848999,0.9042811670139612,6.98636283187624,5.162408734259835,-6.3372937264224225,-0.3521927,-7.070119,-2.429834
4.570185952659296,-1.8967252769498701,-5.356430686373828,0.8294422344425454,-0.4204463496375941,0.3677641184229098,0.36705406245536365,0.9065220114611362,0.20854054275240674,-0.42106637832766003,-0.03798302005997263,0.906234183436683,6.5428997838114675,4.783729068544119,-6.013337862175526,0.1600357,-7.7626925,-1.0067794
4.13403730198486,-1.9365161617318218,-5.857995994601441,0.82851043959969,-0.2915024732176005,0.47811793480515985,0.3202091402199843,0.947078578018178,0.022544923567032027,-0.45938715479855063,0.13441902829245195,0.8780062453302969,6.054519414040363,4.437924743692809,-5.572324705709804,0.5961304,-8.237465,0.4456772
3.548825926664981,-1.61982803424736,-5.707544825357459,0.8201526215534157,-0.180709020548865,0.5428571886337419,0.2909701747050543,0.9486891136573496,-0.12379548885214417,-0.49263174358862666,0.25948644573522756,0.8306507988851444,5.448642865517496,3.9889754826993533,-4.8781557585721655,0.9288727,-8.472952,1.8636414
2.8823944729346094,-0.8156758868557128,-4.961514469867904,0.807843465919036,-0.0832681487579408,0.5834855182216137,0.27486769738205047,0.9289505519545386,-0.24798915492264267,-0.5213795963669938,0.36071773927238826,0.7733343578727174,4.793108762348114,3.392000417085323,-3.952251056798458,1.1286056,-8.496536,3.1628647
2.465583612201199,0.009317538525693392,-3.9760705462216537,0.7959441612782479,-0.012266037115449699,0.6052457653387997,0.27087183269378984,0.9013423779115746,-0.337950244908647,-0.5413883471041603,0.43293355392506805,0.7207407269647218,3.8917334628205604,2.5977242326194525,-2.833214193653476,1.1859787,-8.37191,4.239606
2.3422031713107496,0.3051511408836578,-3.3463769977343345,0.7841550475446005,0.03581654428993075,0.6195304968808664,0.2750872895659973,0.8748240313922854,-0.39876045091982415,-0.5562623882032283,0.4831149855403745,0.6761450038392393,2.7443415166684915,1.8544111534134864,-1.6495963578423434,1.1360458,-8.17939,5.003909
2.21848361649291,0.14117074769038185,-3.029821796555155,0.7722776744640862,0.05832011162001961,0.6326025277415287,0.28227472136520904,0.860580281521517,-0.42393697731448104,-0.5691293132518628,0.5059647652129289,0.648144645245557,1.4359558731238113,1.3691674522657626,-0.5607078552269975,1.0450852,-8.017552,5.4287415
1.47908282231487,0.11276169882085363,-2.3313610535547378,0.7607038388739856,0.061502774227706496,0.6461788284095026,0.2905784046106274,0.8579122836564937,-0.4237342378487262,-0.5804255854942341,0.5101018744462665,0.634745789580428,0.2855857136296338,0.8083481029695767,0.30159900802356154,0.94559175,-7.964868,5.5652328
-0.053304888089341945,0.3473740286865659,-1.3522639336350633,0.7518320600296028,0.04880897529720522,0.6575456162442884,0.2962021084038816,0.8659630066051127,-0.4029545658861893,-0.5890779782751513,0.4977205592718362,0.6366014297732853,-0.7114601332989221,0.3062585422142918,0.9285551971831068,0.8590881,-8.022692,5.4604006
-2.051834856197559,0.5805691533138383,-0.7288057807447123,0.7452413260332946,0.021435406491295387,0.666450215185418,0.2979670811451465,0.8834335444987296,-0.36160861578266,-0.5965157035032514,0.4680659096782879,0.6519841406591558,-1.6632402992038593,-0.1747051261686502,1.4323767377552017,0.8039993,-8.149422,5.1368012
-4.277157002587916,0.6291573783988285,-0.37179957653501866,0.7423981058314221,-0.02069692158353649,0.6696392236830828,0.2942361664221834,0.9080402950212434,-0.29814074023338194,-0.6018888027095157,0.4183711988828785,0.6802171779058571,-2.837626762237409,-0.7601773628608068,2.0293976031961805,0.7911728,-8.300377,4.5539675
-7.991067529053274,-1.1745378811331773,-0.06885941661489339,0.7602829674552946,-0.18652807062214044,0.6222355568973486,0.2660246783721929,0.9632832589532159,-0.03627993270999094,-0.5926218692339521,0.19311302879519018,0.7819889246115986,-5.576943760819331,-2.3785217195659376,3.522333516720308,0.87774813,-8.444099,2.4548492
-8.609381657076865,-3.2587702980473927,0.28425547575517907,0.7712891569371416,-0.2701171851123717,0.5763243381102017,0.2527923925444818,0.961004120708594,0.11210301625173685,-0.5841310149810831,0.05922656741758027,0.8094956275663879,-5.576943760819329,-2.3785217195659376,3.5223335167203076,0.9588974,-8.289601,1.0427139
-8.35186419096615,-5.493914584362551,1.1140912331542614,0.7874460391121505,-0.343238436863476,0.5119727638713831,0.2395395509190094,0.9357284803325856,0.25890734759752887,-0.5679344495908882,-0.08123783942219143,0.8190548665467465,-6.686018053498172,-3.194882252345171,4.0554238399057905,1.0391372,-7.9300523,-0.47944337
-7.6875293368786854,-6.976760806109853,2.108874680339925,0.8069273856084193,-0.3902428762081957,0.4433719566277461,0.22804173492512217,0.8982833799043324,0.3756114169191181,-0.544853339429522,-0.20198382845268054,0.8138411218143845,-8.010820401767797,-4.507146702160446,4.516213639576142,1.0907395,-7.393149,-2.03237
-6.61977015234863,-7.583807919790445,3.396677782110182,0.8432226362684755,-0.4540492549029548,0.2877757109391157,0.2164135083357065,0.7767617299068373,0.5914443408825272,-0.49207802134851875,-0.43644070510689936,0.7532454658552674,-8.010820401767797,-4.507146702160446,4.516213639576142,1.0904129,-6.712906,-3.569992
-5.850913300217631,-7.3742193751078124,4.20107917461423,0.8720197245611162,-0.46281108085915623,0.15933456439308463,0.21826928886605185,0.6590457060416721,0.7197341695973176,-0.43810970944988514,-0.5928445502676162,0.6757183005541026,-8.018546974183023,-5.3315793251955075,4.461971068396947,1.0171235,-5.8799486,-5.0279984
-5.247979394602743,-6.875574029222057,4.887268788882313,0.8964791365672532,-0.4420742147829892,0.029925680002882343,0.23141601149607938,0.5247417950047399,0.8192024647170248,-0.37785154137951865,-0.7274726367357097,0.5727231228769408,-7.662673524887269,-5.504929756699706,4.311386849986475,0.8549576,-4.9031587,-6.3439837
-4.847552846919475,-6.106706563127586,5.646911698149775,0.915108297024493,-0.3865013186032514,-0.11486311607683043,0.26014240139721895,0.3482959990403779,0.9005641720875597,-0.30806287623181705,-0.8539945127285141,0.4192739397069265,-7.6626735248872695,-5.504929756699706,4.311386849986475,0.5911697,-3.8168595,-7.4704714
-4.53999878626928,-5.472279553766602,6.158763906648661,0.9218739998800669,-0.3242988860320368,-0.2120814958064608,0.294814734760198,0.23182676836974409,0.9270062683906262,-0.2514609323799625,-0.9171077264888898,0.30932316030484863,-6.081798169664681,-5.4516498530564155,4.066451514975492,0.2177948,-2.6738098,-8.343387
-4.177824003171607,-4.859011312384116,6.611435051588746,0.9194063258565897,-0.2365576089132766,-0.31421729048561153,0.347120845998788,0.11240387078836622,0.9310598735338542,-0.18493005771905124,-0.9650937091790751,0.18545890718701785,-4.917440204569257,-5.174144345810945,3.8854852213985707,-0.24930573,-1.5559082,-8.922798
-3.633296848033752,-4.2960587569552,6.878933416468131,0.9072673548961188,-0.15366758565350683,-0.39147441788605,0.40031673084763686,0.030273280557321203,0.9158766529875936,-0.12888933913734,-0.9876587475457905,0.0889816647013301,-3.6675644546605244,-4.712127543490174,3.6784920144312334,-0.780928,-0.5626755,-9.225108
-2.932513752565456,-3.5864903299005544,6.894205353710599,0.8855431253346234,-0.06948934380540642,-0.45933060454326463,0.4583505271554128,-0.030393428657364316,0.8882516725291337,-0.0756846578174341,-0.9971195869061762,0.0049357855620145025,-2.565637516584189,-4.0927793458469,3.416673495602353,-1.3446563,0.23501435,-9.319206
-2.0284890372738658,-2.810292780901454,6.586249578510719,0.8632676365896198,-0.008655670877674163,-0.5046722371783776,0.5033368828360267,-0.059909125842751335,0.8620109506367466,-0.037695755648125114,-0.9981663067858052,-0.047360891077998984,-1.5952984849450424,-3.3975151438820608,3.0878957945093513,-1.902208,0.82066345,-9.2877245
-1.1134204559782652,-2.054265059255898,6.109188783304538,0.8372271612703855,0.04490402565767056,-0.5450085402182852,0.5468487922367254,-0.07359543831059104,0.8339904735002103,-0.0026606127800739275,-0.9962767386321969,-0.08617181209669006,-0.764135185582458,-2.6195894784698326,2.685443497913676,-2.4192796,1.2043991,-9.207087
-0.14640971678743253,-1.3762991191157476,5.750762662588579,0.8145618479488557,0.08000698486081873,-0.5745327477521409,0.5796098157935528,-0.07252719667688175,0.8116601919386924,0.023269235095039267,-0.9941522459440874,-0.10545072110904773,-0.07881588330275002,-1.8026809550833225,2.208701216489829,-2.8670883,1.4002731,-9.1191435
0.8611946636939497,-0.6431960779176655,5.695584852311662,0.7904901135974494,0.10442795633838678,-0.6035065718280777,0.6105805773557805,-0.05692680906887461,0.7899054987560953,0.04813251354928505,-0.9929018785077522,-0.1087617616407716,0.5350257558068388,-0.9765470741202567,1.7344214895541405,-3.2303329,1.418129,-9.038488
