-0.34553900601401794,-1.242581566787435,0.8782270023013652,0.9999258362063659,0.010663871500046393,-0.005882510657076528,-0.010668431642144016,0.9999428136053362,-0.0007443690890544375,0.005874236401186201,0.0008070710466480964,0.9999824208370008,0.039506834,-0.2993811,-0.543219,2.2168136,-1.5687973,9.420473
-0.30554791899342215,-1.288837689690921,0.8369909820090884,0.9997347511100895,0.02024927363697637,-0.010972435464490398,-0.020264307773518037,0.9997938629606261,-0.001260720717994279,0.010944644960330565,0.0014827351225007788,0.9999390062615062,0.02920630364827198,-0.24845780397479597,-0.46911198451278896,2.2829666,-1.5389602,9.410405
-0.2634870078691059,-1.3255778658448962,0.7751033634118484,0.9994823158133067,0.028379772115133005,-0.015155491122452198,-0.028409208464553613,0.9995948790589922,-0.0017305009263643358,0.015100240093692001,0.002160160580080055,0.999883651459199,0.028697054562805233,-0.20775223814340293,-0.4054478707530272,2.3368974,-1.5183929,9.401111
-0.23255443937629422,-1.3515614380683523,0.7071624729624639,0.9991895028086953,0.03563143111392103,-0.018728016277395045,-0.035681947038629265,0.999360386228407,-0.002370040704672104,0.018631589638163713,0.0030363718782861647,0.9998218062801849,0.03718482342435373,-0.17346839595895194,-0.35417114025396645,2.3810227,-1.5048507,9.392637
-0.20232962472969304,-1.3333769688485526,0.6393837878292103,0.998889738214654,0.04186846134209634,-0.021594509355516957,-0.04194509464290713,0.9991150834892181,-0.0031078899160809446,0.021445277448839117,0.004010223083358239,0.9997619807664042,0.04358031424469697,-0.14374031823315667,-0.3153167850414131,2.4172196,-1.4977249,9.38479
-0.17281338242048355,-1.2655905211575802,0.5699424266335028,0.998572891489167,0.047683604063695643,-0.02405107661750606,-0.04779276768207228,0.9988493263779356,-0.003984288095968229,0.02383341646201621,0.005128069601800959,0.9997027914144819,0.04928009801391593,-0.11891037989361578,-0.2846294881256088,2.4469376,-1.4964676,9.377426
-0.1445648438303067,-1.1880425613229646,0.49855008770028,0.9982549038439603,0.052975868648596845,-0.02609031031652227,-0.05312470916315737,0.9985751434146546,-0.005044623943555531,0.025785892030638725,0.0064218607372446175,0.999646861384987,0.058924611643599384,-0.09949755078681692,-0.2621174000996041,2.47137,-1.4989761,9.3706875
-0.1307290706288877,-1.1174272064330852,0.4398144714909261,0.9979326118269027,0.05793001743686811,-0.027831912117219058,-0.058128401137198644,0.9982887801270297,-0.006371848532397286,0.027415164299514457,0.007976500000065511,0.9995923090011144,0.07259875422880302,-0.08511160092157478,-0.24702699676496928,2.491429,-1.5031646,9.364748
-0.12981005305804583,-1.0419695333701613,0.404638855137403,0.9976036981002483,0.06264825485842582,-0.0293608191286041,-0.06290271307328782,0.9979889971631666,-0.007823696650346898,0.028811633496358794,0.00965182389244377,0.9995382594332348,0.07886959830299137,-0.0742916464854165,-0.2354152900847058,2.5079956,-1.5087326,9.359462
-0.13474099970136394,-0.956158741152217,0.3809109797699659,0.9972573917321906,0.06732342487471223,-0.030744936146413184,-0.06764053064546663,0.9976655493190842,-0.009392034702312277,0.030040859666589672,0.011445879825890445,0.999483135718409,0.08317201700918797,-0.06537024343771267,-0.22852530781179725,2.5220916,-1.5147095,9.354746
-0.13865645019892645,-0.8756984414325986,0.35455409107477176,0.9969089091995437,0.07178108717177838,-0.031939040107890414,-0.07216848614770395,0.9973301848946631,-0.011145039485151576,0.03105376572534387,0.013415581329725442,0.9994276791303416,0.09366346788391851,-0.056789634223395384,-0.22164035085673217,2.534082,-1.5191345,9.350833
-0.14528430385555607,-0.7996715552858215,0.328901294293489,0.9965579783173164,0.07607992904996634,-0.032924766481405944,-0.0765509054773189,0.9969771407959493,-0.013286820572890583,0.03181437918152129,0.015761507735165565,0.9993695113176151,0.1140383531788838,-0.046618713409337514,-0.215987726148941,2.5431657,-1.521785,9.347975
-0.2023970255852402,-0.6144126514524199,0.3281008996161065,0.9958195230849731,0.08463031054444856,-0.034368415441605286,-0.08531667524589914,0.996172355735236,-0.019018480325619695,0.032627325477310516,0.021871172946607034,0.9992282569193774,0.15166686252536127,-0.03286312132970085,-0.216584254286068,2.557251,-1.4998672,9.347506
-0.23062743230261817,-0.4390009098732759,0.3710922400842417,0.9949558960514884,0.09370338250508142,-0.03581118567551634,-0.09465420935261255,0.9951746732666379,-0.025844735256373434,0.0332166458904524,0.02910405119131402,0.9990243283524389,0.1861205676274402,-0.03223007248867178,-0.23791921051353285,2.5714264,-1.440033,9.352501
-0.14738755830222453,-0.2672302455865553,0.39128835101744625,0.9938259768559046,0.10458688660681528,-0.0370339152170022,-0.10584715876997319,0.9938051059642236,-0.03387905458778705,0.033261189195984045,0.03758981922450963,0.9987395550312091,0.20714005291608004,-0.021981994253391604,-0.2692172855986639,2.5857728,-1.3489869,9.36147
-0.03795868109844613,-0.06763187098319996,0.38761327093182274,0.9924634168857096,0.11663426438733786,-0.03758742494993273,-0.11815367932689923,0.9921439768541348,-0.04111006268030075,0.03249729534989845,0.045241325830335105,0.9984473687841814,0.19568007803082452,-0.0025071343602957544,-0.3086446395054103,2.5982347,-1.2457215,9.372208
0.005942696179574293,0.03971728646248332,0.36309509897754366,0.9917046707821864,0.12289078450286477,-0.03767892027468347,-0.12451612848853386,0.991226419358757,-0.044338688652739905,0.03189952499681519,0.04866251791151088,0.9983057545939971,0.1790969677216837,0.009182483997757545,-0.3250616445306557,2.6026154,-1.1965927,9.377554
0.09807183360683591,0.3430316311236868,0.2080358841605503,0.989903067286476,0.13683400409550808,-0.03699152200190067,-0.1385449949515691,0.989167478497494,-0.04850756494382343,0.029953326204218502,0.05314277755349282,0.9981375874313141,0.11457488648218886,0.03267013100016895,-0.34155987747338035,2.6096358,-1.1094925,9.386908
0.23094584158706494,0.8318277382750435,-0.11863553295565427,0.987900941374449,0.1511245293424821,-0.03482968076929153,-0.1526588081345638,0.9871768658690001,-0.04665965914998026,0.027331636072725707,0.05141217875242367,0.998303445624384,-0.033859235566782546,0.07215577014435201,-0.3625915189532851,2.6120315,-1.0608032,9.392421
0.39163702379126747,1.6123513779777565,-0.4396916095667534,0.9850587578094375,0.16970563630339064,-0.029312807265580703,-0.17060139039666575,0.984840850079546,-0.031363443837073485,0.02354589683261629,0.03589564070271108,0.999078121930858,-0.37119973652115673,0.1575942427855101,-0.4682387672016352,2.6095917,-1.1072327,9.386574
0.5140089336258478,2.0601926770475303,-0.5728869030443665,0.9833087002419344,0.18006437502042272,-0.02609254447197728,-0.18066476942507578,0.9832798422641513,-0.02282526857606554,0.021546255291853746,0.027158288706947246,0.9993989124655925,-0.37119973652115673,0.1575942427855101,-0.4682387672016352,2.6058319,-1.1892716,9.374568
0.6460632013477383,2.4487962455107377,-0.7634719120285723,0.9812172192720456,0.19185493025195097,-0.02011105024739719,-0.19200642251820205,0.9813760790452488,-0.005875813946597544,0.01860919976237486,0.00962690063272673,0.9997804861410391,-0.912758499950939,0.33675707230553764,-0.6504353897365904,2.599205,-1.3214111,9.352231
0.7535296596479528,2.7674564576613285,-1.0351609459494557,0.978193114999617,0.20743368585495373,-0.010464021214352533,-0.20718855827185845,0.9780818223067934,0.020708698516582122,0.014530350600544686,-0.018089080840395746,0.9997307907960901,-1.2507896324923993,0.4524737079177381,-0.7568308766908503,2.5904937,-1.5105896,9.314287
0.8093892029075307,3.0592869104805924,-1.3409516021625467,0.9747044533369053,0.2234936924347499,0.0013409276961453692,-0.2232517947261357,0.9733330597446591,0.05273889418312813,0.010481640938527475,-0.05170419953912141,0.9986074358591844,-1.6573622707469797,0.5801870624434312,-0.8737859841495077,2.5826538,-1.7676255,9.251699
0.8186737841421678,3.2875489605404655,-1.6454955148034895,0.9699459481993745,0.24267274170225805,0.01774254790963434,-0.2432393572344042,0.9651585201658733,0.09645540961198244,0.006282727418119489,-0.09787221968429363,0.9951791577149612,-2.104747660640337,0.7112193913158253,-1.0002800639358551,2.5798416,-2.0977967,9.154488
0.771988804361207,3.3949839479035835,-1.8709450929878573,0.9644673510945301,0.2616852135284313,0.03638100731535704,-0.2641839304764768,0.9536009206952306,0.14440268324102742,0.0030950849262624614,-0.14888295090368087,0.9888499822417515,-2.5442201153961372,0.8387505192799978,-1.138306674559403,2.5865326,-2.497142,9.015108
0.6813624331579557,3.297155121385979,-2.0585880650921977,0.9562062534533391,0.28568197260762934,0.06368211196044508,-0.2926929406174385,0.9328021438269705,0.21026412671809774,0.0006658599293145294,-0.21969517745918218,0.9755683398059479,-2.9067764618064023,0.9500118766457666,-1.2640797196999036,2.604918,-2.9526887,8.831923
0.48995455201202665,3.036292172680588,-2.0823365334346784,0.9492233616968413,0.30266226086965664,0.08585199738046716,-0.3146028931529351,0.913047386792667,0.2595563312479294,0.00017096417936552331,-0.2733862200557118,0.961904332797654,-3.141630911535117,1.0322865831810373,-1.3733830740705508,2.634955,-3.440686,8.612963
0.19467695591088907,2.624577588837217,-2.0283879574231958,0.9387249401197242,0.3238468512704109,0.11797755599884494,-0.3446635371834758,0.8804292871009348,0.3256552111530143,0.0015915192097310004,-0.3463632303481132,0.9380991310780676,-3.141630911535117,1.0322865831810373,-1.373383074070551,2.6779907,-3.9460862,8.360872
-0.20662238081631512,2.2870949604637585,-1.8266774685810754,0.9285517639117644,0.33998807111024426,0.14899574906381224,-0.37117054873233996,0.8450922611176904,0.384774601491214,0.004903620099949899,-0.41258596886191445,0.9109054686454524,-3.4826026828475296,1.15361125200859,-1.464431228334285,2.7340057,-4.4637346,8.069971
-0.6743215312502782,2.0137083092343286,-1.5408596933635434,0.9172769822915757,0.35354667383192423,0.18332399510277808,-0.39810910241609043,0.8017887894421626,0.4456948279914471,0.010586799871310587,-0.48180855798465655,0.8762125501961445,-3.572403924911237,1.1904532104335497,-1.44443546139251,2.8028655,-4.981697,7.738135
-1.1566961420689563,1.7405251222070142,-1.1671285021001636,0.9064739446037335,0.3629361521663983,0.21582941691344235,-0.42187819391241344,0.7566306945417286,0.49952855932218804,0.017993811595865414,-0.5438633482116166,0.8389808586709846,-3.54800712586377,1.1781097062444097,-1.3941732079045512,2.8852355,-5.48055,7.3757324
-1.579657871515225,1.4705235680894782,-0.7208053647239672,0.8955246195276018,0.3691181124333497,0.24857086493309133,-0.44418380336411073,0.7073548395421473,0.5498635101598353,0.027136776686575104,-0.6028274629194856,0.7974099606232163,-3.452941836121826,1.151977593148233,-1.3247147093571856,2.9786973,-5.9464064,6.992256
-1.8892489866515385,1.3192549139200191,-0.2257092994856253,0.8850206298870565,0.37163756167582923,0.280399727934893,-0.46406162482527136,0.6560751317898671,0.5951573151793036,0.03721952496804183,-0.6568492553079076,0.7531027571072895,-3.3456761481766826,1.1399348412682613,-1.2381075080418633,3.0786285,-6.372017,6.587561
-2.075043099734764,1.3302769882790804,0.23282335778148383,0.8749378662597918,0.3704625688199519,0.31183523740604635,-0.4818605501744961,0.6023883329015063,0.6363479445788094,0.04789718541098865,-0.7070260118888603,0.7055636598792765,-3.2070938418048343,1.133958627821108,-1.13818230469253,3.1791854,-6.7529116,6.1641893
-2.1914434381573367,1.370756497749102,0.6091183351386712,0.8663275128180948,0.36631945016682504,0.339538953529472,-0.49614167603454457,0.5527074017135609,0.6695953743811832,0.05762011659174868,-0.7485483207652794,0.6605719746124825,-2.9824052711705886,1.1025865583326424,-1.0216452112372314,3.274901,-7.084352,5.7382035
-2.2788576053963294,1.3470659253291541,0.9123033370616445,0.8583731049328985,0.35933287383233303,0.36616321294096693,-0.5086538437610771,0.5031148724499204,0.6986749547155542,0.0668347211779679,-0.7859741159243715,0.6146363226672881,-2.7254516748828967,1.066548575672116,-0.9044902087899056,3.3610473,-7.368425,5.3274903
-2.2703401909159693,1.3361472371064465,1.095031445991675,0.8519127849761954,0.34966330718784616,0.3898463522986469,-0.5184029454910533,0.45763377380898435,0.7223778202405906,0.07418216025637601,-0.8175003979667568,0.5711305511211008,-2.550517172413712,1.0921969435592178,-0.7933672963769054,3.434024,-7.6221285,4.9274216
-2.0845869888370925,1.3939446568006713,1.1392448113213334,0.8462707234293634,0.33554571436882014,0.4138054328244859,-0.5267112837649578,0.4103185511226967,0.7444554453822207,0.08000678859329219,-0.8479668390764403,0.5239762910721241,-2.4456795018190842,1.1754901271620177,-0.6922853143152135,3.4900527,-7.856584,4.5252275
-1.7759071364114607,1.404103110206539,1.150499828600664,0.8419501955192512,0.3193207191041336,0.4349185517035502,-0.5330387364569894,0.3673669523161885,0.7621753261436972,0.08360367038252928,-0.8735421001283996,0.4795149899657311,-2.354914436307837,1.2571086345212261,-0.6172507923279732,3.5281875,-8.071039,4.1140504
-1.440126822463232,1.3211603893935202,1.1545578194127728,0.8382273381347246,0.299434220620209,0.45575659855359435,-0.5385878303318478,0.32365724623444997,0.7779261764321633,0.08542879269898813,-0.89754394571046,0.43256997919006435,-2.2403148884314934,1.321806278601536,-0.5509470201844323,3.5489075,-8.262204,3.7005157
-1.0830952496014077,1.290993766067849,1.078153125762072,0.8352513633080763,0.27719372502785433,0.47488819620746786,-0.5432032891196673,0.2818943108924975,0.7908639479556638,0.08535424290318042,-0.9185310208651785,0.3860251506402123,-2.1702566539354398,1.4074367855941514,-0.5008371986584876,3.552539,-8.436282,3.2831604
-0.7699128664033346,1.2772382551536603,0.9656007559188551,0.8328768285608426,0.2518398290710516,0.49284164692109445,-0.5471083479985778,0.24013160591688987,0.8018785864393951,0.08359811000674666,-0.9375038732363934,0.33778372321658845,-2.041224195110757,1.4354351415716995,-0.43191547066295255,3.5411942,-8.594879,2.8692627
-0.45573676535964436,1.232710170040373,0.9449946657097344,0.8312568366484574,0.22808957627500176,0.5069390660818026,-0.5500218665467145,0.2053371584512032,0.8095138032669077,0.08054823303877012,-0.9517414546786729,0.2961421712631558,-1.82141949225628,1.3912169000491796,-0.36153963187255145,3.5159256,-8.731916,2.4807694
0.04998101511583353,1.168688126975085,1.046732383883106,0.8303523442223284,0.2022571815669691,0.519236956455403,-0.5521019699783808,0.17238004836787518,0.815762547357183,0.07548774198818438,-0.964042090071422,0.25480276564482207,-1.6022445049833325,1.3571994444310211,-0.2714948388444629,3.473146,-8.847893,2.1191268
0.8865552098293074,1.0798436911409723,0.9748247899484859,0.830052913585343,0.1770353852140329,0.5288389481029191,-0.5533113422981853,0.14290740806100727,0.8206241717165448,0.06970451300068756,-0.9737740729262636,0.21657639706102133,-1.5302640812222263,1.3785846955251215,-0.20905522248765218,3.4191604,-8.948056,1.7636124
1.7763094817719978,0.9241760330477078,0.6859584461390786,0.8293575546519156,0.14823959246955468,0.5386938553262467,-0.5552394024373947,0.11125050621199975,0.8242163131414828,0.062251526268513616,-0.9826740802992794,0.1745749105261301,-1.518727108823235,1.446859905308586,-0.23260103770253385,3.3558533,-9.039169,1.403743
2.304374330346899,0.8530051561392333,0.433117633848826,0.8293042897678221,0.11986046194903509,0.5457910448459669,-0.5561291734971715,0.08170136179904058,0.82707026900109,0.05454115288514668,-0.9894232446943758,0.1344131894585231,-1.5319686033768858,1.508657028399021,-0.16351467953863574,3.2833283,-9.121294,1.029628
2.43182493343246,0.7745502661412242,0.40707582501887624,0.8305438373175356,0.08925414170438657,0.5497550658997846,-0.5550899823226243,0.05197932772406158,0.8301645987479974,0.04551972999625102,-0.9946516212614185,0.0927151902500366,-1.446825629458691,1.4945566140218582,-0.02663428193807344,3.2008758,-9.189944,0.6551102
2.384856528772804,0.4775930250087937,0.6405120927788812,0.8328152930840703,0.06103976957648849,0.5501752758306606,-0.5523690921767324,0.026724397875316525,0.8331711664274362,0.03615347304404429,-0.9977775068061273,0.05597296935666872,-1.317315010873272,1.4587716125810866,0.1043036223512519,3.1067977,-9.241765,0.2943619
2.3854366469097403,0.1043028664143109,0.8327973772960369,0.8366249106481979,0.032314456813875334,0.5468222149508187,-0.5471693235859653,0.0023226884665115133,0.8370187192917282,0.025777707605059274,-0.99947505271473,0.01962469850765465,-1.1684296311970328,1.3579591671418327,0.2515287565760771,3.006143,-9.278729,-0.045394897
2.535665610528254,-0.12965236745158748,0.7454554830246259,0.8403948483592308,0.0011979748319441742,0.5419733053459068,-0.5417876422772918,-0.02440897104361324,0.8401609088788918,0.014235502340219868,-0.9997013388952195,-0.019864125559095835,-1.1684296311970328,1.3579591671418327,0.25152875657607704,2.913411,-9.30479,-0.34228212
2.82721018356141,-0.11553405808672466,0.431569798059568,0.8431037188069366,-0.01271153871366883,0.5376007218349369,-0.5376871977400609,-0.035324665867682195,0.84240408674684,0.00828231370780861,-0.9992950439008831,-0.0366171887885724,-0.8184560268739103,1.0561465437793056,0.3550330944500529,2.8229034,-9.325956,-0.6019653
2.998581038591895,-0.05462447824438597,0.11081714103203705,0.8481301456857884,-0.03550056075828173,0.5285971681392659,-0.5297852412775831,-0.05365039248923248,0.8464332422053169,-0.0016894092033708033,-0.9979285272861975,-0.06431018834480845,-0.7591052506651864,0.9729471817541555,0.38835808708134056,2.7385972,-9.341777,-0.8470505
2.8059115003788944,-0.15642435750555322,0.10175983736809951,0.8522653746510697,-0.052553885649496666,0.5204630825274853,-0.5230264342786114,-0.06786007915461009,0.8496107100919407,-0.009331678127392006,-0.9963097403720742,-0.08532186720329732,-0.6597077116845941,0.8352110158887107,0.38169130801725937,2.6654296,-9.352132,-1.0627244
2.2838111187973733,-0.27926521558171363,0.48618508485985273,0.8559682086002735,-0.06538858566755673,0.5128769430672779,-0.5167806193125721,-0.07749178343765777,0.8526035508972301,-0.016006791325969202,-0.9948463983771807,-0.10012205684762557,-0.4853819699755905,0.7062925150455333,0.3916163586069286,2.5956788,-9.359665,-1.2385056
1.744158053038557,-0.28438200107290573,0.7933073901628513,0.8604884883744581,-0.0754619464731184,0.5038502317251911,-0.508968572286788,-0.0834672321264533,0.8567287864811696,-0.02259543757904792,-0.9936491915136032,-0.11023035155969706,-0.2652581522593318,0.5386738835779991,0.4567106100242587,2.5312805,-9.366979,-1.3699859
1.4385894501656993,-0.33925427495516436,0.7731463194701931,0.8642209939320896,-0.08058951503037026,0.49661595193288066,-0.5023662603599889,-0.08448907410073977,0.86051713336198,-0.02739003649049988,-0.99316007089732,-0.11350268488577567,-0.022086282930169836,0.30099569909942714,0.3972866876821349,2.4795868,-9.374959,-1.4395294
1.224128147042992,-0.37864842056815845,0.4799011208056324,0.8672306071891275,-0.08102086647400386,0.49127048878411106,-0.4969948428020664,-0.08117339184434168,0.8639484977037892,-0.030119763985241053,-0.993401479590345,-0.1106630026937043,0.18044484480878167,0.044307635130315534,0.28613259304980276,2.4481049,-9.383243,-1.4442017
0.9258971785626517,-0.15909536409594194,-0.03416556932767559,0.8688987941497771,-0.07736517916205056,0.48890644767510244,-0.49408409355153354,-0.07583495249164408,0.8661004378707758,-0.02992981831590314,-0.9941145251095639,-0.10411780319312905,0.3815776137752418,-0.23267268061078875,0.21431934233411554,2.4430435,-9.39094,-1.3849258
0.6435763372033233,0.2682695867698656,-0.5057539529213769,0.8703803218884976,-0.06839748243329202,0.4876062752529582,-0.49162031661292066,-0.06572873486189096,0.8683255136795572,-0.027341535485180878,-0.9954905915227138,-0.0908345893757982,0.4973838206664192,-0.4250277726989156,0.11988090862967145,2.4622712,-9.397722,-1.2761109
0.39854729041258347,0.5900856162136972,-0.6343815170451058,0.8715538615263498,-0.05776003675614452,0.48688565866375433,-0.48973680918143736,-0.05498254980608258,0.870134918819838,-0.023488809916491493,-0.9968152774565358,-0.07620746969921303,0.5025391585455807,-0.4869762951636909,0.0849979690825103,2.4930406,-9.402075,-1.1495621
-0.042119479496354015,0.5316127886029305,-0.21794697994068074,0.8733198930099341,-0.034707859425706124,0.4859091776939427,-0.48696149624462814,-0.034661103315752395,0.872735417576328,-0.013448629978952109,-0.9987962617125776,-0.047171622196709395,0.5222587056021395,-0.5856132010195023,0.07001214923032846,2.5956771,-9.398912,-0.86424714
-0.05517918313847149,0.44728572170173986,-0.18038117677335636,0.8737324440144983,-0.017727948360352103,0.48608367193661733,-0.4863816915711718,-0.021680654817175873,0.873477417745338,-0.0049463502521999185,-0.9996077575997652,-0.027565641032840395,0.5431346177778997,-0.7091066578650054,0.022002642590387436,2.661673,-9.392769,-0.70893097
-0.029014710905737606,0.415703330629236,-0.31855874544521845,0.873229182398466,-0.002403755788767165,0.4873038240828973,-0.4872977395137892,-0.011328815755056327,0.8731623966928139,0.0034217060741853363,-0.9999329376971716,-0.011063997281540307,0.505248136146406,-0.749559676155781,-0.051667984637469425,2.7378495,-9.383284,-0.5507126
-0.06677848471698135,0.4700598545511422,-0.3928862783537441,0.8721221916409276,0.011904319342225276,0.4891433021400006,-0.48914050155113953,-0.003344444319306049,0.8721985923139834,0.01201884311091371,-0.9999235480141435,0.00290612062410657,0.4058937381571885,-0.7272438674477227,-0.10361784049040712,2.820891,-9.369855,-0.4031082
-0.1162837526771764,0.5858625361616348,-0.35223283003406947,0.8706910690025711,0.025394079153524176,0.49117431030450376,-0.49138665107594537,0.002505730352136134,0.8709379314622651,0.020885916391839822,-0.9996743780148348,0.014660028551341124,0.286050546078275,-0.6545011258329017,-0.11962616603714889,2.9043822,-9.352983,-0.27857667
0.10789833434649272,0.6575692673788288,-0.0817803056953938,0.8664681153421598,0.04255231734064754,0.4974156263974291,-0.49801921397932664,0.004254645833446243,0.8671555572653878,0.03478315113411992,-0.9990851806917028,0.024878386591742532,0.050052139392704954,-0.427447737686512,-0.18879339606114287,3.0526245,-9.315063,-0.11535492
0.21452303405508794,0.5756200449360065,0.09700885148622378,0.8640479121731798,0.051894400297762946,0.5007276472164334,-0.5016281962109032,0.005151621141842407,0.8650679820486978,0.042312625011507905,-0.998639290243152,0.03048294190672935,0.05005213939270496,-0.42744773768651206,-0.18879339606114287,3.1123536,-9.297376,-0.07118378
0.22459913147383423,0.51620650605257,0.22851963171519565,0.8617992300023067,0.05569365238321243,0.5041828083658244,-0.5051312180781405,0.0034837075887334396,0.8630355243582559,0.04630917501235917,-0.9984418264804685,0.031134858985076133,-0.08240633978252022,-0.21556780109244272,-0.23531405535640273,3.1606584,-9.282176,-0.04499664
0.2003652520872434,0.5369862320123044,0.27177739676089646,0.8590652373363106,0.05871900130941636,0.5084869682553659,-0.5094041371276932,0.0007592424010154397,0.8605270760575557,0.05014322563914856,-0.9982742621325068,0.03056394094844713,-0.11839084809156475,-0.14671427343677895,-0.24793045703955682,3.1980605,-9.2699375,-0.02891388
0.16339898494059177,0.6417717354634491,0.2175020562347196,0.856185789539833,0.061850819087577176,0.5129526001184211,-0.5138243064924148,-0.00209082040088,0.8578928898922287,0.05413386969025502,-0.9980832152923155,0.029990323507948613,-0.11839084809156478,-0.14671427343677892,-0.2479304570395568,3.228981,-9.25946,-0.021408081
0.10136709366210336,0.8122284721545827,0.12048493297553825,0.8535887819864302,0.06316551605426925,0.5171037699036054,-0.5178570895258482,-0.00507399903033102,0.8554520964739388,0.056658857160554285,-0.9979901663420525,0.02837960165016145,-0.14170907546295428,-0.07051044360183466,-0.25836677119156287,3.2555816,-9.250219,-0.018151855
0.046688122288162805,1.0010039797306982,0.0575528129266703,0.8506825129755409,0.06460590314523612,0.5216946802454552,-0.5223054210754987,-0.00838863869826872,0.8527172320622678,0.059466875088276645,-0.9978755974667273,0.026607945197948228,-0.14170907546295428,-0.07051044360183466,-0.25836677119156287,3.279677,-9.241682,-0.013839722
0.03399487687458487,1.133327496388628,0.05481836920518357,0.8485303145761702,0.0660869021615799,0.5250036443758767,-0.5255331674282854,-0.010503171724799504,0.8507082774468065,0.06173487813269867,-0.9977585904147379,0.025818599410806536,-0.09838819105489163,-0.0804086815089399,-0.20779942819621722,3.302545,-9.233437,-0.0062026978
0.050302869960640574,1.1787223227004755,0.09100548268878263,0.8467509670551536,0.06753015060651857,0.5276859658454294,-0.5281580797857768,-0.012119832726813643,0.8490595694129326,0.06373258623469484,-0.9976436179386577,0.025404114590006945,-0.08304144279147316,-0.08757782556245963,-0.18903847942371305,3.3248246,-9.225316,0.0040313723
0.05960683671825335,1.164886615896297,0.14851864201433568,0.8441163314598207,0.06964072061929219,0.5316180856540156,-0.5319988927882187,-0.01450294116118489,0.8466208376657074,0.0666693110428106,-0.9974667085819457,0.024806616774080067,-0.08304144279147314,-0.08757782556245965,-0.18903847942371305,3.346559,-9.217344,0.016889954
0.045405716404697725,1.1232367261483225,0.2238139652800865,0.8425778426497665,0.07145134191520555,0.5338139046654574,-0.5341868072621262,-0.015389763264196539,0.8452263662083475,0.06860782770763715,-0.9973253535959004,0.025201290682240845,-0.04172172342208505,-0.11030506532677244,-0.15760837094590863,3.3679383,-9.209445,0.033830263
0.017337971076177936,1.060875847088628,0.30271308986866774,0.8406353045696123,0.07411939257593399,0.536505918285465,-0.53693049409464,-0.015769096312017748,0.8434790928723649,0.07097837151161053,-0.9971246919245739,0.026540902996750236,-0.006594446719147041,-0.12699174547056108,-0.1523850954154636,3.3886077,-9.201718,0.05736084
-0.019455277899465745,0.9822657031515101,0.35974849752210425,0.8390443520623966,0.07648234948179798,0.5386603990362921,-0.5391663832549927,-0.015645446374160175,0.8420539360251713,0.07282984580460673,-0.9969481783049191,0.02810948833721118,0.01822913243489242,-0.13609824562532075,-0.14869172595396157,3.4082978,-9.194254,0.08626404
-0.06141678836911391,0.8960262076689055,0.3830610919674889,0.8371471328893751,0.07927970543092333,0.5412018165175401,-0.5418383421525023,-0.015120486826724532,0.8403467033621006,0.0748056740396477,-0.9967377283844072,0.0302987119621462,0.03601739530770789,-0.13344571216333959,-0.1458773388787494,3.4265199,-9.187248,0.11559601
-0.1144683227057812,0.8101612485984574,0.3754245360042638,0.8358393556974657,0.0810785243667655,0.5429538141994708,-0.5436911330704249,-0.014622665564038196,0.8391579883862152,0.07597712345069549,-0.9966004467881346,0.03185947541701955,0.04402388257481459,-0.12020158496866304,-0.1409663736750662,3.4392974,-9.182146,0.1464035
-0.16327150428653991,0.7430274102790866,0.3393295752815818,0.8340073665252562,0.08320129175598687,0.5454440921228704,-0.5463142654254544,-0.013939885238614468,0.83746426968091,0.07728153708520896,-0.9964352586343324,0.0338280856105997,0.04134446319804457,-0.09592079869568543,-0.13482712616299794,3.4465804,-9.178967,0.17583923
-0.21362929440371972,0.6890869119906575,0.295438363203212,0.8324481012562164,0.08454216632082819,0.5476155410766771,-0.548576681779247,-0.01348785272889836,0.8359914485428867,0.07806268585560107,-0.9963286104205502,0.03514992367651417,0.03250317207554375,-0.06637019244922863,-0.12734570573611823,3.4486556,-9.177663,0.2017334
-0.25647303456239423,0.642647176354452,0.2685417723641134,0.8310233454663423,0.085425969609811,0.5496386112766753,-0.5506746008318824,-0.01305013267143073,0.8346179832928982,0.07847090727508246,-0.9962590515290093,0.036196946804167164,0.031446687661087144,-0.044551385340708245,-0.1192033232158638,3.4460175,-9.178075,0.225383
-0.276439703486549,0.6068195170718409,0.27244599060071,0.8298115852044561,0.08614503482882112,0.5513544831003092,-0.5524749703194397,-0.01241095897882625,0.8334370853686315,0.07863930461926184,-0.9962053006642588,0.03729421801609273,0.04208456486412329,-0.03834057257822543,-0.10707290992068305,3.4394562,-9.179855,0.2507309
-0.2606576721720832,0.5810854244035524,0.2798431702289962,0.8286737264321664,0.08693907696631828,0.5529389225016376,-0.5541637434864934,-0.01156284597145604,0.832327367084656,0.07875532062065527,-0.9961465241064109,0.03859665768758764,0.04806392188588642,-0.03866441118084874,-0.09141381228678676,3.4299316,-9.182607,0.27873993
-0.21773320453645664,0.5568390909228395,0.2523110608010165,0.8278036531103087,0.08754050872741331,0.5541459836802699,-0.5554470785464993,-0.010965779587813373,0.8314795815966799,0.07886478828594,-0.9961006028558443,0.03954660742512166,0.0367829170983117,-0.031308137486730135,-0.07467954680127475,3.4185455,-9.1860075,0.30595398
-0.1669833409484733,0.5292569064109521,0.19160027399887788,0.827074201286,0.08785278527360506,0.5551847923770927,-0.5565206206329693,-0.0107438072633901,0.830764328444464,0.07894975856466696,-0.9960755286247908,0.04000596077366254,0.016329812869608492,-0.015989291471619534,-0.061825918638501676,3.4056976,-9.190008,0.32948607
-0.12124998651760406,0.5072250623405319,0.1451993542366681,0.8265311876858921,0.08797591494713411,0.5559734113892173,-0.5573195472474889,-0.010721020489992548,0.8302288732485198,0.07900074707496163,-0.9960649065742991,0.040169439288221996,0.005191936925412833,-0.006482381099354955,-0.04627815974019602,3.39169,-9.194513,0.34949952
-0.08207238252232206,0.4927053365930112,0.14129205548415344,0.826223306924314,0.0880938141575011,0.5564121916369509,-0.5577704821715231,-0.010652902236135048,0.8299268671949916,0.07903882788349477,-0.9960552171346378,0.04033445308507698,0.005914533604357416,-0.006347367449891602,-0.027343919114523732,3.3785324,-9.198682,0.36834258
-0.04264821243543454,0.4719212503597021,0.16422586123580113,0.8261298460511369,0.08812659508744429,0.5565457579586955,-0.5579129415593815,-0.01056518467796775,0.8298322279312115,0.07901029745597882,-0.996053251644215,0.04043875350333721,0.005015340767337839,-0.0016958914455737926,-0.007961411375912603,3.3675752,-9.202078,0.38479003
-0.007445796161248831,0.4298577130681159,0.20490709416517255,0.8263441518593004,0.08784545007892658,0.5562719834652512,-0.5576164075210049,-0.010692778872220655,0.8300298829219089,0.07886244195623936,-0.9960767246454564,0.04014814900189255,-0.008054251950967126,0.014532691989696648,0.017472227108457895,3.3576827,-9.205269,0.39603728
0.04586666745868437,0.3746543556452481,0.27240690516692345,0.8269944777025534,0.08681471301432245,0.5554667761925299,-0.5567118188358285,-0.011385962058424908,0.8306276606497686,0.07843522561951138,-0.9961594076613665,0.03891464903826571,-0.038664627345740894,0.05150497946673598,0.050199895063526734,3.3471787,-9.209056,0.39718932
0.13465619512643567,0.32451788874050846,0.39932700634889773,0.8282448698879076,0.0844706884133745,0.5539631199848362,-0.5549922420300869,-0.012929215869518392,0.8317550400589203,0.07742122958710676,-0.996342078894578,0.03617202003276163,-0.08433214239781528,0.11692875006411708,0.09429989038462673,3.3332443,-9.214511,0.38215637
0.2671447809443979,0.2894410013229714,0.6304019397261199,0.830242260450486,0.08059055932811204,0.5515459642760969,-0.552256277104932,-0.015220314767449032,0.8335354500059249,0.07556979132078546,-0.9966310770618992,0.03187009372705247,-0.13134748231312585,0.20256184079833403,0.1576341352111618,3.312886,-9.222452,0.34630737
0.6263300355341951,0.17571492152761103,1.5336709862436069,0.8361109419728223,0.06741160760600683,0.5444025788635588,-0.5443105066407887,-0.021342373721995208,0.8386122914937258,0.0681510460210733,-0.997496956508582,0.018848254092862178,-0.16781085548206273,0.3300279361423695,0.22072435356294867,3.2279725,-9.251562,0.1999344
0.8390590634456123,0.055097533298751944,2.1153059665158946,0.839807316973421,0.058115208096802796,0.539765034941843,-0.5392832718211014,-0.02502778827943689,0.8417524354272857,0.06242774296601455,-0.9979961084101001,0.010322039840275247,-0.21091388452992466,0.4919501143144435,0.29590114622329006,3.1503448,-9.273478,0.07588043
1.0682665672488851,-0.07669676608576662,2.6642841640285746,0.8451496867979726,0.0427691518527088,0.5328159218295644,-0.531925137281747,-0.030988515975707766,0.8462241784571137,0.05270346509559293,-0.9986042817489931,-0.0034399476005273627,-0.29306725462559774,0.7156836965995107,0.38053450537251976,3.0394301,-9.296873,-0.10690765
1.2744071950262927,-0.11704285108590612,3.1618168681003938,0.8507753982551299,0.02307994170038305,0.5250224166784995,-0.5239627901386821,-0.03983126639030529,0.850809299883253,0.04054893677905236,-0.9989398312755632,-0.021794430876647335,-0.4717134011322438,1.0329221231515808,0.4583280309988853,2.8904204,-9.315059,-0.36329803
1.465668086683489,0.07238810849854171,3.6216938831211953,0.8584019963453857,-0.009307016796753855,0.5128931585706727,-0.5125391661364607,-0.05688940546895846,0.8567772165046929,0.02120414691509662,-0.9983371048817792,-0.053604189853682316,-0.9080283973659364,1.7478229202509414,0.6741507307071566,2.6987686,-9.321251,-0.69299775
1.64641627295011,0.4817291106167476,4.014998525737356,0.8664152185250186,-0.04734196510970102,0.49707485095083637,-0.49931901785547617,-0.07760493012864535,0.8629356831349426,-0.0022776119261440284,-0.9958595348538262,-0.09087683601795318,-0.9080283973659365,1.7478229202509414,0.6741507307071566,2.4616256,-9.309283,-1.0881729
1.8095928982162162,0.9709459219868597,4.267771046157284,0.8741138020833652,-0.08624948051736964,0.4780021842186995,-0.4849759367789581,-0.10048457799153726,0.8687353971902113,-0.026896128954457418,-0.9911931581161897,-0.12966387912953492,-1.298152924605217,2.4112738077631253,0.9988886386846083,2.1773543,-9.27004,-1.5445236
1.9959996409485115,1.4777308701978227,4.270545319429687,0.8844876384718322,-0.14597762102280903,0.44313897543664904,-0.46182885017652303,-0.13895967947653748,0.8760161645908187,-0.06630030569425523,-0.9794798321763947,-0.19032479561147347,-1.5065558422569059,2.7010490694287688,1.1900427007899206,1.8473892,-9.192032,-2.0577927
1.997587345462956,1.8171084779387026,4.139193090336152,0.8905998864766234,-0.18665904330188834,0.41471706470972436,-0.44478621522860967,-0.1673025949013498,0.8798721864463517,-0.09485285947420881,-0.9680745029660155,-0.23202304143482672,-1.6229089706485136,2.8817827309826907,1.372681031181595,1.478131,-9.077606,-2.6037507
1.952002024339303,2.129214782113822,3.828188881328738,0.8975848908770704,-0.24050347017988957,0.36945831226354775,-0.4193319836946075,-0.20720037167532146,0.8838714235839701,-0.13602224494523973,-0.9482753222609134,-0.28683072023585177,-1.610104861799764,2.9391632961336627,1.5440491225185893,1.0785751,-8.939156,-3.1514618
1.8413135808143903,2.388350067508405,3.421049785953661,0.9019829973079639,-0.28645657634411675,0.32306238164872914,-0.39451292808968497,-0.2427190529267539,0.8862544842856607,-0.17546003002805008,-0.9268387622534711,-0.3319392815666876,-1.455284475845232,2.8779411110923703,1.6488574172042654,0.65998536,-8.793124,-3.668611
1.6909379158371602,2.690673147730724,2.835122407354106,0.9041450211706026,-0.32895312977639407,0.2726015757524629,-0.36802906953180864,-0.27565520815327993,0.8880139695959308,-0.21697093047678373,-0.9032187136171871,-0.3702965982827167,-1.1762141008641227,2.716689491555072,1.671980528875527,0.2357193,-8.65021,-4.1282287
1.5067385280361396,3.0481118753131016,2.09568666842255,0.9038780598375591,-0.3617714532708515,0.2283109032494649,-0.3443723383779077,-0.29870607860171694,0.890046274733239,-0.25379547967688765,-0.8831172596007171,-0.39457795210946245,-0.7651036308043752,2.4879206798525386,1.603830190011703,-0.18379363,-8.518301,-4.4998703
1.3821308087191335,3.3652857690570936,1.250366717322761,0.9010737551688821,-0.3921257412104207,0.1852120158791761,-0.3209718915310244,-0.315838625087249,0.8928734556195477,-0.29162155714700794,-0.8639926886167346,-0.410455236809058,-0.3796745208628509,2.275422276265018,1.4357983881434275,-0.59382784,-8.397736,-4.7774596
1.34950034054421,3.4253174057929,0.3868736110302904,0.8953716583842413,-0.4206185514399825,0.14625193177112245,-0.29984803042247454,-0.3266274944811667,0.8963289789473049,-0.3292426947010615,-0.8464009180249544,-0.418574645615925,-0.06065711454476064,2.074029080492785,1.1737384311090964,-0.98976743,-8.288034,-4.969884
1.3940156559328831,3.1954559932269704,-0.35787619306265506,0.887094011115106,-0.4468970222604408,0.11553037236356559,-0.28338830934660336,-0.32972306496155285,0.9005408189293994,-0.3643559819316629,-0.8316043241392568,-0.4191407478443283,0.24156375575107786,1.8722987670601097,0.8207131313036662,-1.3672104,-8.194133,-5.081662
1.484254776102728,2.8657477274951737,-0.9328127948796111,0.8774729085044554,-0.4696414264962178,0.09735617781800199,-0.27334006688448004,-0.3228693330115091,0.9061129077749037,-0.3941148343773932,-0.8217008727750631,-0.4116809116347012,0.6409873505012125,1.630878920373386,0.3434427374380401,-1.7230209,-8.130226,-5.0991087
1.5954438418898942,2.6086640279086333,-1.4549890195128503,0.866720830561294,-0.49010353765703735,0.09270126346063798,-0.2694651487202099,-0.3036779852828096,0.9138753825767323,-0.4197422250576372,-0.817054590361397,-0.3952698582905517,1.16576768532512,1.313297478322426,-0.29052917853756677,-2.0498033,-8.119509,-4.9956694
1.7487313105518978,2.4886528998762434,-2.0039376991030293,0.8483654542602214,-0.518325275692562,0.10777274514495201,-0.27351334985934517,-0.25482072303324116,0.9275003215964593,-0.4532841310553106,-0.8163365162058142,-0.35794998092245506,1.672706665755327,0.9814107994172502,-1.033814494913242,-2.344046,-8.168233,-4.764601
1.8916314997211086,2.360125009954486,-2.617375003012535,0.8360623876244522,-0.532887128864949,0.13050284245859264,-0.28246456471518383,-0.21417205055604627,0.9350636889757189,-0.47033334315138886,-0.8186340089751275,-0.32958292684747503,2.0448434683751273,0.6304284970540716,-1.806590604066432,-2.5986772,-8.262517,-4.419734
2.014985084178306,2.0317871626328894,-3.198812732448461,0.816551255056324,-0.548306448511583,0.18056601669903916,-0.3044224779525296,-0.14323448756216023,0.9417063430231565,-0.49048037961082985,-0.8239198505275983,-0.28387510831947876,2.213792725465458,0.2973038692809944,-2.467944901564598,-2.8091216,-8.378416,-3.9926865
1.734928806074543,0.2229724852717015,-4.692618271597635,0.7776072641154773,-0.5532726714036329,0.2986909671763287,-0.37030842329002184,-0.01907986675210091,0.9287128890702336,-0.5081324772490932,-0.8327816699247224,-0.219718173581727,1.871471646255887,-0.17359690156544377,-3.480888228113538,-3.1053863,-8.608136,-3.0670364
1.0681669452427789,-0.9201383328293128,-5.666183639002842,0.7493169765096045,-0.5465183230576282,0.3739542636162658,-0.41562276351656163,0.05150126012807514,0.9080778263189102,-0.5155402866521306,-0.8358620357256918,-0.1885546872160448,1.518496814099905,-0.31445503071739017,-3.875557238262802,-3.2016265,-8.713496,-2.6411195
0.3174621645957707,-1.8218920431040022,-6.420567869543143,0.7186306693337572,-0.5328320398019833,0.44683327814004037,-0.4624340672584496,0.11372213375542778,0.8793304326207075,-0.5193502618962695,-0.8385447475564853,-0.16467547423252143,1.1963100633641766,-0.4435902965222783,-4.1851447720090675,-3.2638793,-8.81931,-2.2567048
-0.2941257862508051,-2.422351075366104,-6.739081545865846,0.6783782155043184,-0.5078734026719864,0.5309120488249969,-0.5192858658953048,0.1797590311159824,0.8354812267272121,-0.5197549289910967,-0.8424673866629029,-0.1417868689224722,0.8875819829327185,-0.5970800962320748,-4.404300249671715,-3.2842362,-8.930656,-1.8948014
-0.7379970942448955,-2.9205456642526393,-6.659351884486771,0.6384466053664856,-0.4781634930595118,0.6031132613374858,-0.5709326257608319,0.23128164059107245,0.7877466214255344,-0.5161607006910277,-0.847271194264639,-0.1253381603164769,0.5361478197752487,-0.7246646680531726,-4.456404836095909,-3.2581177,-9.043304,-1.5649322
