-0.007141167831043408,-0.039492169463278264,0.27087686947623923,0.9999931764251713,0.003405405999549136,-0.0014318914325188604,-0.003315619080985104,0.998274961121743,0.058618330473431034,0.0016290405784060926,-0.05861318288031115,0.9982794403469568,-2.8675377,-0.07487182999999999,-0.16439941999999996
0.009787151404664325,-0.4451056053608572,0.35430452622804215,0.9999785916884268,0.006441419744741776,-0.0011507721332918916,-0.00626702470225726,0.993386740751141,0.11464513814901478,0.0018816392353497773,-0.11463547187279091,0.9934058425549402,-2.8991591178880354,0.0008732906029498952,-0.15719021708494535
0.11359983771835562,-0.9256822801738566,0.5901388395970443,0.9999559348954947,0.009362407567832399,0.0006881800718591988,-0.009350442720792218,0.9867896191611147,0.16173687500624975,0.0008351575915318558,-0.1617361828422937,0.9868336788291134,-2.8309272962361285,0.08439753486637477,-0.18738326403368305
0.2765525077665179,-1.042218074864604,0.8921323960934675,0.9999059297227839,0.01296044816049515,0.004489820563751627,-0.013635553647999678,0.9746940758980178,0.22312671307134319,-0.0014843793073509972,-0.2231669446687571,0.9747791090422917,-2.759836160517132,0.13398509999011643,-0.1880267274042522
0.43274598962818067,-0.8012314643285587,1.0104623622003284,0.9998665687633221,0.014685809714862571,0.007153437109533357,-0.016064952283936302,0.9633693748274833,0.26769640444469717,-0.0029600637790511636,-0.2677756050082286,0.9634767580927426,-2.8649148200672503,0.13445983260789174,-0.14494340892902463
0.7429088232344577,-0.4187482318913798,0.45043166315798544,0.9998117406399103,0.014429525314955073,0.012971972778969484,-0.018368902546276912,0.9192541902129416,0.3932357018318585,-0.006250335818068996,-0.393399952434077,0.9193461865516316,-3.376033151714653,0.1414350993996778,-0.042780010410084106
0.8147826990429282,-0.7050937830888954,0.0344799304654847,0.9998082673142481,0.011646693696319196,0.01574112880404879,-0.017667884486983275,0.8831532359740931,0.46875175481937403,-0.008442420733187336,-0.4689399922318762,0.8831896790711108,-3.58181063383014,0.15829957229787867,0.05629875599241621
0.786535708142452,-1.2272980324700093,-0.06902422378661432,0.9998231808096718,0.0067435829624314155,0.017553666410746686,-0.015097162071777205,0.8443897228312593,0.5355166399602609,-0.011210834625908252,-0.5356869608883327,0.8443422274890747,-3.6103901307242743,0.18859982326444494,0.15568273862912094
0.6950049623140595,-1.618059969285394,0.11432859922721461,0.9998412774895525,0.00032020428669951194,0.017813402181361262,-0.010851053204489206,0.8039461585972835,0.5946030850248133,-0.014130621798544154,-0.5947020023052612,0.8038220287984771,-3.494395883082253,0.18788836994038852,0.2515791277102431
0.6579202942711163,-1.6102028829089927,0.21691845307429913,0.9998486821616082,-0.007406756293977676,0.01574016330594209,-0.004551880429275676,0.7619065153815738,0.6476710138671218,-0.016789674334354455,-0.64764465703062,0.7617575106655902,-3.4437676551426706,0.16193620800679334,0.3740295346863852
0.7375179579618079,-1.2091421026020301,-0.12641026908877717,0.9997911746645868,-0.01698898617373366,0.011356998353215669,0.0041549104151234854,0.7131357586545173,0.7010136421266627,-0.02000859271034711,-0.7008200654069738,0.7130574255561162,-3.5233066076874797,0.15790946449729215,0.490071831501265
0.8443570881473191,-0.9693246024537181,-0.5080324679250313,0.9996101930505304,-0.027408607749503617,0.005313207196762712,0.014202158439803962,0.6630488716620137,0.748441375448593,-0.024036652119889444,-0.7480741687887404,0.6631796719938742,-3.536155690589694,0.174677279341663,0.5945803849332469
0.9911546272141344,-1.1609484013640088,-0.5562456152527223,0.9992392041403902,-0.03895836585433628,-0.0018051700307103562,0.02524341428817964,0.61079626028497,0.7913853034122955,-0.029728487078144728,-0.790828789405049,0.6113150111883311,-3.4484093365953803,0.2235270872393586,0.6583714053967143
1.092118530411064,-1.5167587873554051,-0.21815989097022326,0.9986741789620934,-0.050716408798593224,-0.008816470550236018,0.03573765711659519,0.5598101705002809,0.8278498613083556,-0.03705002210803493,-0.8270673605475074,0.5608804480268264,-3.2433825372850364,0.28238363889592283,0.6550532441871919
1.0472077892785079,-1.6309130546851494,0.2741548598159139,0.9978373146966851,-0.0634994104450214,-0.01698582562149954,0.046855682925174835,0.5058960670541139,0.8613209125040419,-0.04610030777039091,-0.8602540288846745,0.5077772813066382,-2.966445152527391,0.3043513562447007,0.6481892832896143
0.8781979190813043,-1.3526608795748873,0.6967818581821527,0.9969168237321923,-0.07437620799810805,-0.02500052486529565,0.05650696701084312,0.45945038223572265,0.8864041453776512,-0.054440878381539624,-0.885083908986753,0.46223658965271847,-2.6919930108783197,0.29135542664970004,0.6342382892146754
0.7156980756296301,-0.9261488511270801,1.0168054753536333,0.995719246677038,-0.08560240144823587,-0.03486274032843473,0.06719689745152191,0.4114440354435791,0.908954554788518,-0.06346462612985641,-0.9074062125444141,0.4154349608133618,-2.3713366724211564,0.26320963213892995,0.6265191808884101
0.6559159081082799,-0.7479979118652479,1.263185543778855,0.9948442139926097,-0.09229979394393625,-0.04202068447008696,0.07444567494576038,0.38327735956413955,0.9206282133018802,-0.06886821739596492,-0.9190099094587876,0.3881725839742597,-2.0508547205840406,0.22595710471989683,0.6352215624469659
0.7789237444549478,-0.8952448411833269,1.5792699044039527,0.9934989896989326,-0.10106658895655572,-0.05239563019840402,0.084853762268474,0.3506021608505449,0.9326724847639789,-0.07589200548204401,-0.9310551376817681,0.3568987729038836,-1.6436786209955063,0.21015478295019574,0.6262184579443564
0.9684327047822905,-1.1970867381503234,1.8736394373818923,0.992092082063609,-0.10914291364822071,-0.06197681104309452,0.09483016975204628,0.3283315328037236,0.9397902124791233,-0.08222250063998597,-0.9382357001133218,0.33608515501487546,-1.1234415323294742,0.2167662236058599,0.5912849708675996
1.0648338897167084,-1.5539090506234388,2.1754721672090787,0.9905936158169094,-0.1170367681884955,-0.07089910574030417,0.10507250597089512,0.31866342469611764,0.9420262152668248,-0.08765875194057163,-0.9406147014867112,0.327963300622626,-0.44075690405138424,0.22545340170306888,0.5462640929286917
1.0382056350035944,-1.9554838830735437,2.1913220696067044,0.9891182536918081,-0.12436500162040925,-0.07860296804590097,0.11518140153514655,0.322192328126443,0.9396410742601996,-0.09153319045061557,-0.9384697384936921,0.3330108481378843,0.2545713277582794,0.22722220017626413,0.4959120118615987
0.9089054652525772,-2.4477691231403713,1.9830586669505101,0.987605072483986,-0.1317194315024235,-0.08535931213745898,0.12615724397296402,0.34259296232076625,0.9309749792349031,-0.09338399540096692,-0.9302043074147536,0.35496390784133464,1.0838411587260095,0.22033816830238107,0.4205461761534327
0.6895017599212646,-3.8729022387256817,1.0474224914093464,0.9859598993993892,-0.14392101231766263,-0.0846747836714472,0.14214761969532536,0.4573260173091686,0.8778650056284778,-0.08761923870532275,-0.8775760115828111,0.47136314334396806,3.2799353627219383,0.29576015973452785,0.11565887951700976
0.3699143120766173,-3.782499892961692,-0.07434880902724816,0.9851696885517484,-0.15087488206149458,-0.08171569446429647,0.14997983578526888,0.5258656031986283,0.8372403575021732,-0.08334706723500185,-0.8370795286802049,0.540695042558974,4.078276194806439,0.38375769057814313,0.05079967682331349
-0.09651392978468033,-2.8175103716806724,-1.3744397527124632,0.9845489970951733,-0.15733754481579507,-0.07686461676367731,0.15703648793479694,0.5991099855700515,0.7851157663984065,-0.07747782764116232,-0.7850554898741817,0.6145608709008535,4.34720819154503,0.39058697095807293,-0.0098754536797242
-0.4590183775814718,-1.8587896368937362,-2.2077777582331803,0.9843668099835076,-0.16178226610288088,-0.06963104033052059,0.16149517921618572,0.6712639996709366,0.7234113282467375,-0.07029431337473861,-0.7233471788293603,0.6868970580711351,4.576800560848516,0.3893266905155807,-0.12557272280769932
-0.7290335782282578,-1.4641590196715284,-2.52558846231398,0.9846369835782247,-0.1639423279061749,-0.060107600939314235,0.16303437234531906,0.7398873976066045,0.6526763610679447,-0.06252842556744449,-0.6524488884070778,0.7552487298979229,4.999385115194208,0.42385100251482843,-0.25793450130881646
-1.0626767032073352,-1.1488083050913103,-2.682044759407047,0.9852447774399393,-0.1640390689127028,-0.0488253253709463,0.16215209025978863,0.8033659720235726,0.5729832585852765,-0.0547670352648977,-0.5724458916481757,0.8181114062176491,5.4745571239233275,0.47990134985777577,-0.37415897648804763
-1.424151758602876,-0.42556057575317596,-2.630407719290351,0.9862146825059991,-0.16183924134112235,-0.03447694841081628,0.1587563096503966,0.8666780489330559,0.4729329695039026,-0.04665869860786386,-0.4718868714636195,0.8804236175753685,5.754750768298474,0.5365138843579803,-0.4636806089755022
-1.6310853522254127,0.3752289679681483,-2.0385522844017827,0.9874455378028427,-0.15684417428252762,-0.01874072749089329,0.15302364107630262,0.92040403548235,0.3597779547714899,-0.03918003503069769,-0.3581289103960164,0.9328497244430938,5.834086688422672,0.568294667112246,-0.5245685252759729
-1.6860535630538547,1.1811006973989544,-0.9584289134164783,0.9887519070018526,-0.14951904114601153,-0.0037044210044508176,0.14588123502997588,0.9586405969386399,0.24439081645441924,-0.03298987217813688,-0.24218229133424762,0.9696697407353518,5.4039733082367905,0.5385829641900827,-0.5190180192017447
-1.7148905543465973,2.179874790862097,0.4486112876270423,0.9897263085148567,-0.1428469765261584,0.006047770737284687,0.1400690754952,0.977227752363685,0.15939439795720767,-0.028679057227801973,-0.15690972343215742,0.9871964598644835,4.386467930376698,0.4139110857155582,-0.43343630989474297
-1.6677477064631878,2.8791531855190873,2.0200861204196237,0.9904931167195351,-0.13696980657442692,0.01275373742031864,0.13521032264172692,0.9864358059314561,0.0930729253192303,-0.025328923829141245,-0.0904636549301605,0.9955776075998971,3.2326549023431417,0.28572652777730423,-0.32552486426228827
-1.3762483968132688,2.4527799516114617,3.2530369154564323,0.9911387118067901,-0.1314807898557255,0.018890628811455843,0.13049168654309035,0.9903596234515323,0.04647295966558397,-0.024818817480240334,-0.04359607936333017,0.9987409114295004,2.375437369084127,0.2922823147311814,-0.3026757353866882
-0.9618961424770411,1.100285334930571,3.862458916919212,0.9916235154241253,-0.12634387082060317,0.026833374069752662,0.1262863680692981,0.9919864191621253,0.0038337237472408497,-0.02710271015537503,-0.000412921265090703,0.9996325687962868,2.080995494402767,0.3821656647245293,-0.2619449648767653
-0.6786302024574986,0.03235192765875616,4.1252529490005045,0.9917908573631321,-0.12281667200812432,0.03559438618312159,0.123963292751588,0.9917700122200388,-0.03202100734280781,-0.03136873126360791,0.03617053964088515,0.9988531897936749,1.8141865852888421,0.44703653478887795,-0.1722706054506124
-0.49593180647968993,-0.22758545551533604,4.374116135583426,0.9915948801551444,-0.12119617919125834,0.04528884851203911,0.12370330132765624,0.9906576535815234,-0.057401277346322145,-0.03790892890527375,0.06252119280524512,0.9973234247522038,1.2397462194550262,0.4769257915696903,-0.05610818486958676
-0.3003421322724539,-0.18710033205000856,4.511604250799716,0.9910340046665292,-0.12192796043538577,0.0546367464138368,0.12549883756417077,0.9897919199909084,-0.06754255614612786,-0.045843684021518005,0.07379381806613515,0.9962192675563737,0.525831610745978,0.4769892914309638,0.07076784190070948
-0.1455335777656049,-0.12295897058063926,4.28127979566438,0.9900131379923217,-0.1253338593731286,0.0645399899072988,0.12947220823684172,0.9894823181155248,-0.06451115741484717,-0.055775746493196374,0.07222302840067021,0.9958277462853518,-0.13472727098177262,0.4660057437832872,0.20027583821276532
-0.22098678367564195,0.35652234265859006,3.657106814513775,0.9885618103836581,-0.1317214729433943,0.07345066791124745,0.1353578144971511,0.9896848587314048,-0.046926990659473394,-0.06651172156500353,0.056332352724007786,0.9961941863567754,-0.874109053794625,0.43551196379378454,0.3569187258418546
-0.6132988962303023,1.248384144924257,2.773890892052389,0.9864514806212594,-0.14241425987705872,0.08143497383677364,0.14388288418672301,0.9895166605748327,-0.012429564873383203,-0.07881111608292636,0.023978261582131462,0.996601149383876,-1.637904352876461,0.37272412107113495,0.539377560520258
-1.2464441250707294,2.102793734150912,1.7400589076475963,0.9839851070435669,-0.15619249535028193,0.08589070678899777,0.15359971482782644,0.9874753113630202,0.03605047923838199,-0.09044576674047183,-0.02228034660320138,0.9956521226984704,-2.541484171877045,0.24818833935330492,0.7460347307123217
-2.773755527001993,3.2488017108041207,-1.2329206876279417,0.9778464059820472,-0.19164189533439882,0.0842008922793219,0.1739225857801701,0.9676760131902449,0.1826309602772015,-0.11647892712217964,-0.1639405912178949,0.9795693656334878,-3.6962699790127584,0.05798596112197707,0.9168590097700963
-3.384039401085217,3.1536659627898613,-3.5385034090993166,0.9744241603632228,-0.21196169536365758,0.07463106189110229,0.18264591922877854,0.9405191733218895,0.28646841501810344,-0.13091227554933135,-0.26551068587247906,0.9551785444606795,-4.887698955673512,-0.2077284117114031,1.0333584206295696
-3.5612440459173946,1.7954801124609285,-6.037824221033098,0.9715309900502805,-0.2298327578330635,0.05748424826655664,0.18882532070753522,0.8977361126711779,0.3980136558784621,-0.1430822617644103,-0.3758281195345704,0.9155766985542445,-6.031910550724275,-0.5100812233980756,1.1749682881159373
-3.045470326167832,-1.1076905440400417,-7.584027310525517,0.9687329879980885,-0.24612897813832138,0.031255784822687566,0.1940802446243671,0.8302325691225142,0.5225387447977189,-0.15456149782802406,-0.5001343892283515,0.8520424497056129,-6.8438820371018965,-0.7703141873751926,1.3155277454329828
-1.9709806124175056,-4.24213651325192,-7.380136080735074,0.9659147960185814,-0.25886000599069753,-0.0003226931655944294,0.20047071774161732,0.7472501534738648,0.6335840113682212,-0.16376842846087256,-0.6120528616318873,0.7736738307631157,-7.27678182684425,-0.9749798325197201,1.5506563849323756
-0.7238179572632744,-6.460730567802184,-5.748292337838348,0.9618739274197554,-0.2699680327469608,-0.043769955961045284,0.20992986909069977,0.6262283503636752,0.750844526692678,-0.17529403245306915,-0.7314063948965218,0.6590270765991455,-7.374288791895656,-1.0351138919105423,1.735894540908407
0.2622613435055575,-7.053996326809975,-4.039789679924056,0.9582041558199293,-0.27607356297749935,-0.0750212209599804,0.21842665675127676,0.5366361632118919,0.8150530191059226,-0.18475549082470455,-0.797373824600563,0.5745088271314842,-7.303718026482103,-0.955988721022296,1.9743408557702287
1.427255623750506,-7.1284496343814165,-1.8975123306538293,0.9520506602838819,-0.280373589338609,-0.12243443410417879,0.231538082028573,0.398727463875329,0.8873592993382545,-0.19997414038708938,-0.8731592408907635,0.4445259083827523,-6.792104540620787,-0.8805302686438021,1.9877044954188827
2.794200716828804,-6.721897340767703,0.1751778518120477,0.9455195848271079,-0.28043097334817424,-0.16538193340075,0.2437671805919735,0.27309356830259185,0.9305898476869376,-0.21580147444958478,-0.9202056140552252,0.3265751850441668,-5.805296798214659,-0.693694349148339,1.859540890037886
4.402341339771141,-6.0045016242250275,1.9839357386304406,0.9389240281213725,-0.2811009412523576,-0.1985042323059529,0.2550592844131043,0.18123038886705517,0.9497896122751455,-0.23101175478969116,-0.9424106360701451,0.24185897165673403,-4.300110271621456,-0.3555512144570546,1.600673976127788
5.99807884221547,-5.0314115541105195,3.3822225774101895,0.9318349814424464,-0.2873242581486026,-0.22164913272898645,0.26639919934644324,0.12689602648717396,0.9554731105841443,-0.24640420846189048,-0.949390419764768,0.1947891088103939,-2.5202048936908423,0.1274902846740893,1.254613431108969
7.165132677279971,-3.788415172818266,4.142700397211671,0.9240793973472551,-0.30172297961773853,-0.23460714176880645,0.27871101457703606,0.11194422926409898,0.9538284226672562,-0.26152903806609007,-0.9468007885004435,0.18753887368533728,-0.5306870832562443,0.6498005053040083,0.8010676733250788
7.499723799722198,-2.350476839346561,3.8384989351637278,0.9166485858569208,-0.3232465724810081,-0.23508939454128724,0.29094629483792017,0.13634100805305419,0.9469748587175707,-0.27405405227180035,-0.9364415533829958,0.21902418480854516,1.4039081724489642,1.1254202159863385,0.26647912088817743
6.876554935648695,-1.1497460408716602,2.213598892875994,0.9110996702518451,-0.34802942829110517,-0.22084589176696692,0.30148550264735,0.19731522486450587,0.9328307422732937,-0.2810762931313403,-0.916483616372948,0.2846996634341331,3.2872003385244515,1.4660797146151856,-0.39717784304425485
5.769959108356845,-0.6697122685241431,-0.06842333500091069,0.9076157269052608,-0.3745381949964186,-0.1896175961324819,0.3114348930520226,0.2978482582211588,0.9023828026199838,-0.28149955535295546,-0.8780703591190443,0.38697602609546955,5.105035724859128,1.7433811116062765,-1.039724127790083
4.88513907973709,-1.0536783437457555,-1.9874726419158728,0.906655696687212,-0.3971303470651419,-0.1423479367765737,0.31965498216049787,0.4264924172706326,0.8461234604894394,-0.2753109878748019,-0.8126448827443469,0.5136264737188182,7.056711189260304,2.1035369531658143,-1.6993601917383518
4.386103603242617,-2.091476404679783,-3.407246543239864,0.9081211249435138,-0.40988698847628396,-0.08549081301035194,0.3238607041940704,0.558200877387641,0.7638887515617625,-0.2653870130775979,-0.7213906273036205,0.6396602974456366,8.82285542254214,2.487641926769509,-2.357078950573568
3.6030818086351206,-2.7244231135514454,-5.119059490415355,0.9125021204636523,-0.40906370536271125,-0.0026009814048467833,0.32240555161707807,0.7152504298476432,0.620057644811552,-0.25178272465724694,-0.566642486544815,0.7845519434725037,9.866844042782501,2.7855541015583416,-2.8794738915930003
2.0619512298837606,-1.6749296622433747,-6.9445991095292845,0.9188644144901809,-0.38473750729339146,0.08755134645044517,0.31490401776442134,0.8487506182867353,0.4248033045465977,-0.23774702391290484,-0.3627663689477738,0.901042126751577,10.177725744606699,2.8581428641769318,-3.0859327258501525
-1.0966214847871847,3.4068307459217317,-6.9795370121059275,0.9309287090979593,-0.2987068505197406,0.21010939062732492,0.29482895343369725,0.9542251469801222,0.050301660886643784,-0.21551711485262434,0.015119071510559023,0.9763830123892263,9.14781894073332,2.4378192047539287,-2.7630614768127497
-1.8315860850120513,5.077353076764922,-5.734754197853984,0.9352006876521284,-0.2586785727633829,0.24183686610623908,0.28597630739748264,0.9544629859504364,-0.08495857848315089,-0.20884737351062937,0.1486129349810312,0.9665903838410748,7.821405602769406,2.0046885958865666,-2.348828484191617
-2.1301426162982056,6.137111589797504,-4.098535721850578,0.9406323545646575,-0.21007087446705516,0.26661020469366287,0.2746960647591159,0.9325242947366545,-0.23439392426375089,-0.19938115646170207,0.293715282929833,0.9348681655834918,5.838825629010941,1.3401538969132782,-1.7533186447559717
-2.1180729928052235,6.393032003019417,-2.8977370439649883,0.943833512862368,-0.18994598456677758,0.2703679399352693,0.26939072171113465,0.9161619105388653,-0.2967759975701044,-0.19132939934531232,0.3529417467865396,0.9158740002431714,3.258913621878613,0.4920865849452464,-0.9714165649424431
-1.8745729542505538,6.3466637120538545,-2.053199373816447,0.9458729558575933,-0.1919039831519286,0.2617197215107133,0.2689977431420519,0.9147535308354781,-0.30144019640470876,-0.18156146496903963,0.35552614400976307,0.9168623644603623,0.23805283643870218,-0.4558086195820433,-0.06804081428738766
-1.6439299179913947,6.2338273345483355,-1.6785024288073171,0.9467533445602893,-0.21696504249319304,0.23787449400857386,0.2736377138159388,0.9315581270919362,-0.23941983507335152,-0.169648183431166,0.2917629623253973,0.9413255906824244,-3.039921125844207,-1.4856090079661102,0.8032626791939943
-1.5991331237475672,6.356550457014283,-1.947891714190317,0.9461822732138817,-0.2588620017252365,0.19424100987849338,0.28350964042526094,0.9524388838377483,-0.11172491369360693,-0.15608135584288282,0.16078133167973252,0.9745706612357773,-6.254619062835368,-2.5521519966037287,1.5938010073557072
-1.5940848711264846,6.32114236960574,-3.131843710183911,0.9441111992540775,-0.30390470601219394,0.12765568184249187,0.2977084316017323,0.9524026831874133,0.06556537814008852,-0.14150524087914984,-0.02389683495900838,0.989649032780145,-8.646309692332268,-3.426725026046378,2.1094925697508757
-1.1200334117225303,4.942220643477278,-4.8607101592786535,0.9406432501407551,-0.33644847059606764,0.04463969755952417,0.3139656340589891,0.9125542816753452,0.2620501166302588,-0.12890250810040785,-0.23248034245837318,0.9640212828438296,-9.961989103527081,-3.908870395800908,2.301058558832954
-0.024941641096637657,1.9095889203243024,-5.959947042869578,0.9360546257987221,-0.3484101305784319,-0.049113322338611896,0.3306407419961025,0.8232722849973908,0.4614102778303085,-0.12032637804356584,-0.4481440902940661,0.8858264147571022,-10.481017601462677,-4.044203067915839,2.25557099222403
1.110209714645647,-1.5106022192308817,-5.472309531239719,0.9313466630986322,-0.33707312870385525,-0.13775013263456076,0.34502403624517514,0.6959491751059281,0.6297723081260933,-0.11641223109335581,-0.6340634444400447,0.7644682732963445,-10.428834363392674,-3.982769877420706,2.0915893013617324
1.8663713619591351,-4.003387725833686,-3.7329989652845286,0.9271491330783738,-0.30767487883093947,-0.2138472678534586,0.35625805272769245,0.5470503291034051,0.7575065262389029,-0.11608051041710171,-0.7785063303302189,0.6168088915839994,-9.881095643592525,-3.7466804177046575,1.85117785580156
2.276978435744671,-5.201123215766024,-1.5615877920861152,0.9238002948930188,-0.2652097793275072,-0.2761463164784723,0.3641087400210217,0.38550318345516255,0.8478278840579851,-0.11839696193685766,-0.8837709366657128,0.45269315315026776,-8.859886835003453,-3.3272661116602156,1.5320854057940294
2.3246026329409233,-5.700237549652187,2.1887429535753107,0.9213345556338415,-0.1840541367482622,-0.34244227446512215,0.36888167171688896,0.13574295068421952,0.9195108284359114,-0.12275564698354001,-0.9734977791887326,0.19295886879917926,-7.375014079752314,-2.7954948988526027,1.1109211822377332
1.9678483173670014,-6.014983339574895,3.5548358549322714,0.9245956191540327,-0.15581581402412845,-0.3476267727623566,0.3621569135583112,0.07644523331936427,0.928977123649806,-0.11817491697941192,-0.9848236179147751,0.12711070212284592,-2.8593924944170492,-1.3671400155177031,0.02859251256098727
0.5116834124204916,-7.78972607207191,4.470340701348677,0.9395110961779636,-0.17799152720267947,-0.29263956739057173,0.3280953930384986,0.2223449451214699,0.9181046446053112,-0.09834791927334523,-0.9585831949408404,0.2672937431957866,3.1860631888425384,0.6992737927862294,-1.1955074590423134
-0.38816113828269483,-8.97763630436265,4.06999085894745,0.9461484014841923,-0.19912570280157443,-0.25524920539090495,0.3108918534764483,0.339019566254838,0.8879256664486962,-0.0902743474686363,-0.9194643485095882,0.38266937950266056,6.0063438024896625,1.600260031909987,-1.5279235908415525
-1.3166638951188967,-9.8273735954335,2.2519881815645117,0.9527986379008091,-0.22328054444564605,-0.20571960063742223,0.29208222562026337,0.48924287357242285,0.821784268610268,-0.08284159034614394,-0.8430819705880651,0.53136622190187,8.184480015458021,2.203743691181415,-1.7459373573586914
-2.372349901258385,-9.077417249310521,-0.6854804801602858,0.9592934862294634,-0.24147804402603495,-0.14643893447811046,0.2711439741500184,0.6425236476947931,0.7166898265184966,-0.07897437913563053,-0.7272219168908063,0.681844066509201,9.37375766691226,2.555211672402319,-1.908214824064685
-3.679429810655193,-6.4322540301526,-3.4392516005017395,0.9653694145847227,-0.24790422817076033,-0.0812735322193601,0.24879345665031471,0.7810583962786628,0.5727561414167399,-0.07850929443282413,-0.5731415839543177,0.8156868366168458,9.5473993402328,2.555901812312718,-1.8998392794938628
-4.960755383132646,-3.269091928129115,-4.681812066434601,0.9702037389305159,-0.24107597480607237,-0.024229720108807903,0.22858731342314936,0.8775891307530292,0.4214085401675321,-0.08032773560381377,-0.4143907479124571,0.9065471653131563,9.217028740478291,2.3705780065480964,-1.8379105955292587
-5.921356925790487,-0.6863759019817159,-4.525487245865943,0.9743631610381648,-0.22299591967658686,0.029820298779699637,0.20851704036723193,0.9448637600029945,0.25249379974465647,-0.08448120671609531,-0.2398026164173312,0.9671388891318534,8.679654778668468,2.156801543877864,-1.729938103735281
-6.435669252797743,0.9908924986653052,-3.3805301202029585,0.9772537366007298,-0.19936106915163315,0.07232080203254895,0.19188618636504753,0.9764361797167402,0.0987526122310555,-0.09030407400661258,-0.08262899640499458,0.9924805404494904,7.7490668199033435,1.8875930105773915,-1.5444316594344674
-6.540373175391101,2.120373138742207,-1.587860733921444,0.9791255319854839,-0.17536018676852963,0.10277157929433349,0.1789089013074329,0.9835134724356909,-0.026322130811504724,-0.09646137904421871,0.044159420670984786,0.994356650261309,6.169128108553478,1.4831810244420618,-1.2505986592595397
-6.277003471580748,3.0384315861294264,0.5209879372709881,0.9801656271438562,-0.15711571337115773,0.12078905570276358,0.17012123158399975,0.9796885222530538,-0.10615632779053699,-0.10165682431610953,0.12459956652212265,0.986985733479701,3.8268945432614876,0.93968966402699,-0.8232880340569758
-5.77928613190049,3.936926113551964,2.528790263160352,0.9803763223702866,-0.1494802844800822,0.12852202569002635,0.16585253631528488,0.9778274076614828,-0.12785342007084766,-0.10656079360393919,0.14666016970458973,0.983430522146186,0.9635117124888007,0.39261712250757486,-0.3003598612432025
-5.3218948080511534,4.969372148139545,4.021731306140912,0.9793739878051855,-0.1563835915813999,0.1279482875800716,0.1680194439667338,0.9820422613708151,-0.08580479783092945,-0.11223216321394021,0.10553278716019421,0.9880621298149833,-2.2484436388739297,-0.07144348744908191,0.3700836802497336
-5.222535141890779,6.07909997343437,4.639828217099126,0.9775642745634054,-0.17285864577309087,0.12036601546457587,0.17471887642085257,0.9846056855728922,-0.0049958142250267484,-0.11764949349470401,0.02591394448996734,0.9927170111171717,-5.402774553171868,-0.5702810132890017,1.0996031650468086
-5.612770160432476,6.814998835271721,3.7247934470656765,0.9738680651954007,-0.20778540586772404,0.09168542251063984,0.1894577665988644,0.9658816834394222,0.17657386066912373,-0.12524674154619633,-0.15458912867538255,0.9800078851863625,-7.936894075805551,-1.1379455957369753,1.6538050339512544
-5.908373285897471,6.042206410519571,1.5313854011985581,0.9707466278947076,-0.23324240811239288,0.05699967972706983,0.201384814360297,0.9201928062513526,0.3356923530084214,-0.13074838804408037,-0.3143933497725321,0.9402455427401298,-9.350567937595175,-1.5549778717862104,1.9341330277039086
-5.078896923139075,0.9596518949000088,-2.305037151068844,0.9622847441895028,-0.2660829700676393,-0.056638539353776815,0.23049515346153124,0.6868642209789154,0.6892673836543943,-0.14449932640289667,-0.6763263967782215,0.7222897961968571,-10.178464276952564,-1.9336086398892471,2.1701048346107354
-3.814224865293161,-1.9537783237257333,-1.9922512933215017,0.9572476394163358,-0.26464071342223067,-0.11680004122956468,0.24325729115804967,0.517949116993843,0.820094264401201,-0.1565338529849158,-0.8134457603335774,0.5601813526573565,-9.601681002713045,-1.797208189800621,2.112958465656627
-2.471969445133556,-3.8931040171550597,-1.0182185967454518,0.9527441224849102,-0.2534369951636955,-0.1674763462488294,0.25181412697773997,0.3505452817758511,0.9020574543116026,-0.1699066876991591,-0.9016028476591491,0.39779897255776586,-8.366573248992712,-1.5286276229767828,1.8394595619577108
-1.326903686939051,-5.236599513101162,-0.46237510966774564,0.9501050314027238,-0.2397248461230166,-0.1995806289561382,0.25497935199309735,0.22830143091919,0.9396084220021825,-0.1796829412059253,-0.943615628734257,0.27803522411385506,-6.533966582961469,-1.2050281886800815,1.3736906028554092
-0.369049278844668,-6.524958581287578,-0.16167240655277249,0.9492225958266313,-0.22582909497255918,-0.2190380867247274,0.25397684767647755,0.13917315801000044,0.9571450218926304,-0.1856669717975543,-0.9641742850508922,0.18946166797040465,-4.363420376120756,-0.8620214324407969,0.7878665571950896
0.3522922830897701,-7.7641555136944165,0.10501941062039821,0.9506346082238432,-0.21658831446026358,-0.2222236344009447,0.24920030424692327,0.10610495622116056,0.9626219126056438,-0.18491362851435197,-0.9704799020611237,0.1548409173477367,-1.735070344767385,-0.5002119795428327,0.08051653731984451
0.9632746400291544,-9.428499200886026,0.41141032490577745,0.9576524174339698,-0.2098914101516682,-0.1970975477458319,0.23238636295579407,0.15928100329651407,0.9594926473407888,-0.16999536962827658,-0.964663235504184,0.20131173927902343,1.373440075998881,-0.09106877049931852,-0.7487311663399638
0.6016572216260498,-9.021058917190818,-1.1533331830673341,0.9669513804155234,-0.21447940602654045,-0.13785359009840426,0.2080015822596782,0.35092218826000426,0.9130109306926625,-0.1474461586138714,-0.9115109446283753,0.38393675017208295,7.712452137377161,0.8206305157800999,-2.2930696657015432
0.443655353595687,-7.62143264714412,-2.6915323057768727,0.9748128023303071,-0.2096873888080881,-0.07596841045975808,0.17970579212904014,0.5367676621884394,0.8243702475854118,-0.1320826585446059,-0.8172586345849177,0.5609300272834266,10.045468867795538,1.213957622799148,-2.904401912205945
0.2603234743105169,-4.880172946458467,-4.064394846280686,0.9818020827919595,-0.18967594900302648,-0.009365073153726824,0.1456946462660716,0.7206807338884438,0.6777848846436602,-0.12181026342134622,-0.6668150524484403,0.735200615854888,11.201726739888999,1.35253514715208,-3.143447976624111
0.13495940642583032,-1.4997115606688056,-4.670673460579587,0.987028073199095,-0.15378568268833953,0.04610364971416175,0.11070505412049297,0.8599118299737636,0.4982931222316371,-0.11627542177547072,-0.4867253932878943,0.8657819689850798,11.03644849117921,1.1587519986372707,-3.0953214580806456
0.17151060354763037,1.50091083567931,-4.357857193995075,0.9906506600675686,-0.10554186171410099,0.08644180200351628,0.07482777583677583,0.9501815056697203,0.3025820719185886,-0.11407047677210276,-0.2932848814875155,0.9491953985454415,10.046896029627591,0.8364675922445245,-2.8960237256833716
0.9034350587625711,3.866815914078028,-2.124035424850282,0.9926725104979175,-0.010680493431751939,0.1203628429450678,0.014483521131807463,0.9994216748810933,-0.030765945353521063,-0.1199646386123397,0.03228378599120091,0.9922531142025636,8.748445287804193,0.5502270180106001,-2.6322642422950855
1.823244430647313,3.522547665355991,-0.6121275405397815,0.9917158846672398,0.0418652234683578,0.12143684433737985,-0.017119505062132667,0.9800401634601295,-0.1980611030754693,-0.12730485711513198,0.19434140338329506,0.9726381096203808,7.2980522330585185,0.3198143628521398,-2.32807878398874
3.0179148347338267,2.794608693563937,0.5946909963034916,0.9902204132935646,0.08024275942411924,0.11412551273369075,-0.04116837298774221,0.9496737294435674,-0.31052370709865185,-0.1332992804266662,0.30278855190503856,0.9436897767131863,5.540395873844487,0.13477682261762092,-1.922909483644267
4.182720063221006,2.4301964827726166,1.2272799166962558,0.9899083408606194,0.09187067725154868,0.1078946493386954,-0.05185830020274267,0.9434199916700704,-0.3275201307054696,-0.13187946540178438,0.31861967606942854,0.9386635758495973,0.8639440280978992,-0.11556623613545217,-0.6802164515078746
5.000748275579051,2.577566929576106,1.384526429651027,0.990527693022607,0.08878331736370944,0.10474928120617118,-0.053808128934634845,0.9528094053574099,-0.29876231744149767,-0.12633120998339384,0.2902959862284622,0.9485613663668666,-1.613768921353542,-0.21277121788419676,0.10537075032639735
5.2272897803167035,3.231862001698778,0.9591445580165816,0.9923056150768488,0.07072090253129816,0.10162735966322411,-0.046817073322832546,0.9741952494509372,-0.2207980470763098,-0.11461992816453942,0.21434124636286533,0.9700103618906192,-3.9052621057449914,-0.38226290465392876,0.8210606660222564
5.011182412505618,4.09044756001317,-0.20694404481523004,0.994391366260153,0.042793049806817765,0.09671900328012283,-0.03213386097645399,0.9935007440594056,-0.10919563421746649,-0.10076321593724125,0.10547524089396572,0.9893036681789599,-5.469496299140784,-0.4687460147972034,1.3199888508735442
4.688379660178127,4.6181202186299215,-1.9161898918928404,0.9961354856355163,0.008021261023025259,0.08746287000377716,-0.009772611820624211,0.9997598615853129,0.01961415869010369,-0.08728453652223016,-0.020393100169362965,0.9959746639094704,-6.21354350009274,-0.5340211895473346,1.689968414618304
4.491308761650757,4.568716290351547,-3.5445702851467367,0.9969092319177333,-0.03281674040557765,0.0713795829796671,0.02116649749538323,0.9871745298558102,0.1582353531538992,-0.07565687477669311,-0.1562354286105239,0.9848180177809048,-6.668130915284949,-0.6077882187215524,2.0609360823763803
4.521657280595411,4.342693819981199,-4.449824355026891,0.99644916898274,-0.06493518523513656,0.053595478839994375,0.04864923428412334,0.9635784527176502,0.2629635287674489,-0.06871903402390282,-0.25942241070643607,0.9633159954999626,-7.174944360569594,-0.7257904598730432,2.399274184095182
4.464054812106027,4.104482572638712,-5.258390901001388,0.9937269696728945,-0.11039500663144661,0.0178788214257021,0.09312693329854406,0.9053790713463934,0.41426574980603026,-0.06191998093618809,-0.4100020483836472,0.9099803493933684,-7.6678237710067485,-0.8748543379122815,2.6530405209313503
4.148310688250411,3.7187645461503473,-6.358337539975652,0.9880587265653273,-0.1510682206608764,-0.030304216941929668,0.14184612998818846,0.8150545447457013,0.5617524049763858,-0.060163346528271225,-0.5593429018015119,0.8267501980276658,-8.11512912203358,-1.0466719888159082,2.843217551227267
3.80427350366481,2.311772655832475,-7.420822585662211,0.9781517909780716,-0.18463851256893998,-0.09553896316541914,0.1975531307967232,0.6824156456889349,0.7037624933394566,-0.06474437673502492,-0.7072605645695826,0.7039820022457319,-8.354103432233781,-1.238455079511008,3.0065172799893567
3.8750969663431905,0.1603583254947205,-7.2530780815808615,0.9672247474513945,-0.20073619557850075,-0.1555032723200988,0.2428246967598397,0.5521508504695772,0.7975999028141969,-0.07424590602235895,-0.8092183995130078,0.582797672720582,-8.246033641611465,-1.3539979793384762,3.0318445397189118
4.348554132454716,-1.7951884665434599,-5.642009854700691,0.9544434285548574,-0.20597826336570174,-0.2158951058021028,0.2848264101973227,0.4132180752535355,0.8649420433404033,-0.08894749992303434,-0.8870308773118412,0.4530613258189544,-7.667414295388217,-1.3246039429537984,2.881594490864843
4.817438273513485,-2.67926806243048,-3.4223969791827242,0.9407026473337746,-0.20139128591567926,-0.27298366115293404,0.32173700908993536,0.2745733274347869,0.9061428059876955,-0.10753523274301222,-0.9402398831248437,0.3230868859924336,-6.743803813520201,-1.2124034999700266,2.5777535098090794
4.816611506025733,-2.556478841838973,-0.6007644397799142,0.9183283473689426,-0.1777636307710635,-0.3536568082106133,0.3689951850560081,0.06115632798332801,0.927417088991291,-0.14323267722175698,-0.9821710620470784,0.12175551344067906,-5.643161877310603,-1.0472895167069145,2.150540618413283
4.5862008859245975,-2.8770683313384784,0.40857653338855626,0.9082940816681749,-0.16051058638234825,-0.3863136198294907,0.38619507122649194,-0.03322158770861891,0.9218186877420558,-0.16079560991188335,-0.9864748743730448,0.03181342584117834,-4.314389504505569,-0.862588978492289,1.6201905960061014
4.358295274521375,-3.8544689768221976,1.6607098784606724,0.9020799647577962,-0.14573003860912595,-0.4062197595262431,0.39664125135190204,-0.09099316915379924,0.9134527688355583,-0.17008073056220566,-0.9851309552614474,-0.024280569949974462,-2.5327534885441136,-0.6249147623308339,0.9920015538330652
3.921734964865287,-5.154073484686766,2.8182565505356703,0.9003555638512333,-0.13856614926213445,-0.4125036738270275,0.40185279517092776,-0.09893937376254597,0.9103435238044977,-0.1669556517625068,-0.9853986110189826,-0.03339742125400402,-0.3200800694895473,-0.2994387734147385,0.3227412783520513
3.165386039462339,-6.139590596808789,2.9315695304021827,0.9021188639930343,-0.1547941618642651,-0.40276584100524193,0.4054069998745295,-0.01553298312215487,0.9140043166681778,-0.14773868714948551,-0.9878246270913009,0.0487420396709027,4.53828548909693,0.8662218628915869,-0.5766305703868667
2.2517354172972697,-5.805734391211996,2.099974157408785,0.9046342664075182,-0.1728124646979067,-0.3895801536094581,0.40751406423251213,0.0831171673739163,0.9094085022367225,-0.12477632585564617,-0.9814414850273919,0.14561414757225494,4.53828548909693,0.866221862891587,-0.5766305703868667
0.8876163519153089,-4.344957966984936,0.4391200379712372,0.9110131652562252,-0.20741212467381237,-0.356420009634885,0.40083946573530227,0.2423700289210808,0.8835069279806664,-0.09686452105324377,-0.9477536492248873,0.30394125245191095,7.794061295846508,1.9704766827142994,-1.310033091032774
-0.8705326749391716,-2.5063816207359784,-0.775848367489806,0.918827070291967,-0.23981434986270084,-0.31344200819069185,0.388692869450314,0.41229110700792787,0.8239744512548075,-0.06837154479141884,-0.8789227046117928,0.47203835774302,8.643502437049651,2.2243125836336843,-1.4221638301991868
-2.4998038209189075,-1.0464054852004296,-1.1861990540436822,0.9274656803382544,-0.26397753786724887,-0.26480798948718803,0.37163634258561945,0.5728541034977535,0.7305645796063288,-0.04115629556077467,-0.7759858475560826,0.6294061675328447,8.935829643736847,2.2565128488637485,-1.4221760520034035
-3.75853299108438,-0.06319153743468808,-0.9652306483779164,0.9360419483433425,-0.27728825842553706,-0.21664877724310921,0.35149060941474886,0.7074999913928851,0.613105303901637,-0.01672789391556564,-0.6500422939458645,0.7597138893338392,8.699273738577233,2.098198284098348,-1.3237689772053616
-4.655830796269043,0.6094615792764686,-0.16725242645353366,0.9436824543912913,-0.28116709049181043,-0.17438030995041037,0.33082552138533877,0.8086400935776551,0.48647268521350995,0.004230800651179406,-0.5167651945352872,0.8561167175349151,8.089700649682852,1.825098184403195,-1.149575037713308
-5.163463358399018,1.0922544491381814,0.9609748190650353,0.9480012467523142,-0.28044643654352996,-0.1504773484152888,0.3178257546910295,0.8590684970921969,0.4012332326201737,0.016745919238372063,-0.428195181586379,0.903531106633895,7.091039210387134,1.4858162504594992,-0.9036639395907249
-5.318099736654765,1.4677453451879197,2.603638435782809,0.9532211611972847,-0.27720823792917776,-0.1205197521981472,0.3003936331823522,0.9131402469030314,0.27556950961487026,0.033661298091562444,-0.2988820541786903,0.9536961962285048,5.683828800294524,1.1124775558609648,-0.6075096642612062
-5.169307118058086,1.7937417772244033,4.291171318830728,0.9560463548137681,-0.27404912535313775,-0.10427101390362142,0.29022070577973963,0.935122542163572,0.20326773741607648,0.04180082994414051,-0.22459498665535937,0.9735552283179734,3.738978029217754,0.7367269745775298,-0.37700777980516265
-4.980743835306846,2.113610753696637,5.5048419797994645,0.9576362564710623,-0.271152067238452,-0.09700183876816901,0.28479624899990036,0.941657581575378,0.17936581507410976,0.04270710535354393,-0.19939296751371824,0.9789885329555172,1.4644083827140395,0.3844367143250036,-0.2680255589780821
-5.154327938757592,2.2017832742664947,5.809174252557744,0.9581936829957765,-0.2685223693886711,-0.09879576410396196,0.28306401225018857,0.9399883839511899,0.1905166738258309,0.04170888197754538,-0.21051739874586786,0.9766999508495214,-0.5972166084779856,-0.12131748183395548,-0.12297225360742665
