-0.5921079770722565,-0.7179072558804809,-0.2446121941761704,0.999997648566887,-0.0008138442598379375,0.002010104031496866,0.0008628981658965969,0.9996988547837697,-0.024524582581046273,-0.0019895395075251467,0.024526259428212748,0.9996972063234987,1.2737768,0.10386474400000001,0.043542486
-0.683383050095016,-0.8356830120689159,-0.3343507783224077,0.9999859507037757,-0.0006069570936686647,0.005265928042821149,0.0008951045186820822,0.9984919711619945,-0.05489063957484476,-0.0052246706084077485,0.054894581955975616,0.9984784863425512,1.6087944427247427,0.17265812101006942,-0.004098371409117663
-0.797912485252241,-0.9081580976833733,-0.456999509621544,0.9999420541275437,0.0014961711739826392,0.010660668787969904,-0.0004456268005746813,0.9951988569712399,-0.09787255233155098,-0.010755919483859191,0.0978621303413926,0.9951418560391785,1.9380044832136918,0.24912420276646383,-0.07576596027517198
-0.9221910740597586,-0.9812935553369947,-0.6977586020265025,0.9998299249342261,0.005796800189732787,0.01750766442390767,-0.003221283817727082,0.9896159016223405,-0.14370104587917062,-0.01815886936418393,0.14362020875824597,0.9894662657714272,2.2479317433401937,0.35662811049438736,-0.16776232589685872
-1.0919071812363548,-1.0567635744464243,-1.0499030286966733,0.9995488212653555,0.013819373861585264,0.026667936048977804,-0.00824004592102958,0.9799699925301567,-0.19897466015466345,-0.02888348230837063,0.19866514200160587,0.9796417231841568,2.6413296782342477,0.4908722853346956,-0.2989439994835249
-1.5457752791423163,-0.9595814188292533,-1.6358748693415617,0.9983796409147457,0.03502547352392513,0.04484761767773689,-0.01951415673757631,0.9510700589925052,-0.3083584611694867,-0.05345362750800868,0.3069836462947454,0.950212476561857,3.1167769341854457,0.6364905027936288,-0.4403693475534589
-1.965137672763876,0.019883885000310353,-1.5493241465712466,0.994719734136708,0.07630796650447007,0.06862758022070807,-0.03631307434898466,0.8871349265257173,-0.4600793222581679,-0.09598964084901118,0.45515790269549605,0.8852215951181461,3.866890125927421,0.9010289261436496,-0.6885640138108262
-2.0293268620533427,0.6587337761550768,-1.326440834379597,0.9923180291248285,0.09681723292419947,0.077015274346829,-0.04272580602038038,0.8524289717752923,-0.5210943806816827,-0.11610096715240946,0.5138008091537214,0.8500172315543115,3.9844739617459863,1.007672938860709,-0.797136251046762
-2.0122831798363583,1.1835204939575552,-1.0902107783235193,0.9886979600908121,0.12403996447568878,0.08420469657410222,-0.051916434700230815,0.8101808750443149,-0.5838763854793618,-0.14064504086630084,0.5729057836374997,0.8074638911768246,3.830746493139412,1.1010944319461393,-0.9773160357187209
-1.8937931583107093,1.506545309330909,-0.7102338157331851,0.9840250298292504,0.1544294322697265,0.08857929283073064,-0.061817558208991166,0.7629824762422373,-0.6434565489948343,-0.16695307773928686,0.6277015942277937,0.7603403043619784,3.54583702373623,1.0799656817340002,-1.0362735487438477
-1.6342040256146966,1.5933561777043628,-0.10396287170688046,0.9785824090241658,0.18484508580511072,0.09060222404643858,-0.06963268022228325,0.7114119228072651,-0.6993170711006066,-0.1937208264320619,0.6780305084149025,0.7090464519797754,3.54583702373623,1.079965681734,-1.0362735487438477
-1.2383597198390248,1.42997755810533,0.621845579840573,0.9735030931663843,0.21048573713115767,0.08937271429152867,-0.07794272304238714,0.6728507418307146,-0.7356607989709621,-0.214980602660379,0.7092021106019145,0.6714281099250837,2.692646254440162,0.9653640026170845,-1.0206606497300343
-0.7239170302559782,1.1274774177202866,1.2922637888917146,0.9669321921247621,0.24001392550054468,0.08622906353788697,-0.08612250130450926,0.6255413144374076,-0.7754230965743636,-0.24005218308079757,0.7423552919577926,0.6255266340455888,2.6926462544401617,0.9653640026170845,-1.0206606497300346
-0.18527756196878098,0.8793952514061378,1.7834414045651767,0.9620077637700574,0.2602586571270506,0.08250147778408368,-0.0939527880003561,0.5992947851631872,-0.7949959962812195,-0.25634729581778987,0.7570410767366812,0.60097826255221,1.540464195746962,0.7311418761239195,-0.8168679950348287
0.28935323725733103,0.6633990334364792,1.8712685956157822,0.9575849546458852,0.2771706237043641,0.07878768933768435,-0.10196550932809723,0.5816734491829267,-0.8070062164711611,-0.26950712336281457,0.7647433843263838,0.5852635872713505,0.9436640913942645,0.6058162359167151,-0.6860183233333452
0.7505264551205073,0.3707762284784927,1.864829852891864,0.9518731622882763,0.29746880359034955,0.07382271876490748,-0.11127011904938681,0.5598274106949608,-0.8211042752545565,-0.2855808878795145,0.7733728603494578,0.5659840769428469,0.9436640913942645,0.605816235916715,-0.6860183233333452
1.0938519837692862,-0.04696514020024556,1.6267327255548552,0.9476991994145058,0.3113138909384128,0.07035544568752833,-0.11930465977122214,0.549994561965477,-0.8266029155315602,-0.29602808242796425,0.7749771887721532,0.5583706038974771,0.4051651105086151,0.4834192846533672,-0.533654851685078
1.3419964018411248,-0.46649588082356963,1.4743937124086994,0.9447165280293319,0.32074938660873425,0.0680478703437906,-0.12610700218063006,0.5470013270153707,-0.8275787408122792,-0.30266764886459063,0.7732460017572316,0.5572099380819016,0.04217464632377185,0.3531777564505971,-0.3807822642735374
1.547347355321632,-0.6993033604151253,1.5525968101791767,0.9438307063926213,0.32302180177381723,0.06957379714520455,-0.12986783765648144,0.5562469535791709,-0.8208067198654754,-0.3038386782699581,0.7656671876296443,0.5669530980376387,-0.5805898303848641,0.1383885851870294,-0.005258336628486279
1.6757420592255972,-0.6794734418734732,1.6373369642379516,0.943875181446843,0.32199951102295565,0.0735931841250713,-0.13134481391335923,0.5703297674529806,-0.8108467772736683,-0.30306464938483696,0.755672065950573,0.5806130785947206,-0.8536475327850669,0.07664354825049804,0.1952985530921017
1.6584001407261209,-0.4833659243645503,1.530874182694779,0.9447375084545097,0.3179491504952183,0.07987100737147569,-0.13074387476804794,0.5888478728909082,-0.7975990357331744,-0.30062780864351557,0.7430790807789049,0.5978765762086485,-1.040024665703631,0.01952391937539222,0.36321974409094626
1.5160132609918466,-0.2228653568829304,1.301329635579226,0.9461800006452397,0.31164792790410334,0.08728674247589266,-0.1281800138142215,0.6085019732132153,-0.7831316828313161,-0.29717552126236757,0.7297951203102846,0.6156994331114313,-1.1499230168135615,-0.029243163148570752,0.5021975821957524
1.3177100733916904,0.004756946314739552,1.1414853856773919,0.9482348715958036,0.3024886346481196,0.09670188311716571,-0.12355104532305519,0.6319084042736081,-0.7651319545071701,-0.2925504528953422,0.7135771818921195,0.6365703715958131,-1.2902819846351703,-0.06360022892606154,0.6369130551657312
1.1198144638694205,0.1160750168399377,1.1311037314565207,0.9506760767655206,0.2909900331084319,0.10742345040665703,-0.11733428954258672,0.6579461292750883,-0.7438679691110949,-0.2871370083483739,0.6945730282723933,0.6596367537010529,-1.4906811374447202,-0.09121362483654537,0.7769750464970064
0.93096861498955,0.1632900858661943,1.2148295704457934,0.95335212734042,0.2774550139830755,0.1189051576305532,-0.10976603566997901,0.6855827969559656,-0.7196719015852515,-0.2811959080584071,0.6730489905896057,0.6840569549076461,-1.6822407030454285,-0.1173303942024036,0.9071968402726669
0.7133918440511215,0.25154967837644693,1.3073050587315878,0.956324757024155,0.2610576308826027,0.13149856448134042,-0.10058407160268136,0.7162896168751107,-0.6905157704909669,-0.27445546750341315,0.6471306654106806,0.7112637332541377,-1.8716071286116234,-0.14082525720543737,1.0172402385700607
0.4685996787421658,0.3653612635182675,1.3791479399273907,0.9586758860007693,0.24676883155932727,0.14158280040839719,-0.09279728431912396,0.7416626937323612,-0.664323048485188,-0.2689409035896832,0.623731987713074,0.7339136174508978,-2.111263059189866,-0.15588059590013442,1.1202446638154153
0.24677548494995555,0.4645214225742037,1.4359748805554506,0.9615228848031622,0.22748982155858163,0.15401987886974006,-0.08267277892141221,0.7742466680538538,-0.6274610016829069,-0.26199036933676767,0.5905848610443298,0.7632631055409622,-2.3796773326410996,-0.16778144270368905,1.2191354405376147
0.07689751874538572,0.526963268853198,1.4878827320137198,0.9650360326935269,0.20004062105750134,0.16937888159409736,-0.06863439065605859,0.8164958295462551,-0.573257255298914,-0.2529718878105027,0.5415886910382288,0.8016775621888694,-2.620027379972996,-0.18487212785859594,1.308407666923242
-0.030042519223204806,0.592068378925499,1.597863096526463,0.9677088033251706,0.175712587728835,0.18073394390817243,-0.056370918153063554,0.8496923451365171,-0.5242568437350019,-0.24568677529233543,0.4971398245263019,0.8321598424079423,-2.8746808123783523,-0.2134476191387026,1.4139756157676515
-0.11896167933308407,0.7680303423113658,1.7455549061127238,0.9700266587420939,0.15108151016144616,0.1903225121129543,-0.04406514751960288,0.8796057510998145,-0.473658089138364,-0.23896975562552766,0.4510743840204937,0.8598984567824319,-3.159125107481505,-0.24141684334086808,1.532408129633077
-0.2607059375840432,1.036636154248627,1.7892700153295458,0.9724647516037015,0.11873418760764595,0.20053553196753673,-0.02811239767430398,0.9139647052871192,-0.40481873793888407,-0.23134822235183128,0.3880344188117617,0.8921363628011506,-3.458509305707095,-0.2533151464801412,1.6365788307870903
-0.44609474037667485,1.2552753418799458,1.691105153484854,0.9744053372280569,0.08385307058971872,0.20857349144642454,-0.011146219517533789,0.9447060448499652,-0.3277289285589569,-0.2245217151456469,0.31701601123068024,0.921461256945427,-3.6775967950175614,-0.26072061042187017,1.693417065124217
-0.6010255216920082,1.3948347584088139,1.5482441305082337,0.9756701707368507,0.04979226215135771,0.21351451605025454,0.0053287873284122685,0.9681958835763517,-0.250136632765806,-0.21917874431598625,0.24518862464571584,0.9443745106600505,-3.8430520447736605,-0.2675921393848838,1.7348781466479324
-0.7039505372249895,1.5313696380259936,1.416159020281612,0.9763275083455966,0.01289257932222005,0.2159128941172777,0.02315897581804381,0.9862527832987902,-0.16361268066518672,-0.21505408223685912,0.16473988234125164,0.9626071435842625,-4.016058606622926,-0.2643403834432189,1.7827267015364014
-0.7801024345207642,1.7171782933214779,1.3443201494537862,0.9761649354851591,-0.024835540902701608,0.21560430106406625,0.041094646752002494,0.996610938162252,-0.07125916041943901,-0.2131038449619866,0.07842087632400867,0.9738772599352509,-4.2274058156829515,-0.23614731058269067,1.8193678505593853
-0.8803942055310543,2.005521483144228,1.3139152986574187,0.9752702792210454,-0.061489257416849935,0.21228978706105445,0.05785905085908608,0.9980533743666343,0.02327642904441357,-0.21330778865711675,-0.01041792386698387,0.9769295031682238,-4.444591268503487,-0.21492593964275353,1.8302900429858633
-1.030363627486806,2.3233812665905322,1.1621166196667394,0.9737692231127635,-0.09736086822044977,0.20565592978984243,0.07315681613420419,0.9898060391887545,0.12219691092075566,-0.21545667864206636,-0.10394645797153948,0.9709652689482259,-4.621772949900877,-0.2019969222968294,1.790430892644296
-1.1558188150783635,2.469267515220287,0.7860641192063221,0.9717625964135089,-0.13124809564770376,0.19609026901028573,0.08632092006153592,0.9711624665163212,0.22224347547152984,-0.21960454223764359,-0.19904120432409395,0.9550688163738829,-4.75770962686927,-0.17990408256469717,1.7306912243685288
-1.1774918777430532,2.318224618346204,0.2527416454385718,0.9693222316862556,-0.16299366728931336,0.18397683436334272,0.09701968209009425,0.9414464937507628,0.32290196761793055,-0.22583532151971564,-0.29514668188542226,0.9283786101187986,-4.829704084850256,-0.1462121005305552,1.6405573941416285
-1.0177805997074278,1.625935316162929,-0.6200934941933847,0.9639519136792254,-0.21307430175511366,0.15936138191459548,0.1060686380989581,0.8570071989571018,0.5042698731309794,-0.24402080265008375,-0.46918866447013896,0.848714230472623,-4.860425978909274,-0.03737802792597861,1.416723640209409
-0.9849698973871008,1.3050773372465583,-1.4281410671967298,0.9580905373288748,-0.25857528914842487,0.12329372296542908,0.10800614494696005,0.7246932274469801,0.6805544788965651,-0.2653246971817057,-0.6387163266539283,0.7222494438427411,-4.91408170521538,-0.03796843185186316,1.3485664863424205
-0.87436486853657,0.7794469376824503,-1.7410597955698657,0.9557224775864132,-0.2750373505063725,0.10463747733256228,0.10607794949224694,0.6536786018517338,0.7493008435286072,-0.27448499862034004,-0.7050239295992704,0.6539107310824585,-4.9266505922660855,-0.058657782943384085,1.2859518523586588
-0.6524069041536149,0.04159448308870772,-1.8659267844581502,0.9539341476031327,-0.2869118734649184,0.08769959464863718,0.10156684935327938,0.5838932195880071,0.8054519745035075,-0.2823009336667751,-0.759440771215242,0.5861364157488134,-4.666315026800844,-0.07007867490093217,1.108126275677725
-0.37199780228383017,-0.7206261570119883,-1.7863400686945035,0.9525871698733156,-0.29511819971259234,0.07404682296456339,0.0967724093340708,0.5245889754497413,0.8458377549082738,-0.2884662624717595,-0.7985685036582577,0.5282760266949328,-4.337265935731414,-0.05139111090451548,0.9875535295950926
-0.06762798619815338,-1.4198742391172514,-1.50970820411613,0.951008073832199,-0.30349220601293936,0.058958666838474554,0.09046080130976494,0.4555110442452576,0.885622115801649,-0.29563573351739125,-0.8369003342453593,0.46064882894417525,-4.001013380384952,-0.007777946060964547,0.8880816584189644
0.1648389135739401,-1.889889090444224,-1.0747603533378185,0.9492426044993532,-0.3115204793352951,0.043514006457604615,0.08281212195770207,0.38096890277760787,0.9208717867180465,-0.30344790370036706,-0.8705272460245762,0.38742958543291406,-3.6532924778725206,0.0376521866763182,0.7887419483304104
0.29617954988244954,-2.106016232663089,-0.6255759178908127,0.9478110604891816,-0.3171677655213741,0.03253923982749664,0.07670563725057282,0.32589631698501254,0.942288615971554,-0.30946799322119933,-0.890615629264265,0.33321668938074095,-3.260357668736776,0.08178915087283284,0.6923321120491461
0.3747454467590994,-2.1694049643096167,-0.2000437230353725,0.9463345178740789,-0.3225099573944448,0.0209357985629358,0.0705512950243959,0.26936508415900956,0.9604503975772979,-0.3153941899439734,-0.9074303162322951,0.27766297220216823,-2.828373628821701,0.08345031268036379,0.6180409768032618
0.4931658829010442,-2.180592448540654,0.2068175840235853,0.94496846906052,-0.3269658849231133,0.011309402188541392,0.06533159987696191,0.22246211377741293,0.9727499113293206,-0.3205719490830933,-0.9184791331489959,0.2315808874474231,-2.3636111522588217,0.10183593494207159,0.520931082797437
0.6670843869935494,-2.1756851171229563,0.6509322123066225,0.9435552403338012,-0.3311942457339653,0.0037255914070299387,0.06012649984183668,0.18233696735286128,0.9813959620628824,-0.32571200846052933,-0.9257772960757202,0.19195855181610633,-1.8894105608981946,0.12823860582707597,0.3896208900472236
0.801062848520614,-2.1029080389115102,1.0122430675356129,0.942375810546079,-0.3345561712135925,-7.221705282584902e-07,0.055862399963060215,0.15735074388531023,0.9859615284934325,-0.3298594003025944,-0.9291463349234291,0.1669726454553918,-1.4200297953501837,0.1586036632744464,0.2407594017568649
0.8249494018594805,-1.926839447220123,1.2098130713505197,0.9410242438275934,-0.33833461291188577,-0.0017499241326071383,0.05147953063995761,0.13806646538654516,0.9890841769337707,-0.3343998063004749,-0.9308422749539422,0.14734119826027822,-0.9923100483059809,0.18407632611009417,0.11769668904966896
0.7900757349578362,-1.7323076971452998,1.2683875661079964,0.9395172024170556,-0.34249848174536535,-0.0014887459649896146,0.04753582332436612,0.1260897742357141,0.9908792632475767,-0.33918692761264146,-0.9310188821046039,0.13474445926044795,-0.5689415466694574,0.19755951219536858,0.01635671469149655
0.787939470805869,-1.6331292041866559,1.2951993131720732,0.9379304260976785,-0.34682211806157615,0.0009665523828444767,0.04455878756531505,0.1232656573911532,0.9913728320660371,-0.3439491681207207,-0.9297956743990633,0.13106858364175356,-0.1667030409783899,0.21976988882046478,-0.08184012952040723
0.7910725589262648,-1.6244970276557387,1.303532328598692,0.9364097868057446,-0.35086751599681176,0.00535699474019864,0.04283301293964135,0.12943980317491446,0.9906617335683009,-0.3482844299949856,-0.927435886502278,0.13623741134799086,0.2680304773842253,0.24951346400733526,-0.1933404958232675
0.7785431033969064,-1.6913613099120268,1.2533681334907885,0.9346483861445132,-0.35536815033655006,0.012077748293284347,0.042441588714441064,0.14522032767995857,0.9884886281469903,-0.3530313099780968,-0.9233767021941287,0.15081233378024655,0.7181264147253712,0.2792784725051076,-0.28950062069188204
0.7333637915352402,-1.812667865687874,1.1523029440468076,0.9327302237433535,-0.35998955352717715,0.020539013291231936,0.0436794241112903,0.16934819913707955,0.984587880972711,-0.3579195965925585,-0.9174577422422963,0.1736803200558102,1.158999277875203,0.31405109193501807,-0.3752654916649675
0.6828072292999535,-1.9985777870054544,0.9768469035415103,0.9303965878787654,-0.3651964214599494,0.03152400698511506,0.04652655805999339,0.20296247123989447,0.9780805256538362,-0.36358969822953,-0.9085360801977223,0.2058269232153985,1.6047731545431314,0.3740307359368074,-0.47266182396991807
0.616198450480767,-2.2623958881512864,0.7088381044682995,0.9276038509043033,-0.37074338296027937,0.045830555077092806,0.05096214558502346,0.2471258338794291,0.9676423316219518,-0.37007290566167866,-0.8952531296904604,0.24812875342160198,2.104652531748455,0.44537826686710563,-0.6018975484300642
0.48752805413077893,-2.5396980648109113,0.3494234648156307,0.9244790937604211,-0.375929781180569,0.06336564385721694,0.056642890542364516,0.2998144702989207,0.9523144787045837,-0.3770013105427034,-0.876805613018591,0.29846595924523345,2.5755335846591385,0.5129617774451791,-0.7409947925390636
0.2580938760375211,-2.6893511119786924,-0.10567792924612152,0.9213554953398695,-0.37992843231705326,0.08220971672576013,0.06350104897626818,0.3557538775713191,0.9324198600265249,-0.3834992411803928,-0.8538697587513432,0.3519016440768445,2.960219224754879,0.5549136959353296,-0.8373204262146777
-0.037890999305743106,-2.708837671526359,-0.5906128092552728,0.9180394788981497,-0.3824939256848146,0.1044122215003247,0.07233138590132761,0.42048904821794497,0.9044098246604577,-0.38983545990328616,-0.8227316434554989,0.4136918624520037,3.335626600001624,0.5818416895583302,-0.934805875907712
-0.6724042502136975,-2.7110075067781594,-1.453448519434107,0.9120300109500329,-0.3788487491208904,0.15708241281575383,0.09222610407376405,0.5626549022976706,0.8215313789793873,-0.39961932492543145,-0.7347741736138629,0.5480979008682734,4.090206365474015,0.6419082555792399,-1.2070260771647736
-1.0482103525226723,-2.7512423384942566,-1.8722648841298448,0.9089597428914407,-0.3728750092494209,0.18643071978611742,0.10421492099157459,0.6362410223129615,0.7644191335706328,-0.4036476632478448,-0.675397356378748,0.6171766156872386,4.090206365474015,0.6419082555792399,-1.2070260771647738
-1.4714191599774602,-2.7764526066739514,-2.261584872429364,0.9074932411414736,-0.36044792145708965,0.21571581583140007,0.1128731369501434,0.7038793580815336,0.7012941638298167,-0.4046179336578856,-0.6120711929048707,0.6794506476400121,4.978308048890628,0.6552957114143027,-1.676857979577164
-1.938383745777034,-2.6495271809138106,-2.6817308589954107,0.9070427585543807,-0.34216782151799907,0.2453459110555658,0.11882939489919743,0.7670670526910968,0.6304662652225606,-0.4039220333949977,-0.5427055542312241,0.736422210654072,5.425812916253111,0.6461986058136998,-2.0185239435327538
-2.53206957385168,-2.047862035192311,-3.233859927772717,0.9076365570994591,-0.30415806106969023,0.2892814444498057,0.1231106253241881,0.8517477334618878,0.5092833911240613,-0.4012974634219945,-0.4266306041868803,0.8105224694122987,5.743939319531809,0.6447535040818253,-2.351273234369378
-3.1293720506995224,-1.3792854362908598,-3.5993402602001807,0.9086954503763082,-0.2744001804264779,0.31460629276496355,0.12314017064443256,0.8962752483340642,0.42606006336826613,-0.39888479143614614,-0.34841816859289504,0.8482309254886404,5.896023100840177,0.6182451447155031,-2.59526595788567
-3.7206115393741532,-0.4267057669910548,-3.83365125638863,0.9112278115345804,-0.2239238248045881,0.3457195339733964,0.11930866238333256,0.9468290988402904,0.29879775880950477,-0.39424525179917946,-0.23102549269326722,0.8894930596466929,5.993464479518603,0.5525770475590165,-2.8150235046466285
-4.126253237288561,0.5624044913992083,-3.901136441941528,0.9142516657641738,-0.16740606672011568,0.3689432212044732,0.11148433693382125,0.9794364945337767,0.16815289409883138,-0.3895062698671988,-0.11260267315071415,0.9141146009847205,6.062188297303821,0.5061056975265142,-3.0325580979978914
-4.30236710397597,1.7808943562599309,-3.7841376759612237,0.9179493423578121,-0.09549099425185181,0.3850330828404907,0.09744508691336955,0.9951355024992213,0.014484015398619848,-0.3845431834024697,0.024223989812051205,0.9227891083103879,6.026495340137355,0.4492905076404885,-3.2190309610469643
-4.253589327062038,3.0138415249155956,-3.4750425041472193,0.9211125635191071,-0.02521774904495623,0.38847871300801495,0.07976169932992783,0.9889550474473777,-0.12492391863993259,-0.3810376840251636,0.14605471324630387,0.9129503294765164,5.857749860057408,0.3818751141286443,-3.3594393824564075
-3.895663990418943,4.145166445242999,-2.91044002988382,0.923600345969335,0.04533941650906456,0.3806661769003666,0.05808075962792634,0.9649693785261116,-0.2558529340616839,-0.3789314268919468,0.2584152391356733,0.8886127041045984,5.546204481144736,0.3043696096292354,-3.417783568087169
-3.145414562848511,4.970927334900018,-2.093064643806944,0.9247881871225523,0.10977186293199181,0.3643033722970761,0.034347054109478185,0.9294830791647852,-0.36726214809091007,-0.378928870413146,0.35215244377228094,0.855804631626067,5.0945551276953225,0.25460905014773716,-3.4054729771146475
-2.0532576056625134,5.466742467440565,-1.0274146282806464,0.9243127835991288,0.17313991200959145,0.34010064531626494,0.006616718063130451,0.8837610932412162,-0.46789159974844874,-0.3815784285272192,0.4347285370692855,0.8157260581471559,4.4321935228201825,0.2364817892264396,-3.270281129261094
-0.9010095074289349,5.494988224962337,0.04777884473675087,0.9224537222916681,0.22546651471619353,0.31343895892498314,-0.02048332427400598,0.8392250212173511,-0.5433983779782761,-0.38556395533935856,0.49483958461754934,0.7787645483961123,3.641014606991085,0.19509777979425807,-3.0249520418080986
0.15617718286168336,4.960449907317412,0.9301995752220975,0.9194101496968445,0.27290259469920153,0.28321220037432704,-0.04956894327738799,0.7947539826537966,-0.6049041468846869,-0.3901639354127798,0.5421164827436739,0.7442323714007881,2.8548625446197393,0.13430702925603633,-2.7381389232501623
1.0440524419335002,3.978159040741088,1.4757664755584043,0.9157291633547562,0.3095584973510532,0.25615158812577193,-0.07559258613869899,0.7588647408280826,-0.6468462460653145,-0.39462116048491447,0.5729728107385942,0.7183149015939003,2.1469189632205268,0.11103323103766694,-2.421297636261965
1.805828962291693,2.907709902088201,1.8114289045009433,0.911291348389242,0.34105404180481863,0.23071675040948608,-0.10111127300369427,0.7285075271399288,-0.677534717466225,-0.39915484316551725,0.5941034619231425,0.698367015048999,1.4585118225195708,0.1056231433983707,-2.0221903828120205
2.360951923566608,2.0056534789960216,1.9883329593856858,0.9076062783938952,0.3612010483077561,0.2139734706017551,-0.11995292579933993,0.7115425600709757,-0.6923283042024347,-0.40232094031029547,0.6026947717618097,0.6891276174111874,0.7667201971191187,0.11426018419238843,-1.5723675189057582
2.715028857337226,1.160371049097191,1.9890355142994425,0.9024823272743863,0.3836659399695842,0.19577051735300113,-0.1441449360765496,0.6973268524872926,-0.7021093206927621,-0.40589147116057256,0.605421925030322,0.6846286630953201,0.21586658568562303,0.12248920479743397,-1.1397044600187014
2.9120010793887343,0.36243155966639096,1.9077308580233128,0.8997715307215538,0.39353979654240157,0.1885142462530509,-0.15665506854739622,0.6945362166650636,-0.7021955804752613,-0.40727187725326863,0.6022838801412046,0.6865739186137598,-0.19607803001541063,0.12259482618124479,-0.7259819217101104
3.068384305323733,-0.2892519857490481,1.976785513726682,0.8976342080559145,0.3994712323384972,0.18621375637098425,-0.16771801580128143,0.7003122443739985,-0.6938540390856948,-0.4075825017140839,0.5915957191476416,0.6956227493280203,-0.6160842415204377,0.1267025635022746,-0.2734265144155824
3.179326955789007,-0.6059751269693716,2.244165047577389,0.8975655043061915,0.3975125177613667,0.19068288780745388,-0.17228882846128166,0.7143629854944655,-0.6782345350561793,-0.4058235146797314,0.5759073911476158,0.7096745393168175,-1.1111923049509922,0.10695443098381582,0.234524519575137
3.182615468147251,-0.6373503764341593,2.4242135279546053,0.8994286400181307,0.38796574907905407,0.20127269823963484,-0.17185768852823294,0.7373425288905116,-0.6532923771046747,-0.4018619867676809,0.5529996135901664,0.7298618848523734,-1.5896240604265475,0.07656661695998028,0.739279009121681
3.1396396016370027,-0.4995829732431645,2.4833077754052733,0.9031232178525659,0.37046459060139586,0.2170816447472375,-0.16632214054509029,0.7679256802331016,-0.6185685856904034,-0.3958603275653234,0.5225381677438196,0.7551479751087247,-2.002214045712491,0.04267537719621879,1.1931873825995891
2.991386059283085,-0.3057889853609215,2.3107343874457897,0.9083968914778859,0.3451594954802974,0.23596612094345096,-0.1558598282778185,0.803231481404158,-0.5749146903763107,-0.38797268136110047,0.48547307851318383,0.7834494805387328,-2.344740424774929,-0.014528956827307857,1.586962941225807
2.916373641618647,0.008080455729379432,2.173520560551318,0.914716137173326,0.31272756256308815,0.25592158957004313,-0.1409871220611016,0.8405002663235522,-0.5231461877171276,-0.37870439634051795,0.442448611618781,0.8129097159395852,-2.6367711436256127,-0.07682038150371451,1.921060004654324
2.9889426441728735,0.7820287696961823,2.0210316791763407,0.9280130005330387,0.23255512653025237,0.29104979636853073,-0.10216837723566909,0.910155692297258,-0.40147009660985666,-0.35826455802199453,0.3428333835894585,0.8683960948564361,-2.886168913132298,-0.17137021026143923,2.2030198787327606
2.9927574199830818,1.2307386572419015,1.9762117710589981,0.9348518888259603,0.18097154557968959,0.30545252601514267,-0.07614687024530994,0.9425182256828928,-0.3253629487317421,-0.3467760085564992,0.2809069133112771,0.8948953603318959,-3.140532645217698,-0.26779837297072373,2.476054027587824
2.8419209257650078,1.5685826247308117,1.8916190333854683,0.9404255215578958,0.12822817393652564,0.3148926385475886,-0.04900714059316838,0.9676063313039251,-0.24766163972532926,-0.33644931055575034,0.21747533889952214,0.9162457849273298,-3.4911063246102607,-0.3368800206043776,2.769614949895116
2.5459667134014627,1.717987162420701,1.6568014069937984,0.9451618835441692,0.06588114519558799,0.31988855653642084,-0.01659832786036403,0.987867547864999,-0.15440920758631133,-0.32618017936023813,0.14063208233867153,0.934788269080016,-3.860704713590593,-0.3952927338004279,3.028168852652558
2.2975303781656398,1.6119840967542167,1.3219411644390084,0.9479627001671364,0.016970976937885712,0.31792877352263105,0.008832831109863219,0.9967921202155627,-0.07954527120292276,-0.31825885720026,0.07821416123654205,0.9447718480118092,-4.310040533970324,-0.5526757745619706,3.298290124733105
2.0941693237442793,1.69817689617449,0.9767662470672603,0.9502164163424548,-0.07009469530493437,0.3036041761956013,0.05548625662874278,0.9968601378664671,0.056490183732894494,-0.30661056315565977,-0.03683204071124996,0.9511221600501244,-4.512174998855624,-0.6345222299784092,3.414388169192583
1.967504161966769,1.7338959896558777,0.8072515759928396,0.9497569775215688,-0.12023776234764705,0.28897156288244624,0.0831240910839055,0.9870102563926552,0.13748141422453555,-0.3017483539815381,-0.10655343392558614,0.9474145326033893,-4.731613121509438,-0.6945840710621698,3.501065505033474
1.6829843680446683,2.121770469992236,0.7171720771882717,0.9468277872193821,-0.19099162238121187,0.25891956575245473,0.12280640713818926,0.9583506263490567,0.2578423226357126,-0.29738145153162565,-0.21233529418483826,0.9308479978645182,-5.013924095315431,-0.7618801566639306,3.560059221528729
1.2225123189420508,2.410781687774901,0.4526586712068309,0.9417430731700434,-0.2544032403984158,0.2199976713763739,0.1597676976301544,0.9139744613004785,0.3729945936397179,-0.29596328645661585,-0.3161165534502806,0.9013745379721548,-5.248986562449588,-0.8592496161381311,3.574604281012929
0.7835496195699831,2.3545032146998675,-0.015185606425058618,0.9347963838411748,-0.31028178887683006,0.17286102003880482,0.1941518230561589,0.8539187716579509,0.4828330985072841,-0.29742358743285974,-0.41778935230755765,0.858481954811515,-5.458910783947637,-0.95158442144358,3.5622513950014465
0.5793413991982802,1.8247096707213064,-0.3738398311491133,0.9261707247466247,-0.3574699136344256,0.12009600105127256,0.22543751412045415,0.780143944138004,0.5835694934212955,-0.3023007043483379,-0.5134108367292156,0.8031336108515856,-5.506913831809128,-0.9771224847480291,3.4714790479418767
0.5159877522490708,1.2013731312378413,-0.3987568567077751,0.9132172726942301,-0.4046267861704624,0.04807677990749673,0.2608720113349323,0.6712126284629616,0.6938439313663469,-0.3130175818623902,-0.6210883764048427,0.7185187695111513,-5.348783470406632,-0.9547291100254203,3.3083203746880514
0.4115384637532117,0.8863851903586504,-0.26337367717604965,0.9032435482106405,-0.4291123337833431,-0.003701028352208903,0.28270424431851704,0.5885347092731352,0.7574333015025687,-0.32284578804771114,-0.6851930392055932,0.6529020570989617,-5.12880194219012,-0.924415452326739,3.151257044214017
0.18264261671302245,0.773400641085823,-0.38757463404949233,0.8910851129260536,-0.4494045290258778,-0.06326840295589743,0.3045814877221005,0.4888418808860789,0.817473995200307,-0.3364482707022775,-0.7477092916252871,0.5724800226721097,-4.906242608915291,-0.8719557189012849,2.983002940114546
-0.021400230064552328,0.5172264252721692,-0.6107428154132097,0.8795949430371067,-0.46123294195785375,-0.11651999586530581,0.32108690009378693,0.39486671887392116,0.8608039712465929,-0.3510212796565337,-0.794571864326095,0.49541862464954256,-4.638207002591494,-0.7923381732672559,2.75961665010366
-0.1530341888578855,-0.01903612746549735,-0.6021656156631258,0.8680970806137911,-0.4676737485858299,-0.16639928940199783,0.33397044357886474,0.3022536992689724,0.892808178778598,-0.3672481469599925,-0.8306166180386108,0.41857476320551545,-4.16113547643298,-0.6555670530167323,2.4279570333012366
-0.22414225287371636,-0.6869001557085835,-0.3139643195674588,0.8579480262478728,-0.4702749355665585,-0.20680103780021822,0.3429991279371363,0.22467323818230803,0.9120710138355669,-0.38246147844161005,-0.8534421017400917,0.3540618540392535,-3.5581938801222366,-0.4930051123230004,2.081142820421432
-0.17165857065348228,-1.2837095642470135,0.06466473025013286,0.8482504202392936,-0.4715121279953399,-0.2411380055428146,0.34974072177289817,0.15682775285754003,0.923626809630072,-0.39768411094439343,-0.8678026095184092,0.29793619923635917,-2.878823100279377,-0.30691797576506663,1.698035859216661
0.012354618092811798,-1.669200003751289,0.41776049163285284,0.8408122521881479,-0.4728685189425707,-0.2634959589127556,0.3530672087204847,0.11007070839018653,0.9291006324832671,-0.41033925317548986,-0.8742309780301442,0.25950316829634207,-2.2039938487100135,-0.11018142468441114,1.2664543208321462
0.1492401511175348,-1.831878001379764,0.7300932327291487,0.8342021279173277,-0.4762974947381827,-0.2779343560705151,0.3538683787212136,0.0757974129986207,0.9322188169758938,-0.4229467818998283,-0.8760111007794635,0.23177698546605568,-1.414786441532516,0.10268074564549015,0.7482972384629764
0.0884441615550387,-1.9308053107375749,0.8981968685994108,0.8299996185425864,-0.4820824872673695,-0.28053004952993205,0.3530564717512565,0.06472129017337554,0.9333607460959812,-0.43180060325770037,-0.8737320127295327,0.22392098820317458,-0.5265806278251898,0.3204139695051633,0.22056167737599283
-0.03715362342634826,-2.1805250374098724,0.850898299493554,0.8272494653156918,-0.491191995061008,-0.27274300380190736,0.35162784527547886,0.07401938259642617,0.9332089741461804,-0.4381965090707872,-0.867900659631061,0.23394927751575842,0.36536080804341947,0.5308396021161057,-0.2756716197396235
-0.04999673212668265,-2.6142244869843183,0.6654120152632859,0.8260860931351041,-0.5026183530707647,-0.25486576444318826,0.3501039557645826,0.10333403849059887,0.9309937146120877,-0.44159821884465283,-0.8583104727577637,0.26133148579452703,1.249621668308865,0.7345431583811625,-0.7564248188650633
-0.005030151628720947,-3.022295453087599,0.47021444703136395,0.8263159356988171,-0.5157239932428859,-0.2263420800553856,0.3486150843297471,0.1527142494902458,0.9247409804806928,-0.44234545028512523,-0.8430344718908254,0.30597938135731917,2.1082370780867254,0.9356547621206517,-1.215830844420213
-0.035922953625594556,-3.2260274733903387,0.2871667933472144,0.8278854161280041,-0.5282481165885587,-0.1885727050323043,0.34707040545181045,0.2183514329522323,0.9120662176548484,-0.4406221413207419,-0.820534325332187,0.36410925493535273,2.9749404380955697,1.1446890395496319,-1.6833509685991057
-0.11893046704751808,-3.2505901438494758,0.029856766122387413,0.8308468576668959,-0.5390711066935197,-0.13818770217811477,0.34518963747531184,0.30444831679151724,0.8877811310128603,-0.43650614346731265,-0.7853111258164089,0.43903168722116065,3.863584839171768,1.3673317512786844,-2.1550416634233245
-0.19586890116974498,-3.342584737206422,-0.9581952575557081,0.8388640439797472,-0.5442628972534941,-0.009220324895362786,0.3399675614145185,0.5106077083393823,0.7897479505324904,-0.42512253869185646,-0.6656257708785291,0.6133621770524784,5.658936625164694,1.9396802605013683,-3.0956443145833945
-0.4765099281681353,-3.4111709895018127,-1.780552397688933,0.8448086558702513,-0.5273992318651806,0.09026840640398753,0.3343914479147251,0.6520977613170275,0.6804049303516353,-0.4177088633584298,-0.5446269915394732,0.7272556260067515,6.432570735221616,2.217762343542589,-3.489853651844279
-1.0006763254988396,-3.2668044030380194,-2.6148949611450485,0.8499470892753993,-0.4960112291733563,0.17765924115061227,0.3283688237544597,0.7624004592308838,0.5576015202190978,-0.41202410247264376,-0.4155940330400235,0.8108746750781783,6.953493616192528,2.3997390360731155,-3.742872921206059
-1.7679445150091095,-2.6569962607209052,-3.4148234831501325,0.8547804255227986,-0.4503531824186091,0.2579388207085028,0.3223697219800216,0.8502244813671467,0.4161683477085793,-0.40672863987379304,-0.27258089142380443,0.8719354741820176,7.240795948983299,2.4598105493320364,-3.8222435360711
-2.546606530399214,-1.6454412672517387,-4.006890376745106,0.8594325298664681,-0.3914569146079181,0.32884222753924175,0.31669197492280077,0.9125782544158954,0.2586641115167162,-0.401350121000128,-0.11816265726905736,0.9082707012781482,7.3138251666531,2.423191867960718,-3.768027556519513
-3.1248310223722036,-0.45323629225308987,-4.256379732064691,0.863828699164118,-0.3236384340497955,0.3860804870829695,0.3114366828780925,0.9454348777735668,0.09570833008244231,-0.3959888521894489,0.037564023946793285,0.9174866609638578,7.224292888437436,2.3317799782105384,-3.6381368874894786
-3.7403807793187824,2.126590926799649,-3.503641935856053,0.8717746572675621,-0.18364715930722592,0.4541835177815351,0.3015086570043609,0.9318323339284665,-0.2019431385238233,-0.3861366036747232,0.3129891728539706,0.8677190219067106,6.985497381699325,2.173992996442366,-3.443174495447137
-3.794194451569602,3.3025198622190137,-2.5786466632472846,0.876212642884083,-0.11409565154572485,0.468223863924561,0.2960054381191184,0.894118715866007,-0.3360543148689359,-0.380305383940325,0.4330518493627283,0.8172110564043564,6.559258094521676,1.8937035753233313,-3.2048917123673113
-3.592097047560515,4.028316731518472,-1.632423696833439,0.8815848315546103,-0.06737339858811156,0.46719269037038186,0.29052912293175065,0.857519879378267,-0.4245615211009922,-0.3720228669065059,0.5100200796378216,0.775550452817156,5.216017964063304,1.1681551463050592,-2.610830349590583
-3.0404500570504216,4.504641885009352,-0.2659869738170144,0.8892182408487086,3.0096822743769236e-05,0.4574832447599672,0.28092812296484365,0.7892132840140224,-0.5460968614295909,-0.361068289758844,0.6141191996917079,0.7017743930214616,5.216017964063304,1.1681551463050592,-2.610830349590584
-2.4906213525325835,4.504378314310939,0.8620638648595957,0.8948017998567424,0.026618904330211576,0.44566935378752753,0.27308361828098177,0.7570821416323896,-0.5935081871784748,-0.3532068464790857,0.6527771938062589,0.6701692762628907,3.4409903333855105,0.4634654925558055,-1.9814828894686043
-1.8291120782547958,4.205045471449097,1.928909360475962,0.9031419488663502,0.05493799094490107,0.4258126787084055,0.2600750448130813,0.7191088363567536,-0.6443938644486829,-0.3416073641819854,0.6927223820727713,0.6351693554573168,2.6195009171887342,0.15427535492901756,-1.7104319988692631
-1.1594864432508243,3.614607155691803,2.633728092643941,0.9109536687957218,0.07493538483701942,0.4056452901328217,0.24608659561405807,0.6904945004191219,-0.6801902177700208,-0.33106615768860514,0.7194456428322267,0.6105679046944975,1.8946445316212344,-0.05359554406207612,-1.4751775332275576
-0.457564334293508,2.796631584542219,3.0091321481242743,0.9182706568878787,0.09023049601911473,0.38553528799170533,0.23077223119939172,0.669255319710933,-0.7062871189154375,-0.3217501794963869,0.7375335752538744,0.5937348291681075,1.2778254114418433,-0.1637171590592879,-1.2727657052747956
0.1813499281182843,1.8774870725140032,3.254830623922642,0.9253991423395342,0.10332813433669734,0.3646364271596443,0.21313101437657783,0.6536843626346941,-0.726134921868989,-0.31338729723469044,0.7496799655195359,0.582896518458092,0.763217377761965,-0.20836313290886133,-1.090098233369555
0.625804325968162,0.9762747481924385,3.3082155222107144,0.9306319958467768,0.11275177746078813,0.3481538811871502,0.19770854810542207,0.6456612995969103,-0.7375858026079899,-0.3079535976608968,0.7552539459561022,0.5785810736668189,0.38539334526552455,-0.20045206418314127,-0.9400910094339927
0.8982792584245953,0.19486959563982853,3.1125495296760697,0.934400829118459,0.12059824478612796,0.3351882365138135,0.18424979346806644,0.6416877519197489,-0.7445057707252183,-0.3048722751410991,0.7574251727997197,0.5773733657345186,0.1490158097475348,-0.14038179501383996,-0.7954311373373868
1.0969155081695914,-0.3929553420068246,2.8437117706802013,0.9372201335626682,0.12812913096230313,0.32434757135458553,0.17159904094280087,0.6402402317142764,-0.748763123318689,-0.3035987325274664,0.7574136066201186,0.5780591994894826,-0.014120569634146513,-0.0682930532666694,-0.6471305494805961
1.2299295606849652,-0.7472233968060475,2.6585178510780496,0.9389168490873341,0.13392628949098426,0.3170156139421023,0.16171968736054007,0.6414248601091673,-0.7499472591815654,-0.30377934956135566,0.7554057835475667,0.5805860909141448,-0.163500834764143,-0.01924208238446168,-0.4834265474573286
1.2877353128607427,-0.9465011473694768,2.4781659504785676,0.9398255237168729,0.13776932965625113,0.31264612068018965,0.15477544715767613,0.6441248587753177,-0.7490979423712336,-0.30458585969714036,0.7524113091346682,0.5840416731354107,-0.26294786915848745,0.004331899467337169,-0.333555396386532
1.3749332508417402,-1.1226964417929894,2.3165222321726366,0.9403497405186128,0.14055004255711642,0.30981938455133745,0.14820807551920254,0.6504779061700636,-0.7449247344097938,-0.30622986767699734,0.7464075154510462,0.5908460789585782,-0.38579543309642594,0.011017037485530526,-0.16702682161554183
