-0.07014710511221922,0.06741009779861287,0.09418371749316765,0.9999997460517885,-0.000569474566085525,-0.0004284799610458957,0.0005697662181289116,0.9999996059028841,0.0006808527984785747,0.0004280920638312124,-0.0006810967589841639,0.9999996764221426,-0.033771973000000004,-0.021240234,0.028249511
0.003671124548624092,0.20668554979098802,0.0037099207155585415,0.9999991724181012,-0.0009279170368712881,-0.0008911414508033142,0.0009297038026708095,0.9999975543725487,0.002006713671820883,0.0008892772075991145,-0.002007540508696497,0.9999975894806717,-0.06467118039302863,-0.02253955990187306,0.017510835483698698
0.12233714986655198,0.38936250790307736,-0.11827605419298112,0.9999988809763793,-0.0008013630884070525,-0.0012632747877672538,0.0008067669887112167,0.9999905024651957,0.004283002034925784,0.0012598305500326234,-0.004284016410541779,0.999990029965489,-0.11297541891223188,-0.01849017247634866,-0.006223256898092982
0.5972250665452149,1.6281163817230608,-0.8147765089598369,0.9998963958111894,0.014384722219730224,0.0005266976876278837,-0.014393523404122364,0.9987737726904371,0.04736852826219162,0.0001553312844696324,-0.04737120171973964,0.998877342379844,-0.7582781100687669,0.024582569663414457,-0.26794942227944524
1.0646357703081193,2.748438075432576,-1.6810256251605789,0.9991827933442834,0.03972146374829428,0.0074800268988743455,-0.04031129574449286,0.9928320851315457,0.11251422207324352,-0.0029571811095995995,-0.11272380427859979,0.9936219598161291,-1.6039938340070734,0.12015513507293023,-0.6327812487590199
1.6653888368603242,3.5051571130001573,-2.748487800186007,0.9961798466107689,0.08301378146970968,0.027100282150636965,-0.08684977556170229,0.9741813922036024,0.20839321382696907,-0.00910108188221546,-0.20995077320731687,0.9776695981456227,-2.4474383072221952,0.3096341797937481,-1.1491684872853676
2.183644062524246,3.2812400649428133,-3.77322364723325,0.9868904783116,0.1466731997653104,0.06733614399790466,-0.1605546571701983,0.9346705274543362,0.31719584986123806,-0.016412978975837943,-0.3238486955027584,0.9459665092075411,-2.950527139147321,0.554551817057694,-1.841470493550189
2.369337190973834,2.20398017715766,-4.261628379487546,0.9657097250617779,0.2233847711743694,0.1323025734008224,-0.25911601666364276,0.8611542131358031,0.4373469001911672,-0.016236281269803435,-0.4566318705542033,0.8895075704931903,-3.532888386558706,0.7548064572604899,-2.4589260527988968
0.9737835669442652,-0.6253783759383169,-2.8908250048741797,0.9047617327325149,0.3340342688431176,0.2642485841424717,-0.4256994828940199,0.689337551794321,0.5861686531621902,0.01364394541990016,-0.6428334519334351,0.765884453314417,-3.70442770138891,0.824087074336311,-2.9617629989555194
0.19783625418773054,-1.383896357030134,-1.7400367348802392,0.8773995828176141,0.3652582986572197,0.3110568233193254,-0.47857259894938686,0.6207471968452511,0.6210001490688972,0.0337378067797255,-0.6937285440795965,0.7194459448234438,-3.447191538258346,0.6482186503140941,-2.988436650008528
-0.5649582837391653,-1.8282022628950687,-0.6593568031025858,0.8494739465886116,0.39177164141755727,0.35342466672285555,-0.5245182076923749,0.5543759385391969,0.6461795172921868,0.057224678822578985,-0.7342903375026653,0.6764192755856941,-3.2207727572774814,0.47993980113914503,-2.8905936026225034
-1.295913167439899,-1.9169134670550645,0.07908446484535703,0.8200297833066063,0.4137298432669434,0.39544755819252553,-0.5658690594886241,0.4826592415300397,0.6684551324353094,0.0856934186713339,-0.771924655232593,0.6299118705346506,-3.17337203460725,0.4259998336017092,-2.6633363036035718
-1.8909013540839297,-1.7320834208166285,0.4899686300356656,0.7949004556258062,0.4253478453031029,0.4326805705620406,-0.5958804074408377,0.41296491643775995,0.688757227054421,0.11427950679814272,-0.8053193082793693,0.5817224475971439,-3.326800632853929,0.5633406321728959,-2.333080735218574
-2.34741145932849,-1.4763936078675761,0.9955739997778169,0.7719877678910883,0.4288522225326642,0.469170179631367,-0.6187516690488206,0.3380086464742921,0.7091519773348416,0.1455378242101817,-0.8377564837931195,0.5262915689869591,-3.395129209733552,0.6974105534982241,-1.978381477456007
-2.7804732668566636,-1.322232548429649,1.911395493683973,0.7544369075040407,0.4284605433922032,0.4972388916323795,-0.6326348423511319,0.27277522043619085,0.7248219335528872,0.17492315123818813,-0.8614030658594416,0.4768507620722196,-3.1509914709520253,0.5986047357551496,-1.5991681173599646
-3.194901796874655,-1.1999081129825386,2.932911280430319,0.7402803779319123,0.4271877791104214,0.519129621027052,-0.6402364889268279,0.21233804132827308,0.7382477866214839,0.20513946547564338,-0.8788760763518246,0.4306908892939216,-2.7586976593766876,0.4024876788528839,-1.1912113313012334
-3.416431550091138,-1.0490522534572633,3.6803900440129005,0.731623301722245,0.42576932103197995,0.5323981871165673,-0.6412996261377641,0.1649701308397309,0.7493461452801942,0.23121880090642435,-0.8896658592970108,0.39374169820925314,-2.393968063900242,0.2503815968761095,-0.7844745137168859
-3.1630470948386584,-0.792030310858396,3.5035836876384314,0.7278614466550364,0.41847936547067854,0.5432243874758345,-0.6366207573327242,0.11800632561125945,0.7620948224786979,0.25481704379092485,-0.9005273609341292,0.35230490544791787,-2.2654465337378804,0.45609032861237675,-0.4515704150267832
-2.7116245264117937,-0.6116214719015429,3.045607600687688,0.729429944217547,0.4050029693738258,0.5512753860614219,-0.6281153604893492,0.07736515124265267,0.7742646364716241,0.2709299732331602,-0.9110363484359916,0.3108210440628077,-2.218298367978961,0.7871849426220351,-0.19958659625255792
-2.3565289307495374,-0.5152890738546079,2.749651818345171,0.7351459561311232,0.38589100257828995,0.5573585536377623,-0.6164691667111555,0.038529265404037644,0.7864357966178033,0.28200388238198065,-0.9217394587607431,0.2662145384552518,-2.098062091144002,1.0336280650965894,-0.004089326694294515
-2.1592226231299088,-0.45846362017411063,2.8681499731958833,0.7429420424284401,0.36581834275955993,0.5605480012388828,-0.6041987683015598,0.0061076332088680595,0.796810231610679,0.28806417683414887,-0.9306662328231508,0.22556460960804406,-1.8719885572665687,1.1206653432015814,0.13913087916519917
-1.8663949965520357,-0.3206063810094525,3.080584055979638,0.7530694478878681,0.34352895643824544,0.5611365811870681,-0.5902937605990951,-0.023905188491623736,0.8068344428449731,0.29058506991178934,-0.9388377911288137,0.184780732471572,-1.5911929288175481,1.1134577641840395,0.25071161191551905
-1.3106675965037424,-0.12430192529703604,3.0019374146242987,0.7627706128259317,0.32437701940843,0.5594287635515848,-0.5783315101932927,-0.044878770198281764,0.814566486115796,0.28933312379798104,-0.9448626594723663,0.15336524445945865,-1.3209205582798393,1.1072796134035818,0.34433414830507364
-0.5949964078815435,-0.023792407713692898,2.5462013247873516,0.7742510402822055,0.29951058443059475,0.5575201668423894,-0.5662213665118951,-0.06570090774585241,0.8216305464299469,0.28271662619542676,-0.951828136028461,0.1187202962313561,-1.156593893675263,1.2730893001739827,0.32329824329158097
-0.03463197857467731,-0.000996352139990997,1.7684905996862335,0.7854915315049557,0.2700396213927754,0.556849761436642,-0.5560330783563837,-0.08710996513558243,0.8265827664230614,0.2717172605991801,-0.9589006501468876,0.08172682203752518,-1.1738754551307808,1.540751324925115,0.22752964272571985
0.2746728241341503,0.04295156100660494,1.04129735769141,0.7964635419650723,0.23629923058728305,0.5566044375894866,-0.5472651662152425,-0.10982135326325507,0.8297229105037599,0.25718993792109046,-0.9654542682029454,0.04184963370043364,-1.183221719950804,1.7167037027392396,0.14246163563045777
0.45455660615378257,-0.001444192556501328,0.61454026690076,0.80758926354913,0.19600503751943152,0.5562208254526069,-0.5396414152160705,-0.13482744125017887,0.831028702313901,0.2378796426425984,-0.9712896511097683,-0.003112758148980703,-1.1234317286619055,1.795862575440177,0.06174014715489862
0.6072128275230456,-0.0015714545089110799,0.8754060270403924,0.8162344089871142,0.16146803236624643,0.5546976330481574,-0.5344527971292654,-0.15353298547502825,0.831136468945882,0.21936635390633716,-0.9748618860612498,-0.03902186411413791,-0.942946246772063,1.7323786444744405,0.045196925100080665
0.7280755719418556,0.012668927610251901,1.0918761097830216,0.8233807300019101,0.1287364797869202,0.5526943931627971,-0.5310675368943613,-0.1684923843052813,0.8304080850329421,0.20002860974989908,-0.9772600652862026,-0.07036561716015469,-0.7842238278421358,1.7142533428819662,0.010284470173406779
0.8130221612424643,0.07707092870516755,1.1328161467286681,0.8295805334172894,0.09269223160368575,0.5506398902871216,-0.5293289048746636,-0.18342659361784835,0.8283511303897294,0.1777837142127325,-0.9786535827115135,-0.1031024539312436,-0.7339667005327823,1.77757867838016,-0.06562827173249186
0.9640526538965722,0.23602119210668804,0.8481269320796069,0.8338209883656816,0.05848557053078059,0.5489280439188416,-0.5292851908562719,-0.19781999303511322,0.8250602627055965,0.15684306201141646,-0.9784920482023738,-0.13399091575030847,-0.7950429268935819,1.8876982025116618,-0.15705455627504733
1.2411580232715018,0.3903220596884637,0.3095530616261951,0.8369647839630325,0.02077069572920184,0.5468624402943012,-0.5304040352849939,-0.2152893559146036,0.8199524697098427,0.13476464580559952,-0.9763293867485501,-0.16917274843216146,-0.8832421544006387,1.879484357543882,-0.22101147805256952
1.4788812886588918,0.3664979939675836,-0.026473893602828244,0.8381684637742642,-0.016522374497281077,0.5451611114847246,-0.5334706346794182,-0.2328430704743668,0.8131378643666818,0.1135020187883365,-0.9723739587592011,-0.20397592028945868,-0.8886884175380999,1.8176224643148176,-0.312455100192092
1.5467997838797167,0.31646190487743703,0.11410834008233384,0.8380703201292042,-0.05019184899380802,0.5432484853297934,-0.537290837772445,-0.24867007212878717,0.8059043062754092,0.09463981278677942,-0.9672869137551933,-0.23537062755075647,-0.8241175064002675,1.6473237301949342,-0.3293479730185496
1.549702563977051,0.3010064482642423,0.34901138441276014,0.8374045145501554,-0.07446009096456074,0.5414881105477449,-0.5405219567993899,-0.2599453260359909,0.800165258987043,0.08117692547008998,-0.9627482133588157,-0.2579267036303761,-0.7378952375485824,1.4616826054555243,-0.31431412982878076
1.5581784862750439,0.26180276623325427,0.2648116477005002,0.835947658204671,-0.1073405793566802,0.5382095435473973,-0.5449789749858708,-0.278021150835376,0.7910133731559307,0.06472580293419061,-0.9545586622683518,-0.2909094888843935,-0.8082872476395211,1.3384403115077677,-0.29103755040201573
1.4891109689910433,0.24088961718079296,-0.11689206444711472,0.8347038184437823,-0.1314720107679973,0.5347753227851747,-0.5480349826481287,-0.2937146385481472,0.7831917829602131,0.054103542113564516,-0.9468087565539045,-0.31721599146892804,-0.913904315009687,1.2767407657418868,-0.2603004280217162
1.3707690794331997,0.24469962253336167,-0.44450741755654566,0.8334080708007546,-0.15345213487633355,0.5309269533806501,-0.5507466366431707,-0.31043668108474326,0.774794946591242,0.04592526266010262,-0.9381265955823792,-0.3432336826574801,-0.8991354747712514,1.0713837360677287,-0.21277939031504137
1.3082716126482241,0.19724445675910646,-0.5895232357775296,0.8326870399713672,-0.16634048606666915,0.5281696092722736,-0.5520999785725602,-0.3228318006244548,0.7687426371457172,0.04263692207349145,-0.9317244609865496,-0.36065443526376134,-0.8359030164001535,0.7948681983162199,-0.14384660087922693
1.2518897035047944,-0.3384338297861731,-0.9249651982962864,0.8318349962379075,-0.18736017061957302,0.5224430165092497,-0.5534460036745708,-0.3509142443813579,0.7553520464703254,0.0418098080661371,-0.9174722663686706,-0.39559648683198356,-0.7737204512108132,0.5387096981021452,-0.07964212170567232
1.1336279463104684,-0.5626989707126024,-0.7039214260524188,0.8317955768575279,-0.19204814179696053,0.5208009500304179,-0.553323420811127,-0.3615014260702055,0.7504331488754219,0.04415099435034757,-0.9123783371943581,-0.40696002201240034,-0.5596725590417458,0.2373089456284597,-0.021848733658547535
0.9931249472286318,-0.5075165752613321,-0.23911678366729502,0.8319517390620812,-0.19372017043155568,0.5199315334152629,-0.5528322893629019,-0.36921624402704495,0.7470313413668366,0.04725212915150843,-0.9089289635139427,-0.4142648616237185,-0.4112297403949921,0.09187853357920504,0.006157134985972562
0.8708877814250868,-0.3606474657839712,0.012839192369958424,0.8321192089301381,-0.19544027426279875,0.5190189990025048,-0.5522971870375992,-0.3771587802626227,0.7434507863074505,0.05045234702009083,-0.9052924133487986,-0.42178217958239034,-0.4112297403949921,0.09187853357920503,0.006157134985972576
0.7920441423026998,-0.30042199751550924,0.07235373893936892,0.8317966896865087,-0.194724038620345,0.519804593871531,-0.5525059648853367,-0.380530094572103,0.741575354155645,0.05339874336244771,-0.9040350634285864,-0.4241098658354729,-0.20418247291899586,-0.0531179745968579,-0.026114149014716682
0.7833590924918346,-0.28173550916199186,0.21369283402878753,0.8301772012704646,-0.19422230522082187,0.5225739284019509,-0.5547063608896236,-0.38148327033345,0.7394399013065819,0.055737488993753276,-0.9037412298940475,-0.4244350618295636,-0.07103219196264121,-0.07402131110618866,-0.11882951506988296
0.8573021671603824,-0.23042048552183556,0.5248065291955426,0.8275609920612852,-0.19307547402972428,0.5271286994147993,-0.5584595639812541,-0.3787336473393134,0.7380269234729375,0.05714647685035934,-0.9051423565943966,-0.4212500379612251,0.10363488595730322,-0.1534296643572605,-0.21627024402733896
0.9635503448179522,-0.1727164159909555,0.8866160904455879,0.8241438185354575,-0.19184241371875377,0.5329009801720735,-0.563440231466304,-0.37345086746893896,0.7369325309361067,0.057637417837656094,-0.9075962416654553,-0.41586895794197964,0.26415885864225475,-0.21344589142133347,-0.3267731906799406
1.040639138290048,-0.1238744615886877,1.1658545481685425,0.8193926131115112,-0.19114560513125306,0.5404249283825606,-0.570388321101773,-0.36567376758711695,0.7354861377683096,0.05703427679027743,-0.9109039759149427,-0.40865760476633717,0.37441164123903997,-0.21831673827786802,-0.434429650086822
1.0598621698947341,-0.09062178751871841,1.3766897371134164,0.8121307295016917,-0.19237696138646024,0.5508491471598751,-0.5809742257547964,-0.35394193712700744,0.7329352318939221,0.05396876140569322,-0.9152683813344007,-0.39921317979475773,0.4422145095369799,-0.15026071388238743,-0.5286760969221322
1.0600444040119306,-0.09783186230795915,1.7190155669245213,0.8048195077606115,-0.19553057613654473,0.5603867893907538,-0.5915046054448722,-0.34197757389281186,0.7301874010772121,0.04886575145715899,-0.9191404314630585,-0.3908874589756366,0.52031306793165,-0.062422642309652554,-0.6166537242506178
1.1173824462578976,-0.15870834959596458,2.3418554984209354,0.7958801533437729,-0.20027494437692672,0.5713709199533265,-0.6040767451238734,-0.3262871786845679,0.7270680594185199,0.04081749029569324,-0.9238109242052097,-0.3806669263346598,0.662730411580281,-0.0127792495565065,-0.7161446933546762
1.2001489043078846,-0.2817915790290999,3.1129412369950114,0.7863196967170867,-0.20528791434669535,0.5827162317783261,-0.6170458426795893,-0.30814574600186323,0.7240860634294736,0.030915410179781787,-0.9289257620736648,-0.3689731236408377,0.843560958590547,0.0025331740980442385,-0.8177757444682705
1.2365870353643325,-0.46872125631883477,3.754307582964989,0.7759757667760202,-0.210916058186051,0.59445439335211,-0.6304884616576013,-0.28714860250630625,0.7211310420411173,0.01859863148188101,-0.9343768492840208,-0.3558004980731022,1.0224308304904823,0.03984729168861492,-0.902151862284379
1.1985956107998599,-0.7303984993774881,4.0339164750694625,0.7623226784635014,-0.2201527695014337,0.6086024087867881,-0.6471971356684615,-0.25925831342705313,0.71688283178041,-3.8506774782620656e-05,-0.9403817761950772,-0.3401207337364483,1.1469387372237871,0.16675237729424927,-0.9897156273182408
1.0899644108969901,-0.9927509721593052,4.0212651208962775,0.7476746108770665,-0.23324118207535738,0.6217565658952997,-0.6636859398697887,-0.2308155450431848,0.7115090704872099,-0.022442136016472755,-0.9446283582184622,-0.3273738159665656,1.193383435001321,0.3898238048182972,-1.067170383207642
0.9681801462741361,-1.167504443144411,4.016064914389783,0.7327016039141221,-0.24934098710515937,0.633227788217713,-0.6789039825561657,-0.20312280378823286,0.7055710517379419,-0.04730477873376027,-0.9468739085700016,-0.31810699328735026,1.2342414559177324,0.6262017939117773,-1.126584645966465
0.901235669319342,-1.2513105499754604,4.105175406068026,0.7147267712444529,-0.2702875126249185,0.6450661229560215,-0.6950322174563958,-0.1715233878909452,0.6982191232729585,-0.07807598327350504,-0.947377637442138,-0.3104508864706761,1.276472694601447,0.8273453009746488,-1.1792844314467092
0.9149062336646953,-1.308788746451883,4.163888219447412,0.6957688024488394,-0.292966115063163,0.6558022788643728,-0.7095640076231021,-0.13865990948386095,0.6908634804270456,-0.11146610527308301,-0.9460149496317303,-0.30435344987123947,1.3816324159647484,1.0040915279473293,-1.221444821965059
1.004772639146832,-1.4056905065975336,4.069387123501226,0.6718666352655307,-0.3202851102617239,0.667841802047168,-0.7246200288806455,-0.09753301458333319,0.68221193540666,-0.15336570073515982,-0.9422869834667794,-0.29761418418329944,1.5205689163983207,1.1253378371414853,-1.271802323238326
1.0978917502261032,-1.445172369241809,3.7901773104974676,0.649898700891134,-0.3438183795551274,0.6778057247177113,-0.735518195705634,-0.05989709015572293,0.6748520744406191,-0.1914279560721076,-0.9371239301559658,-0.2918117152601859,1.6594263508976568,1.2168017247426681,-1.306151643530805
1.0510996119964875,-1.3294667841467525,3.0317810564794634,0.6261144124020626,-0.369083272360379,0.6868466209032212,-0.7440025292557203,-0.01919667785712271,0.6679009836946955,-0.23332590735602157,-0.9291980551115054,-0.2866182048186842,1.7537784390493685,1.335189372372179,-1.2659464890915448
0.9673212196783668,-1.124385400254472,2.1189138388849043,0.6047904819951452,-0.3920856771482306,0.6931791216296784,-0.7487177590959462,0.01667488048537125,0.6626791573417292,-0.27138568514647987,-0.9197775655755104,-0.2834767005620811,1.8115632327130384,1.4762328567894536,-1.1978636809326888
0.8890795340704507,-0.9133773563231277,1.1220958420902432,0.5723492536950349,-0.42607430965433196,0.7006261588374503,-0.7514189653749781,0.06956607300972809,0.6561479253650077,-0.3283075848492288,-0.9020095587844896,-0.28034422696370437,1.8702120968050524,1.585161863906102,-1.141104339829492
0.8906902385169089,-0.7177093795021215,0.34942805205932687,0.5529784722788377,-0.4446733268913987,0.7046136824867205,-0.7506845608894211,0.10102571756295207,0.6528908748275999,-0.3615072602845192,-0.8899772113611819,-0.27794435417787344,1.9555200767671772,1.5791351507569198,-1.106041777293784
1.044945472134498,-0.6467648280470787,-0.2876124265723351,0.5169435195213109,-0.4746666566224862,0.7123629431095849,-0.7452398975728286,0.1598924979001333,0.647342169320752,-0.4211732335875103,-0.8655206261008959,-0.27108513995303024,2.05397732792874,1.504844430559031,-1.1031682056781311
1.2115715320538434,-0.6320009827928103,-1.0220090633026484,0.49562210646223515,-0.4905433076772812,0.7167468108606887,-0.7397800161354533,0.1939503124992044,0.6442893790899324,-0.45506511106935543,-0.8495590265393531,-0.2667680736387736,2.1124323650807453,1.494716786211798,-1.088138790771646
0.9475620781320895,-0.57991100686422,-2.8209257412759126,0.43143407217449925,-0.5308670898513711,0.7294139937509178,-0.7151630600560261,0.29159503333729997,0.6352276238202498,-0.549914937875149,-0.7957087843210952,-0.2538524998025742,2.180929944257924,1.4999116179216923,-1.0866266295963503
0.6161096896712164,-0.39570833925560434,-3.47192633439891,0.39589988764698286,-0.5483664471831117,0.736585038243974,-0.697589934762901,0.34204384763730916,0.6295826309635281,-0.5971863711427089,-0.7630860016388956,-0.24711979326667863,2.2000013228061714,1.4773740189534361,-1.1045396895407797
0.31176968770861224,-0.1666033270170275,-3.9375878016898698,0.36133202871082726,-0.5629860203356196,0.7432939566109615,-0.6777286260940265,0.38892303494952324,0.6240374846580582,-0.6404085214926644,-0.7292363223210382,-0.2410213928415203,2.189026182768964,1.4617747931559548,-1.0790112834426882
0.17453113685247956,-0.06742034323136825,-4.171685775246965,0.32602375815005724,-0.576083492675205,0.7495574151383261,-0.6567426196637399,0.4323002092978183,0.6179042486973785,-0.6799982651734638,-0.693717765743533,-0.23739844324022044,2.0825823040915723,1.4990296586480125,-1.0627432635479561
0.041675811567319254,0.17590419032853366,-4.3228804346958425,0.2919135699125019,-0.587449700693391,0.7547776605439399,-0.6358410470164427,0.4703200563929998,0.6119683059469014,-0.7144876700335506,-0.6585604708071465,-0.2362318260952524,1.9859635420667208,1.5444494441591496,-1.028146705908649
-0.10604760197030716,0.4917685344874807,-4.26169183760455,0.25624158211733317,-0.5983163152403882,0.7591823486562166,-0.6133684718596435,0.5063761477654316,0.6061042110914661,-0.7470738713959758,-0.6209676190361345,-0.2372337387177955,1.8758198001458088,1.5743256798048386,-0.9677430181354876
-0.3029186035950693,0.7960308400873802,-4.011627471934598,0.2222982342581722,-0.6087320258935657,0.761596228783476,-0.5913945557425235,0.536842045097401,0.6017084826174085,-0.7751361006196277,-0.5841625966005997,-0.24066176731887381,1.7555194419292932,1.6266613847789584,-0.8496861058614172
-0.5843765689749778,1.1025633856851345,-3.6161408789093707,0.18675523288093135,-0.6203391566056755,0.7617754352651095,-0.5674360564502049,0.5648760437145098,0.5991088190618495,-0.8019593536033036,-0.5441455559123881,-0.24650924759320866,1.64592355114315,1.668009644223712,-0.6911188279692131
-0.8438784584357628,1.3829569004212579,-3.0939686096789765,0.15590072788420778,-0.6308469937572707,0.7600835700846237,-0.5453365016168596,0.5866227274826088,0.598733559778597,-0.8235915632456774,-0.5078443128245884,-0.2525689824231454,1.5516787702790846,1.642748599044344,-0.5349554123327397
-0.9864430301755618,1.6294305895250618,-2.4661253987703384,0.12428578603158207,-0.6425001924257844,0.7561392372594751,-0.5207859147905926,0.606409422911047,0.6008740656413935,-0.8445916613051758,-0.4684667699394703,-0.2592369786821368,1.457436042633995,1.5706480088552017,-0.35792334900512857
-1.014081205920399,1.7720815226122826,-1.8525179750825929,0.09773798086905373,-0.6533994395495085,0.7506773338072941,-0.49846817413721306,0.6207153617890803,0.605179245357411,-0.861380732584583,-0.4333377574542047,-0.26503135945885337,1.3591136039717409,1.4804070756002479,-0.18119775219731787
-1.0344950080427946,1.8369981593284141,-1.3271522460697294,0.0732538168242119,-0.66494873322067,0.7432880064341882,-0.4761542973047573,0.6315426563106329,0.6119076387971668,-0.8763052912535091,-0.3987443484845091,-0.2703552867483219,1.263044353797874,1.379204697918677,-0.009995699136305488
-1.0922539570155965,1.8382374353496165,-0.8503601525726192,0.05311618544662993,-0.676657829960129,0.7343792290072257,-0.45581510415959375,0.6379043384759976,0.6207339573226842,-0.888488188814898,-0.3677121647527436,-0.2745478141039805,1.1601379998198758,1.256547679063407,0.18014881451809445
-1.1445607922997147,1.6637225863543148,-0.3563225575066483,0.03775721548614699,-0.6865605718712374,0.7260915739977782,-0.4385742925809868,0.6415042048065807,0.6293845764733713,-0.8979014325446973,-0.34220890749265387,-0.27688640462627473,1.0552882978854605,1.0805515200139972,0.2572379893873534
-1.128455999980825,1.2784442764385797,0.0925410586408505,0.025469751209790014,-0.6945824833839488,0.7189620751816447,-0.42323492282808994,0.6440669938616645,0.6372204544085984,-0.9056619081489583,-0.3205197048454037,-0.2775673376566552,0.948934294983232,0.8848048595541953,0.24642209410403437
-1.0075504898627288,0.8889985369954531,0.35886765399936554,0.01413115853328352,-0.7020558554879348,0.711981661374512,-0.4072699386001488,0.6462691721104928,0.6453428191994163,-0.9131985038704007,-0.29908816919885317,-0.27679371303217937,0.8267830638477903,0.6898340407012714,0.21742352216484345
-0.8195841613101132,0.7079494624142608,0.3525307041380368,0.005824338661520933,-0.7075960515199055,0.7065931679209715,-0.3931965663701227,0.6480686995553904,0.652229576798946,-0.9194359886767005,-0.2816288133874517,-0.2744497662525417,0.6745458308674479,0.4714812090890196,0.16545127960326472
-0.692335626500113,0.7236267714793609,-0.13334583378701648,-0.0015604235188601198,-0.7129409614345,0.7012223260758971,-0.3746735330703009,0.6505605361868373,0.660598768067966,-0.9271554932669385,-0.26169863252440834,-0.26813525885230993,0.4968847503033988,0.24107120393301323,0.10311467746742398
-0.8500160285972207,0.6559484531635721,-0.3443055345345769,-0.0014641365849940007,-0.7134283457342336,0.7007266598374678,-0.368784377259635,0.6517217267675031,0.6627645690201074,-0.9295138188285764,-0.25744666702464525,-0.2640554378243672,0.30596673073242475,0.008150632419104686,0.032845737627944405
-1.0577935151634303,0.5138970596329184,-0.5089812213650386,0.006047355831659825,-0.7111106842514537,0.7030540692086731,-0.3692185562464984,0.6518003311854538,0.6624454588792841,-0.9293229186944096,-0.263586651805363,-0.25861359163690967,-0.023370082085097194,-0.41050225693040354,-0.014076782460922477
-1.2190227023497302,0.27331135195770484,-0.6562949918674877,0.01666047389759117,-0.7065663788227253,0.707450620839962,-0.3722807864805381,0.652292049408745,0.6602439687687972,-0.9279706054757011,-0.27437025093016126,-0.2521735925460499,-0.16614210907390148,-0.6192051991336086,-0.09824873461210687
-1.354766583670234,0.08632810096013355,-0.8460281479042887,0.03071090067693376,-0.699211160328391,0.7142552721904372,-0.3776059553651452,0.6535204006884163,0.6559914849728071,-0.9254569590490889,-0.2898531337699767,-0.24395609808188237,-0.2740064548338996,-0.8149260957716191,-0.19482113815284285
-1.5527922291269531,0.15732640071158965,-1.1192144082266164,0.04826971287351885,-0.6907815032993496,0.7214505870249174,-0.38477619859352924,0.6536879881553932,0.6516435307261695,-0.9217468805561646,-0.3090516604725568,-0.2342429494011187,-0.3673062955413785,-0.9873845165610484,-0.16989529543670187
-1.8576061445274348,0.39007497753306686,-1.4531403872596877,0.0630939660438876,-0.6849947046794803,0.725810861044338,-0.3908928070501786,0.6521934721887802,0.6494971040972973,-0.9182711826281407,-0.3246935930926473,-0.2266100301383466,-0.46004830615050035,-1.1492905843050178,-0.06038728062093021
-2.544013326106613,0.2666547717339771,-2.1029902613679536,0.11190650469349027,-0.6677286062768314,0.7359452714481459,-0.410616737053395,0.6433418077566987,0.6461464335922368,-0.9049148188967336,-0.37449943491538507,-0.20218640851736053,-0.5450295650315959,-1.3181429740155677,0.0453204904223273
-2.7517711318050195,-0.032641944764151276,-2.335596084491929,0.14425686776808846,-0.6578519511576666,0.7392027911607141,-0.4231492462613147,0.6342610025102419,0.647037631118303,-0.8945024714835733,-0.40613272590712707,-0.18687305171432708,-0.7024241547657775,-1.6111327905686335,0.24318626776297597
-2.7797624266991523,-0.17700324493323927,-2.555878879888792,0.17735103238470803,-0.6475560740833862,0.7410922629671619,-0.4362054828303083,0.6232982417964295,0.6490177798198277,-0.8821969100268121,-0.4383724816764748,-0.17192492328907266,-0.8029528816464641,-1.7243317591287162,0.32991355073467
-2.6211980365168777,-0.12118026952465177,-2.802857080777079,0.21303411550483248,-0.6356516334168998,0.7419996405427025,-0.45135749808494313,0.609514033622612,0.6517430872204131,-0.8665407518135391,-0.47375061345767144,-0.1570588478720839,-0.9464211170903685,-1.823688999669528,0.39209234867529735
-2.32748320235476,0.06364160006554398,-3.0411974900100667,0.2499003175083513,-0.6216184236755322,0.7423882856405876,-0.4689927886096207,0.5930672164318946,0.654459350170732,-0.8471101436893528,-0.5117243517176704,-0.14332687228058041,-1.142271799901762,-1.9313510093909803,0.41436102827581667
-1.9412401475951366,0.37181417092250935,-3.2104982649277387,0.2918516281553324,-0.6033574688424435,0.7421471497857551,-0.4884850596552786,0.573075396377991,0.6580022314246269,-0.8223168328793101,-0.5545668173072092,-0.12747812167228023,-1.1422717999017618,-1.9313510093909803,0.4143610282758167
-1.5541666623480719,0.7928057340860735,-3.228092444186201,0.3290241907480553,-0.5845237898093878,0.7416704261661352,-0.511433599665663,0.5499408956054379,0.6603034790713372,-0.7938379904209726,-0.5965709936692857,-0.11800124777659109,-1.6459606008340146,-2.127731963034554,0.43387407310048864
-1.2249946434177845,1.2423322257273925,-3.1107417059065376,0.36921251900775426,-0.5597459565835095,0.7418669556573869,-0.5398515243361163,0.5205959373864488,0.6614682166579866,-0.7564670828793008,-0.6447203533820969,-0.10996917047493161,-1.92600196551054,-2.2354650909889653,0.3712920443299029
-1.020425376719058,1.7230383457737557,-2.8687531157361126,0.40145163069626694,-0.5350877756538406,0.7433153170473024,-0.5656038340680601,0.49349487342799103,0.6607231740962339,-0.7203671918534442,-0.6856703889232169,-0.10453337579484775,-2.1811076597263033,-2.3714909864988414,0.25611166053475726
-0.9970564171644524,2.272956876308869,-2.6723209593155848,0.43746728761505504,-0.5012427998598701,0.7465775430960693,-0.5963339382274858,0.4597054417809799,0.6580704680465853,-0.6730588431815023,-0.7330938291825894,-0.0978020001308023,-2.3663109318054527,-2.562444714877921,0.13697475972053919
-1.0996854186893241,2.893425831390072,-2.5644019092660124,0.4738731991252392,-0.45856590540466513,0.7517722404766016,-0.629333932483697,0.4207802079920097,0.6533627001802346,-0.6159407378761491,-0.782726853354732,-0.08919462126150808,-2.5047032059585668,-2.7533644921566145,0.005689804436629312
-1.2175012884657934,3.4461303108276087,-2.530333014163765,0.5069616310556398,-0.409489351575173,0.7584908539883312,-0.6619551651963169,0.3786561239951474,0.6468654412092895,-0.5520917169341705,-0.8300228977007292,-0.0790994651382902,-2.633634466896255,-2.923606193978656,-0.1288790823254557
-1.3225786499163197,4.010897313773916,-2.5335540694350502,0.5352782281031507,-0.3573187733056671,0.7653760597001208,-0.6923584622850991,0.33344885511880307,0.6398840681890531,-0.48385636114549774,-0.8724306019754764,-0.06890476410049284,-2.7989099276009477,-3.046323400534578,-0.19583206723788055
-1.342866585238297,4.578657967524723,-2.6146311748409987,0.5617459884653824,-0.29624167239992805,0.7724521447809842,-0.7216886259470793,0.28102645681919064,0.6326054518783951,-0.40448358634395193,-0.9128335018508822,-0.05592876073174892,-2.8908806556145197,-3.199817340154678,-0.21841279821585266
-1.3019607450225832,4.9897005136599555,-2.755642778853156,0.5816382854677516,-0.23621660467876585,0.7783949001324253,-0.7443154356718744,0.2314919840798982,0.6264231744813887,-0.3281637351974166,-0.9437230403994527,-0.041175064304646826,-2.915618108097994,-3.381771746831152,-0.24266772298736486
-1.0827729883796318,5.0606692176016,-3.0700617957291003,0.5988428966368624,-0.1676712766196615,0.783117825198931,-0.7644057918521742,0.17201800741503204,0.6213642977415205,-0.23889531291011315,-0.9707193972110034,-0.0251571331411986,-3.010499989246021,-3.387039536092856,-0.18206156803092227
-0.5062031990091413,4.716501594619805,-3.3327669903020047,0.6108890794546512,-0.09887370495612713,0.785517996656535,-0.7786508255342902,0.1044737493350539,0.6186987373468972,-0.14323904669403356,-0.9896005386862539,-0.013166219429255555,-3.189506665646832,-3.2266483300536866,-0.07884829763251489
0.5298999951225258,3.9073865785551396,-3.109645720057641,0.6165055212373083,-0.03165177980105992,0.7867141203253812,-0.7861399721504142,0.03064229729365555,0.6172884202736297,-0.04364500511237159,-0.9990291359374817,-0.0059915838263829855,-3.3321445438193162,-3.0287568835757694,-0.03984182648798236
1.8936076739799101,2.748967626508667,-2.02990691037401,0.6150971814733148,0.020679510591579617,0.7881800652041862,-0.7874075087072062,-0.035309735712404686,0.615420699843149,0.040557028676829976,-0.9991624394489675,-0.005435716999068155,-3.417916621179113,-2.711833384229293,-0.09798974522059808
3.318122747363196,1.478124656259845,0.1052715266646567,0.6071145445268362,0.06821136560387715,0.7916812107322144,-0.784605753712485,-0.10617265568062959,0.6108364580040928,0.12572088555699043,-0.9920053310281026,-0.010939933573362502,-3.4338702365372304,-2.328067913873416,-0.2452761568002253
4.15089180143749,0.4633556205080628,2.776337255722653,0.5940083987617863,0.10814639163221089,0.7971564339434196,-0.7788226311862304,-0.17085577958521622,0.6035259826506933,0.20146794125273126,-0.9793429739163186,-0.017262910766316364,-3.28812368169974,-2.1099094535263623,-0.40784111135504086
4.137934690067858,-0.09127109348958296,4.812001202890802,0.5768656488865513,0.14344795825890055,0.8041447048921289,-0.7707321325089918,-0.23048284680558873,0.5940114790528324,0.270551294679657,-0.9624449805571968,-0.022397686206782678,-3.037271673388483,-1.947150996091155,-0.5256514665314719
3.736461826961709,-0.4071367076024628,5.729954344215642,0.5572110942676801,0.17508685464944956,0.811702155814542,-0.7600400722930912,-0.2861742890199458,0.5834752478148847,0.3344471332419008,-0.9420450464987806,-0.02638646307074217,-2.719391197292643,-1.7444005947408145,-0.5445923772288633
3.2557245440888676,-1.1258827495165487,5.9835054823890745,0.5231601161054192,0.21444285301038432,0.8248137703199,-0.7382758649894312,-0.36944380369947444,0.5643226232237826,0.42573728999310145,-0.9041711888247874,-0.03496028044080224,-2.4523935658295235,-1.4210459008786325,-0.5759488651540723
2.9154198224288423,-1.4044266076190168,6.349930019940032,0.5025308533694858,0.22900354819151778,0.8336786649107852,-0.7238118013620348,-0.4159178793802615,0.5505531707481781,0.4728204919636856,-0.88009641092753,-0.043256096121790044,-2.173728161593292,-1.013181741141727,-0.6411561433497152
2.3388695191960176,-1.7345292584978407,6.611033061014231,0.4888314330273818,0.23675456035611095,0.8396374862016218,-0.7177190101462437,-0.4379745885370825,0.5413480232442615,0.49590649578231133,-0.8672517154473413,-0.0441724970377633,-1.271159067613642,-0.7679491617204337,-0.5516410974487094
1.5543038028995493,-1.9399755394432538,6.297787968588073,0.4751409790170895,0.2452485414627176,0.8450409475102901,-0.7136274768327525,-0.4544258548339898,0.5331350361472382,0.5147590449598726,-0.8563587422154372,-0.04090024771554826,-0.8069628911082621,-0.7035567252162724,-0.4333134205160948
0.7092501541093897,-1.9777499778337042,5.068937029458615,0.46481336060079426,0.2547934821043019,0.8479556717683763,-0.7109679781481469,-0.4633848946569033,0.5289602758731007,0.527705480220673,-0.8487371329693156,-0.03423748332009906,-0.4403438452144054,-0.6537294863961143,-0.21697945724764084
0.027809372287097456,-1.9490137822779898,2.955147602932275,0.45789107130025775,0.26589925085696636,0.8483120624022765,-0.7087981786408533,-0.4667726118812126,0.5288936289586027,0.5366012567809645,-0.8434577151175353,-0.02526210659852318,-0.18175904610380794,-0.5914476673021747,0.0028254033598771877
-0.06734834750309748,-1.9719717760799103,0.6680029761654009,0.4558515712223358,0.2722748576060489,0.8473876013547349,-0.7069197107721461,-0.4677180227438324,0.5305698575328468,0.5407992858130939,-0.8408961012611511,-0.020733531967385255,-0.08574742645742592,-0.31238806045358525,0.09812439314631291
0.40894935720218617,-2.0449928801233734,-0.7816756034984057,0.4584262539580377,0.27183914015838095,0.8461376079338102,-0.7050592044316808,-0.46837134841104955,0.5324657718894057,0.5410516499634442,-0.8406733978576733,-0.02305103481989251,-0.07314801996143527,0.0862987421631001,0.11005361553256855
0.9501446035050298,-2.1750804279991964,-1.0259336171825142,0.4633710041156196,0.26554314579453797,0.8454431679695689,-0.7042490272366454,-0.46874201046041086,0.5332112482551085,0.5378853225187694,-0.8424771601361494,-0.030192953943053158,-0.03870056004491039,0.42378632583533427,0.04799801000829912
1.2295127337169258,-2.381639979270235,-0.4512798829632043,0.4704798218688178,0.25351863412653286,0.8452082816471336,-0.7054791340143595,-0.4672868262453638,0.5328622837918674,0.5300452138116468,-0.8469777589571941,-0.04099691631347474,0.08803450818888325,0.6559974620027194,-0.023102441079809966
1.3375167766450342,-2.609719777779752,0.2790963863620044,0.47776657229153324,0.2386694890810598,0.8454442485359888,-0.7086270232521795,-0.46410235873549854,0.5314665958768262,0.5192175308264867,-0.8530216149652544,-0.052604943536845104,0.22242169596005706,0.8514374279323238,-0.09785097425362216
1.4324060789817439,-2.814954254913009,0.7641234645661569,0.4867522265702928,0.2174039108946658,0.8460542591681484,-0.7140765910398438,-0.45884666085849335,0.5287290080446945,0.503156925876786,-0.8615075631395892,-0.0681015902568232,0.3450807644207515,1.1034546000825574,-0.18134897194387078
1.5610457299179021,-2.9769601501585417,1.0991184359179345,0.4966682828501345,0.19191181281640762,0.8464576025485367,-0.7208746686895091,-0.45193640537278007,0.5254457132192827,0.48338424555677084,-0.871162063912478,-0.08611811393233049,0.4694806078311844,1.3921540136502553,-0.24319287409264223
1.7513088646218933,-3.1137829956844136,1.5051300298510517,0.508869075220358,0.1585847421881919,0.8461105978709168,-0.729973890538775,-0.44147263600571174,0.5217662606856185,0.45627884392776913,-0.8831493595101969,-0.10888905078411762,0.6309368156832479,1.6863523236113065,-0.28210483380189555
1.9908917895724554,-3.248785995822576,2.1277741215102997,0.5210323795178401,0.12215512256959757,0.8447504871404231,-0.7405675661736016,-0.42736622967215926,0.5185728354508279,0.42436415897868307,-0.8957880506938055,-0.13220752175464845,0.8578606296387743,1.9333613759670947,-0.3148075387489979
2.231718363927242,-3.3984520830237788,2.9686385904381005,0.5331506262604462,0.07985736914199014,0.8422429639431915,-0.7540735819479646,-0.4064977692685573,0.5158804091917555,0.3835667382949932,-0.9101551319271922,-0.15650620786516473,1.1757081675447778,2.1365006350951075,-0.3580640482442629
2.4019690343090208,-3.5005589608914636,4.007427488768857,0.5433731167282373,0.034941014974370826,0.8387638413102942,-0.7693508562687248,-0.37907857743069584,0.5141971334923016,0.33592397350534636,-0.9247045785577569,-0.1790992083139935,1.5444816461316722,2.3124463885423494,-0.4101237409462764
2.559269183534534,-3.450898001500791,5.106686373593355,0.5516372693437323,-0.015502552527988621,0.833940042170962,-0.786394287944848,-0.34290094692300427,0.513812187951028,0.2779934297042025,-0.9392436379685636,-0.2013480607725618,1.9037782580838152,2.4714312386346458,-0.4555205881999504
2.7350474999479255,-3.2269716225590503,5.979872550257815,0.5565804160185742,-0.06483043745784695,0.8282603786754582,-0.802103391855058,-0.3016658950546369,0.5153909550384991,0.21644488739446224,-0.9512069712422777,-0.21990204314851203,2.2649723333003,2.5718321874981123,-0.47450496013528565
2.888028345576087,-2.9555883439876447,6.320314250737645,0.557379230027594,-0.12035375671171449,0.821488507028079,-0.8179655892209378,-0.24923105009761187,0.5184748581345924,0.14234004631265718,-0.9609364479051763,-0.23736144232602702,2.5770921077592117,2.6295983966310645,-0.535087733855037
2.9255372498865944,-2.567891820925462,6.182983402854345,0.5526532637912118,-0.17486061180933918,0.8148608080271029,-0.8309486940929112,-0.190718971769885,0.5226380598390471,0.064020604544206,-0.9659451538491717,-0.2507016592467892,2.8975752417578913,2.6467082815481184,-0.6135939283998145
2.950807171582192,-1.9676473480486072,5.710949621538542,0.5432149274332982,-0.22791669601410616,0.8080665333322796,-0.8394326656779121,-0.12858520419331268,0.5280328067984402,-0.016442092522240815,-0.9651527469476405,-0.2611701220524901,3.096340563141312,2.6521665840134503,-0.6428470774267356
