-0.2559219305912569,-0.29152825638761415,-0.6095432341330285,0.9999423827740012,0.010360960346842524,0.002807424610587886,-0.01059015938303645,0.994910252348235,0.10020697728508346,-0.0017548950096409489,-0.10023093471110855,0.9949626526008113
0.0957049959402091,-0.5388090396042369,-0.19606182469091177,0.9997717202726097,0.019690212708779062,0.008294749340967297,-0.02099785668842421,0.9772389178107341,0.21109994678018648,-0.003949349014564384,-0.21122592889981145,0.9774292862416047
0.7895509828023279,-0.38806633800407603,0.805745863513682,0.9993475658287676,0.027427264780897517,0.023498676957554625,-0.03426662658281593,0.9256067962543079,0.3769321650250478,-0.011412316800318132,-0.3774914619888436,0.9259427385917416
1.0123206034135521,1.1666710775854887,1.268472659872923,0.998592977937747,0.027518908324228042,0.045329616125277916,-0.048161589587703,0.8283900264574663,0.558077436700485,-0.022192920082944954,-0.5594753558025957,0.8285498177827033
1.138070747696734,1.2048817094559243,1.2763287533084897,0.9969021456682328,0.02413155049655276,0.07485840121660305,-0.06962170305466918,0.7135416557616693,0.697144980586293,-0.03659139824932989,-0.7001970963689637,0.7130112872953913
1.0777569150567603,1.0349054184933135,1.4731733970062557,0.9956631319377405,0.021444219200570835,0.0905266433863948,-0.08265392139982446,0.6505212745926313,0.7549770861288508,-0.04269961331395483,-0.7591852321833297,0.6494724984613147
0.8750569063833181,0.7681536052515925,1.3982228531435872,0.9927169847947768,0.015784618249085204,0.11943129374957653,-0.10895468004284879,0.5406151815763495,0.8341846936655763,-0.05139908361758446,-0.8411219122552339,0.5383976810196819
0.5627941080791751,0.15617103829757395,1.3837018093959426,0.9898231450784161,0.011668604765320806,0.14182378196164389,-0.13172231075924984,0.45224346018277223,0.8821139867217599,-0.05384583842152321,-0.8918181969351959,0.4491780596822813
0.39687799315725714,-0.17972311541737113,1.4041178076206449,0.9883792504981126,0.010584065449635117,0.15163915966315383,-0.1424717725889438,0.4122748630527088,0.8998506716729363,-0.05299293537967009,-0.910998032299427,0.408991850709055
0.3065198871596384,-1.1073612433621844,1.5778826476249153,0.9867896468748034,0.011256030973957666,0.16161526718541985,-0.15437941385175988,0.3678235742467539,0.9169911748796331,-0.04912422416169428,-0.9298274678643644,0.3647021944072389
0.322456843603552,-1.3698719881952686,1.582050967688488,0.9865121493367524,0.011467577710385387,0.1632858655010837,-0.15680927673408956,0.35235078625405125,0.9226374012342463,-0.04695348699631838,-0.9357977442201962,0.3493965540346359
0.3741225219781323,-1.449979943819719,1.4351695196341603,0.9866778316621317,0.011536938287382642,0.16227678688422312,-0.15640442760886175,0.3417787286629359,0.9266741367157559,-0.04477177158499273,-0.9397096358389118,0.33902992313458225
0.4915852176304655,-1.4798621109759353,1.3385690678080229,0.9872687278608439,0.011160875466470273,0.15866913325172405,-0.1530328965475528,0.3386702075895105,0.9283767678402686,-0.04337501080457967,-0.9408389476154246,0.33606648611190415
0.6939259262690125,-1.3959032278300483,1.313420024001224,0.9882117642349368,0.009883794157721362,0.15277375311460334,-0.1469310232508158,0.34150401120465196,0.9283244501453148,-0.042997481718610064,-0.9398283465315252,0.33893051739505087
0.9647825113676313,-1.118319017155505,1.2367547026497745,0.9892938060218268,0.006519728661484921,0.14579183277889474,-0.13900076911897685,0.3464316547478082,0.9277197285673234,-0.04445842497414284,-0.9380525580834349,0.34362893755029167
1.2235910814065214,-0.828071344844038,1.1986260391202992,0.990469564461351,-0.0006203593366638071,0.1377303780218275,-0.12877903397547358,0.35047627628286854,0.9276757731940821,-0.04884672234741968,-0.9365714040676171,0.3470561954478354
1.420220510551635,-0.7971601039211251,1.5210666069262138,0.9917106203183064,-0.013655121529002839,0.1277637789199607,-0.11482029516787323,0.3521383934225401,0.928878276038015,-0.05767447759141727,-0.9358483261372115,0.3476514994944454
1.6205934371526634,-1.0743601034167203,2.329854009764911,0.992762896759346,-0.03444344478655578,0.11504555588647394,-0.09575294309205493,0.3511477514574368,0.9314110964206921,-0.07247899493785767,-0.9356863287221961,0.34530839771887406
1.8704661803011735,-1.4658257488432327,3.26163288021777,0.9930526494376238,-0.05608921161241815,0.1034429107557076,-0.07755582744541556,0.34914779022697445,0.933852726188063,-0.08849592687899727,-0.9353875244626251,0.3423720929128262
2.1544257363222057,-1.7255774219394886,3.9484882478648267,0.9921844853484091,-0.0882450549996763,0.08821993710050469,-0.052629816466120236,0.34508418692635323,0.9370949825669328,-0.11313730354156135,-0.9344141020990009,0.33774285535872195
2.421991567421057,-1.795024837455618,4.4295530563871415,0.9886160406128667,-0.13390859892096324,0.06860620509810778,-0.01937134724371957,0.33890077218497355,0.9406226754221864,-0.1492081604635023,-0.9312436597085928,0.3324487495895334
2.5052814011134186,-1.7806355191725218,4.837008101314683,0.9851035416074067,-0.16192386381449883,0.05789364939203847,-0.00012139731303599174,0.33600996813903844,0.9418584217247805,-0.17196219809957367,-0.9278350950673218,0.3309849525071749
2.5590032049872327,-1.6103165591521877,4.916842630886596,0.9772219329806703,-0.20781174752240955,0.0430298883708186,0.029576150969110867,0.33414426908811184,0.9420577788699711,-0.21014886389265863,-0.9193268651721507,0.33267938015057524
2.460419214905013,-1.28627137261007,4.520063374136372,0.9665949239381407,-0.2544346574154082,0.030939588279812566,0.05814830539379816,0.33525058313953626,0.9403328246341451,-0.2496257751051562,-0.9071218504757257,0.3388464560721347
2.2287719521842684,-0.9849055286112602,3.9104418485376327,0.9545573419393564,-0.2971013840281259,0.023474423491179314,0.08282543661497349,0.34012210374089397,0.9367266952512919,-0.28628696791717595,-0.8922150649677693,0.34927360313277195
1.5971980041233467,-0.5160080547821282,2.7033663070190426,0.9395927731787436,-0.3417749721379521,0.01884911166024822,0.10849083171139981,0.34958161365049717,0.930603263927267,-0.32464620747029693,-0.8723431456815699,0.3655438088075575
0.7046142808826205,0.06754911323911161,1.1714446392423286,0.9244346116080865,-0.3809017106012051,0.018290317714087966,0.13140726386742946,0.36321255423365834,0.9223929593453849,-0.357984329075844,-0.8502884965164105,0.3858195080967006
-0.39633517638356985,0.7289947504301437,-0.8490879897421668,0.9101464357200202,-0.4136985638043856,0.022067257471915167,0.15156111604770095,0.3820651796533656,0.9116224144890339,-0.3855680142964641,-0.8263653530991182,0.4104358775117635
-1.4901574424334383,1.3822713369501682,-3.027851370432477,0.8983594784360782,-0.43822231984897053,0.030190162143388783,0.16786990192866247,0.4060216081897808,0.8983129464220386,-0.4059186415163988,-0.8019399304618587,0.43831769802314674
-2.475572819013728,2.029842169790971,-5.134961483591296,0.8904898802291926,-0.4531264287562204,0.04128211201031298,0.17948814463228369,0.43320048025626623,0.8832447847806403,-0.41810498579406874,-0.7791108929211388,0.46709146575993793
-3.3826726469973636,2.7709744129869778,-7.1544347568640285,0.8866456781337205,-0.459165690191392,0.055011911417958845,0.18645889282492398,0.4638154151350946,0.8660879527909173,-0.42319324514138706,-0.7576556801305737,0.4968554594976081
-4.99178852993919,4.275955310381564,-10.617364875755285,0.8877952309557333,-0.45307033676113134,0.0809129027993136,0.18929289205990588,0.5197047700331104,0.8331117290138386,-0.41950903316597704,-0.7243163824959276,0.5471544106924116
-5.314266349509899,4.639492152040631,-11.734292310101244,0.8991049092249515,-0.4277502751978366,0.09295194605691073,0.1771702014055739,0.549786368056164,0.8162999872801172,-0.40027625702944225,-0.7174710109598765,0.5701002249523435
-5.419935410885486,4.6771557481113675,-12.459234195137633,0.9128851454629919,-0.39590957819133127,0.09948023466686332,0.16101537595186968,0.573156247399894,0.8034711972270994,-0.37511966077518516,-0.7174590733713203,0.5869733538560983
-4.433561033665239,3.9614718834804745,-11.735875975745284,0.9438221797518854,-0.3134060304261516,0.10476809199809736,0.11942299532995698,0.6191079535383541,0.77617233270194,-0.30811984875178133,-0.720056943552434,0.6217557051182613
-3.3305194141356336,3.604173379911195,-9.95038112648714,0.9601879926708797,-0.25988201766279334,0.10247124292299008,0.09283382085912877,0.6428105955688618,0.76037912907253,-0.26347846294405536,-0.7205941126042597,0.641344856099055
-1.4290449858938763,2.9095329152936946,-6.74447005496792,0.9745616398209175,-0.2020174171460654,0.0970493346664329,0.06236378694127921,0.6603617456611991,0.748353608226509,-0.21526813110144133,-0.7232643555691971,0.6561617968879067
1.2557474409006537,1.6632537787411747,-2.467900014343696,0.9873000048639425,-0.13157612110251085,0.08903047091460815,0.02428383210473733,0.6788137368518035,0.7339088541226343,-0.15699998692346553,-0.7224262142370718,0.6733879781293427
3.7666023767580934,0.10585959899027464,1.6708447890571554,0.9927665842785013,-0.08512288760231647,0.08466760387681461,-0.004085588945724925,0.6808473838795264,0.7324139183735998,-0.11999090425096529,-0.7274619810482523,0.6755747545804149
5.383530640086322,-1.2436908287119406,5.071330219047368,0.9962283469014355,-0.03622510159536204,0.07884683154343748,-0.033576104106970546,0.6769600225177371,0.7352535434431999,-0.08001078716667737,-0.7351277915622496,0.6731904663687525
6.227737652493785,-2.345794701083515,7.9718141144510195,0.9973783026992052,-0.0030299742294940184,0.072300349660438,-0.051413580748345566,0.6734216059571063,0.7374686327870386,-0.05092312853199724,-0.7392524331284411,0.6715003165257584
6.911745445892611,-3.3932324866976,10.747567178546252,0.9978058719649374,0.01872127706391901,0.06350555611430792,-0.05956509484515731,0.6725885094405427,0.7376155478598828,-0.02890400228997566,-0.7397798393803693,0.6722278987798531
7.969421597272706,-4.4093494838601615,13.109031518950118,0.9981389596323605,0.021809925524920653,0.05694685603812773,-0.056738927177713144,0.6743533654650705,0.7362256669178641,-0.022345277056952502,-0.7380866247497853,0.6743358384059964
9.429227729609698,-5.3017659141658,14.597268864797947,0.9984727245064431,0.005833555020742363,0.054938038302266644,-0.04437606880823766,0.6770205614774387,0.7346250226162316,-0.03290870604882356,-0.7359409819901278,0.6762454348042574
10.931189190362689,-5.90258292745094,14.873791501357038,0.9977117531447053,-0.026741765333318568,0.0620977908123717,-0.02743039427649475,0.6793708928639874,0.7332821853822874,-0.06179669171367808,-0.733307621613226,0.6770827873880704
11.754400536978114,-5.8909343884199314,13.44271647816369,0.9941631467299773,-0.07474058761003562,0.07780412744615012,-0.005720249141333173,0.6836311998050281,0.7298052215508585,-0.1077354000953782,-0.7259905145501865,0.6792134100188577
10.945876669548749,-4.887329474884402,9.943166533465874,0.9865203393073064,-0.13095477385410192,0.0981247539503605,0.019715112035883536,0.6903910818214543,0.723167662785618,-0.16244671277194342,-0.7114850675497155,0.683666632331407
8.266360972149556,-2.9460212778511115,5.059184172141708,0.9706129944046525,-0.20457120698202416,0.12673214417326295,0.054820165747882184,0.7007504675332957,0.7112970769511433,-0.2343185108355922,-0.6834467086216639,0.6913721370969513
4.536026211880935,-0.8605880639790031,0.7693731789055638,0.9500359345118099,-0.27042558376106113,0.15589011124430688,0.08896558691546898,0.7132978645167432,0.6951915425410744,-0.2991936621672644,-0.6465880915415496,0.7017171740777036
1.4709624540119854,0.7470870085801956,-2.428025309234463,0.9265943759890789,-0.3268084269171899,0.18606212532732772,0.12005208806095449,0.7259350268692352,0.6772044247615089,-0.35638512670651007,-0.6051566647243295,0.7118813472778387
-0.6445273804032345,1.8788360808761793,-5.28477514284862,0.9038631094997415,-0.370214972620378,0.21441164458385265,0.14386909694543817,0.7350086437125092,0.6626190282598292,-0.40290589748670047,-0.5680696856157618,0.71760969200175
-2.6713945802410217,2.814784690298064,-8.164707182015036,0.8817113552104441,-0.40494164961417267,0.24208954232001856,0.16205480524239266,0.7418569329217333,0.6506815896994532,-0.4430838816644242,-0.534481572632501,0.7197264218614428
-6.595816752270419,4.614003473747833,-12.72501417173024,0.866482447924435,-0.41985467263988385,0.270055959573819,0.1688812790412179,0.7556077643536603,0.6328791512112436,-0.46977364871636035,-0.5027712803163276,0.7256264594547245
-7.746761155877526,5.536918673925936,-14.123464518281288,0.8671631462955691,-0.4145488864805243,0.27600235220832453,0.1663318374024786,0.763446644269268,0.6240856841975367,-0.46942709505639524,-0.4952761270965428,0.7309854720547897
-8.177348455514696,6.272815689392989,-14.922423193319268,0.867948925714658,-0.4081301250811343,0.28300965240081466,0.16328167436129973,0.7726469173749202,0.613478472229305,-0.46904558112036676,-0.48625769101608096,0.7372582320728385
-7.624765867893077,6.474881518479783,-15.064309384233596,0.8772437671043157,-0.3911344664212487,0.2783113405055484,0.15515676343318252,0.7796645692465486,0.6066708648208943,-0.4542793764167261,-0.48901634802832367,0.7446430416806917
-6.09073255309735,6.028022790576938,-14.137018098270683,0.8952547530132647,-0.36108697567163883,0.2610270545508049,0.1407660887072653,0.7850620464957913,0.6032101552708617,-0.4227337642975987,-0.5032830010562142,0.7536593297841098
-3.507400414941114,4.909467181795762,-11.864144314685841,0.9217873680922849,-0.31177350613259636,0.23044593487255838,0.11744019527732835,0.7910174448780859,0.6004158579116361,-0.36948051174415464,-0.5263921378329393,0.7657646300717643
-0.3960661554810936,3.1392373455572984,-8.060708928819068,0.9456128047778108,-0.2584458099072395,0.19754034216238953,0.09253406189780466,0.7958917312901199,0.5983258305076822,-0.3118555287772466,-0.547505356508415,0.7765204528959028
2.855393276718828,1.005825799850424,-3.2005007733041455,0.9652360643339631,-0.20028318248210672,0.1679463810980204,0.062236295911177505,0.8001655429877419,0.5965414883194523,-0.25386213498735616,-0.5653509977261659,0.7848135229401254
5.650714329541202,-0.8124099277216716,1.7509842236118218,0.9797995636817729,-0.1441645274435943,0.13859799434325737,0.03265051788850293,0.7990725271582141,0.6003474327608944,-0.19729865354487586,-0.5836948563829824,0.7876379599418946
7.4848596108913545,-1.7601736991748123,6.035484262516293,0.9882304641758183,-0.10102730730527579,0.11486528132335394,0.010095381860343812,0.7923239202977796,0.6100171215540188,-0.15263889720494472,-0.60167789431107,0.7840185447790481
8.393789887971042,-2.324721535030391,9.623552288926751,0.9931934865100278,-0.06804752164454332,0.09453165158872295,-0.0054195858830691605,0.7837190574219844,0.6210918346931081,-0.1163500169441857,-0.617376687146212,0.778015873697611
9.17208564234334,-3.025308079311648,12.649901037107767,0.9951887812663539,-0.05382941503560658,0.08186381202041962,-0.009649069718182161,0.7776397930778406,0.6286360216177767,-0.0974996671541181,-0.6264014258435063,0.7733789941587886
9.451527648289868,-4.09447274696987,15.03962122073407,0.9976322287395933,-0.03053091290179908,0.061626289337062545,-0.01609584545254054,0.7675268644037465,0.6408146660132862,-0.06686448937396064,-0.6402892906928365,0.7652181154970293
10.316478344253227,-5.153501777492335,16.4270486672787,0.9980407092116705,-0.03021794866964501,0.05478702706357724,-0.012399102572152163,0.7627536906905772,0.6465702356227877,-0.06132703328607762,-0.6459827264843093,0.7608845589655684
11.526156492773701,-5.772865193732455,15.935905450246835,0.9964343146640549,-0.052806474147913375,0.06580374493934178,-0.002222614870777328,0.7632234346734451,0.6461308294365811,-0.0843428511677923,-0.6439731865950127,0.7603846516096665
12.510404812338258,-5.393251154155843,13.102602714589256,0.9880924405034686,-0.11801961241812084,0.09871524757896646,0.02688601540922312,0.7641542080263157,0.6444730316553887,-0.15149412924372707,-0.6341448710195096,0.7582280734477825
11.509933123672003,-4.144702420552398,8.9454889424644,0.9760771959267994,-0.1757311493149472,0.1280307414339415,0.052986287623993836,0.7633548804334346,0.6438025938455689,-0.21086906106753645,-0.6216171568408517,0.7544046324126018
8.662718238101917,-2.2778325464225953,4.265853213220168,0.9601085341066246,-0.2316800313032002,0.1565757510950446,0.07996009236569165,0.764031692472209,0.640204620825967,-0.26795146270266784,-0.6021461085097198,0.7520785049727872
5.044322246401595,-0.4126698682453689,-0.023168482022455805,0.9307901437834434,-0.3082256844148509,0.19653660143239016,0.11803408390191725,0.7622530982495739,0.6364260909535049,-0.3459735008248935,-0.5691811150028797,0.7458788072140454
1.900229784064017,0.7246036880736844,-3.2157038783797574,0.9101971634144658,-0.3484075774257716,0.22394928824304347,0.1383992341135168,0.7654819232366088,0.6283972288248674,-0.39036748802769516,-0.5409709652008012,0.7449588170500848
-0.5461298513901132,1.5576422152857665,-5.940588338237725,0.87708806041569,-0.3999588592830763,0.2659876785815915,0.16371369653922935,0.7695259253625455,0.6172743926005495,-0.45156877642470444,-0.49785817365580876,0.740420744632671
-2.8702872168790767,2.267741012026394,-8.362991674157987,0.8509556586068993,-0.4320885204196225,0.29862012257461906,0.17797774041743733,0.7721182999775495,0.6100469283224695,-0.494164336026794,-0.4659751510127544,0.7339405750044343
-4.874870413325253,3.298512388863674,-10.282166524310089,0.8278479839721434,-0.4553885086549487,0.3275500291837571,0.18695840715149686,0.7745206250146288,0.6042883048862703,-0.5288802032867493,-0.43902062321942154,0.7263240481764309
-6.6829588248602665,4.277795793365174,-11.88350770561626,0.8155947458655634,-0.4651065858244432,0.34421079927744513,0.18939637436850618,0.7766968947711408,0.6007253507460211,-0.5467487758491576,-0.42475616237506897,0.721559407555506
-7.819370086496313,4.928873684478812,-12.995864968527414,0.8096937575284006,-0.46629618879178214,0.3563199171219581,0.18743168293096937,0.7808495985603551,0.5959389806530487,-0.5561163396747167,-0.41574243077462,0.719647724932419
-8.022284716676893,5.125538697057263,-13.96824761517848,0.8150663918120439,-0.45737670495254323,0.35563088547713434,0.1806111245284209,0.7838249942667943,0.5941363480374156,-0.550496501928101,-0.4200296752961781,0.7214767309037159
-7.41695094417692,5.070227020033683,-14.822900628720404,0.8309740267478336,-0.4378305406144285,0.34320050200395774,0.168205819809107,0.7857881549380135,0.5951838184472564,-0.5302725422392126,-0.4368539724717958,0.7266151923011073
-6.204614155363936,4.872655226702568,-15.022867315920948,0.8543637019278193,-0.4098619801526696,0.3194930704311528,0.15247991922325235,0.785443529828168,0.5998569293462701,-0.496802313865247,-0.46377970921160305,0.7335501634256099
-4.245371411027737,4.232768193361163,-13.772420124211317,0.8830825792672617,-0.3716964187683142,0.2863685221344885,0.13265810902985023,0.7831877869328508,0.607469107451437,-0.4500744208498251,-0.49845627960136274,0.7409280349822539
-1.3186709299288684,2.4516154675410613,-10.329619789089463,0.9110678404596093,-0.3259112336520882,0.2524623890001012,0.10857403667563827,0.78046036697037,0.6157055255139673,-0.39770223615190003,-0.5335386428065433,0.7464378393355549
2.1187770576288543,-0.1013803392848347,-5.1087043805195105,0.9358927049943636,-0.274972911624186,0.22021521884568113,0.08221767057416177,0.7783299605952007,0.6224489754873327,-0.34255670973386626,-0.5644398730713394,0.7510409644643355
5.134228951355983,-2.0539976874667607,0.1562081581508985,0.9540456521883351,-0.22980690305904125,0.19231661614885795,0.05894149485700269,0.7731531381332359,0.6314745641581689,-0.29380740924040144,-0.5911201335609714,0.7511685523065406
7.226381580691974,-2.926192431345986,4.54330428871945,0.9713689255904877,-0.17899901038843002,0.15621064200989906,0.0352356924203909,0.758791992068532,0.6503792422520285,-0.23494862497328595,-0.6262539956380564,0.743374116155878
8.598299621540269,-3.2696684603968444,7.968429280370766,0.9786040727252522,-0.15423824975699507,0.13617867365137923,0.025382032040881422,0.747298724227489,0.6640032900652235,-0.20418085437921382,-0.6463398325028912,0.7352244552686684
9.371711715699789,-3.516879275529181,11.151765598167426,0.9856992644021224,-0.1285540215784667,0.10895330969327471,0.019517527737418067,0.729295240649615,0.6839206957512235,-0.16737988609189172,-0.6720136274673473,0.7213748389222098
10.186940275808402,-3.978873936278905,13.621837635703208,0.9872395676071843,-0.12549664431018362,0.09802361153142614,0.022884173975633918,0.7209825441572841,0.6925752562732379,-0.15758918342396983,-0.6814945071586215,0.7146543821879184
11.112962476971019,-4.484691690939879,15.173133524353975,0.9858565071547084,-0.1386451332145171,0.0941513374129559,0.0335587281649356,0.713724598267838,0.699622047673859,-0.16419731747099714,-0.6865673491095694,0.7082827938556665
12.095734483682062,-5.089218584229847,15.339022912063971,0.9800998154317637,-0.1683179395132286,0.10523033321549777,0.046994895202783674,0.7117900695992486,0.7008183620916153,-0.19286220888370786,-0.6819266588555671,0.7055353997685596
11.151643544005378,-4.411776696645875,9.737965059396494,0.9588474274801353,-0.24252824871337877,0.14761998303329082,0.07509321538431596,0.7180449904565145,0.6919338123574733,-0.27381128504495994,-0.6523736967845382,0.7067078179316431
8.431234034993476,-2.5411706714746436,3.921488859394201,0.9307263670452475,-0.3130469650793386,0.18907677631420414,0.10723893491278565,0.727889549999884,0.6772566823883955,-0.3496401586281638,-0.6100642594477903,0.7110368195943814
4.636152821959259,-0.9338008156851634,-1.130987575468878,0.9040019900583397,-0.36377534824263597,0.22460609515663513,0.13316922963610625,0.7388178778366284,0.6606164542812305,-0.4062589792837673,-0.5672879686719334,0.7163365147410706
1.144889245284742,0.035221903801011756,-4.747218420191986,0.873925297850508,-0.40631027521216645,0.2667705644067868,0.15674534684015565,0.7551055304943229,0.6365897690513449,-0.4600928928171584,-0.5145168588820966,0.7235930706586683
-1.6132615039926843,0.8062798122452408,-7.3569183999283085,0.8459104776428007,-0.4355078212916031,0.3078447683621912,0.17492915471730386,0.7718536965295923,0.611262351190953,-0.5038206572224082,-0.46322220234725786,0.7291021441530245
-3.9085586514087143,1.7637700312031535,-9.467637180997155,0.8202186411382887,-0.45468866186399226,0.3471305251653801,0.18807290762063233,0.7874246152892317,0.5870187873107,-0.5402499071248243,-0.41619790485889807,0.73137496665027
-5.854386713092869,2.8755332452891986,-11.1611238388074,0.800921903935172,-0.46274172711466227,0.37999236542830667,0.1942017475073337,0.801070271899856,0.5661908695337525,-0.5664007283381244,-0.37967948781206085,0.731459979406129
-8.138356364357003,4.806885164605777,-13.09103261062556,0.7808539641518345,-0.4584399322780005,0.42438180352285265,0.19458992282671558,0.8240149441848282,0.5321034990435277,-0.5936344402093423,-0.33291470417062585,0.7326431267297377
-7.846760007950554,5.2001537113278316,-13.716427322336559,0.7932340997080786,-0.4372251726356969,0.4238086967890116,0.1823999757142767,0.8346588527575767,0.5196872601602194,-0.5809560326907246,-0.3349309599411342,0.7418297245009567
-6.788272768809392,5.176235051815099,-13.92927607263045,0.8141937538897293,-0.4091394463868499,0.4119386417140474,0.16424801061425268,0.8428436561677077,0.5124813774832307,-0.5568762179660867,-0.34959903413498095,0.753438380490188
-5.126049204216693,4.764761409611744,-13.127026896274156,0.8414189301498328,-0.37396790335617675,0.3900797242165982,0.14140052691968313,0.8490745457814097,0.5089973543083767,-0.5215554380622905,-0.3731225307663376,0.7673066545144627
-0.44340502452926467,2.4366046742431546,-6.987227743306989,0.9036902137924987,-0.283761828286024,0.32066060297991467,0.08498421820993243,0.8528444230901575,0.5152029431779883,-0.419668536050674,-0.4383327672120668,0.7948224361687946
2.1672767129138135,0.8153191152905218,-2.550711200332124,0.9309606147185314,-0.23422730029576364,0.28008910303518336,0.05717288344314437,0.8511696046527611,0.5217677313844327,-0.36061557820162443,-0.4697317063084193,0.805796828516277
4.829255500788586,-0.6941885158577468,1.4479209114992466,0.954502620724723,-0.18342455532690977,0.2351173739491873,0.031840678200072955,0.8466306278810151,0.5312275888407493,-0.29649775419283675,-0.4995718291066083,0.8139515153384034
7.190627298474324,-1.8300414896666353,5.1882346550268705,0.9701015509080492,-0.1419415977210287,0.196864328313182,0.010484853565159373,0.834898013297828,0.550304802120657,-0.24247277944444756,-0.531787448354829,0.811424094417183
8.8765261053318,-2.4153386439049425,8.340532940438724,0.9811203179074911,-0.10665998305353762,0.1613275233930148,-0.005218470000615424,0.8192681635714,0.5733868185868918,-0.1933279321773169,-0.563403340577036,0.8032440391728284
9.516271038022374,-2.935387627626267,11.259340854560245,0.9897699476421952,-0.0685334148821109,0.12513441488640828,-0.020018766939754195,0.8016873023159519,0.5974083346217912,-0.1412611047478357,-0.5938018527673746,0.7921140447785631
10.052552531548994,-3.6165925702974437,13.56134034843361,0.9920854970375549,-0.06320602018196629,0.10849592425757541,-0.016813615531454523,0.78941491997178,0.6136296818592687,-0.12443339142090849,-0.6105973166815456,0.7821043715264532
10.80127488026873,-4.336235286305147,14.986886237101174,0.9920573897403152,-0.07070570832977591,0.10403287110917342,-0.00948941296632779,0.7826357173300084,0.6224076517853041,-0.1254276145957805,-0.6184513212605552,0.7757485911865305
11.86980142612733,-4.501941712017565,14.844371062776126,0.9888078424834775,-0.10135532952049228,0.10948126698647427,0.009040650131600703,0.7731717096364018,0.6341323001260227,-0.14892050660795222,-0.6260452097059082,0.7654345681480014
12.832874385553719,-4.182930777732146,12.558142364397,0.9781577108847427,-0.1600851086218264,0.13259053749894634,0.038109986249561016,0.7651734953286713,0.642695224032792,-0.2043406997755944,-0.6236042655755656,0.754561195908709
12.376898837483042,-3.730880175021049,8.91713698224083,0.9664340507748327,-0.20502857394452215,0.15481766491335913,0.058228866550807896,0.7617236827209705,0.6452801176870469,-0.25022914419219355,-0.6146058208708054,0.7480942857344702
10.515718668734433,-2.937988860685112,4.529448921904572,0.9438489631444068,-0.2682104196277491,0.1929049132975529,0.08417574900515909,0.7598519974660232,0.6446234445211513,-0.3194739082470584,-0.5921892541662674,0.7397623329146675
7.20539907603304,-1.9291407931378004,0.9450906085279784,0.9086549554420208,-0.34106640004051814,0.24087316727701757,0.11729275753934817,0.7621430074996057,0.6366949388429833,-0.40073505084965577,-0.5502833332773726,0.7325296390847741
3.482028780395953,-1.0006090973595483,-1.562658306332302,0.8736564579883219,-0.39600157186057805,0.28267852500544277,0.14588946950944337,0.7674755079476389,0.6242576450366993,-0.4641558532449571,-0.5041469029801373,0.728282393109969
0.48122150749716325,-0.3356287811078471,-3.2098727516039633,0.8341707652199657,-0.4431326574754959,0.32831780690520507,0.17339529851853325,0.7758520656964535,0.6066198501584115,-0.5235391149704165,-0.4490957804669841,0.7240302307657774
-1.6704775531363487,0.4644012592129112,-4.877156731235665,0.7967176864619152,-0.47696177592711025,0.3711447054495488,0.19490740795102887,0.7840917899522558,0.5892462704636131,-0.5720594640459905,-0.39712407284616136,0.717663180302217
-3.636834088609323,1.5951566452410568,-6.647837249215716,0.7636129480080033,-0.4995557217457683,0.4090713220278256,0.21047491317673156,0.7915390909580498,0.5737300570900485,-0.6104060751317725,-0.3520084492684338,0.7095734458714326
-5.546664631682173,2.7252376903375812,-8.17265741665994,0.7338840573350587,-0.5136233934905567,0.44452806441064974,0.2219769945046687,0.7998255552067799,0.5576784872566264,-0.6419816230236716,-0.3105963472055163,0.7009918008097413
-6.9502978835956934,3.565753482499878,-9.379848551364299,0.7144578463160305,-0.5178277867903355,0.47053625690831086,0.22835695208508588,0.808253202368388,0.5427521195680897,-0.661364565328284,-0.2803232849569705,0.6957124173385612
-7.645753929774479,4.186068080557481,-10.398454107148103,0.7061246795861011,-0.5145448608616172,0.48644786261255857,0.23032548884267176,0.816535072582437,0.5293587105471838,-0.6695805448703026,-0.2617519081185307,0.6950883631075246
-6.95056499358358,4.957290565233511,-12.441655853317055,0.738033016701736,-0.4824790993970423,0.47172151202076384,0.21478596125453533,0.8307071342700334,0.5136074842920733,-0.6396673018891159,-0.2777401226288451,0.7167190294501841
-5.948367477163643,4.954670057161601,-12.729673368701853,0.7543321604330389,-0.46503773021218947,0.4633820251320939,0.2061381867016224,0.8379287861447638,0.5053537348564152,-0.6232896916521179,-0.28568384418628884,0.7279386659953935
-4.447016810369037,4.540063312321326,-12.139839703539273,0.7835282661492353,-0.4359845996108452,0.4427198719815335,0.18975256151642395,0.8463616675201013,0.49766041951369566,-0.5916734078384203,-0.3059237758899474,0.745877484445072
-2.846214939645736,3.87115067613261,-10.324757577988837,0.8195806144074775,-0.3960515958773509,0.41404196633972556,0.1672999654010324,0.8565592463166312,0.4881772005392064,-0.5479948339759017,-0.33083136331443325,0.768278771659896
-1.284036136678501,3.0684586518736863,-7.364798780202724,0.8546937291718664,-0.35114058564990236,0.3823596715446507,0.1434521847499509,0.8676074264848793,0.47610799636085627,-0.49891893129521087,-0.3520761886548516,0.7919105109654242
0.4944642366847479,2.2754182489761963,-3.9316738272306786,0.8984598329781968,-0.28554959790864753,0.33351365138327055,0.10994997275717337,0.8817425287356894,0.4587386145829533,-0.42506579727789046,-0.37548840215511325,0.8236064156085191
2.193194653657109,1.6817292433682711,-0.8134535545606205,0.9330227067881599,-0.22264947926607256,0.2826585183578293,0.07674552776746962,0.8906251120745198,0.44821538763181723,-0.3515376972465243,-0.39650235702299946,0.8480608045947048
3.7063081491927035,1.257513340373291,1.620044117932432,0.9597374017278588,-0.16097811637525097,0.23019592909722808,0.04300877962148319,0.894047600680801,0.44590260437944546,-0.27758667943568627,-0.4180489609665087,0.8649743936294839
4.727895445526592,0.63138054947387,3.632761865403612,0.9790456894388296,-0.09927901256521943,0.17780105639540847,0.009209684159131901,0.8938043967647542,0.4483624449501558,-0.20343234676161295,-0.4373298274621425,0.8759896702033632
4.993385858150502,-0.3428266893705896,5.524322372248145,0.9908408357376003,-0.03856903977078076,0.1294096882230044,-0.024090080949682714,0.8924806354221478,0.4504419867156211,-0.13286875567511308,-0.44943380443357606,0.8833771273910769
4.639879931728929,-1.3695626846690137,7.191609903029284,0.9956581032412792,0.011483026565558677,0.09237468024775146,-0.05201491315576631,0.8916103527201218,0.4498059889904723,-0.07719708711718094,-0.4526578387956995,0.8883363612491783
4.086112302408802,-2.1180624333805187,8.294756672655147,0.996594822948984,0.05365567045754831,0.0626085289639979,-0.07610900424626534,0.8907120158666402,0.44815122923342154,-0.03172031437307363,-0.45139026774902424,0.8917626634018376
3.8022628914770293,-2.478676291892673,8.53235750211077,0.995489117153334,0.08615743202036108,0.03972800695899504,-0.09482702701190765,0.8901213633965993,0.44574857641170396,0.0030418049509940877,-0.44750514559347204,0.8942761833404751
3.971553225332622,-2.470752889602654,7.838819062377459,0.9935707287843775,0.11098702825238209,0.02234024311836005,-0.10933401619982623,0.8894486928960919,0.4437646849480572,0.02938162358513343,-0.4433541499356212,0.8958648435619995
4.485665167048781,-2.107079722655981,6.264728603198518,0.9922906850776043,0.12301282075346659,0.015067920841824494,-0.11684821693256787,0.888113602765811,0.44452302840461444,0.04130000614890239,-0.44285672007163396,0.8956406840801151
4.744196702998047,-1.6124511408538011,4.20830692111822,0.9915168512428579,0.12908492360058169,0.015212369982399662,-0.12220271744266609,0.8859235411407925,0.4474438234037712,0.044281255075676776,-0.44550708383996457,0.8941826483987123
4.214534912449624,-1.2641619246492466,2.3507630954609535,0.9914817261876379,0.12873839676607116,0.019758841921645114,-0.12393614007138574,0.885884420168138,0.44704432362749763,0.04004771928822644,-0.44568511227262525,0.8942935540852067
