-0.05637613979295277,0.17508721836194333,0.7018636813926921,0.9998363445881526,-0.018039482708796392,0.0013642229289468131,0.017929977049970486,0.9981545387880233,0.05801751993885912,-0.0024083113561912616,-0.0579835645719321,0.9983146329068527,-2.8345094,0.09218262000000002,0.87892085,0.043330383,-8.179955,4.940465
-0.08048071179275883,0.01963853992418845,0.3010523746741749,0.9994158641897875,-0.03416566785443764,0.0007984646771646586,0.03386451795289724,0.9932080739680942,0.11131449244553271,-0.004596175540417661,-0.11122243004290502,0.9937849094375265,-2.6653987319522425,0.040007715210079536,0.8036387759978499,-0.09754791,-8.478483,4.510039
-0.10386072058153221,-0.04398531831676726,-0.04168818638706082,0.9987888213168284,-0.049138882126598026,-0.002502134266742793,0.04890551874031794,0.9858954407851142,0.16005758362497452,-0.005398207969401819,-0.15998609346588094,0.98710450776412,-2.49277693218416,-0.06260575803568166,0.7748125023795353,-0.22866058,-8.741115,4.1007905
0.017441004524696855,-0.11777767813256457,-0.17276412748521844,0.9979485601551688,-0.06359194004895964,-0.00739840827714024,0.06375238076470444,0.9765330048298371,0.20571563971862086,-0.00585706676228626,-0.20576529260013404,0.9785838436895039,-2.3186285886478277,-0.10791726002070517,0.754090119102882,-0.35528412,-8.964594,3.6994462
0.2961017528184052,-0.3989807872194332,-0.1835751761729914,0.9970076732638891,-0.07629547867468024,-0.012437820819084105,0.07704778558165436,0.967718912983834,0.23996613134013284,-0.006272016413374895,-0.24020638082113444,0.9707015794892488,-1.8816835829874479,-0.1106176429401218,0.7223649259537045,-0.47496796,-9.143132,3.3550842
0.5640383340382129,-0.8851899476723187,-0.3391742754831867,0.9958035492382183,-0.08968634004237762,-0.018211307870949454,0.0912992040506347,0.9598611292386853,0.2652000526326423,-0.0063044955617447,-0.2657498315830862,0.9640214107317707,-1.271309456558852,-0.1058217889040712,0.699022758802497,-0.5874664,-9.260735,3.1040618
0.7399930842170077,-1.279705327927736,-0.6532996015499906,0.9944985830319506,-0.10202671751159999,-0.023730091893010487,0.10460658285905047,0.9554653558912218,0.27594096563253,-0.00548007025458159,-0.2769052231458783,0.9608816088491529,-0.5718726210759236,-0.09765614987134316,0.6711013474579458,-0.6919174,-9.310747,2.9716887
0.8278707357774826,-1.4689820724539588,-0.8064717403155817,0.9932901445431885,-0.11190059757681717,-0.029205222398110527,0.11560376545116265,0.9536583674414247,0.2777975659045067,-0.0032339089171537286,-0.2793098180710935,0.9601955880768295,-0.11106570158578441,-0.12445785373570925,0.5495908301003769,-0.7758621,-9.317782,2.9328094
0.9449483426069747,-1.681353034860934,-0.777420140221432,0.9921068776375382,-0.12025128766453551,-0.03554674611432268,0.12538964613190762,0.954023380465947,0.2722440562569578,0.0011747285686354476,-0.2745523945248843,0.9615714235944424,0.2787219759901582,-0.19339015991545477,0.5040776264759322,-0.8297516,-9.299707,2.9770234
1.2224892214878897,-1.9163684867475883,-0.7529704492626748,0.990750972203831,-0.12867585752281233,-0.04307011455676391,0.13554332348835982,0.9533734339217567,0.2696425466241697,0.006365417102885488,-0.27298648168546097,0.9619968099126421,0.11209184024504963,-0.24197559417392678,0.5026169513785547,-0.88065183,-9.287582,3.0045974
1.4967768373389208,-1.9233271607146951,-0.7154138281866578,0.9893485961739084,-0.1361818072150838,-0.051418582558747615,0.14509795240360754,0.9508896171585054,0.2734145573820664,0.011659307740918445,-0.2779630395642279,0.9605210092336443,-0.22339820874116856,-0.30337043972084876,0.48835608045023327,-0.92871857,-9.291881,2.9773896
1.7367913131596118,-1.402711839918581,-0.24851167068610236,0.9853394734954958,-0.15561101891007217,-0.06993806378066612,0.16939654235610613,0.9410826527300176,0.2926913940798888,0.02027149253052941,-0.3002476503228658,0.9536458541126173,-0.5454683453775359,-0.30634019200460927,0.6103892712592252,-1.0933609,-9.331805,2.7690964
1.6739821520588005,-1.1366614731433855,-0.2786904317051356,0.9825735379576969,-0.1685490078845385,-0.07836117946044703,0.18458248319124362,0.9344126043664276,0.30463484977937744,0.021875772083491805,-0.3137902432235382,0.9492402929993355,-0.6438666037471477,-0.19225893577170952,0.7098135113963299,-1.2250153,-9.337888,2.6520386
1.440004493879596,-0.8099633574922854,-0.5323394881869778,0.9789119948587423,-0.18487186934050956,-0.0869120144066598,0.20311064824580435,0.9263196052924826,0.3172980513963928,0.02184881898059942,-0.3282596240437197,0.944334817917792,-0.672884223528961,-0.13176419043022283,0.8327767150129916,-1.3638337,-9.345927,2.5056915
1.264755172401966,-0.5005523410783745,-0.6174304117488909,0.9754586941684472,-0.19850012986450638,-0.09527871963330518,0.2191372061381237,0.917341351526475,0.33236084255753906,0.02142943903057997,-0.3450833858987618,0.938327360743297,-0.9420756424025687,-0.18050212685228045,0.8594656957667459,-1.5044968,-9.358681,2.3366942
1.2566791823699097,-0.26444927839318694,-0.4660629209630701,0.9713457368829871,-0.2134381992614355,-0.10455426598318586,0.23687004086657956,0.9054521528092043,0.35220588114488083,0.019494696179011207,-0.3668794544114083,0.9300642035642894,-1.0467555114065756,-0.15527179320708528,0.8020971151513763,-1.642244,-9.377434,2.1481063
1.3211457143204162,0.016944630697191043,-0.30463237948581684,0.9673737509358638,-0.22735492658220255,-0.11179339586522577,0.2528235608616244,0.8948144313738584,0.3679502418511595,0.016379043730520616,-0.3842094100407737,0.9231006749876175,-0.9833086274183116,-0.08090456463027834,0.8393026833073218,-1.7854812,-9.392244,1.9630493
1.2893217571934636,0.5092579924013411,-0.30179019156599335,0.9627922394212828,-0.24314317780324124,-0.11795125602507538,0.27005553609299265,0.8818854355604061,0.3864558007999865,0.010055403307565443,-0.4039300355682575,0.9147346146452255,-1.036030395690466,0.02331883914585809,0.8141536364414905,-1.9467148,-9.405169,1.7721894
1.0097495160825012,1.1661113971444588,-0.5017448373592672,0.9587137526485721,-0.25689026695868866,-0.12196446705654222,0.2843588319117391,0.8702825877541474,0.402179402960589,0.002827577812191214,-0.42025659803724447,0.907400901812357,-1.0021321022609924,0.10348176979845125,0.7702611099863933,-2.1080475,-9.411024,1.5971619
0.6399461076229247,1.697443256091059,-0.6997986520843983,0.9543110050862907,-0.271737903983946,-0.12429407511866956,0.2987296241992397,0.8576348364865174,0.4185965824878714,-0.007149629149454145,-0.43660164771007903,0.8996265247422788,-0.9482823912792799,0.200052983208254,0.7066073583360065,-2.2682662,-9.413473,1.42641
0.39824176267224143,1.8833685541678422,-0.762106100934162,0.9512251734785627,-0.2826270174182536,-0.12366340754621272,0.3080145683016709,0.8476725427958607,0.4319470869260895,-0.017253841734924905,-0.4489690737848894,0.8933807003344797,-0.8068944347546476,0.2690826051681475,0.4936908498898304,-2.4077287,-9.410327,1.2783554
0.2441304861712399,1.7783107281095218,-0.7195557314932497,0.9496388955620465,-0.28881120196580773,-0.12154858145927544,0.3122815359973983,0.8403545072269559,0.44304011608255695,-0.025811050168529408,-0.45868550424272747,0.888223731886732,-0.6889979562571676,0.2482842154118848,0.2515262992314909,-2.5028458,-9.406187,1.1507721
0.09359284643905136,1.6188932822275621,-0.6876942369818052,0.9494447747712847,-0.2909733678460218,-0.11785210589483898,0.3121015219909004,0.8343632510215467,0.4543463495129225,-0.033871221272167434,-0.46815858910106384,0.8829950599071513,-0.6169324487630031,0.20643984028014084,0.010247592884674972,-2.54915,-9.405914,1.036679
-0.05572993804514531,1.5970955186112863,-0.7621468878054676,0.9501615063254614,-0.29029617640889926,-0.11367164052525945,0.3090231258695154,0.8287985841276083,0.4664735947788524,-0.041204606237217736,-0.4783524191539585,0.8772007429969447,-0.7225494497871221,0.17936005054303972,-0.14591014642460215,-2.5679703,-9.410288,0.90741426
-0.21407297623895294,1.6914140431650677,-0.8717664803445335,0.9516962036332437,-0.2871936637046078,-0.10860080809090013,0.3029887236170964,0.8211512157709047,0.48364089384464526,-0.049720914623069684,-0.4931840228209843,0.8685029362547697,-0.9177660142213989,0.13781761312370128,-0.2630411963448744,-2.5639496,-9.420514,0.73940885
-0.3719611150264479,1.4395953924462064,-0.5563810919585833,0.9555457869624056,-0.2786780357076431,-0.09628500107767049,0.28693791875175945,0.8038330961647531,0.5210748355971481,-0.06781504111040589,-0.5255386816632204,0.848062624028956,-1.1544080413750837,0.165519324051016,-0.39243167266919,-2.5207963,-9.443945,0.30978242
-0.36266829507244674,1.0616756330902264,-0.26404341528017244,0.9580966756320749,-0.27319497156392986,-0.0861119483866819,0.27479087624408993,0.7917227512955616,0.5455868944668584,-0.080874807423401,-0.5463877676093866,0.8336184216600896,-1.1940346158894237,0.23133039894179008,-0.4483870095210344,-2.4911163,-9.453433,0.08030548
-0.43412949516740146,0.6535979925185403,-0.07840881967536345,0.9605702070587615,-0.2676164121175734,-0.07540777994614073,0.26207446010566376,0.7809092232035159,0.5670077269985001,-0.09285394268103679,-0.5644131829440182,0.8202535609478261,-1.2043216288122178,0.26869430445122755,-0.5339079865598281,-2.4498596,-9.462703,-0.15326539
-0.6110232711504976,0.3338412485140473,0.057042322315525584,0.963060346345547,-0.2616318821721867,-0.06374580400178738,0.2481978211932222,0.7705826972065843,0.5870265311898281,-0.10446344265690496,-0.5811635441051545,0.8070541023694779,-1.1961426953186576,0.29508696740393064,-0.6092749237563438,-2.395575,-9.471275,-0.384906
-0.884582152123766,0.06064148562025483,0.13538527768040504,0.9656140367711729,-0.2549239506376187,-0.05102265557366803,0.23284561426709702,0.7607186774905398,0.6058795372296557,-0.1156393181710199,-0.596926187319967,0.7939185568964799,-1.157053476050557,0.30486044714875726,-0.6831712685331274,-2.327237,-9.479716,-0.60933685
-1.2046288747234806,-0.1910871408195216,0.2409856042126979,0.9681685895547256,-0.24752945902205908,-0.037131511090447857,0.21615641546692374,0.7520562277170976,0.6226458338449067,-0.12619820225385076,-0.6108523530839307,0.7816222978393854,-1.0312754704116256,0.31097202265280843,-0.7410178452112295,-2.2475631,-9.48866,-0.81037444
-1.4992253649212328,-0.4351953121470867,0.3781820704208344,0.9706262086124949,-0.23961168203285954,-0.021702649329452445,0.198108873388076,0.744790299765994,0.6372129029291447,-0.13651973278409438,-0.6227950314572717,0.7703821852513825,-0.8849893759635362,0.32979512035163844,-0.7873791628502267,-2.1597214,-9.498357,-0.9822525
-1.7153250431701834,-0.6432560060001485,0.48317218658130623,0.9724081361514112,-0.23309839212378797,-0.00935715425988929,0.18371007744595774,0.7404226101989766,0.6465485022416602,-0.1437811677214325,-0.6304280275300571,0.7628154940175395,-0.7460531896821493,0.3214953325155696,-0.8205758868384654,-2.0632706,-9.508313,-1.1256317
-1.834340241124573,-0.771120865576356,0.5347916272330798,0.97447978250271,-0.2243710903059754,0.006838664224763685,0.1649514354628226,0.7364086971215684,0.6561198478498176,-0.15225037744526432,-0.638247479147878,0.7546257204264597,-0.6157709145971028,0.31537388000469213,-0.8491518699866883,-1.9591538,-9.518636,-1.2407013
-1.8630677822680108,-0.8403203139732067,0.5177781980079026,0.9762775691205364,-0.21530447114822052,0.022936711527190675,0.14631832537501713,0.734105763046227,0.663083461052805,-0.15960280602654534,-0.6439974482603955,0.7481939794883088,-0.48290989373839943,0.3015224931859748,-0.8822215248138566,-1.8470398,-9.530252,-1.3279206
-1.8178091911948078,-0.8605526538109557,0.46593377474781883,0.9778844942426013,-0.20547272711520656,0.03902402249553479,0.12723207142383608,0.7325308754881136,0.6687380028515031,-0.16599372253519704,-0.6489834164818516,0.7424733053857567,-0.41521573791954863,0.26748849870183333,-0.9032466638812084,-1.7275009,-9.543187,-1.397995
-1.691980517694859,-0.8949615186215054,0.44795137855206507,0.9793189335609074,-0.19468488338991985,0.055065620386775885,0.10775088437808565,0.7322256095447182,0.6724845006709118,-0.17124302404730998,-0.6526434347377733,0.7380598714256277,-0.3089731032044406,0.22775909240801245,-0.9296895285677726,-1.5998856,-9.558878,-1.4480346
-1.00879118483375,-0.7863168136807257,0.6535197981172405,0.9810500189503102,-0.17351860631541627,0.08620993898589466,0.07121380110294688,0.7367217613558623,0.6724356035169353,-0.1801928268551942,-0.6535536241251138,0.7351178174570817,-0.0863968253046501,0.2208353493328789,-0.9182593188987004,-1.344342,-9.595729,-1.4698013
-0.4493982242487264,-0.6305426194050581,0.6252661279150389,0.9812972647906973,-0.1634883377810914,0.10162303638384328,0.053599951647495786,0.7390965028608492,0.67146362868159,-0.18488570333501256,-0.6534584323952347,0.7340363436737175,-0.04751673680111124,0.23635892816109233,-0.8896332370047191,-1.2240204,-9.613017,-1.4599838
0.22225621153036723,-0.44326786359197995,0.4708146136424656,0.9810835001629,-0.15373954198407536,0.11764063472559108,0.035733835527027004,0.741074796044486,0.6704709088887825,-0.19025839983201948,-0.6535841949574278,0.7325499582930916,-0.06396142760219342,0.26032439634791743,-0.8631258449014343,-1.1091903,-9.627904,-1.4524581
0.9084217194179858,-0.23904455754299844,0.3124497148336483,0.9805412788474338,-0.14498441785089525,0.1323567869686947,0.019346765707459947,0.7422979459100684,0.6697906106794519,-0.19535737286547464,-0.6541966662083574,0.7306587567318759,-0.09388685732892735,0.2594716076116668,-0.8239054937686341,-0.99898833,-9.640604,-1.4506775
1.5298773494458409,-0.04050813541863263,0.22693042413972542,0.979725500247511,-0.13741278508465626,0.14579324627719525,0.004643174382867717,0.7430907392042821,0.6691745618599704,-0.20029075140009617,-0.6549304389048585,0.7286629777197919,-0.09729276316720187,0.2511854162484743,-0.7325524136722774,-0.9002487,-9.651245,-1.4506928
2.095100940039609,0.11851597914345155,0.1324959764530665,0.9787382623124884,-0.13156239128486888,0.15736184761541921,-0.007524522606524017,0.7436490190417724,0.6685278737926739,-0.20497510933056062,-0.65549788228309,0.7268478044799397,-0.07903118608193453,0.23216684478221528,-0.586401225977811,-0.8211853,-9.65954,-1.4514511
2.674471954091923,0.2261368573438814,-0.064713669437129,0.9777125342584457,-0.12865767996352473,0.1659078109684153,-0.015397209672746163,0.7441640336361376,0.6678194493848518,-0.20938272681437142,-0.6554899636369697,0.725597533955968,-0.040285975651753625,0.23348320867032374,-0.4076619144624393,-0.77047575,-9.665472,-1.4489944
3.2954275376950632,0.31634878965848906,-0.38110927164090014,0.976585419976818,-0.12877928686807297,0.1723276320340214,-0.019559858695018882,0.7445696400358497,0.667258168226299,-0.2142389540128812,-0.6550053025820745,0.7246169499624138,-0.010289992312250407,0.24494527521392181,-0.2075733222275736,-0.75357056,-9.668117,-1.4447372
3.8958080876474583,0.4653962117241481,-0.8012198290015443,0.9755249050026585,-0.13235891663928653,0.1755912210380385,-0.019319457851571003,0.7438651368868708,0.6680504596754635,-0.21903862277661515,-0.6550921884058384,0.7231018644850619,-0.04813101504990775,0.24175212042337357,0.02274346026997498,-0.77175444,-9.664911,-1.4509017
4.419740687459627,0.6454855817715538,-1.2495234672328068,0.9746328306697488,-0.13936571377031406,0.17512293740673898,-0.014325040862675185,0.7420137327634146,0.6702316119035169,-0.22335093146203003,-0.6557383763482156,0.7211945252144175,-0.08513977135167679,0.22508466455533704,0.2783005032517203,-0.82679445,-9.65475,-1.4714829
4.884878331382734,0.7162074282572998,-1.6488724030721578,0.9738286248803484,-0.15000309670800677,0.17075385893636133,-0.004020715982599727,0.7397939278696803,0.6728215054010516,-0.22724797734333677,-0.6558993941643473,0.719829383623789,-0.04944293661396401,0.19818145347693641,0.5342221880651092,-0.92089844,-9.63886,-1.4947693
5.337701463057612,0.6195167527085125,-2.0113420428915436,0.9729897133603462,-0.16363964334902686,0.16282839070492333,0.011002835187569115,0.7374194626697849,0.6753454476737374,-0.2305861125757297,-0.6553125996045005,0.7193020516353364,0.0033357614069758276,0.17256473398520478,0.7758034118541572,-1.0529907,-9.617658,-1.5143311
5.784729767994424,0.4528593352556619,-2.389289339133826,0.9715937496907385,-0.18093428038077347,0.15253973824870234,0.03055532326356072,0.7350801652727152,0.6772913131311347,-0.2346741523520439,-0.6533911055453148,0.7197277995270995,0.07731082208284637,0.20256969065685798,0.9424610750006182,-1.2174942,-9.591838,-1.5256485
6.205349354626204,0.3048152861260639,-2.7540511506750973,0.969771555171439,-0.20032380368552563,0.13933235251488452,0.05373151439592684,0.7322920251205791,0.6788676706881254,-0.23802532457931738,-0.6508600184538633,0.7209196773824023,0.12278253995457991,0.17325334622387084,1.1314306570630497,-1.4119965,-9.560196,-1.5315506
6.58523340903864,0.13868399849777424,-3.039600021117847,0.967334899304402,-0.22038138133194846,0.1252806423593243,0.07822300138943979,0.7295759576405153,0.6794115719404199,-0.24113140534026326,-0.647418696667888,0.7229831786172364,0.191829321715679,0.1787763034062012,1.2591673457331782,-1.6303298,-9.523165,-1.5276749
6.908004994429861,-0.10509242906267036,-3.196948767724595,0.9643134695846263,-0.24019940282446445,0.11137225534409766,0.10288332196644817,0.7275447132959397,0.6783020803567364,-0.24395605021972386,-0.642637484930578,0.7262936792532979,0.2960280317022398,0.1858608527953589,1.3059908332555836,-1.8622437,-9.482648,-1.5049164
7.11563745966074,-0.35162967557943026,-3.2582857046055063,0.9602857069513143,-0.26182053005806943,0.09644361598948026,0.13015536757642007,0.7260812178627812,0.6751782322897762,-0.24680142081451187,-0.6358113518230163,0.7313227629281934,0.39418440455592807,0.1927928482836222,1.2898756116638757,-2.0963502,-9.439987,-1.4609848
7.146378835174926,-0.5331504752089073,-3.244178200595857,0.9553625596366969,-0.2837000536439885,0.08244185348969901,0.15763016298751767,0.7254989513895652,0.6699283568032999,-0.24987018902011413,-0.6270291469262325,0.7378342209087442,0.4751360916454476,0.21897554276663633,1.1982473153796445,-2.3227296,-9.396805,-1.3985214
6.9516724363801945,-0.7590741265061786,-3.101266639014426,0.9503630294693238,-0.30258862870682224,0.07245849843333949,0.1808866702175802,0.726794122319527,0.662608720361711,-0.2531602748368823,-0.6166120543251751,0.745452513380565,0.5679943718576047,0.2631746354636508,0.9971830517940553,-2.5283647,-9.358104,-1.3146927
6.45270529161646,-1.1212824046387442,-2.815097837358229,0.9456458738459695,-0.31775234885710546,0.06919050566288255,0.19774562847890303,0.7307684050410035,0.6533561085742682,-0.25816767360685705,-0.604161388198236,0.7538822648894213,0.6558566371865707,0.3843210332994616,0.6760944335859752,-2.701207,-9.327547,-1.2107131
5.538890443761776,-1.5515991806047285,-2.3602826670174304,0.9418434707645946,-0.3278743133738509,0.07368385988619494,0.20640864444747098,0.7374475100392637,0.6430914720584056,-0.2651911538408853,-0.5904825184258339,0.7622362149347304,0.7557650733502745,0.5624643786440787,0.2846045526770431,-2.836708,-9.305845,-1.0818695
2.2967895262790305,-2.1427024532674577,-0.9296788471630706,0.9357366732008199,-0.3365243716867052,0.10558515846429745,0.20394413677319645,0.7605048671068005,0.6164731431154992,-0.28775626405501276,-0.5553230540574875,0.7802644667863368,0.9056447976763125,0.8560650543790705,-0.3385921126814189,-3.0164993,-9.280719,-0.75562286
0.20472333054929648,-2.183570215248694,-0.13476332148187176,0.9320327411761146,-0.3384950286303485,0.12936802142831802,0.19807866035643013,0.7748378630775224,0.6003258533936882,-0.3034465582061201,-0.533898306359926,0.7892228992995973,0.8883899855354926,0.9873569109752218,-0.5788199192854412,-3.0687943,-9.2755785,-0.57781523
-1.9373348034335507,-1.9875509256874488,0.6287794482792269,0.9279191776928398,-0.3374561505708822,0.15839616823561806,0.18784564920832605,0.790287377137961,0.583232263862266,-0.3219938069953313,-0.5114383716326761,0.7967124828182184,0.8060878112842025,1.0393129630502518,-0.7521975189220018,-3.0978103,-9.276176,-0.40871277
-3.9642555881259045,-1.536349872393648,1.3360471675356205,0.9237885918898838,-0.3346586632024505,0.1860597125593139,0.1760738624803518,0.8027689051751933,0.5697017463858356,-0.3400185766180369,-0.49352372184867616,0.8005133999673425,0.6418433596480083,1.073924641050382,-0.8484547223383213,-3.1079667,-9.281195,-0.2645157
-5.802180520974746,-0.9167785874687032,1.9338004873823629,0.9192941654421023,-0.3309057737611777,0.2130718336045969,0.16300760486163793,0.812888577504542,0.5591428094144764,-0.35822724371742143,-0.47928439308427057,0.8012238840701527,0.44772355371821604,1.0855268569867085,-0.8894684085412549,-3.1048737,-9.288757,-0.15585479
-7.440989065254352,-0.2555670940853165,2.3751040069333635,0.9140715418625467,-0.32641513923174853,0.24067898378825026,0.1484580122724462,0.8215808320044695,0.5504227058134114,-0.3774035439011414,-0.46739500785006377,0.799442600621019,0.27569607674956337,1.0510730776216717,-0.8725636192476662,-3.0926666,-9.297778,-0.08072357
-8.867415850441873,0.4422572174564665,2.5932132035727182,0.9092425735759776,-0.3232824267101346,0.26223351230790376,0.1367415140240034,0.8269688507873311,0.5453661872264393,-0.3931662507634096,-0.46001194811427104,0.7961214146427397,0.1113339978072822,0.9710823354155327,-0.7559179353351011,-3.0800903,-9.304828,-0.039785765
-9.996289907869965,1.2461425139623405,2.6054621939849927,0.9044708693605753,-0.32116696880738826,0.2806852768229918,0.12627404588705865,0.8301783005562701,0.5430090741606588,-0.4074154044871627,-0.45569262385140363,0.7914271417850066,-0.04219828054214403,0.7742678334919039,-0.5546481086955667,-3.0728073,-9.307892,-0.030133057
-10.779008839874246,2.0714243696526795,2.3683283793508583,0.900680420366369,-0.3210381638318613,0.29276146900186184,0.11881119775852153,0.8301215129542749,0.5447771774016331,-0.41792185831306605,-0.4558867963584512,0.7858171220138829,-0.2144442243891038,0.5255890126688022,-0.29596580696519054,-3.0713775,-9.307108,-0.05703888
-11.1381765897953,2.6958266286482075,1.9145882205179463,0.8985245703749253,-0.3219988811085262,0.2982789248294513,0.11380691305858355,0.8272419995087281,0.5501987466260504,-0.42391223498813063,-0.460420888767721,0.7799429608719537,-0.369790600655702,0.2732223127545404,-0.09516416196540889,-3.06821,-9.306279,-0.116824344
-11.179613341548253,3.1029053472057093,1.2972760172704265,0.8979312678164352,-0.3233197458590146,0.2986365352987338,0.1106033436672042,0.8224937637928634,0.5579165787924599,-0.4260121343896249,-0.4679405415856924,0.7743031130592756,-0.47948181762704645,0.05731628470207603,0.04803139320706379,-3.0581086,-9.307905,-0.20149231
-11.034106082164854,3.279261342303691,0.6383914008659088,0.8989278834051817,-0.32378316176382405,0.29511544282687374,0.10820017909176437,0.8168469834132113,0.566616031306251,-0.4245248893541937,-0.47741540595895904,0.7693199259552895,-0.5135659320397472,-0.14423674911475867,0.11107999276180526,-3.0343323,-9.3141,-0.29479522
-10.790210009162864,3.268070127791897,0.07677378644338129,0.9008589959633443,-0.32268716691904875,0.29038949997834534,0.10656028234697527,0.8128350090915505,0.5726640849758884,-0.4208301030321479,-0.48494560550735644,0.7666353657907098,-0.48152690085106287,-0.32945987524636217,0.10544654938415622,-2.99178,-9.325907,-0.37911835
-10.003749411031169,2.591703941094613,-0.6010970157241773,0.9096331399508993,-0.3131749832589321,0.2729266944874307,0.10120339111822368,0.8042728947367527,0.5855791871454584,-0.40289629475739713,-0.5050411276842031,0.7632876489359888,-0.39314993436354484,-0.5221572424477404,0.03637903175449278,-2.8308976,-9.369741,-0.4814392
-9.399886747001387,2.0130842611894106,-0.6311949102816292,0.9160848027386463,-0.3039220715087988,0.2615721862910818,0.09716266457665333,0.8011296831827813,0.5905511386288412,-0.389034768116759,-0.5155798727387025,0.7634326060780238,-0.30783838968284016,-0.701232031153503,-0.06113449251975939,-2.7046065,-9.403247,-0.49016267
-8.598268489303392,1.370317870302248,-0.4389037639226392,0.9241725476124633,-0.28790433687367334,0.25103026719664767,0.09044653144789684,0.8034392718141722,0.5884766447835946,-0.37111255326185666,-0.5211491430637133,0.7685564673434365,0.01175662481454226,-0.9788371764934498,-0.3721127898965628,-2.5485413,-9.443407,-0.45396882
-7.587379054361488,0.6596876290982141,-0.1792827084237727,0.9326198331258297,-0.268510163095778,0.24108616545672823,0.08116323599095024,0.8070490426617609,0.5848797926601776,-0.35161452754945643,-0.5259031612882865,0.7744630972248833,0.06296166402459175,-1.0033078913011293,-0.504966958546226,-2.3692918,-9.486852,-0.39493865
-6.374999912428478,0.05712129133816757,0.0717748714235843,0.940072854400375,-0.2488976497051613,0.23305147154819492,0.07046155928060376,0.8105408041102867,0.5814282187303913,-0.3336138442620122,-0.5301637151328787,0.7795051238274355,0.044596928013596826,-0.9942955973381473,-0.6095886314577994,-2.1724975,-9.531629,-0.33449554
-4.978033260916772,-0.3321026074443396,0.32299180754244466,0.9473246555521831,-0.22676285572622262,0.226173836342374,0.05785571094337464,0.8157321869204738,0.575529074793948,-0.31500589469750434,-0.5321274344410643,0.7858827392308573,0.15882608196203096,-0.9420001445237487,-0.7000495177862042,-1.9700286,-9.575125,-0.25795135
-3.209797119864648,-0.9224876748040758,0.6265747818495537,0.9533102853721469,-0.20471441059138998,0.22201691354465986,0.04497785305027745,0.8232212540913085,0.5659361797476115,-0.29862433346709155,-0.5295269369055295,0.7939929033390554,0.3821305849397949,-0.8456914899355705,-0.8044402403271819,-1.7700226,-9.614714,-0.13767394
-1.045056484458513,-1.7731140405959152,0.7734200980688932,0.9582421201682374,-0.18067205756431284,0.2216520849235587,0.02872227595002511,0.8320116941018508,0.5540140537405335,-0.2845119856873052,-0.524513249111255,0.802457962454745,0.4618847617707936,-0.7068399452416377,-0.9756017058351663,-1.5676987,-9.64958,0.008152771
1.173219317745152,-2.553413662291553,0.7312924209519243,0.961578200759953,-0.15625595479430657,0.2257242574792814,0.009503566174779285,0.8406707203832233,0.5414632232389509,-0.2743666270762805,-0.5185140465615871,0.8098556275442637,0.4649123199807426,-0.5210975657587283,-1.1400097612984355,-1.3601364,-9.679344,0.16155854
3.0802915081513613,-2.991158765537227,0.6537484863020038,0.9635198216316949,-0.13272335260644968,0.2324092618544555,-0.010731173361511375,0.8485181120410009,0.529057516208456,-0.26742175536241236,-0.5122514277298592,0.816139742659066,0.4208919509935876,-0.351331543945782,-1.141319120927037,-1.1632278,-9.703783,0.30763856
4.660656317339554,-3.0811041485372863,0.5420254510064679,0.9641114610754473,-0.11397420546709142,0.2397894307744056,-0.02803630984868618,0.854414154385581,0.5188356368982772,-0.2640133632092069,-0.5069381947276388,0.8205550626089912,0.3612016637290932,-0.19588100771376632,-1.0572283244327556,-0.99054873,-9.723727,0.43651733
5.98796877062465,-2.9589982784763675,0.2818734361486328,0.96375628728476,-0.09763662803057564,0.24827586992278589,-0.044267808793622965,0.8591974991298142,0.5097254345171368,-0.26308587917960974,-0.5022417210426583,0.8237348322247882,0.2667335212746393,-0.05561981797660476,-0.8712346899399982,-0.85367125,-9.738515,0.5392395
7.099187401710919,-2.575505289998665,-0.16989420605770977,0.9631248637799253,-0.09012482473459575,0.2535113660873231,-0.05241221636329882,0.8613328232108663,0.5053303149777235,-0.2639004667384826,-0.49998328334671016,0.8248474162104491,0.17237006374680675,0.04857211655400798,-0.6192454304300853,-0.75983274,-9.747355,0.6071884
8.003337458421269,-1.9971254507620655,-0.7638213638648796,0.962357287144868,-0.0847193405786081,0.25824617172592895,-0.05806261622072705,0.86415605499781,0.4998630264464723,-0.26551305895713784,-0.49604127443444423,0.8267078501990138,0.21475096807184563,0.06896585277840772,-0.3438702380796709,-0.7128647,-9.750537,0.6637222
8.76307659808827,-1.4569789235970565,-1.4345463210460978,0.9619576849200471,-0.08380169148353726,0.26002824640366223,-0.05810511095327757,0.8672586384308006,0.4944555087652085,-0.266947950927466,-0.4907542466160141,0.8293968054700807,0.30903247128233763,0.05819072447437969,-0.08778560682237657,-0.71067655,-9.748485,0.7271118
9.360308304469271,-0.9797499694980534,-2.206124657241695,0.9619140670795466,-0.0874334210156907,0.2589917458993252,-0.05343770868105936,0.8690377973764764,0.49185131698711626,-0.26807785967029374,-0.48695862618967445,0.8312674404390312,0.19869226427862915,0.04300082151951614,0.16995673836000294,-0.743161,-9.742968,0.7706329
9.650134639634715,-0.22205698358947512,-2.9824339489487466,0.9623860019388897,-0.09500445516945835,0.25453356707914926,-0.04488150764997528,0.8684015769262295,0.49382623610244014,-0.2679530435414877,-0.48667530725319497,0.8314735785139904,0.017689929235611485,-0.007622011071915902,0.4556059002217387,-0.8063858,-9.735126,0.7700027
9.28789296589648,1.5999871005666675,-3.827165143896474,0.9644449227578569,-0.12273104756277137,0.23405785808371915,-0.012332360762495555,0.8637660629961883,0.5037420979966716,-0.26399602997889404,-0.4887179947374652,0.8315412303519129,-0.04525713479000558,-0.09918018999346195,0.8393732740390795,-1.0654129,-9.706795,0.69428253
9.159873115671738,2.032476694152435,-4.0957235905184675,0.9655373288653145,-0.14225349927138461,0.2179486373269674,0.011446699796797478,0.8598117984108511,0.510482756199717,-0.2600127682084047,-0.49039536423027447,0.8318087202656977,-0.064100611388653,-0.2016623802001717,1.2214527015848344,-1.2516037,-9.6848545,0.6400803
9.12872380727178,2.1943465724166686,-4.297713903096663,0.9662155441494299,-0.16412174819358918,0.19872487014438678,0.03886696895841331,0.855008584842173,0.5171553717889529,-0.25478791370080495,-0.4919597256036964,0.8325014999481539,-0.047347926544137275,-0.3011196600097744,1.586435412262509,-1.4577148,-9.657036,0.5843552
9.112440291571275,2.1681215089372783,-4.304128582881079,0.9659027496025306,-0.1898390550332054,0.17604832147558946,0.07092427204029415,0.8479750150552741,0.5252695702946838,-0.24900125691615907,-0.49487322318560223,0.832525595419183,-0.10397634711806794,-0.2954233940751654,1.6309856274874956,-1.6720474,-9.624127,0.5207901
9.086195703439866,1.9559815623682897,-4.075486659051803,0.9642415785430752,-0.2164039326408465,0.15299515072817316,0.10347621343389708,0.8388761990771675,0.5343962910380523,-0.24398944948940482,-0.4994557643669958,0.8312719699222609,-0.1852216725873262,-0.25171630820752466,1.5735180861900557,-1.882994,-9.588301,0.4452942
8.923188386318063,1.5531295841353066,-3.607370276377236,0.9615218163130034,-0.24082179953814575,0.13221443802154953,0.1328233820635706,0.8287657821428964,0.5436039252307397,-0.24048647764757905,-0.5051258647270817,0.8288631460333952,-0.2507267488212934,-0.19324730555397207,1.4243175072766645,-2.0784974,-9.552648,0.36162263
8.50476029254122,0.9127501716814246,-2.8737934132947234,0.959025920136961,-0.25726672137524326,0.11867231597255734,0.1522329303160623,0.8211836310010721,0.5499841625931423,-0.2389443856482972,-0.5093832331837473,0.8267008541899716,-0.24798898014123533,-0.125794494430156,1.1819395750406396,-2.2466385,-9.521166,0.2812271
7.757703853154979,0.20697886796235243,-1.9927756496224907,0.9559508553397282,-0.2726725571460644,0.10866295944189251,0.16900694316931117,0.813987513781382,0.5557526253366417,-0.23998878168741358,-0.5129074029368562,0.8242156154045852,-0.20532248659291968,0.01618648215644436,0.8645113314553945,-2.38098,-9.495672,0.2161316
6.626343600640639,-0.5105737224439364,-1.194428038348554,0.9533790275349214,-0.28245588033220304,0.10624079029417045,0.17685229101010866,0.8082106361896269,0.5617106325452941,-0.24452340792047955,-0.5167342094498086,0.8204840399198724,-0.3053863940271093,0.18752680546780218,0.4976406260966194,-2.477388,-9.477304,0.14714661
5.017708945313418,-1.232154710128979,-0.5149128944398262,0.9512654634197817,-0.2881055721968758,0.10995088618952065,0.17747326363228585,0.8030699639064355,0.5688425737996599,-0.25218496941819313,-0.5216069519671176,0.815063757542388,-0.4065127569408228,0.3161761155411007,0.1377692376768088,-2.5291824,-9.467702,0.06367798
2.959072268859446,-1.9566671885348454,0.20110605108433344,0.9498634125050797,-0.2897208580529927,0.1175641186469958,0.17305914208627096,0.8003229702210668,0.5740502388091945,-0.2604035923803104,-0.5249237732714785,0.8103363507395316,-0.35098276144305807,0.3814748414920327,-0.14500976877270733,-2.5428786,-9.465985,-0.009182739
0.7642615046909359,-2.6222325044047516,1.0507557781452337,0.9487181685109676,-0.28836470039592593,0.12953623548168203,0.16487141358536056,0.8009707741302929,0.5755547202234416,-0.26972440327038005,-0.5246823977938334,0.8074386216460974,-0.1553934287533905,0.47302203820752714,-0.3964260917172797,-2.5305054,-9.46995,-0.043466188
-1.2913604415355584,-3.0936865020534254,1.939856115222373,0.9475940100499066,-0.2844104976661037,0.14552065466750486,0.15404757144977882,0.8058109227610863,0.5717850142224362,-0.2798837934714423,-0.5194029510661687,0.8073943501014784,0.14484743278925596,0.6221591415778945,-0.6788777340258112,-2.498848,-9.476435,-0.01690979
-3.267600326381114,-3.192868600721635,2.690744014263493,0.945546495272746,-0.27705713558632644,0.17082496567577415,0.13795154646929048,0.8164823108111345,0.5606478457634891,-0.2948070489390652,-0.5065530374533442,0.8102424477541454,0.4418419527924395,0.7747047653976039,-0.8962082846381518,-2.4575653,-9.481832,0.07470093
-5.227778569040365,-2.84250250229907,3.173399664342994,0.942869929635649,-0.26970894446025273,0.19558471583179812,0.12319983773617131,0.8277036747877594,0.5474745900264414,-0.3095449818211395,-0.4921013229213824,0.8136450037997986,0.6153143033526806,0.8960014356570676,-1.0085865801246285,-2.4174454,-9.484671,0.20969848
-7.062050697123948,-2.0885816912854622,3.359485858450169,0.9394360893534505,-0.2633026412326353,0.21938904516911586,0.1098708256643447,0.8377220259580731,0.5349300972019958,-0.32463554286019414,-0.4784281830584598,0.815915582623133,0.6141022712186608,0.982885464506343,-1.0078897198431043,-2.3862138,-9.485567,0.35213166
-8.649485620401013,-1.0235810038369733,3.2741603458303543,0.9343475294254389,-0.2581729497273771,0.2456449109703806,0.09644459356783844,0.8467809345960159,0.5231256915658342,-0.3430643301599787,-0.4650900738929638,0.8160870594110172,0.4656053273554625,1.0229259171252736,-0.8738123203632226,-2.3725343,-9.483902,0.4688797
-10.75055759256119,1.1076346854171246,2.709417015760755,0.9225338618197733,-0.2538211279129819,0.2906993443764183,0.07673947990142972,0.8588822219775237,0.5063915293480031,-0.3782093679701167,-0.44485521666710015,0.8118260344333081,0.2970162949732521,0.9625116819597822,-0.6395000626250777,-2.4155746,-9.468091,0.5964279
-11.050476533803929,1.9584028143278536,2.440229213677955,0.9166119331579082,-0.2542789149426015,0.3084879210084859,0.07127131744050921,0.8632237992058369,0.4997650165777262,-0.39337382132370996,-0.43610423742524385,0.8093640286032775,0.25453955455016186,0.8316504987173138,-0.3992867385441258,-2.4711976,-9.452757,0.64665985
-10.924808736711203,2.7528905119495715,2.027038609692367,0.9112974688117222,-0.259196507847745,0.31992826329801544,0.07188668415856848,0.8652206036987817,0.496211257002299,-0.4054247500807467,-0.42919748048497297,0.8071061236091038,0.19877379019790176,0.6737335223799957,-0.053255898146003955,-2.5430343,-9.433485,0.68076783
-10.639576551827988,3.50599159619435,1.4551264837605768,0.9066011309629549,-0.2655086797745925,0.32799318636375085,0.07305233831063404,0.8642686226869494,0.4976978035978778,-0.41561730618928905,-0.4272527224057857,0.8029429406830861,-0.055865489798749016,0.5519563474506097,0.08886420763359101,-2.61344,-9.414907,0.6692551
-10.458166920757478,4.151018053118952,0.7412892316329298,0.9032496929409315,-0.27302911755450854,0.3310514962502385,0.0748503376089337,0.8598923424015725,0.5049580046290634,-0.42253688497212066,-0.4313238463689926,0.797133815862502,-0.34258725299456044,0.34980534689399667,0.25682339483042427,-2.6725922,-9.4012985,0.6018158
-10.210452961599291,4.425225038285294,-0.00634872402727904,0.901970639145442,-0.27907322621703884,0.3294952207974779,0.0763295854631843,0.854110221087817,0.5144604208453152,-0.4249973652889895,-0.43887796098930876,0.7916838856862523,-0.5094627882377049,0.10448088135683904,0.3276528680137266,-2.7098632,-9.397069,0.49796295
-9.695393913865907,4.098582179981196,-0.5688224682398721,0.9025365972375726,-0.28370831893159415,0.32394024204447786,0.07751250107714969,0.8470258147213308,0.5258698331074249,-0.42357939376649334,-0.44950735140225934,0.786462737967753,-0.5414449221375695,-0.11921193610466885,0.31555837942947523,-2.7195983,-9.402601,0.38981628
-8.94524147507603,3.405754024018073,-0.786560722253558,0.9043084867650195,-0.2844693067037549,0.31828191011781987,0.07729269047124374,0.8423911394741891,0.5332944853784765,-0.4198237734627216,-0.4576618639114056,0.7837688546737861,-0.39963203147861914,-0.24127372640002018,0.17442372615842783,-2.7021408,-9.41411,0.31084442
-8.22145697951036,2.7078283235150895,-0.8145715497797397,0.9076807871411003,-0.2809356117518729,0.31175434352149156,0.07529837235612313,0.8398409852436418,0.5375846674018036,-0.412850752422026,-0.46448067942013427,0.7834615208610927,-0.2414573147774185,-0.36652460768247475,0.011946031455595751,-2.657013,-9.428703,0.2759796
-7.657004366571453,2.121465221055751,-0.8609865840917452,0.9123159882272335,-0.2744093209424568,0.3039392409756741,0.07175928585604506,0.8378958124409005,0.5410926098067075,-0.40315027287402244,-0.47183697616221504,0.7841171630615527,-0.2635971407291939,-0.5718008093177379,-0.08265846734820317,-2.5753875,-9.450099,0.2541519
-7.032483585948778,1.4619438023545035,-0.8952025968062121,0.9190704032213427,-0.26276183382454843,0.2937104230491689,0.06659972308232744,0.8381202358645647,0.5414046057429542,-0.38842511608792485,-0.47802791646459974,0.7877913684933308,-0.10555627995829256,-0.7863024518889588,-0.22709475954331737,-2.4563324,-9.477374,0.2635254
-6.0127559613553565,0.4530698564711779,-0.6588522244385657,0.9266496148708934,-0.24804444252875174,0.2824791068207144,0.06153428111835839,0.84136904655343,0.5369466079127599,-0.37085579880443276,-0.4801792186594215,0.7949175394094362,0.15404351905982505,-0.9168800207407162,-0.3308000460918115,-2.3146195,-9.506038,0.32403105
-4.584125642716744,-0.783641665998472,-0.2988616098219983,0.9335543607786368,-0.23087589112344697,0.27417618125786924,0.055183962758545264,0.8483822358163337,0.5265000590745859,-0.354162371978527,-0.4763862979234736,0.8047515824310691,0.4828810024481881,-0.8908191035093078,-0.5386045434311677,-2.1632202,-9.529368,0.45424652
-3.1563171662811866,-1.7547602043074781,-0.29391222607382467,0.9403161430587732,-0.20951318706453656,0.2681599812595758,0.045563161413270395,0.8584226147106817,0.5109154654884747,-0.3372381197686632,-0.4682038434264892,0.8167347253396046,0.6713753096114488,-0.8268262486911488,-0.7382556465499921,-2.0001283,-9.546819,0.63644564
-1.8619226049539601,-2.3728990644809587,-0.5815866050750848,0.9457693043077737,-0.18924429330986714,0.2640208712939975,0.03518842732555286,0.8676774030164066,0.4958807304958105,-0.32292754235516413,-0.45969829425869385,0.8272818628763112,0.7115665450565083,-0.7857052515924963,-0.8407606358939228,-1.826532,-9.562513,0.8349441
0.9755706706176946,-3.0537414236501967,-0.74167156586714,0.9519019388443714,-0.15337929617179344,0.2652498639588247,0.011176795904079072,0.8824954734019521,0.47018806732879037,-0.3061989190994113,-0.4446082893187094,0.8417634412419215,0.56789431463798,-0.4722332681959216,-0.8860131070778697,-1.4999878,-9.586334,1.1912934
2.4674530557747882,-3.3059014869121923,-0.6566748452397557,0.9544623434873408,-0.13469200941355366,0.26619484868193005,-0.002168155983252317,0.8891236064052515,0.4576620058870432,-0.29832353907174053,-0.43739830261794366,0.8483429677333646,0.4598396917140029,-0.3987812014259049,-0.8252416525236851,-1.3539658,-9.5931,1.336113
