-0.1810840206484263,0.359344248776861,0.39082924335593444,0.9999988189259145,-0.0014508745583010543,-0.0005070599493022748,0.0014498026433225754,0.999996727213232,-0.00210799314995053,0.0005101167234335474,0.0021072555233996194,0.9999976496247817,0.10386475,-0.025063479999999996,0.07147339
-0.231368779276621,0.5249425138049467,0.5834200216815669,0.9999927924107009,-0.0034484466023077857,-0.001588503282965169,0.0034400540060502732,0.9999802694632763,-0.005256111926963295,0.001606597362258733,0.005250609505985017,0.9999849248587356,0.1561437861287946,-0.05403852917383308,0.0989449839687848
-0.29842958984388923,0.7294836777244459,0.8439613868712652,0.9999735393665258,-0.0063626835965905305,-0.0035265881859146827,0.00632676528004151,0.999928935455766,-0.01010426045733435,0.0035906277828001796,0.010081681196510185,0.9999427319083714,0.2264138909763884,-0.09169086114805915,0.13560487604291355
-0.3721123150277637,0.953477407316055,1.162534139347762,0.9999412179696898,-0.009348961786325653,-0.005491586183522789,0.009265331195518964,0.9998436351254305,-0.015061837105814239,0.0056315400318721915,0.015010070375669865,0.9998714835138498,0.2264138909763884,-0.09169086114805913,0.13560487604291357
-0.4590176776294239,1.1810219209918842,1.5422460989299096,0.9998675707949644,-0.013515732906818905,-0.00906453730581107,0.013310501094420403,0.9996620063591148,-0.022331672635168692,0.009363302472543637,0.022208061735785076,0.9997095230919567,0.42429026479078163,-0.2138802008887553,0.24021612954286853
-0.5731596544011035,1.398469243546034,1.9726131069947594,0.9996783081370344,-0.02018240246505747,-0.015360692400248503,0.01965186870554946,0.9992306733606799,-0.0339391436477434,0.01603384846680475,0.033626359391119895,0.9993058509072401,0.5426860474431675,-0.30498367021571493,0.3053308940140856
-0.7033152348181202,1.5768501879390742,2.405819685201263,0.9993500927422453,-0.027701342500037775,-0.023065726950632637,0.02659600244400489,0.9985444035112131,-0.04692256248793868,0.02433197053392979,0.046278611043673555,0.9986321872290143,0.6630436422291697,-0.41276772624715574,0.3716425716359003
-0.8349055027546649,1.674520465725061,2.809911518315599,0.9987208189397807,-0.03760928536164252,-0.03379744769712521,0.03539020146081914,0.997321105834515,-0.06401675950548377,0.036114532487850515,0.06273877199632497,0.9973763517507209,0.793564263752313,-0.5303956068385908,0.4382555972231168
-0.968365340816082,1.713126908295158,3.203034285448987,0.9978639532477928,-0.04745741643802943,-0.04489236498241134,0.04371246419437086,0.995754115166999,-0.0810121139215797,0.04854638279771652,0.07887671236185374,0.9957016184401046,0.941952192217774,-0.6652044157046465,0.5102323691094625
-1.1236393910582496,1.632968688972407,3.558693185594137,0.9965267534024593,-0.05913904052670449,-0.0586259638618831,0.05300782272511055,0.9934605061472219,-0.10112563204078932,0.06422305258314402,0.09766676308390004,0.993144804600828,1.0791545320511962,-0.8095739421679716,0.5720810252240011
-1.2607814365733587,1.4194992437756142,3.8139685146090847,0.9947163080164716,-0.07128585791900639,-0.07387687748430524,0.06193456223772473,0.9906030222610682,-0.12194163475884248,0.08187537216099372,0.11672180065432836,0.9897840394174432,1.1793018002958442,-0.96209791598041,0.6074815798188088
-1.3300187228519964,1.0550786148119933,3.8434853355406857,0.991852670041835,-0.08616924210776679,-0.0938250640578289,0.07178212295993691,0.9865021002626473,-0.14717653685540466,0.10524071338720173,0.13924247876262058,0.9846501532797295,1.2428383038956823,-1.1084989008129422,0.6195094289225891
-1.327705619612522,0.6287820419256159,3.646706086214172,0.9879557625558821,-0.10191359952386443,-0.11643465748957571,0.08071501491467391,0.9814073848225634,-0.17413968928151016,0.13201703526420147,0.16264428439950263,0.9778130389559269,1.3008338598377212,-1.244042114909301,0.604344505580136
-1.3024996060325102,0.15151288741426217,3.2663180870469186,0.9814824171227408,-0.12237124072494578,-0.14736873590534572,0.08970119629874833,0.9733908183459151,-0.2108649096991796,0.16925117506674986,0.1937410493501754,0.9663428198808215,1.392745850522165,-1.3505522954288447,0.5680816852107906
-1.179358158847745,-0.3096567666550766,2.779897859528263,0.9763461856678901,-0.13561254033131864,-0.16839645078399967,0.09354610244637568,0.9671249003351156,-0.23647104234744024,0.19492883944879416,0.21512476858018725,0.9569347320974757,1.5065495345345585,-1.4263699254270026,0.5149317868597851
-1.006773060568504,-0.8896805045499906,2.2171321559743338,0.9672398133619605,-0.1550829948002226,-0.2009885772160033,0.09545352144232844,0.9557897993189423,-0.2781267422635134,0.23523556000693893,0.24983019081297997,0.9392811650760235,1.6385034520789212,-1.4683224597477806,0.4396668437841279
-0.7394313967087683,-1.4967990697458449,1.6303151450300042,0.9616382002988526,-0.16534651803383893,-0.2188892429976148,0.09441502288554514,0.9486754652802682,-0.3018288671230577,0.2575612066665039,0.2695837356914393,0.9278937623840045,1.7217159766650953,-1.4748817872695248,0.36338137130141734
-0.49709428571350905,-2.1422942389419872,0.8934329542434601,0.9505058724090827,-0.1826890781202477,-0.25132307345610416,0.0883761821659479,0.9344303341624057,-0.3450066680846989,0.29787285365004235,0.305719890312535,0.9043268832262329,1.7662553139720092,-1.4725779067035618,0.26716521581969155
-0.2559460348907553,-2.673236611413014,0.0712670742556133,0.9433855335519216,-0.1920619219985039,-0.2704365973813394,0.08206088431525484,0.9251035710163337,-0.3707416811719785,0.32138722182183055,0.32756007237004203,0.8884900970965174,1.7870443254611912,-1.4247708299720685,0.15847795537491516
-0.007335006672299804,-3.001206749021341,-0.8925426102974702,0.933525936993337,-0.20275570461481293,-0.29566780211389765,0.07004979385471945,0.9119753490682391,-0.40422022348315767,0.35159970327294593,0.3566385942912143,0.8655556375648903,1.7555147530817798,-1.3483085342495755,0.03687255700094361
0.2530329760620501,-3.0635724424294972,-1.9079252047977917,0.9245923613405199,-0.21076028830646315,-0.3173469177788526,0.056495645040945654,0.8996701292903048,-0.43289941158908146,0.37674554734219334,0.38232677036239826,0.843735167704944,1.7106323186143353,-1.2449307378669667,-0.06330721080634005
0.5187146862294101,-2.913155467674237,-2.9128512589721707,0.9157567344432931,-0.21767957650862124,-0.3376465686080389,0.04084487548997821,0.8865690582763637,-0.46078954095461966,0.3996514724956785,0.40817999323581294,0.8207726808648351,1.6541056030318002,-1.1066869718403733,-0.11811104708507003
0.7380843552715468,-2.6585729087945946,-3.7982274048085594,0.9082105204010595,-0.22305406513675818,-0.35411937910654284,0.025798812280601754,0.8743651904968684,-0.4845822272146231,0.41771769404437126,0.43096681736920445,0.7998621946366216,1.552290887874537,-0.9495520820849739,-0.14242609308207022
0.8636257275442689,-2.3559831571041183,-4.5036738272695,0.9013658812370997,-0.22710716022838986,-0.36873009900829,0.010553008147907694,0.8627220654447668,-0.5055682662249928,0.4329297658520343,0.45181077407219006,0.780024898494652,1.3615853311983308,-0.7841695463536763,-0.1732660127340775
0.9164214298820927,-2.019481616263695,-5.0557144636033335,0.896172440867253,-0.2291623791115487,-0.37994678605031634,-0.002412852998548592,0.8537735274404215,-0.5206389747054545,0.4436993738675294,0.4674990565144217,0.7645753709005338,1.0924556849473837,-0.6056509759707759,-0.20234561908318918
1.0588200623635213,-1.087070464637724,-5.9403487537859565,0.8892338845859954,-0.22975880451974842,-0.39556793379868005,-0.02176946757725337,0.8424846740957923,-0.5382802840482912,0.45693455634861324,0.4872683712897466,0.7441641926047871,0.7546665543971387,-0.41825461322063195,-0.21606781672234754
1.1556373424444748,-0.5879139450258983,-6.171803954267676,0.8891412232947505,-0.22615575672221014,-0.39784602390789253,-0.0265441128678872,0.8424059701764789,-0.5381891781549328,0.45686244659631625,0.4890866539913247,0.7430147709013591,0.08505158413273047,0.0008941527690615736,-0.1684966530745055
1.237529608659862,-0.18380808283457695,-6.220111201746414,0.8910298387526044,-0.22192617052924474,-0.39599823394395656,-0.02628535793760731,0.8456616124068369,-0.533071774960521,0.45318308266152213,0.485391813008515,0.7476763213140479,-0.28635350121265835,0.22300237827551112,-0.13130222846110698
1.2858252306093714,0.018176484140401072,-6.118127726315738,0.8951409343089752,-0.21605621701323408,-0.3899261709790526,-0.021741161110512372,0.8524992070139392,-0.5222761950866335,0.4452527705001081,0.47598824894164665,0.7584096236411059,-0.6493949997351327,0.4459189499445001,-0.08112939404727215
1.271779120304588,-0.03854741436550846,-5.864122996549054,0.9009521373323783,-0.20945921061405673,-0.38001590141092234,-0.013496067620771915,0.8618267623983099,-0.5070231629549309,0.43370854544843285,0.46193232264367834,0.7736377879227604,-0.9919521513595617,0.6672392308535791,-0.022780697835005415
1.0724727840681327,-0.749702394549645,-4.972424448605802,0.9151443946189617,-0.1943593419164591,-0.35317868453135104,0.007407919362008873,0.8840595257534668,-0.46731560818710227,0.4030581344275546,0.42504494013498917,0.8104819178349529,-1.3191135584843643,0.893113033366993,-0.0016827111564634567
0.9736796403019276,-1.237791862495785,-4.405517810951325,0.9256735869989752,-0.1828640330475962,-0.3311935321681556,0.022117639440799232,0.9000853165538552,-0.4351519653520058,0.3776760786150195,0.39548346152742514,0.8372297243291521,-1.6195579303392926,1.1240236320613932,-0.020430339976412304
0.9024376469083035,-1.5842671818379053,-3.740952960622404,0.935212199669883,-0.17181446425741884,-0.3096093206939282,0.0334081457086335,0.9133007251270157,-0.4059133913567995,0.35250820896672797,0.369271682307761,0.8598699827628979,-2.0353539098486797,1.5584692446381854,-0.07225664487552741
0.7860270899191106,-1.8166450049810643,-3.0097105063717238,0.9472301309173573,-0.15776812568739382,-0.27904174884660815,0.04745822188494832,0.9299257325095374,-0.3646722490019217,0.3170217599121643,0.3321857169320913,0.888341068063673,-2.0353539098486797,1.5584692446381856,-0.07225664487552741
0.6481143080624958,-1.9162362043082712,-2.278760596759855,0.9572090675645789,-0.14400615222301644,-0.2510239611950847,0.05569852636884347,0.9428588836338003,-0.3285038808190294,0.2839867516848089,0.30046522872829307,0.910534003314959,-2.3017505278046237,1.9163667333374272,-0.2172718486935301
0.4532498023238695,-1.9960023182053848,-1.4906530201126547,0.9693125658505031,-0.12655707048969758,-0.21075212357976447,0.06492066527238029,0.9586505845765172,-0.27708187221774966,0.23710431650416292,0.2548967724396833,0.9374482271010633,-2.3017505278046233,1.9163667333374272,-0.2172718486935301
0.30596073124496037,-2.021689928208017,-0.6817319248891142,0.9771149575638768,-0.1113119581031334,-0.18126226217332153,0.065601535785091,0.9683060087187036,-0.24099774269044735,0.2023432682536812,0.2235914163435172,0.9534485200208345,-2.36180727925042,2.1466166890593987,-0.4880801469587709
0.20159590284406506,-1.9871103792797593,0.1917363774901527,0.9869887778218239,-0.08945222080472193,-0.13360932844261214,0.0639964071462751,0.9808525063448403,-0.1839370019039475,0.1475046179824578,0.17299323972383418,0.9738150372035246,-2.36180727925042,2.1466166890593983,-0.48808014695877094
0.07009933840442929,-1.7369090249388353,1.0383376147932881,0.9924758682354274,-0.07145324717181244,-0.0994287907949128,0.05634336578566494,0.9874942010004636,-0.14724343150850006,0.10870637562846755,0.1405333997989785,0.9840900809573603,-2.1755398246839173,2.236218585281313,-0.7487776579129268
-0.11389704615601756,-1.1428089829003516,1.8951844731307883,0.9976392928284832,-0.04776939411441321,-0.04933483952164238,0.042917766424918284,0.9945412788519976,-0.09510893745873103,0.053608830707081626,0.09276707198879647,0.9942436138215051,-2.1755398246839177,2.236218585281313,-0.7487776579129268
-0.2780068451435946,-0.3799123870924601,2.64643941826108,0.999450484590391,-0.028953884861407618,-0.01613695768927416,0.027860233429012612,0.9975410084555376,-0.06430974920484157,0.01795929412070598,0.06382483059860844,0.9977995062905904,-1.8439457478417645,2.100818079981882,-0.9810191170615128
-0.3891270821407619,0.4854518351422167,3.2724324688617608,0.9996809060555757,-0.004753200077897064,0.02480913454603113,0.005487884660718253,0.9995458731829244,-0.029629892421934284,-0.024657031245757244,0.029756587371609633,0.9992530091614148,-1.6361193231070514,1.9755853193948956,-1.0459719465571484
-0.5334037631749354,1.2485629988910107,3.8062704258155824,0.9983961122486912,0.013864563274799738,0.05489059055884003,-0.013538469310118453,0.9998884519218026,-0.006308213864439818,-0.054971928249226504,0.005554961621795123,0.9984724480454846,-1.4145422298381995,1.7889736693109068,-1.062852074894264
-0.6655681250027226,1.9739555753659694,4.32744722986935,0.9954652508499312,0.03594840932417333,0.08807182419676257,-0.03765002649541821,0.9991335819360022,0.01773586627791151,-0.08735794099667205,-0.020971345087889705,0.9959562203380363,-1.2031293627846724,1.5508980822706342,-1.0457712919541569
-0.7901546048812608,2.6818021573176485,4.785628836893311,0.9919560988239464,0.05486213632325179,0.11407560652491017,-0.05929430068635085,0.9975974099271115,0.035827274705661244,-0.11183596877612204,-0.04230311696278724,0.9928258469556176,-1.0033798547883863,1.2724226244328962,-0.9812739791019421
-0.8637618994128519,3.3388929290998295,5.044070835627786,0.9883424119027635,0.07118463815036505,0.1345809203625457,-0.07848073269335121,0.9956758682304443,0.04970251522272965,-0.13046091916793687,-0.05968511300946438,0.9896553116388074,-0.802385786111176,0.9886479668598395,-0.8627704039987325
-0.921594617090101,3.9066690873581456,5.069861761845913,0.985163931319172,0.08430834837425898,0.14947953312128884,-0.09406099024938815,0.9937922496816514,0.05940954961945804,-0.1435428804958934,-0.07258833836841115,0.9869784063452732,-0.5871686394718121,0.7080094619454126,-0.700557463794096
-0.9836073945804364,4.359755209310043,4.910242607248361,0.9827902861566757,0.09432725416525489,0.15882576163117604,-0.10586899007237337,0.9921985923787701,0.06583092147800332,-0.15137704706175034,-0.08151271313869243,0.985109469662958,-0.39773467322665224,0.4267597649129454,-0.5227228973321971
-1.0020046652689345,4.59184882166245,4.620740313962852,0.9816926825954211,0.09985412468168908,0.16219935487744666,-0.11214310547059356,0.9913321524059742,0.06844331597424146,-0.15395908818259943,-0.08537984182576268,0.9843814716743661,-0.20214653544767439,0.16992839996999887,-0.326979158785199
-0.9542623688883929,4.549104052038347,4.291190469335303,0.9816445727554535,0.10205417262747325,0.16111759254993066,-0.11419976603819865,0.9911283603857308,0.06799254867934894,-0.15274929203300483,-0.08514410777273357,0.9845903385139433,0.005628880579617917,-0.06314352086820457,-0.10712051362448816
-0.9327409532649962,4.390066437594769,4.033277752992836,0.9828285592419357,0.10011771484748955,0.15499827841669112,-0.1111231972768349,0.9917419765133442,0.06402723676982455,-0.14730803835974085,-0.0801517011367965,0.9858377384942633,0.2175531444113522,-0.297675370769905,0.12097189419740059
-0.9350524478334564,4.177010434151962,3.8747614228651317,0.985148994237987,0.09377437620119931,0.14383263023375176,-0.1028568476374299,0.9930587101939183,0.05705144171782209,-0.13748428290526038,-0.07099834136138317,0.987956126292033,0.39783022670240287,-0.5299057606963261,0.35192723692512845
-0.9661819720301372,3.9204953229445154,3.7516971856133914,0.9884105033580102,0.08256017495876122,0.12739110786214333,-0.08909278669141187,0.994939429056897,0.04645436327724809,-0.12291115576351899,-0.057265609389185,0.9907640979416653,0.5757431393858891,-0.7417761437202229,0.5717414299299036
-0.9938904357567504,3.5063590846602306,3.613657020232059,0.9917510043773834,0.06829273209473644,0.10847141586375797,-0.07229774267983692,0.9968228729433649,0.033424487734845215,-0.10584413880726606,-0.04099100779406759,0.993537495799819,0.7547750644873388,-0.9321502685749996,0.7695649419853091
-0.981989026525467,2.900063885390253,3.5274251060286645,0.9943767096278107,0.054503891443104364,0.09079804605456752,-0.05657131189461363,0.9981911113568839,0.020351704563300873,-0.08952455540404196,-0.02537382560174662,0.9956613495330835,0.9394952205662388,-1.119425100474362,0.9275802852583169
-1.0519633767576497,2.1019180700168527,3.5880687367450217,0.9981097973184895,0.026801128922053566,0.05530399610649826,-0.026392660738699524,0.9996188101513137,-0.008103200034819562,-0.055500089693404996,0.006628263737651956,0.9984366810989309,1.1355896241786292,-1.314910012118376,1.0416902710797016
-1.0542677563960126,1.313609166363364,3.6676427495269683,0.9993660924235414,0.010591245481143836,0.033988804528254965,-0.009706244605787734,0.9996122608479902,-0.026098214077267104,-0.03425203832992109,0.025751766571022152,0.9990814002816374,1.3063774487801678,-1.5077562530208717,1.1068239749773046
-1.131123951508888,0.5212588172273523,3.6546869811171057,0.9999269414509644,-0.011654345942083135,0.0032074882980067283,0.011806332046131183,0.99855889708362,-0.052352073299550175,-0.0025927368042478922,0.05238611720491643,0.998623538897445,1.4287116797665624,-1.6947336914776692,1.126266062993305
-1.3282490583730673,-0.23903752761553343,3.543786259638259,0.9980620909943938,-0.04417811549955774,-0.04382187388515137,0.039953375367408867,0.9948644858606887,-0.09299668042408307,0.04770524412105374,0.09106562954296121,0.99470159384576,1.5393018906408984,-1.888594891329497,1.1139399440181554
-1.526013665373294,-0.8901428684982156,3.429275381568727,0.995178964437182,-0.06385933709383791,-0.07443664290975034,0.05468331373721049,0.9913408774329197,-0.11938592852278404,0.08141599314911022,0.1147399224178972,0.9900536279732929,1.6339414394273717,-2.080285992585843,1.0487261611977097
-1.75017771808166,-1.6520095409141429,3.111173639665588,0.9882728727402527,-0.09146295708219686,-0.12227533065793995,0.07145744668268554,0.9846876123057942,-0.1590098722881872,0.13494651651420853,0.14840766035921005,0.9796757647443292,1.666590420629984,-2.253351693565339,0.9211127418010527
-1.8165450486354884,-2.37253307991874,2.462274179295913,0.9797744055340731,-0.1142377739643311,-0.16429195129411495,0.08167995814956745,0.9778304681542757,-0.19281068431462892,0.18267593902054652,0.17549161389896942,0.9673842022454662,1.662611408410629,-2.358042622035808,0.801073305864485
-1.7572702158643512,-2.890810549805559,1.5923283978544422,0.9699123913081443,-0.13372928079291482,-0.2034365568070955,0.08684110731720088,0.97069802871158,-0.22406240009286588,0.2274391682776723,0.19965424241438706,0.95310524509054,1.7021906163124083,-2.4315336643360226,0.655371306045931
-1.3207021294743244,-3.4173337514996573,-0.2834340003400051,0.9445264985646891,-0.16410804152032632,-0.2844964748770902,0.07878833814291279,0.9541400805961812,-0.28880634406569283,0.31884493297182265,0.25037024046055506,0.9141403893330161,1.779418850712848,-2.398116822286126,0.2829214869933271
-0.821716592988411,-3.48316507511988,-1.4040356407818562,0.9256653267312761,-0.18078669956137255,-0.33235503930162613,0.06690875607670271,0.9428248488032203,-0.3265034805931684,0.3723800763302836,0.27999548878667885,0.8848364849006631,1.7383437648296878,-2.2882845325021064,0.10466650890944684
-0.242244472423357,-3.400723387941946,-2.495399798358983,0.9076137598886886,-0.19416701347681126,-0.37220482766645185,0.052092682937994315,0.9318488097394801,-0.3590879393288448,0.4165616583952957,0.306524006669315,0.8558734825255139,1.7366811839959242,-2.122076336618429,-0.002060173670575427
0.3795609106531047,-2.7484965659273004,-3.823876646566581,0.8736526828403911,-0.2176058239467548,-0.435176625234215,0.019756011964031154,0.9095406680346717,-0.4151451230381016,0.48614883498478495,0.35409529589574806,0.7989216680422677,1.7329166072094129,-1.9060368640008372,-0.03999547985895413
0.6321267788104323,-2.195131737886625,-4.253852883822436,0.8563268931772477,-0.2278049665480435,-0.4634750794136044,0.00032294482920057835,0.8976884245528707,-0.4406306708916467,0.5164340691008288,0.3771742165628904,0.7687883080745509,1.6457362589733313,-1.6720334441948583,-0.13138607063408003
0.9581075699372404,-1.5805004619810377,-4.65281385473621,0.8471240772502928,-0.23242860983877964,-0.4778679096478984,-0.012520466973514919,0.8902905731484766,-0.4552207522397486,0.5312476217825401,0.3916115890667305,0.7512764655298512,1.3105497720634167,-1.1124247516852537,-0.15030701397941637
1.2860476857616296,-0.9876231438189029,-4.966105430452201,0.8352956810227945,-0.23771955086358937,-0.4957524991383088,-0.03163909514148999,0.8794167151218149,-0.4750002198136175,0.5488898732198412,0.4124507925820613,0.7270517524737399,1.1178624773201906,-0.8287484871757285,-0.1486212726763919
1.6879617574847525,-0.4031081985416556,-5.364523723855774,0.8306990237491113,-0.23656607982546665,-0.5039599406880312,-0.04660521864919246,0.8725003798733629,-0.48638569131451515,0.5547675959687389,0.42752728216670427,0.7137599999062832,0.5103391164103472,-0.20989473779382067,-0.1353341407768278
1.7572484328721005,-0.07945199990677221,-5.427128128080613,0.8312504123627472,-0.234395905931675,-0.5040647887218781,-0.04951284809191647,0.8719352636101322,-0.4871112541780949,0.5536887481433852,0.42986911421454693,0.713190938545781,0.14659618146668235,0.07177894151627917,-0.11852931938305246
1.647921194336239,0.2652069626724729,-5.367089184233297,0.8350134171891298,-0.2299363206994144,-0.4998818675820798,-0.04841569977028263,0.874268704060474,-0.4830218971394295,0.5480953503998056,0.4275318953290337,0.7188935702497822,-0.22638351531587736,0.3485958059535724,-0.08392411532960498
1.4283741643135823,0.5133212721650433,-5.236273187613604,0.84290772482207,-0.221710327069952,-0.4902561558061418,-0.041969524277728085,0.8812901850583003,-0.4707081566658989,0.536418797645256,0.417339359023855,0.7335412278409277,-0.6577829095677534,0.6296848664099486,-0.09709042675222418
1.3003889376632682,0.5342240005349013,-5.180689959447022,0.8539540399468855,-0.2099838772819954,-0.4760979614953343,-0.03139639103924493,0.892500161972604,-0.4499530281135874,0.519400389187478,0.39918696391602754,0.7555613830466725,-1.0890344656190913,0.8997680679100898,-0.14786636655893248
1.3730737785281037,0.2896628234886178,-5.2347272713560224,0.8644122839805676,-0.1999950441400051,-0.4612953344907531,-0.020256460202386566,0.90288491686857,-0.42940482381000894,0.5023754364253565,0.38052701508654174,0.776413621509669,-1.4605097956364452,1.1794272113518047,-0.12544118768615736
1.4030453754412822,-0.25257997269912247,-5.220082996047864,0.8779196468176388,-0.18717235169837534,-0.4407080717337636,-0.0060406379934217925,0.916024619881612,-0.4010765593541726,0.4787698867140924,0.3547751492571717,0.803065370343739,-1.4605097956364452,1.179427211351805,-0.12544118768615742
1.3033643578265806,-0.8541248252848648,-4.887595235606975,0.8875513435108224,-0.1792481461036171,-0.4244086647920263,0.0037926256809284343,0.9240195514948284,-0.3823264108660832,0.4606932044458422,0.3377246964225642,0.8207946154816735,-1.886987472552637,1.7109823505168589,-0.0747012302718848
1.0306270260493888,-1.4364970044828829,-4.229728329366656,0.9065448736061175,-0.1632754225697903,-0.3892525253908124,0.02129662985599385,0.9386774952723763,-0.34413807320021345,0.42157187488641296,0.3036868391185815,0.8544304875476527,-2.0251999000521224,1.9585708760462788,-0.10692025312684528
0.860043760948209,-1.8201374419249379,-3.4695558732204015,0.9241374500253722,-0.14735380805454065,-0.35250082086773693,0.03542045504184932,0.9517018257871925,-0.30497381224943476,0.3804147274031739,0.2693519816989488,0.8847226374009078,-2.160008510696023,2.166131452931631,-0.17994572687252008
0.7405703247779312,-2.046308208482394,-2.780018594914477,0.9441277999320553,-0.12728650197320357,-0.30400796668982644,0.0483049757560162,0.965892492891136,-0.2543979589025005,0.3260204391026238,0.22549908778523559,0.9180745256760799,-2.252504417038205,2.3400970781957375,-0.27350890416224405
0.6896278717608342,-2.168415852125178,-2.112112504711733,0.9583772276891582,-0.11115138591528963,-0.2629799590386186,0.0545009656544785,0.9753905857587927,-0.21364187313316985,0.28025476657779164,0.19041684437630652,0.9408499833598325,-2.2663830245902488,2.4876340078375847,-0.36886393368371717
0.4605992621609748,-2.107476863328115,-0.4295073653541732,0.9817348971312583,-0.07451962011610695,-0.1750526148688691,0.05066218143271618,0.9892736602241843,-0.13700718433397785,0.18338466437288597,0.1256361866836033,0.9749798015694718,-2.0856682610803627,2.6639939327620934,-0.6084730617861089
0.3753915986851991,-1.7566434756592366,0.5374868656544622,0.9924302240842359,-0.04953362391757802,-0.11237735726428613,0.039877811026964194,0.9954446051222917,-0.08660137597419176,0.11615511401488432,0.0814644599473757,0.9898846050190252,-1.9592756295494937,2.6542557058734255,-0.7374669303712156
0.375283949802679,-1.1948032261152621,1.421983611098835,0.9977595736524961,-0.028657469577597974,-0.06045314402244165,0.025760625974442043,0.9985071071218272,-0.04816582996903107,0.06174320476128461,0.04650060714237812,0.9970082598460237,-1.7986024352884884,2.5868515148843003,-0.847322641007035
0.44417682786164564,-0.48258277299408026,2.1554805366838408,0.9998579415806742,-0.009398758232177996,-0.013991426008454426,0.009170018124388746,0.9998247044792736,-0.0163239419421995,0.014142398157857346,0.01619332135872674,0.999768857745488,-1.6428810755638368,2.4783582181629384,-0.9362202333996437
0.5208220103322825,0.30736363328918676,2.6786233260864796,0.999337450388918,0.011426895252064775,0.03455555404092031,-0.01199617070803291,0.9997949843069337,0.01631199690542194,-0.034362074130069115,-0.01671572372340153,0.9992696495150257,-1.562486861634725,2.3090915401934566,-0.9908654739519691
0.30151487974494773,1.719426202494903,3.49399744285084,0.9944221206566226,0.040977844230884734,0.09718776790818162,-0.0467272545502275,0.997243399668993,0.05763822949074501,-0.09455796968518043,-0.061858047971293455,0.9935956784679558,-1.3018679498597803,1.8417526998175722,-0.9563269498961047
0.21628738414789717,2.317013457755505,3.8985688432116956,0.9882467812530653,0.06117901080276888,0.1400907847795511,-0.07316890281988847,0.9939348335249893,0.08209664040498807,-0.1342185195980405,-0.09138202964941639,0.9867293011024164,-1.0479452600059134,1.5869973632931802,-0.8948793828167205
0.06282933141604119,2.8261113086990695,4.145690569723692,0.9830190877591969,0.07453759668844367,0.16768309330694975,-0.09141949024762307,0.9912405705106625,0.09531321092357325,-0.15910986739967173,-0.10902420856675653,0.9812225904668374,-0.7979436518929515,1.3295324209992014,-0.8072420589720832
-0.11360793358173157,3.3262072454012044,4.208016377420319,0.9778368718972213,0.08593319027908339,0.19092024189885123,-0.10747397343321602,0.9885963549854921,0.10548266181641328,-0.17967859358513877,-0.123663793075654,0.9759215487370938,-0.6189798682393058,1.0631126270950428,-0.6738402942253443
-0.3129153895013515,3.7042918663734645,4.240317599112207,0.9737668505106969,0.09402200802212715,0.20721482295908553,-0.11914099988108079,0.986510624199812,0.1122595674685874,-0.193864754387729,-0.13400242665110568,0.9718332195689752,-0.45214673403802674,0.7789423371809242,-0.5108989015933126
-0.4692079494004906,3.871730714305248,4.299065607750867,0.9709916967827419,0.09918564885701978,0.2175714407724139,-0.12664117745050113,0.9851327760425304,0.11608370144291957,-0.20282292018636058,-0.14026981367190178,0.9691167331232737,-0.269577029757462,0.495001632357065,-0.3309251589406017
-0.5819081163478899,3.8621268257331085,4.279756517463316,0.9697282692660465,0.10138334554358534,0.2221452250953598,-0.1298154424223254,0.9845705354399755,0.11734057973325385,-0.20682126267619125,-0.14262635797716358,0.9679270051585477,-0.09879624885941776,0.22213803830100848,-0.1451359146969811
-0.7028096823718387,3.7784480258173763,4.133269267630104,0.9700498577303445,0.10046419212191546,0.22115655002425136,-0.12859779319129924,0.9848067092533757,0.11669769918839566,-0.20607251418776412,-0.1416428307780813,0.9682310816047504,0.04445125365753745,-0.04374358211821228,0.05204595312183052
-0.8310331172402224,3.642571563250094,3.934004710993719,0.971854587803024,0.09665233538142988,0.21484177022062018,-0.12324008955337297,0.9858078391363054,0.11399466928012403,-0.20077485025045055,-0.13726336132677103,0.9699733136247536,0.19589043846297943,-0.30308338876688273,0.23978523824427433
-0.9142847229231168,3.3721606877726042,3.768133363188104,0.9749103831419309,0.09040175635143773,0.2034140292374857,-0.11414618589034217,0.9875563705858623,0.10818069680847199,-0.19110309544520968,-0.12868542016815365,0.9730979753074219,0.3908500866598435,-0.5544361210804067,0.3978213754238529
-0.9244780477516288,3.00259936782642,3.7091557292201984,0.9790382658304289,0.08158602075314546,0.18662206530154396,-0.10119732484935666,0.9900196973968569,0.09808210952854732,-0.17675739159390272,-0.11491179218819697,0.9775234547227066,0.6140094053316693,-0.7870702708766018,0.5337559489303707
-0.9202125964129246,2.7084846645909217,3.8512532596959117,0.984035615163709,0.0697789142151491,0.16372174938087972,-0.08457935663560152,0.9927643523234537,0.08523657188614207,-0.1565894010477354,-0.09772330268031518,0.9828173358222585,0.7484865890495678,-1.0531644370938555,0.6823190516291741
-0.961765565781166,2.4414492655998252,4.177739176242896,0.9891923937346095,0.05571102151098082,0.13562702628825918,-0.06585071913723535,0.9952675071229475,0.07145818395665349,-0.1310041639288695,-0.07961702925553635,0.9881796586075935,0.8220550725050606,-1.3547413817615994,0.8259960289940512
-1.0456840256093238,1.9661003517168916,4.446410585584499,0.9941923401738135,0.038706038558881176,0.10041630006525099,-0.04438877869937394,0.9974998389792424,0.05498824930804588,-0.09803686584797663,-0.05912625318303321,0.9934248130176941,0.9190782762104907,-1.664232419027295,0.9440359601526214
-1.1264282785291841,0.47883510700091214,4.088530096915382,0.9995962723499705,0.008372376421831843,0.027151346506110674,-0.008846661411768446,0.9998095506147382,0.017395375288310574,-0.027000534918946925,-0.01762855106373684,0.9994799674338065,1.2215636572071153,-2.217010580933077,1.0163250550638536
-1.2274755798353612,-0.37163146814438386,3.5679641942741793,0.9992974444012801,-0.01884137383715341,-0.03239784321524214,0.018347539922554085,0.9997119332980555,-0.015473144485038899,0.03268004577507576,0.014867853018955154,0.9993552729408819,1.2215636572071156,-2.2170105809330773,1.0163250550638536
-1.2417435057725013,-1.1784310735791343,2.9340934184932483,0.9957527015257507,-0.04055778813860413,-0.08265363407300122,0.036884179729856116,0.9982832361344806,-0.04549876634069279,0.08435706662648432,0.04225690800535968,0.9955391700159267,1.3879989471341387,-2.4468315515259875,0.972891503622829
-1.2122264682968866,-1.8865742399780536,2.1952030572732495,0.9896486581880628,-0.05777226656870883,-0.13136932123628076,0.04778922538373328,0.9958138181875794,-0.0779168110480494,0.13532081615106284,0.07083222940292647,0.9882667008424498,1.7141835125196065,-2.754228700631285,0.7946518956820721
-1.162204978153421,-2.394304682999856,1.396470602237073,0.9825922520424608,-0.07105409655858769,-0.1716501721186679,0.05322162089411119,0.9929035635811275,-0.10634835446447485,0.17798855383290474,0.09536156872734979,0.9794009627901787,1.8532671973357278,-2.8337225272867763,0.6672795213074596
-1.053463294733346,-2.723898235565257,0.38523672884481636,0.9666066849590422,-0.09228673145278687,-0.23907044106340802,0.05547190080362281,0.9861366871409954,-0.1563883067745662,0.25018869841326596,0.13790429098597365,0.9583256344864886,1.948937879577227,-2.8449427507151523,0.5201761706895238
-0.7531703868616284,-2.8476866575763715,-0.6879849235492987,0.9510798799193271,-0.10801568661219368,-0.2894471859568426,0.051491766567348704,0.9792059465520316,-0.19622515693181083,0.30462380075826667,0.17172165175899223,0.9368649925836434,2.0289219606393254,-2.7684445347489306,0.3762993724130357
-0.3172257697310724,-2.8227209627392504,-1.7343732117146016,0.9349062521805162,-0.1216386708946198,-0.3333981604279961,0.04323953944005749,0.9714705686996172,-0.23318506894622207,0.35225082237348,0.20359019596589895,0.9134935085942171,2.0634891659999424,-2.610854379075787,0.24836199872212494
0.18358572829638103,-2.6537577216253414,-2.700977713021226,0.9153711073260674,-0.13586275885135501,-0.37899478443634,0.02927122739083972,0.9613086258900584,-0.2739140760099813,0.4015456775009324,0.2396393885542749,0.8839310110713672,2.057929526736795,-2.40183013659711,0.13495198536736774
0.6397564183576359,-2.350472484200795,-3.502346742293291,0.8997994160198972,-0.14616579061181018,-0.4110919271708901,0.015696946270728904,0.9524498555033349,-0.30429077973124763,0.43602134902780343,0.26734777800928405,0.8593081803319877,1.9856141009828288,-2.141553605555111,0.05364128024742798
1.0166879162983875,-1.8562080764745155,-4.095578418298937,0.880875968470649,-0.15807037804909324,-0.44617405096476964,-0.003099052111312008,0.9406476061320557,-0.33937070727162794,0.4733370089554664,0.3003262170731195,0.8281040027023425,1.8498768560163399,-1.8538379700529728,0.004322908184507757
1.1681126570865263,-1.2958393376949486,-4.379283218084421,0.866149990070721,-0.16702010151212174,-0.4710504011158152,-0.019232491230761723,0.9306709326127854,-0.3653515108367657,0.4994139625416457,0.3255086801922944,0.8028884064039793,1.6564387068932072,-1.5582258051561884,-0.0286406362944438
1.118667494140154,-0.8048554493970708,-4.40878497125262,0.8556335493293773,-0.17319760530151035,-0.487743599424774,-0.0316510366221342,0.9230776733271011,-0.38330904096534224,0.5166134349228214,0.34340966573882065,0.7843343421873061,1.42348315193023,-1.2729251802133514,-0.04871678026832793
1.0648800307264343,-0.40677558151010773,-4.337464651214541,0.8437129691738898,-0.17975031642751704,-0.505804556515643,-0.04659818045311319,0.9141858872555968,-0.402607467791094,0.5347682070077069,0.3632547140601281,0.7629344516318921,1.1395055223752255,-0.9911916923232399,-0.06785642179215717
1.0945347661916376,0.02030234097082717,-4.282014589911431,0.8347197364278344,-0.18308854749577527,-0.5193472300818923,-0.058447978461526245,0.9083264400330122,-0.414158076283339,0.5475644212616515,0.3760607159925675,0.7474968511342032,0.47713527909508,-0.45029109165774617,-0.0816546084756123
1.1447084966022651,0.07821905678246965,-4.317177697197148,0.8319327002215682,-0.18272445434888607,-0.523927243121554,-0.06223851351148072,0.9075352952771008,-0.4153384827609732,0.5513749629226293,0.3781421182693195,0.743635790325385,0.12951810962309146,-0.190980807435304,-0.09524834416120664
1.1817752992151407,0.053333130225130754,-4.340927596513387,0.8324122270933972,-0.18070550373695807,-0.5238658273876837,-0.061905505764162747,0.9090981947832107,-0.41195652755842,0.5506882898169281,0.3753478295675631,0.7455577873628747,-0.16924197241724365,0.05506431692590438,-0.0914834569123934
1.1697410844293905,0.03808989782486227,-4.254658378125803,0.8357717185753127,-0.1769466602933097,-0.5197841031050412,-0.05811108981788592,0.9128288565103864,-0.40418631837571994,0.545993347642483,0.3680127146349504,0.7526339789015429,-0.44932797045721645,0.3046277067420521,-0.07532132410968388
1.0914123753978164,0.053622798974591435,-4.082561197426318,0.8414549694076716,-0.17144178733800136,-0.5124073067526319,-0.051687497360106506,0.9184388791529493,-0.39217142664519056,0.5378493628106136,0.35647964712536784,0.7639635620300154,-0.7239396231797088,0.5280881461159944,-0.08866758085727264
1.0367107418383659,0.03287314938092045,-3.941916816428708,0.8493704822690221,-0.16417575915894006,-0.5016135005705833,-0.04293735825861387,0.9257471235537358,-0.3756975465687212,0.5260476852110083,0.34064436489771976,0.7792530074036084,-0.9960042565647845,0.7538485118963723,-0.10910357035129054
1.0636168432650883,-0.07585016962887225,-3.920309789679464,0.8599503906002219,-0.15512698909259615,-0.48623136772692,-0.03154161819082476,0.9347150625433049,-0.35399559061741215,0.5094020534199187,0.319755170575445,0.7989156268729742,-1.2484694331998991,0.9898675968133491,-0.11585131444396629
1.1229540782059924,-0.25136342055910954,-3.970721214952592,0.872582288815057,-0.14447122044292332,-0.46661356142959354,-0.018864993500085706,0.944581003460023,-0.3277359301674113,0.4881027158975028,0.29477922987583266,0.8214992053357639,-1.4828827488813323,1.23302735870315,-0.14559133050250034
1.1628887778900578,-0.4607037500243065,-3.963108320722165,0.8865261650540814,-0.13294336867241294,-0.4431674845930541,-0.006088573623605828,0.9543953518642199,-0.2984835700858635,0.4626383986935517,0.26731175257740486,0.8452870157456943,-1.669351862334823,1.4782229231837092,-0.17243105302929312
1.116339523740685,-0.7388485999340818,-3.4341163823340946,0.9158872957868178,-0.11000928040085749,-0.38606789511949313,0.017698506526793247,0.9718488784704599,-0.23493939704194183,0.40104516489172554,0.20834518386897216,0.8920510411829425,-1.7750294101151216,1.726902888997108,-0.17922249654611905
1.0538622428363733,-0.7631512983999837,-3.0511942702680828,0.9342598385936799,-0.09424942934204651,-0.343912196729936,0.027739486757329256,0.9807253090686315,-0.19341248415414647,0.3555124116895941,0.17115756840098179,0.9188666997523149,-1.9369349943625584,2.162943161122223,-0.30457968390070156
1.0455134664853525,-0.8073150285861528,-2.6739577250717557,0.9496853365151916,-0.08017959420914986,-0.30276887931305624,0.033702809870023664,0.9872255373914229,-0.15572366207189578,0.31138702961891795,0.13768431644407855,0.9402558943130498,-1.954498171133757,2.341798285941929,-0.3667777336561942
0.9297157138025415,-1.0658901889634689,-1.5322702697824113,0.9739131593608206,-0.0530647703043904,-0.2206293003577896,0.03286907955580854,0.9950084058714724,-0.09422258675214726,0.22452790836103054,0.08451273512113057,0.970795970309604,-1.7570008553485634,2.6023837496849884,-0.5150638302166126
0.8030256044821404,-1.037876413928042,-0.734470755270763,0.9875753662059845,-0.03491669020113621,-0.1532178867120734,0.02825021623677757,0.9985660004782153,-0.04547381632892819,0.15458596749281983,0.04058038238286723,0.9871455876515726,-1.7570008553485632,2.6023837496849884,-0.5150638302166127
0.7575607500781144,-0.784993125647444,0.016354985083834997,0.9939062315240005,-0.02093399251752933,-0.10822278362265672,0.019208738516564256,0.9996716413374175,-0.01695977211984164,0.10854228347682106,0.014777600042995769,0.9939819893914608,-1.540792685465069,2.6047951573909613,-0.7233510755646854
0.7514226775124805,-0.41137532171673075,0.6424371341782275,0.9987320439150404,-0.004864748262943001,-0.050106273874880286,0.005807726978594683,0.999808436216109,0.01869120591192207,0.05000574731596769,-0.018958509842230284,0.9985689761553447,-1.540792685465069,2.6047951573909613,-0.7233510755646854
0.7282744408607879,0.01679722852129782,1.1776675935654473,0.999923434469123,0.008451603361119444,-0.009038561838053606,-0.008078359001755964,0.9991443260129695,0.04056298697000162,0.009373650052821259,-0.04048686449598241,0.9991361010833164,-1.2668296665896017,2.40091085576265,-0.8576604659856326
0.6933972261983378,0.40538816625276825,1.6277491708205138,0.998930014970111,0.024678957899616463,0.03911232834802243,-0.027174244723673267,0.9975407706493339,0.06460627923067727,-0.03742172651699138,-0.06559999946130488,0.9971440489995236,-1.1517198312924415,2.233046726361095,-0.8867941066480926
0.6088964531363554,0.6625622338023671,2.0845041804665385,0.9970750066991656,0.034691440609648815,0.06810238589276277,-0.0399444213772547,0.9962033493593202,0.07735198721500353,-0.06516037305522362,-0.07984604356948972,0.9946751907580702,-0.9715079823925036,2.040328678215945,-0.8743469972887868
0.5558959707855421,0.9100618616173893,2.5761358453815175,0.9918865462703459,0.052033882158831486,0.1159894582941341,-0.06315221310124249,0.9935350660603831,0.0943391249101182,-0.11033076320003024,-0.10089869977295209,0.9887601200876918,-0.7484373730129315,1.8150713263363525,-0.8465846650843127
