0.0005310439555922667,0.349015946557925,-0.1865257468567467,0.999989516409111,0.004552632674788085,-0.0004905176864936165,-0.004550677426243163,0.9999819776606608,0.003916080800486794,0.0005083373236268122,-0.003913807558134695,0.9999922118214538,-0.17565674000000003,-0.022408444,-0.20422485,2.5171463,0.30669707,9.472913
0.07251471121372806,0.5581491307568637,-0.30057324322097256,0.999950076066508,0.009983696916636219,-0.0004137275212287929,-0.009979777136059406,0.999913329211654,0.008587089913418108,0.0004994225662297824,-0.008582532303655466,0.9999630446753306,-0.2199118854098803,0.002017690411905356,-0.25585018471486676,2.5176759,0.28273925,9.473422
0.14990799361213702,0.9362625252644481,-0.4900618569968983,0.9998613642552778,0.01664452035365575,0.0004606644891790983,-0.016649393268301546,0.9997599909108622,0.014239321532647894,-0.00022354724844233533,-0.014245017237947959,0.9998985096051092,-0.29000123197735417,0.040955203958291816,-0.3422396750879792,2.511827,0.2505768,9.475629
0.23305396443488427,1.502869829168287,-0.8170611796308318,0.9996523147711979,0.02622321636054529,0.0027554484742241554,-0.02627923903858403,0.999395261688314,0.022770869779155756,-0.002156656704029429,-0.022835363773199197,0.9997369128891895,-0.4170880263157633,0.10329467956953715,-0.469461154310354,2.4955246,0.2027893,9.48029
0.3097510802347937,2.2155216070362806,-1.2870607194550554,0.9992031319795389,0.039384550255147296,0.006477518311819085,-0.03958441139803742,0.9986260092918176,0.03433901483982326,-0.005116191606175405,-0.03456805992673663,0.9993892504006388,-0.5947706498079741,0.17098008728747346,-0.6784034846356617,2.4676437,0.1307312,9.487032
0.3839308771244246,3.0208730252871296,-1.8188592274081667,0.9981563954385217,0.059528038570015186,0.011841573762990165,-0.0600547539005623,0.9969080142956059,0.05067383513347824,-0.008788445773881264,-0.05129155541801031,0.9986450518395817,-0.8022699591104199,0.21840323106378934,-0.9887724258043242,2.4322739,0.032618713,9.4942045
0.47298411109754396,3.865894390634659,-2.3295840088449933,0.9961935194054368,0.08534792866296777,0.017725771282253933,-0.08639783461759763,0.9937407417988138,0.07081491553714775,-0.011570914743444585,-0.07207682819106352,0.9973319631747074,-1.0562572332828086,0.2208485053696925,-1.3457573242207912,2.399263,-0.09575653,9.498375
0.6358063819089352,4.583006212173622,-2.829682301036783,0.9923611212978319,0.12083234113329012,0.02487871123587418,-0.12271076460160077,0.987574948560675,0.09817224264663987,-0.012707210055725452,-0.10047520247119898,0.9948584122883875,-1.3804690681672964,0.20103393024606508,-1.7685754462448056,2.3789077,-0.2630829,9.494341
0.8970543029383046,4.989514181090642,-3.3479784905407355,0.9865034511203484,0.16046561318606883,0.032584166591482916,-0.16336568028101967,0.978016733521552,0.12959522930321543,-0.011072282238194578,-0.13316927549796265,0.9910314569323142,-1.7500848141173322,0.16490123464418055,-2.1697433952699776,2.380359,-0.4753601,9.475807
1.24298465790638,4.987915779356778,-3.8879418884773673,0.9780553695825432,0.2040410078058247,0.04213028796885329,-0.20823519051219827,0.9639130165709666,0.1658607907777119,-0.006767530059305584,-0.17099404556487585,0.9852488198004874,-2.154402693389188,0.16173164842903417,-2.5422484989487955,2.4040895,-0.7363968,9.438423
1.5943148275542038,4.56663078499656,-4.37997856677566,0.9651188231970754,0.25577986861191915,0.055877687170838165,-0.2618024731637614,0.9410014476792788,0.21441954321105985,0.0022632180696239438,-0.22156925391030893,0.975142011999072,-2.683376347955354,0.17210275088094304,-2.8230823769483973,2.454738,-1.0652313,9.370473
1.811301045729681,3.6612448708354703,-4.66441912163471,0.9474443550405528,0.31107378440577266,0.07471475595397556,-0.31944550576768255,0.9071534124179998,0.27391103516143334,0.017428796476542645,-0.28338275705104105,0.9588485021417773,-3.247160937291168,0.20229349871173807,-3.0154492375043054,2.5391648,-1.4730911,9.2557955
1.7551676239664094,2.1590941305967473,-4.556572869693552,0.9250712849888856,0.36648817490595803,0.09964705386067571,-0.3778148777071638,0.8612655684541018,0.3398198622484476,0.03871738462413614,-0.3520057361031679,0.9351967311097349,-3.6970689959362275,0.26387540069351456,-3.161907297773436,2.655426,-1.9452865,9.088892
1.3774941007135921,0.41672057242412985,-3.9343802565813997,0.8980509329269032,0.41996021901911096,0.1309119410540513,-0.4347739198587866,0.8021236446432702,0.40935228998360584,0.06690411407188906,-0.42453630368393375,0.9029356380023099,-3.979968611423642,0.3106660446219853,-3.187489804808357,2.8002503,-2.4494736,8.877922
0.8115944686876475,-0.9780709294486096,-2.94211876708604,0.871183490911828,0.4623044596734549,0.16526920986292706,-0.48104978774421947,0.7364985758989772,0.47556382264636166,0.09813473836477385,-0.4938060694896467,0.8640168626023821,-4.331880407478292,0.44403730282952725,-3.068729372920514,2.9727097,-2.9938722,8.605415
0.13047142284202617,-2.0984898014969584,-1.8222792214192494,0.8447909048180134,0.49417367121755956,0.20523330580615265,-0.5186495110577695,0.6618415222240757,0.5412656317739517,0.131647300831802,-0.563700436522341,0.8154206313604182,-4.576471774924244,0.692876497494552,-2.826789530718448,3.1609254,-3.578589,8.265111
-0.6453465427463803,-3.0718813443174504,-0.5404212050537609,0.8202023791499186,0.5142806221543196,0.2505663563078242,-0.5478136237621458,0.5798769178595933,0.6030281865338009,0.16482806453210427,-0.6318688169313504,0.7573463588955688,-4.666225032604724,1.0001027713283601,-2.5788581848569474,3.3472931,-4.185074,7.8675294
-1.496325051798289,-3.8067749432635436,0.8566122413854365,0.7986461557878499,0.5223036996745852,0.2989367209821006,-0.5691027930699729,0.49397617776756086,0.6573503987357934,0.19566892641716266,-0.6951160918180443,0.6917566697404246,-4.496098220547913,1.2556758726276507,-2.2757665305654124,3.520256,-4.780403,7.4368362
-2.4926698686369932,-3.608229322934386,3.119591246265818,0.7661183718819876,0.5106373265272771,0.3902719065241152,-0.5934891438554069,0.32905383108550795,0.7345026973222945,0.2466440276809247,-0.7943381502892991,0.5551518950740473,-4.267523831003377,1.5065854610812026,-2.0024084095032015,3.7998245,-5.904245,6.483481
-2.485183627586185,-2.986896554029339,3.6957058757535495,0.7583483553596277,0.4895138858955727,0.43044619575362036,-0.5973683042308354,0.25761135098975635,0.7594652730320252,0.26088097098815727,-0.8330741547765416,0.4877792242599383,-3.7038288528320327,1.9090867268875396,-1.5012462532909858,3.9003646,-6.4111238,5.9658995
-1.866308501805265,-1.8617214526573673,3.7159728752083425,0.7543772456823047,0.4283059236658395,0.4974625683903582,-0.5980248808658511,0.13589399541132025,0.7898728150003218,0.27070502962110643,-0.8933570718161359,0.3586529369375574,-2.942054525703814,2.0021934627895255,-1.0554321934734692,3.9991288,-7.244652,4.9339614
-1.3891228275157577,-1.3827226252327178,3.312689412734719,0.7526391163834413,0.39302682312436915,0.5282653469557875,-0.5978427845968536,0.07173647649748467,0.7983970709147209,0.2758955697270848,-0.9167244920064546,0.2889599286414561,-2.9420545257038144,2.002193462789526,-1.0554321934734692,4.006798,-7.5947356,4.433716
-0.7311350596179903,-0.9870917353848354,2.873776628393722,0.7514589219354579,0.3615999943601509,0.5518649587737366,-0.5986598177466852,0.022098506292943382,0.8006984942131005,0.2773371797273219,-0.9320714028969884,0.2330815064361293,-2.3695241146024797,1.7868475094542562,-0.9271478106273365,4.012297,-7.8809996,3.9622664
0.31772477495059726,-0.5570181486651838,2.070701993239356,0.7500489862059151,0.3207547090928902,0.5783968662486116,-0.5995478361013052,-0.03946947062108752,0.7993650937557466,0.2792291362263639,-0.9463395677470253,0.16270375533051495,-2.3695241146024797,1.7868475094542557,-0.9271478106273365,4.025958,-8.10027,3.5304122
1.2481902946016192,-0.3849539040450288,0.9827911106461147,0.7478570472454453,0.2889560611948565,0.5976740178258363,-0.6014634479340405,-0.08613697699483243,0.7942431252415645,0.28098319822476864,-0.9534593939402696,0.10937836359369357,-2.133287182945931,1.594618174274788,-0.9243492238640507,4.031676,-8.280874,3.1040406
1.7694084162604904,-0.3455878791363032,0.21997915908242704,0.745409549160869,0.25556445659462584,0.6156715135080426,-0.6041464585311542,-0.1313402947429918,0.7859750527981715,0.28172976531430705,-0.9578290742623747,0.05649605148705274,-2.0215923854055626,1.5837916302848445,-0.9356342828236323,4.0334883,-8.439649,2.6506743
1.9787274054648096,-0.3204280950828633,0.03829372857630936,0.7422129025924681,0.22087703305331707,0.6327190083242544,-0.6081316055805692,-0.1747305843625365,0.7743675956432614,0.2815953790800957,-0.95952204724951,0.004635010555189674,-2.0551047298390768,1.683972476402023,-1.052447552495113,4.0326967,-8.572672,2.1880844
2.0938139972153653,-0.33264373269810654,0.33385091161261826,0.738756324964389,0.18335743567236154,0.6485515732066083,-0.6122591357484172,-0.21968373409588293,0.7595247248551498,0.2817407372349831,-0.9581853201533331,-0.05003048295732264,-2.0551047298390768,1.6839724764020232,-1.052447552495113,4.0290728,-8.67629,1.7276275
2.106201875468791,-0.39630043817633,0.6894603624482485,0.7330962904276268,0.14632596958784314,0.6641976660493704,-0.6188471340626216,-0.2615963188943334,0.7406723908742746,0.282131270198347,-0.9540210042578267,-0.10122188405258745,-2.0375276251421703,1.677001506724638,-1.2403399306401082,4.0243516,-8.749148,1.2634583
1.9783676623197792,-0.4425417815149838,0.8348728027882921,0.7263837746927061,0.10616890236845908,0.6790395982805812,-0.6261001681304814,-0.3053027447966627,0.7174878490166974,0.2834875505734939,-0.9463183387156251,-0.15529459256632308,-2.078214347665893,1.681827848444274,-1.291541085679895,4.020012,-8.792433,0.7913788
1.8226218116592416,-0.4185516991706755,0.8064135214780483,0.7195749534585232,0.06730452707949322,0.6911454166742123,-0.6325925200722496,-0.34699191203378804,0.6924040125040992,0.28642379423470576,-0.9354500059424564,-0.20711034855470958,-2.093079000764291,1.6193969418798067,-1.2729549371174542,4.022298,-8.811216,0.31682435
1.7267356744367248,-0.4347496403490674,0.6685703334573754,0.7127538192180689,0.03138489668935136,0.7007117677403852,-0.6382246672470518,-0.3853686294284137,0.6664535194369194,0.29094890841425536,-0.9222288261121881,-0.2546423471857904,-2.0308725644622356,1.4813975474317354,-1.2175174276982261,4.036812,-8.8118515,-0.13734742
1.4835564702801884,-0.5508574772844768,0.6884288818869575,0.7054954289369931,-0.009220756417309232,0.7086544837931256,-0.64491691290172,-0.42296680353291827,0.6365384973137613,0.2938679553852781,-0.9060982621991052,-0.304347768247835,-1.766113966934313,1.4197240497903547,-1.1366731617436974,4.0419555,-8.810366,-0.55371857
0.9437488605295016,-0.4812145058936736,1.2598333586612784,0.7017166494491333,-0.031117179425291526,0.711776274562799,-0.6484287554433645,-0.4418180094803344,0.6199491879283373,0.2951845067073337,-0.8965648708506538,-0.33020832720647536,-1.5077187802484415,1.2528047767633848,-0.9856688965414379,4.0352035,-8.812518,-0.92304534
0.44728441579089256,-0.19853648067115703,1.9527269382454184,0.6978292685566275,-0.052660078688638284,0.7143257156635405,-0.6515042177176714,-0.46105612521085815,0.6024695043748147,0.2976181550944222,-0.8858070701445413,-0.35604672199043835,-1.2156087689904087,0.9389664136543939,-0.7551536734108997,4.040773,-8.802852,-1.2191803
0.2675051893030025,-0.10277788820855194,2.129341373744148,0.6936864811848287,-0.07170715185746063,0.7166987862372185,-0.6542631252028528,-0.47886536180560557,0.585344110983089,0.301228864521989,-0.8749548843427745,-0.37909777306588816,-0.8889018590095075,0.6160357272365823,-0.5491845458739162,4.054744,-8.784793,-1.4320037
-0.08391005070402707,-0.8146225749413649,0.8096222121610015,0.6924778524901902,-0.05829997026620712,0.7190796459902994,-0.6510640394758196,-0.4798827750280298,0.5880715421892356,0.3107893825599628,-0.8753934176690826,-0.37026520764128024,-0.01514638304426351,-0.23226911135575376,0.0758057714993011,4.1278777,-8.734319,-1.6372055
-0.12578143610971573,-1.0996687218889105,0.07545048505383956,0.6912082409362422,-0.025659401181307946,0.7221999465472446,-0.6479634957953123,-0.46448290991975316,0.6036546483786875,0.319960115918444,-0.8852102696667586,-0.3376807704000344,0.4526725050238442,-0.7564713711183495,0.3184250002250814,4.2116013,-8.728795,-1.3864288
-0.1407324400073225,-1.172547402756316,-0.2169142100757595,0.6902183196709814,-0.007358995914468714,0.7235637610948316,-0.6466956579460943,-0.45487871808643265,0.612266345494926,0.32462809056555064,-0.8905229907257728,-0.31872465515643766,0.5304824309064731,-0.8246814191842695,0.336483866073229,4.2548156,-8.733337,-1.2047958
-0.030092336910928535,-0.757755318509451,-0.32612344390015746,0.6823203070650655,0.04253214707702917,0.7298150553610504,-0.6479833503988575,-0.4270082963120873,0.6306992092008046,0.33846207493972813,-0.903246882831968,-0.26379630869636383,0.5173378452558517,-0.8263680846943371,0.21843546990867477,4.37148,-8.736109,-0.6542648
-0.05980338619447774,-0.45468017361470314,-0.17255446296754343,0.675092069431053,0.07907311709519062,0.7334835648766431,-0.6501530220461249,-0.40609497549274165,0.6421743679125169,0.3486427192923854,-0.910403379295354,-0.22274187134890266,0.5622814338304257,-0.9123770941770225,0.20477535957959178,4.4551024,-8.713394,-0.23775177
-0.20116194302808466,-0.4195466363757571,-0.25006857595334747,0.6700244981985786,0.10111357178818836,0.7354204358147645,-0.6516290916373858,-0.3944414742778124,0.6479162371027458,0.3555934458698281,-0.9133411022010238,-0.19839690593515022,0.5543512843414691,-1.0001087730218816,0.1917762781418204,4.503296,-8.690076,-0.019921875
-0.409686444479757,-0.4397878559297457,-0.309620360785703,0.6608613805942051,0.13675495863883527,0.7379433019729984,-0.6538353107614929,-0.37781757431073926,0.6555556932430465,0.3684584400452011,-0.9157248286628685,-0.16026982289195105,0.4514139088952994,-0.9449579259615657,0.1594695232471845,4.608119,-8.623044,0.38747406
-0.5585458641357898,-0.4129452245576024,-0.15829331597069293,0.65636461214093,0.15420772942570216,0.7385157223204231,-0.6546836544775212,-0.37005367173783305,0.6591279030607838,0.3749330720129179,-0.9161224024215967,-0.14193285487243057,0.4129387238415908,-0.9197455228707464,0.1662842764194369,4.6640577,-8.581856,0.5757141
-0.770506529956548,-0.4128914183392162,-0.019623045563930963,0.6517605490778609,0.17373889607481086,0.7382567186666382,-0.655028370127157,-0.36170491573027586,0.663405900083135,0.3822904929425862,-0.9159608888633076,-0.1219410885569513,0.3751565843202266,-0.8813879894120996,0.19346675322664234,4.721344,-8.538165,0.7528976
-1.047947739091028,-0.4779683983005895,0.08280144571977563,0.6485011370291022,0.19055875444325582,0.7369760080063644,-0.654568547408727,-0.35460827304872106,0.6676773093558243,0.3885695459183473,-0.915390809321592,-0.1052301011800839,0.35275014227824303,-0.8558022063942983,0.2457815480906244,4.7802796,-8.492566,0.9212402
-1.423922307127996,-0.620833253265523,0.17538840667123087,0.6461580565445963,0.20782547005404686,0.7343625398666009,-0.6530797181216332,-0.3473393096748905,0.6729355732406624,0.39492612947319433,-0.9144200227200766,-0.08870949389967639,0.31902020571488965,-0.7984831748602936,0.30461255444063384,4.8393693,-8.446005,1.0764802
-1.9271626948026173,-0.8596595932931181,0.23984023107416313,0.6452607523919219,0.22283606649930582,0.7307411640859767,-0.6506831397240563,-0.34090401527262065,0.6785247998782723,0.4003123943890009,-0.9133063778591073,-0.07497630999471178,0.27758450483470826,-0.7101614599316481,0.3622241707504246,4.896445,-8.399717,1.2143555
-2.4961031684680055,-1.182050776163124,0.2701260954168827,0.6459848591867765,0.23556820623715213,0.7260930945213925,-0.6470342905799741,-0.3357261315331597,0.6845689091825962,0.4050310957384758,-0.9120282807106317,-0.06445329059791685,0.17759368718583401,-0.531395622304776,0.3836618450546349,4.948344,-8.357847,1.3175796
-3.0411252550092507,-1.4709998416283505,0.4029935049665484,0.6482388252249388,0.24311410189666519,0.7215829536026819,-0.6428398622813428,-0.3331692404213522,0.6897500769838042,0.4080972150518743,-0.9109850661213047,-0.05968980122991813,0.052754364050360034,-0.3165411029468286,0.39424506726254216,4.993384,-8.324565,1.3734558
-3.598187192193681,-1.6703476773153016,0.7253477241664134,0.6516018549821141,0.2546324059908805,0.7145469616499425,-0.6363861086764782,-0.3291487915289244,0.6976200926855954,0.41282895158585714,-0.9092983068577358,-0.05242943713390287,0.05275436405036006,-0.3165411029468286,0.39424506726254216,5.0294876,-8.301857,1.385608
-4.1854959286460165,-1.8123741243857587,1.1570390676077025,0.6559648862973226,0.25939934978008294,0.7088173567842506,-0.6305919373832292,-0.3277492100420353,0.7035156457564308,0.41480582981945463,-0.9084560708424447,-0.05141683476548873,-0.04185758334639583,-0.11387054687477582,0.42613216456669084,5.0560927,-8.289225,1.3618469
-4.851748759665398,-1.9695783345660511,1.7383312786798664,0.6644130233824037,0.2586410586925149,0.7011848095318876,-0.6224234230008965,-0.3278410146290443,0.710710455549126,0.41369604404647237,-0.9086391318259492,-0.056837586638467386,-0.16187903911289475,0.2420316117115595,0.5491712026369975,5.0706253,-8.287901,1.3032181
-5.425587517840066,-2.126766728044025,2.5202937881959637,0.6742197992993575,0.25556654700844744,0.6929021592424964,-0.6137353538597908,-0.3279859814521779,0.7181602268250792,0.410799924117972,-0.9094563958876927,-0.06428441742473587,-0.17644886540163873,0.39696846733137403,0.5933783992532818,5.0697985,-8.298441,1.2188705
-5.665625216768763,-2.1478155334954776,3.4783790809582245,0.6883488390286119,0.24920831790074302,0.6812276345664825,-0.6021633433662673,-0.32730913051130645,0.7281950569661205,0.40444429000039167,-0.9114625320730501,-0.07523874608912728,-0.14788018477366754,0.5375900548441848,0.6500677467580651,5.050789,-8.321062,1.116394
-5.58373966775633,-1.9156963511941865,4.421838679266561,0.7010256521010687,0.24243565353183094,0.6706623509582643,-0.592226540006551,-0.3259953027989357,0.7368818004706721,0.3972791970493047,-0.9137570883170347,-0.08495424146112611,-0.11769527682522579,0.6823746749552168,0.7381093273958931,5.011069,-8.3563175,0.9976532
-5.187258272307954,-1.5320586225307358,5.3830660629155656,0.718930213481921,0.23044404453320871,0.6557704556336895,-0.5787763704395373,-0.32397734588055616,0.7483692887719443,0.384912017432133,-0.917569736693276,-0.09954153475287675,-0.10690628687193371,0.8795013881036258,0.8017456636073013,4.946687,-8.405573,0.85700226
-4.458850736513468,-1.0321882555926596,6.441619233512893,0.7353632900124414,0.21677508344962934,0.6420665034850246,-0.5669899155376223,-0.3221174212684567,0.7581311249342024,0.3711647442588234,-0.9215470308729592,-0.11396404041852952,-0.09339438080545698,1.110031708619165,0.84006344534278,4.8509264,-8.471021,0.68879545
-3.2782512770581063,-0.4786530342886661,7.640279836491107,0.7555314479004387,0.19736819076225348,0.6246743379623517,-0.5532677079631687,-0.3183788975826238,0.769759521473593,0.3508091711438696,-0.9271896649819329,-0.13134782294367575,-0.003451655808005577,1.3209497168528321,0.8870657961231525,4.7162886,-8.55258,0.5038544
-1.691583200094235,0.06828842633278809,8.78465491776174,0.7744853446995226,0.17673275187647994,0.6074026549660689,-0.5411160606364197,-0.31226458700693166,0.7808227946357053,0.3276673004237447,-0.9334111431280205,-0.1462114158246828,0.16712091037993787,1.5101889765319818,0.9298676234137564,4.5342484,-8.649348,0.3194336
0.35633637290773335,0.6281634678052632,9.650393849707825,0.796147148662903,0.14987002372420213,0.5862496854283484,-0.527560526673235,-0.3025907900846788,0.7938001665735455,0.29636060529731084,-0.9412639320322637,-0.16184128608910173,0.33299367488923637,1.7142369001518427,0.9726558521898423,4.3005586,-8.758326,0.13955383
2.703490880776052,1.3155578448299858,10.159230876286419,0.813947547077664,0.12451961484421156,0.5674365657281033,-0.5165460954067025,-0.2918392638281777,0.8049906679013845,0.26583739753154373,-0.9483273219765828,-0.17322173208457256,0.5324080288639393,1.9127738594138364,1.0007202214895399,4.010727,-8.877828,-0.029608155
5.4205420362508425,2.1044872458398225,10.066029042288042,0.8345925243771143,0.08966723121035813,0.5435210261810532,-0.5040020393654138,-0.2739508506271865,0.8191049235330875,0.2223449180200446,-0.9575545514944356,-0.18344486458593076,0.7976447909582036,2.0551172123909867,0.9713602112484028,3.66391,-9.004923,-0.16855316
8.036951278189267,2.9206194091557443,9.274378027149078,0.8508685693248876,0.0559953699820371,0.5223860605678475,-0.49369584425105956,-0.2548468805155396,0.8314550383879649,0.1796860904584803,-0.9653587861681654,-0.18919651916373556,1.0401695890070441,2.2139956519969965,0.931758335327795,3.2609863,-9.1353245,-0.27455902
10.331846706847443,3.586491151812492,7.938902257528774,0.8667502914261268,0.013501120380528569,0.4985595772434784,-0.482282546753038,-0.2320040728631904,0.844735257505152,0.1270727248866909,-0.972621113241617,-0.194578243045078,1.137355248706493,2.389776533181499,0.8617276242378069,2.8089263,-9.261806,-0.36822814
12.27312198721041,4.089101932852124,6.410409480714063,0.8793003764065459,-0.03281410556761856,0.475135856915793,-0.4709092698144105,-0.20912766293308138,0.8570356353145454,0.07124119352008391,-0.977337636168763,-0.19933849922654,1.158711442757732,2.504809329784029,0.7707081680768937,2.3241425,-9.378164,-0.45870057
13.892165815954407,4.467705785466869,4.68186628400726,0.8883583501089335,-0.0830340376158332,0.4515803255113613,-0.4590286923356437,-0.18328965866489935,0.869308668218104,0.010587795066169359,-0.9795459405376135,-0.20094190446972418,1.2398709966033907,2.4669956089633,0.668388785905468,1.8251114,-9.4817095,-0.5267746
15.00625195969255,4.688851251426828,2.6826609246405058,0.892735679898688,-0.13045349787145272,0.43128284307276976,-0.4480200905704498,-0.15509831687678252,0.8804672115117264,-0.04796878444440909,-0.9792478731123662,-0.19690758929973687,1.3688713388215006,2.296872956775764,0.5341391392320319,1.3311402,-9.570543,-0.548735
15.476158933995121,4.72869501380962,0.45925472266727185,0.8929629354358828,-0.17047550367106604,0.4165996862526771,-0.43913418403919324,-0.1266079011139231,0.8894557930463768,-0.09888561243155854,-0.9771942191926967,-0.18791778423132882,1.4801887910728768,2.0529978776221003,0.36489170835567447,0.85766447,-9.642293,-0.51743317
15.33678769174487,4.568315527073233,-1.7562111843515735,0.8898622442627571,-0.20377852516011186,0.4081905179192925,-0.43321391928470826,-0.0968280544125275,0.8960747892986761,-0.14307650531667548,-0.9742169371152686,-0.17444332335779764,1.5801111449854084,1.7546329616010332,0.12419878037039589,0.414769,-9.694376,-0.43348083
14.731752969547678,4.1167639990908205,-3.6574338146988516,0.8835364523746485,-0.22983830390938004,0.4080902980729649,-0.43168793344726697,-0.06163222959887914,0.8999149939803753,-0.1816834209311617,-0.9712753586551713,-0.1536727439333986,1.748732492947443,1.314406273292407,-0.2345785027507491,0.016558837,-9.724676,-0.27504882
13.734096182549065,3.28901796282792,-5.17465479058454,0.8745621795456027,-0.2457004491402127,0.41805775127456296,-0.43576899443354344,-0.020040307225010847,0.8998354124931435,-0.21271195922849476,-0.9691386254703845,-0.12459513241916942,1.9332802062174006,0.7712431465609603,-0.6605942615000319,-0.32291412,-9.728296,-0.02420349
12.327172404856956,2.094602917648666,-6.455868674112393,0.8639095276676201,-0.25023577165493166,0.43708395828418595,-0.4453132312759085,0.025895321330216638,0.8950003119462104,-0.2352795232393168,-0.9678385665582183,-0.08906208523728931,2.016231802063766,0.2287403463809852,-1.048467948185324,-0.5957413,-9.698916,0.30567473
10.648192325334723,0.6452897637401607,-7.536112345564133,0.8524059457824,-0.2431862028769411,0.4628872155559158,-0.45989234797495765,0.07254931557728539,0.8850060028515896,-0.24880340003483475,-0.9672626672934108,-0.04999800587566909,2.0144414526976266,-0.28705687439138355,-1.4040542383058097,-0.8006058,-9.63811,0.6897171
8.871722803937487,-0.9576607815523136,-8.395302220828007,0.8395375920930317,-0.22248987906085524,0.4956560149721998,-0.48007564182369794,0.1233406246720207,0.8685127911741312,-0.25436982838025424,-0.9671015169158833,-0.0032628804450184,2.091676314201157,-0.846710086501838,-1.7654106950540651,-0.93521273,-9.548071,1.1414871
6.95081494574608,-2.670866316347853,-9.253068422051603,0.8251433748819521,-0.19051865324109052,0.5318280301522518,-0.5050825623195665,0.1728810111677263,0.8455789503164832,-0.253041530443373,-0.9663409329759485,0.04642397145925912,2.1312018198749385,-1.3420552265625667,-2.170963573547412,-1.0095688,-9.432541,1.6596206
4.843279343774933,-4.2289130458834805,-10.25041928705137,0.8070458504468037,-0.1463709822204009,0.5720599014442732,-0.5365970475764381,0.22255686683054665,0.8139607174543622,-0.2464560890074463,-0.9638692736001112,0.10107135895370409,2.087768301105766,-1.7291750083466653,-2.537509842808322,-1.0378433,-9.293039,2.2219894
2.622532949078864,-5.329522917710046,-11.287047374128598,0.7855888313962452,-0.09430319241649941,0.6115203151862901,-0.572053707127891,0.265954563708603,0.7759012348255436,-0.23580658206827024,-0.959361807631836,0.1549844440924863,1.9485267064009573,-2.0400951652501855,-2.866366043180923,-1.0292785,-9.129199,2.8032334
-1.7538518117532882,-5.9187153580546035,-13.114232505826845,0.7328577528826034,0.024150567468836225,0.679953133775259,-0.6474649461681015,0.3318387329376003,0.6860555362402561,-0.20906615585359395,-0.9430269377983335,0.25882723400619917,1.7259560252471815,-2.32283064303364,-3.147145580916179,-0.89935,-8.743175,3.9554353
-3.6384634146118717,-5.438674202691308,-14.014702744410677,0.6938847775135033,0.10226007758909329,0.7127880414727155,-0.6946385849181622,0.3558822448592082,0.6251600308215995,-0.18973969505069202,-0.9289191053721759,0.31797506788524704,1.373511277402957,-2.5027703019965335,-3.3392022251517766,-0.77484435,-8.539905,4.475978
-5.278926305364383,-4.910697760998625,-14.640672249186636,0.6585389267374337,0.16631795454962367,0.7339378856319784,-0.7329704307104123,0.36275739373994176,0.5754662639905115,-0.1705310226196447,-0.9169217040082728,0.3607960075206824,0.9078786780807211,-2.537580410049492,-3.393279619880626,-0.6146256,-8.341127,4.920395
-6.581293444209383,-4.37246213086901,-14.890463151844967,0.6154093648545328,0.23518956862913326,0.7523012564507543,-0.7747578310120676,0.35606295295179485,0.5224648091696934,-0.14498833378867884,-0.9043810260854053,0.4013394357920645,0.37096430898571986,-2.4167593511116037,-3.327392933428626,-0.41878358,-8.159304,5.2760515
-7.740166780602517,-3.9594577179658326,-14.732634538082841,0.5692023928982751,0.29839780299570684,0.7661379687016,-0.8140481636559187,0.335401043928319,0.4741642405118929,-0.11547390686776197,-0.8935686268547758,0.43382126035219426,-0.17283267905440913,-2.209588313419691,-3.2120404996660024,-0.18381348,-8.003815,5.549197
-8.894737738703428,-3.6162948522269835,-14.277023763593814,0.5210621210285378,0.35443945951177297,0.776445062815293,-0.8495859262853955,0.3026120348035347,0.4320066090349201,-0.0818414313598436,-0.8847590779037348,0.458806445224896,-0.6739660899523583,-1.9705228491993567,-3.0468433418756735,0.08954163,-7.8810453,5.7363005
-10.225858658430386,-3.490708868249903,-13.359551377295137,0.4895837750676062,0.3843000236162607,0.7827012322969051,-0.8704652957618498,0.2678776149504086,0.4129549034491727,-0.050969560178473344,-0.8834902802278146,0.46566836770194187,-1.5816691827107872,-1.4545795332584117,-2.596507116979587,0.40749207,-7.7857375,5.8470106
-11.526094435801781,-3.4402871608625625,-12.123776736618689,0.4491634921744451,0.41864311183782293,0.789297220448927,-0.8934452202101152,0.2132239991184629,0.395336773755779,-0.0027920926481629135,-0.8827646748203476,0.46980712330484115,-1.9676629585076644,-1.2663714511868407,-2.254884269801882,0.7730209,-7.711627,5.8901305
-12.835551721071226,-3.574961674819587,-10.548272918594408,0.4139485676096384,0.4449379870261257,0.7941516045913832,-0.9088726240129885,0.15317245213254493,0.38792879917253814,0.050962110373033526,-0.8823652234810949,0.46779747294901475,-2.3269756369055967,-1.0310253401123548,-1.820328649130885,1.1858826,-7.656737,5.8649416
-14.140831839314071,-3.9392859764335575,-8.541327364995944,0.38577208370847016,0.46211339605397433,0.7985180703144348,-0.9160494599232648,0.08894716598911818,0.3910777271039588,0.10969633724751109,-0.8823489167273721,0.4576320604421342,-2.5939470596843175,-0.6940222343099142,-1.3291941584290723,1.6325531,-7.626677,5.763341
-15.483054975765508,-4.439321701859337,-5.874626422519349,0.3701023183327195,0.46957978938176687,0.8015728883694375,-0.9155156188370802,0.03793289257685945,0.40049000902158577,0.157656035818817,-0.8820747797465519,0.4439466829529958,-2.6728696771834803,-0.39586749046081426,-0.8688943348627082,2.0886505,-7.617612,5.599692
-16.748745014913414,-4.909133321728746,-2.4855647100618725,0.35947658331709936,0.4748073213872514,0.8033272020812744,-0.9086454256235892,-0.0179000393379747,0.4171847061974166,0.21246194139184246,-0.8799077202461418,0.4249968556486585,-2.5819215733426524,-0.259905096900126,-0.4680009566195579,2.5337005,-7.613716,5.411864
-17.531278869885266,-5.109938768119166,1.1721477258013513,0.3565788521376433,0.4773893799337979,0.8030883526329002,-0.8985262273802476,-0.06024405691478835,0.434765767185351,0.25593386043667643,-0.8766242259559519,0.40746512188052103,-2.415376874279522,-0.1569371039872058,-0.12447196559631757,2.9565003,-7.6072984,5.2199125
-17.49550224149795,-4.978173318414686,4.670387512990826,0.3599048163046547,0.4770907540920159,0.8017811020226313,-0.8845679192578384,-0.0987639966289807,0.4558346950263092,0.2966616244487493,-0.8732869432951477,0.38647353758006076,-2.21914942630986,0.03195587008036564,0.17027111014966467,3.3459122,-7.605719,5.0176406
-16.905818890396148,-4.574392688353292,7.901927964307389,0.3681216162588037,0.47467596539954005,0.7994805835759999,-0.8694297721364024,-0.12899662203867535,0.47691901076121307,0.32951228651728504,-0.8706564186719271,0.36521097143914577,-2.0058393359571625,0.19600829026500796,0.411388306283613,3.695572,-7.611554,4.801744
-15.439498111710112,-3.8025799497726456,10.937870503993844,0.3832634589202438,0.4702068873938704,0.7949934616736538,-0.8519842743552578,-0.15242143031239738,0.5008897122449885,0.3566958330396296,-0.8692946512137822,0.34219130915801077,-1.7628911893145833,0.37926701820092273,0.7385687911197292,3.9990401,-7.62675,4.5705004
-13.475177827035502,-2.8825875469879065,13.696893533770908,0.40049678273080175,0.4646901272666834,0.7897248968110041,-0.8367087720660386,-0.16586964280517727,0.521924987276356,0.37352477530950856,-0.8697990269117094,0.3223800474803371,-1.5143606164450027,0.5829079400423192,1.0216480050208192,4.248024,-7.655989,4.322351
-10.845286697809826,-1.8426285676769139,16.32442341223579,0.42946416011855193,0.4539325423233201,0.7807085129506112,-0.8154319607716558,-0.1766098694782766,0.5512528198158795,0.38811242253470796,-0.8733580027816505,0.29430349378063236,-1.2753360939492957,0.8481182808472636,1.2954720539237954,4.4360075,-7.707587,4.0498734
-7.694364434565096,-0.8014929139489015,18.625820386117624,0.4682559274309922,0.43726122037195897,0.7678144382496119,-0.7903012036985096,-0.18137231988565078,0.5852589931064567,0.39517134746642285,-0.8808556673701557,0.2606394049322724,-1.0140041278880585,1.1342785335904784,1.5341902636312104,4.5497084,-7.7893295,3.7490737
-4.3148841617513165,0.17213804246096753,20.461868167380317,0.507539010259341,0.4186673024294796,0.7530749251843352,-0.7665276950672535,-0.17975766727586137,0.616540731623162,0.3934964367816467,-0.8901712593270823,0.22968605379557497,-0.738266292699537,1.3400852456607053,1.7058534850900533,4.5879807,-7.893613,3.4374833
-0.8058727370470189,1.1026497629024514,21.519247223767596,0.539403689600573,0.40154527687602437,0.7401385345081328,-0.7477295071587423,-0.17579547288175,0.6403097186818468,0.387226346946374,-0.8988088463810529,0.20542252529293686,-0.5570535571432769,1.5496768325131618,1.8150909508126265,4.561853,-8.014195,3.1180801
3.196942902049316,2.1942727329230367,21.337607319235083,0.5875466590957691,0.36932446256436885,0.7199919199108703,-0.7192280803371279,-0.16938419148283776,0.6738100356408138,0.37080977851180047,-0.9137332417216995,0.16610740842233307,-0.4929795956564452,1.9210960597136975,1.889583517493814,4.477063,-8.160756,2.7627778
6.89707657851203,3.2834767764340076,20.008856053499592,0.6329493480236333,0.3325213257788928,0.6991456863477781,-0.691410393051084,-0.16351334634823586,0.7037151795626884,0.348319955238576,-0.9288126578962247,0.12641303459037337,-0.4416542230973991,2.323725893236977,1.982602992913055,4.3276124,-8.338491,2.3588912
9.850551806797283,4.112081499539144,18.25337781085711,0.6770207986874323,0.29264583195827043,0.6752786500268491,-0.6629005021226992,-0.1560907368237923,0.7322558338199007,0.3196963597385884,-0.9433949856318177,0.08831839363709887,-0.29462916819918505,2.5857664404945844,2.121857274513194,4.1121736,-8.532763,1.9334198
12.390555753748936,4.696765817400611,16.31148832325785,0.7242105098250537,0.24468539779730408,0.6447078358169005,-0.6300648600452402,-0.145160239621827,0.762854361571791,0.2802452668558528,-0.9586748984602177,0.049041099775421995,-0.07464706378395325,2.7666376584235453,2.213417782679271,3.8312836,-8.729693,1.5158402
14.438917506221912,4.899852105446662,14.269317318111554,0.7671645202526765,0.19225480220626237,0.6119613467320568,-0.5973843918853493,-0.13336337191983755,0.7907882772031599,0.23364607250551636,-0.9722408662768718,0.012538370864864666,0.1027979431959618,2.923981441178513,2.1453732775060743,3.4852843,-8.919881,1.1160446
16.32907005862937,5.222838407398916,11.743949286264385,0.8028078269672599,0.13748079383631198,0.5801712025654535,-0.5672438092056576,-0.12363446311967638,0.8142167895879845,0.18366832573408629,-0.9827581344640434,-0.02126958548704406,0.17067574400290064,3.1388972095839,2.014729459918613,3.0746398,-9.098379,0.7185165
17.77025069185183,5.644621600073055,8.571982965763956,0.8337868383319308,0.0751185329911853,0.5469522046995478,-0.5374770199946147,-0.11595582282220857,0.8352680408894696,0.12616640282639535,-0.9904097400343338,-0.05630795363863747,0.18501018138018288,3.30861424944679,1.8124307881459218,2.6053314,-9.255989,0.32233733
18.484473253274057,5.977731466015935,5.283717769216793,0.8563888741969761,0.013622290117691047,0.5161516534542792,-0.5117365272986182,-0.11067308338558288,0.8519842693631602,0.06873007187532582,-0.9937635039715824,-0.08780817384580591,0.2016524353179266,3.3513002215192964,1.581261771870672,2.0951722,-9.382257,-0.055308532
18.438275362615276,6.193985689940983,2.0033262254897517,0.873342118532352,-0.05055597887800224,0.48447666300567177,-0.4870512512349049,-0.10572286982490327,0.866950836822077,0.007390714981508789,-0.9931096454046117,-0.11695558788013752,0.2671691680045487,3.2796895908544883,1.3937124786876847,1.5627472,-9.479077,-0.39504394
17.703749119313454,6.18225885239168,-1.0070416272610383,0.8839278711033267,-0.10968534696948276,0.45457743382940385,-0.46486928200523825,-0.10076613967369609,0.879626475126343,-0.05067612193801205,-0.9888454428046102,-0.14005934781326956,0.35416184739444484,3.1380244808321964,1.2633137269734185,1.0251694,-9.548749,-0.6874588
16.547206012584745,5.935640531654578,-3.493647771682335,0.8898886959401995,-0.16539870309655078,0.42513689307307995,-0.4434043043734863,-0.09462182164142542,0.8913132635231691,-0.10719483056993571,-0.9816771260874104,-0.1575413863587771,0.46763801959849893,2.8984883115360915,1.1501235019051586,0.49985352,-9.593501,-0.9232346
15.295114281905681,5.502778107170823,-5.191534104443945,0.8918889002217503,-0.21202533325608958,0.39947396375594,-0.4241949333251469,-0.08590552673461471,0.9014870487243407,-0.15682107065860865,-0.9734811238714867,-0.16655825786611464,0.6487476778053101,2.526292048559179,1.0040274889051681,0.008233642,-9.618807,-1.0813324
14.050685682450334,5.101051227725217,-6.326090928206843,0.8914463281506683,-0.25216203905598616,0.3764807433134125,-0.405401519332192,-0.07268184677471844,0.9112447296267704,-0.2024180134025697,-0.9649516336110033,-0.16701883918173258,0.8625075943957492,2.072354803133232,0.845778196133629,-0.43190917,-9.630823,-1.1490891
11.254540732978784,4.162934497896495,-7.921094009786634,0.8867273943559141,-0.31205003065806336,0.3410854826360601,-0.37068381332379996,-0.039062822384647526,0.927937285837287,-0.27623909686809134,-0.9492622789691201,-0.15030997002146604,1.0852267976857026,1.6118106496123967,0.688654954347973,-1.1295974,-9.619451,-1.0161865
9.897182587232209,3.0279618898055336,-8.193933556102465,0.8850981601259738,-0.32018549564920024,0.33776100325154945,-0.36184057149996773,-0.016997816612044882,0.9320850149246039,-0.2926989028988564,-0.9472023662377008,-0.13090083894118673,1.598018043128336,0.5751169251546246,0.15081297711251618,-1.3753998,-9.59846,-0.80536044
8.68536740063389,1.6562858046749318,-8.233326671466994,0.8832358625053544,-0.32094119405546717,0.3418934938583575,-0.35400057572617694,0.021814749045412644,0.9349907534888353,-0.3075353696243073,-0.9468478582551353,-0.0943457987814192,1.8367604778424087,0.03768650711182602,-0.21063860209297597,-1.5492675,-9.573256,-0.4986267
7.570161034809086,0.22360115319470775,-8.328640747970343,0.881374456672873,-0.3118721261152086,0.354844816894623,-0.352049593180745,0.067276123755105,0.9335603928583083,-0.31502404839293024,-0.9477392574568532,-0.0504989981015606,2.00808351280778,-0.4124856779086961,-0.6065970862208636,-1.6603973,-9.546333,-0.109558105
6.42405176517853,-1.1135972352634238,-8.562981722056154,0.8790979976594229,-0.2945368426286346,0.37474625928159655,-0.3563602355228585,0.11597916368586392,0.927122546446164,-0.3165345053059583,-0.9485762393846278,-0.0030041680428419537,2.0613137356559754,-0.7502922484897232,-0.96543945425101,-1.7213119,-9.516014,0.33098602
5.241282134606303,-2.403439742527181,-8.8073629539968,0.8758154421658276,-0.272259869653956,0.39852462237594305,-0.36671656537934855,0.16145726372002547,0.916215320035861,-0.31379335866179725,-0.9485811063731204,0.04156456052571085,2.081625951103261,-1.019808324029648,-1.360167541777804,-1.7431778,-9.480051,0.80802
4.041079070631481,-3.6562874661156646,-9.05729898616396,0.8697029408379605,-0.24037958496075004,0.431085200200496,-0.386711169358501,0.2108759643491479,0.8977671185520201,-0.30671039465786804,-0.9474961650549909,0.09044197595641204,2.0064080950753125,-1.2546053138038362,-1.8101411001304681,-1.7317688,-9.437088,1.3072876
2.652021555597657,-4.732942768755853,-9.511914165986719,0.8602065961445541,-0.20289258231778745,0.467845286381963,-0.41524268810209486,0.2538478564312409,0.8735758557578213,-0.2960035843146966,-0.9457250476886419,0.1341119392416956,1.7266632767471641,-1.4140826071402977,-2.2367945258739015,-1.6874893,-9.387012,1.7936783
0.9892708888824113,-5.405836017543869,-10.21241804872013,0.8460109525956351,-0.16161184813778884,0.5080817637248116,-0.4521824813647495,0.2874055631921146,0.8443512573526735,-0.28248269262920356,-0.9440760842155211,0.17007020778855741,1.273248067440285,-1.43880599601908,-2.594105561907087,-1.6146362,-9.333669,2.2247314
-0.7970940317824757,-5.6696415260656075,-10.860761252618317,0.8259280165697289,-0.1174823743894442,0.5513989509901275,-0.4970194793617821,0.3099204102921946,0.8105066171347771,-0.26611003096489566,-0.943476142248513,0.19758092121388135,0.7527080820313706,-1.3979137209137455,-2.904944072147963,-1.5157181,-9.283002,2.578238
-2.573462585579524,-5.645238083840431,-11.175350892956917,0.7997000741532778,-0.07137442380126872,0.5961421667910094,-0.5474106015026153,0.3211703118988538,0.7727815112419145,-0.24662000073349222,-0.9443279739485799,0.2177688059763897,0.2754058751811515,-1.368631020004773,-3.1679542169157586,-1.3886826,-9.237474,2.8587937
