0.05713386759823313,0.15727949544150613,0.5211386465771688,0.9999921664232534,0.00023038693117233153,0.003951457198324427,-0.0002383226850632131,0.9999979556524768,0.0020079574608939123,-0.00395098651301535,-0.0020088834532944566,0.9999901769981768,-0.0910144,0.17905518,-0.010620118000000001,4.038115,-8.861094,-1.1589158
0.060261028936045194,0.1933036078476252,0.5427170132348728,0.9999634393099602,0.0006480703185654047,0.008526432328795366,-0.0006833032585499288,0.9999912383163643,0.004129937912486116,-0.008523681132714157,-0.004135613058100295,0.9999551207752183,-0.10315202685803362,0.2220487824265619,-0.020960099581402294,4.048186,-8.857161,-1.1534745
0.08205714018386746,0.22580486124552868,0.6022631255334542,0.9999028517272922,0.001200403374649473,0.013886905320002807,-0.001288817309672281,0.9999789475298739,0.006359516254228682,-0.0138789789815707,-0.00637679612216353,0.9998833484030253,-0.11434243524940826,0.27395279005496986,-0.029681735070675775,4.060931,-8.852211,-1.1462433
0.1261166290615663,0.22091193245763105,0.6958761852546488,0.9997837370198317,0.0018365966690814678,0.020714876377496787,-0.0020224761931537613,0.999957850185288,0.008955860810941471,-0.020697554945161564,-0.008995819334110138,0.9997453107936042,-0.12685363228580224,0.33182437949936694,-0.03348731050217266,4.0757627,-8.846464,-1.137378
0.1944508981011017,0.1666779661351804,0.8223823597717671,0.999598925030394,0.0023825874799592254,0.028219006980776513,-0.0027155595837476884,0.9999270775427974,0.011767129338417243,-0.028188912966410892,-0.011839040232225971,0.9995325018788295,-0.1454113111418179,0.3857172086344755,-0.03209837740899165,4.091443,-8.840218,-1.1291077
0.2979465462127807,0.06352323904454238,0.9773731956410509,0.9993095050873045,0.0028193257296845195,0.03704813685728824,-0.0033632344632683903,0.9998873630637222,0.014627024284561965,-0.037002725522743654,-0.014741525969383915,0.9992064279797157,-0.1404717129330941,0.4305856439319439,-0.027028506491555093,4.107123,-8.834287,-1.1182373
0.45633609005331066,-0.10381509472495787,1.1804475381580701,0.9989310637468859,0.0029385839532218697,0.04613127578839384,-0.0037162382087693696,0.9998522876403012,0.016780717327691787,-0.04607515008212852,-0.016934214620291065,0.9987944297602502,-0.11157790730614833,0.4679836392725497,-0.013554732132452032,4.1213045,-8.829962,-1.1000779
0.6768648875378309,-0.33905660883494404,1.4730505119055324,0.9984023917158176,0.002632033444525762,0.05644233000224187,-0.003646394435662164,0.9998335590490836,0.017876185467323176,-0.05638588496915383,-0.018053437323386986,0.99824581410445,-0.05261818868601972,0.4983083980032227,0.006073427748600492,4.132216,-8.828496,-1.0701233
0.9499199604806018,-0.5832093098602129,1.846931921860571,0.997809042919185,0.0017834076837654807,0.06613571898553074,-0.002994348672684834,0.9998296031756762,0.01821533665887641,-0.06609196429768144,-0.018373461040405603,0.9976443595714211,-0.016135251673844494,0.5255251090006968,0.036290683488528125,4.1380796,-8.830263,-1.0299041
1.274595734501331,-0.773680723947344,2.238452312099111,0.9969415679671418,-0.00017411473574992787,0.0781503662389064,-0.001313120658526918,0.999819027062446,0.018978641627890418,-0.07813952759872918,-0.019023217602775297,0.9967609198893609,-0.029540254061098992,0.557473056787541,0.07992194991004702,4.136946,-8.835169,-0.9882126
1.6402652656012147,-0.9331392581743646,2.6002212822351636,0.9959603616503728,-0.0030676297950907156,0.08974156043160009,0.0012566694133040815,0.9997945775067737,0.020229275074443272,-0.08978518142346167,-0.020034780644970832,0.995759623986263,-0.052141344711120446,0.5912302338903266,0.13485709137924995,4.126834,-8.843878,-0.9485916
2.0477512906690603,-1.1401019927986409,2.8792731838909544,0.9947199576105851,-0.007275759989915283,0.10236830196777057,0.005047788354348695,0.9997450840972264,0.022006513948364677,-0.10250232077336209,-0.021373585099346722,0.99450311417113,-0.06990867773623664,0.6354262282683939,0.19624628992719456,4.106302,-8.857121,-0.910347
2.486385852558734,-1.4144742553584309,3.024847020417359,0.993157869987443,-0.013006286519590607,0.11605292668853814,0.010262094703996447,0.9996541671445099,0.024212301065830902,-0.11632770389847429,-0.022855691229681615,0.9929478751093243,-0.08239958411517984,0.7053307436544463,0.2753287855599036,4.0731215,-8.87586,-0.87118834
2.92723862225385,-1.7041905047377763,3.034982560826379,0.99099830901248,-0.02103012610099638,0.13221227375165046,0.01760325206613457,0.9994794760367138,0.02703520848952553,-0.13271200793862364,-0.024464479915832626,0.9908526692558014,-0.09130754006900545,0.7964880049023396,0.36890965685725424,4.0240297,-8.90128,-0.8298508
3.744450095154711,-2.1814439998389146,2.7355977111196377,0.9843050075851314,-0.0465947332972393,0.170213345163631,0.04065247341836493,0.9984416106089434,0.0382325333922303,-0.1717295211890006,-0.030712880580922607,0.9846652682605488,-0.19447590992127511,1.0072309683659944,0.628373604202294,3.86483,-8.975192,-0.7532303
4.06107929246946,-2.417689858689643,2.3274091287553267,0.9796725536387413,-0.060913204167763565,0.19113154947565286,0.053276946351898176,0.9975722836773343,0.0448453545666106,-0.19339921053190617,-0.033750857719536724,0.9805394560999732,-0.19447590992127503,1.0072309683659944,0.6283736042022942,3.7456756,-9.023534,-0.7404312
4.223086648548176,-2.6698281795627334,1.619683438526643,0.9739136631801522,-0.07852988061138748,0.21289723934841948,0.06834437907617545,0.9961556922640644,0.05479856401945717,-0.21638212153435651,-0.03881874059090205,0.975536715279967,-0.32530398491612744,1.122096155012295,0.8171505488878297,3.5945039,-9.077825,-0.7583176
4.286632214749739,-2.8876983890822787,0.739676345518693,0.965989884288791,-0.10463865360177914,0.23646203844197727,0.08966458249051944,0.9932750353770621,0.07324593328981921,-0.24253619544003968,-0.04955256067149997,0.9688760176784068,-0.6638615063591056,1.3046377148308064,1.2646379058333297,3.4097152,-9.135638,-0.81429595
4.065098525807931,-3.2579473686281566,-0.4318185862484947,0.9556707732860185,-0.13413560977226105,0.262108777567496,0.11290583206959225,0.989100350096405,0.09451333516410135,-0.271929487499198,-0.06073002247811561,0.9603989890656025,-0.6638615063591053,1.3046377148308064,1.2646379058333297,3.193805,-9.193911,-0.90635526
3.743661347941801,-3.7155996591895923,-1.5459895768119694,0.945978502200848,-0.16209628936627496,0.28080147141267753,0.13445041418761847,0.9842012867237421,0.11519945024221286,-0.2950385728995749,-0.07122232925856249,0.9528271723226448,-0.8596093897594848,1.3794975902523243,1.6466366231480782,2.94962,-9.251038,-1.0232499
3.26804986876009,-4.049465771211688,-2.584792705118494,0.9314898908570162,-0.20197190167987147,0.3025457554866704,0.16487440971741893,0.975778100052584,0.1437829213714266,-0.32425763252623147,-0.0840502848869978,0.9422274339876215,-0.8765203201746194,1.3487668902014909,1.839020173092506,2.671762,-9.305922,-1.1609558
2.613564859577416,-4.2136157026453995,-3.526501449393088,0.9192716232833048,-0.23510178444463484,0.31570054415066484,0.19026847075992814,0.9675144812243303,0.16647413509579573,-0.3445832144210682,-0.0929670886505722,0.9341410647044056,-0.8485380109329381,1.2143752446767622,2.0272769443488636,2.3573806,-9.356398,-1.318895
1.8988210710549465,-4.274309964082729,-4.44081008344149,0.8994005353106164,-0.2882946730216829,0.3285800642009453,0.2316583532319425,0.9518041645787286,0.2010055712373486,-0.370692708939414,-0.10466620179365069,0.9228390443307269,-0.7763780972634479,1.0037604172579777,2.182079899368648,2.0099533,-9.399783,-1.4949372
1.0621582056932306,-4.292822116583356,-5.338332406283648,0.8836943971599835,-0.3298489517273628,0.33209017069526914,0.2651583849612332,0.9374553987959839,0.22554025395262153,-0.38571393974395546,-0.11125216542891372,0.9158862988245723,-0.6161673990058634,0.7356671689544803,2.2849315240198362,1.6332718,-9.435221,-1.6762803
0.17359137026336113,-4.169814299264566,-6.094035395044655,0.8670571014843079,-0.374646234833111,0.32840855879681913,0.30374831254119194,0.9200170840633874,0.24759953081514502,-0.3949037166120482,-0.11492938595883562,0.9115055078545141,-0.34478225410593244,0.3999415636902913,2.303642470124934,1.2334992,-9.461988,-1.8436661
-0.7303235161715727,-3.7815187141166438,-6.61141306601812,0.8533534736257149,-0.41308146047733485,0.3180433241884479,0.3395437730988719,0.9033076744975477,0.262193194693558,-0.3955981233533698,-0.1157538431489178,0.9110999794729157,-0.05861487416603929,0.021942824842049236,2.2878377313613805,0.8183258,-9.477034,-1.9892975
-1.5569152127724046,-3.1310214133080523,-6.915234392205652,0.8387099043011813,-0.45694265630252495,0.2962585108959665,0.3840259806909402,0.8819859108920488,0.2731755829906552,-0.386121409120842,-0.1153441018826508,0.9152081706253609,0.2156888379591272,-0.4011098940382149,2.2160326363899654,0.39787292,-9.478358,-2.113208
-2.5008295139548213,-2.3888214263863,-7.180563048556533,0.8313834673622928,-0.48121511293787966,0.2779092392793639,0.4112873612228293,0.8691582900758555,0.27460257335060906,-0.3736900275562795,-0.11399948189618439,0.9205215268707126,0.5380460564708461,-0.8007784612786919,2.073163527622563,-0.016668702,-9.469899,-2.2019532
-3.243562198928,-1.3548467229090406,-7.259702230386533,0.8224397929953491,-0.5140982442778526,0.24350725272196022,0.4523681022550058,0.8506171092308927,0.26798065890262274,-0.34489982162937083,-0.11024304383546715,0.9321430063707602,0.8610066486376099,-1.1425286743370728,1.89774563697718,-0.41753083,-9.45712,-2.2452056
-4.038414873360578,-0.17102536701183713,-7.206857445648669,0.8153358425275501,-0.5425583820767822,0.20213328753106088,0.49179292305501693,0.8332164648023116,0.2527647990036194,-0.3055604436488667,-0.10668048003530234,0.9461776209869608,1.1450587655046094,-1.5188574498528082,1.7289323579996547,-0.80052793,-9.441218,-2.2520645
-4.743064436222502,1.0293803566539634,-6.994726781676661,0.810103717524157,-0.5650684980492838,0.1562995821039436,0.5262001045050962,0.8183293519095072,0.23119368897569736,-0.2585448063148177,-0.10504601047013826,0.9602707528670966,1.3674649591238937,-1.8984378538264388,1.5415008159362942,-1.1561524,-9.421606,-2.230577
-5.283928535755351,2.0969914280090363,-6.636183609504771,0.8064637010395812,-0.5809024328706631,0.11031166026529549,0.553293730513948,0.8071931663240932,0.20568237652663213,-0.20852421125495205,-0.1048406205849119,0.9723816625152236,1.5469623848757013,-2.1757298835260683,1.291055819412267,-1.4727433,-9.401135,-2.1826203
-5.655677499459313,3.116523244579964,-6.090181299258184,0.8031501631127201,-0.5930168513159092,0.05727852605799226,0.5770271723467709,0.7982006020716699,0.17296080835239375,-0.14828842795545838,-0.10586223551289889,0.9832617806193373,1.6957982895916295,-2.4026563740751365,1.0399532273994336,-1.7445663,-9.383726,-2.1074874
-5.8919610918619565,4.117935794244754,-5.314853645167625,0.8000583770837638,-0.599899341077835,0.005232000809754195,0.5934569125413967,0.7926831147663665,0.13950760739516813,-0.087837840450043,-0.1085092629164463,0.990207177133352,1.7665323500048742,-2.5838168474917644,0.7926007261705843,-1.9685211,-9.369425,-2.0180237
-5.929334453242351,4.994494047944539,-4.468783824230915,0.7962595097637529,-0.6027498767140079,-0.051607937684393576,0.6045716284153595,0.7898163834960231,0.103359694641883,-0.021539248501016878,-0.11350183470988918,0.9933042808180682,1.7490958606420834,-2.702914046017868,0.5533557150957086,-2.1413665,-9.358968,-1.9253571
-5.827948736591878,5.622850125133975,-3.6652045405487654,0.7921740905360468,-0.6010540053382769,-0.10580308573100246,0.6088601135173598,0.790226196090446,0.06951202183832443,0.04182789082675445,-0.11948490146976161,0.9919545281260355,1.7089347916330706,-2.748068274264471,0.29615925713522073,-2.2610016,-9.354324,-1.836354
-5.690321279494173,6.090199257874226,-2.8951361900016455,0.7873642008360338,-0.5953862917136915,-0.15991491137868702,0.6074034185295559,0.7935754629996389,0.03604263702225379,0.10544525783762518,-0.1255115459403156,0.9864725791603272,1.6610508313686232,-2.6959724878803764,0.06385460237534424,-2.3286133,-9.358172,-1.748819
-5.662287400331626,6.54529388686737,-2.1185695294512894,0.781820297648347,-0.5867100291287759,-0.21101744928977154,0.6013580586887076,0.7989520773017115,0.006638028730652043,0.1646982314270527,-0.13208678925233652,0.9774597550128644,1.5502535040075902,-2.6556115063789227,-0.12589531561161227,-2.3526292,-9.367656,-1.6750549
-5.63886285103314,6.984314695325005,-1.4568573031154757,0.7751192539807799,-0.5743574585228832,-0.2632558678309264,0.590893775948991,0.8065065940383118,-0.019790384469870772,0.22368434825222583,-0.14021634573706565,0.9645230369126079,1.402482307602839,-2.6224116829398127,-0.3058950664180833,-2.3401856,-9.379501,-1.6283982
-5.412140198217679,7.319335729803667,-0.9831597098325531,0.7682579135577808,-0.5594366499227287,-0.3111437175632508,0.5774329932815031,0.8154381722901752,-0.04039462144917534,0.27631669606777076,-0.14863116057978276,0.9495040081952774,1.2411684060467465,-2.5308273313829797,-0.4854588248670176,-2.2939484,-9.392799,-1.6120316
-4.44822201963717,7.63853195332485,-0.09643397726287861,0.7600738283247312,-0.5233077160315488,-0.38527497951155754,0.5441821060434043,0.8366147509803101,-0.06278211452570609,0.3551810960030837,-0.16194070761855375,0.9206636716293577,0.975430279290893,-2.1775790175272545,-0.816888607179878,-2.1009064,-9.424902,-1.6524353
-4.005944651565628,7.722702994817927,0.395092180876502,0.7554837505646805,-0.4993782890935213,-0.42410567906448887,0.5223358135668691,0.8498443809104945,-0.07021272035960058,0.3954865364309641,-0.16848101559785916,0.9028867851978746,0.8251574772616004,-1.9753860859024575,-0.9767248486522857,-1.9608963,-9.440349,-1.7091843
-3.5139956172020783,7.7781857712483315,0.7803908608509973,0.7530977024224682,-0.47430784249132746,-0.45593411931683936,0.5002410000130438,0.8629350852064526,-0.07142815009282054,0.42732047986487764,-0.1742845640639319,0.8871426594506067,0.6453147193729701,-1.7541879561258544,-1.1691515353392994,-1.7901459,-9.451868,-1.7976882
-2.188925038317268,7.6720415967564355,1.5327939308059217,0.7516897812554838,-0.41626590295096755,-0.5115517283682061,0.4511082556944094,0.8903390977241716,-0.061624935765123415,0.48110686380515305,-0.18444237339647301,0.8570397869967561,0.4672754983421349,-1.4895026087109304,-1.348398208947018,-1.3596542,-9.456444,-2.0519881
-0.5160273195488307,6.719579085935244,3.3411801418529277,0.7732553900570098,-0.3513828941870093,-0.5278315672831086,0.39420124684936325,0.9183988430172597,-0.03389604884003687,0.49667039244370964,-0.18186155948226096,0.8486724305952743,0.23110838039207443,-0.3778647901509826,-1.7018729166613749,-0.8083023,-9.44592,-2.3073869
0.2717311176400945,6.145414085286898,4.640078971999472,0.7834970677433889,-0.31431218488659185,-0.5360412253449623,0.36170043080736897,0.9321228330231615,-0.017883582153455285,0.505277293366004,-0.17987460795980278,0.8440023591317927,0.23110838039207432,-0.3778647901509826,-1.7018729166613749,-0.48451233,-9.425715,-2.4414535
1.002200070436958,5.545739816599951,6.025994167441686,0.796790374493222,-0.2778646518390439,-0.5365783580925699,0.3296792125899567,0.9440927806897517,0.0006619936244395899,0.5063958095215806,-0.1774262007366998,0.8438502399070124,0.1278107308805717,-0.011445410595125327,-1.8466637531090395,-0.1314743,-9.395208,-2.5655808
1.7272487666530951,4.7861963307605535,7.374410708879139,0.8136487751362602,-0.24099464323710823,-0.5290531661849145,0.2960905479882591,0.954942608423758,0.020371598092481815,0.5003059644970024,-0.17322296772613108,0.8483441196477258,0.10120125351261311,0.39801880395541994,-1.9151273615114446,0.2459259,-9.362297,-2.6494355
2.568880015706391,3.9021752321753906,8.60372191114342,0.8356273201621578,-0.21021081247086412,-0.5074824096645622,0.26339533990516417,0.9640755806831895,0.034368148722530106,0.4820268423177841,-0.16238746580543162,0.860976442322573,0.29252178193822886,1.250577696396749,-1.885139478500809,0.64674836,-9.327333,-2.6820862
3.5035262267094387,3.0404121080727764,9.745973935037316,0.858303433755392,-0.1750393653886735,-0.48236545913657064,0.22596214584244018,0.9729016662374806,0.049025059700255266,0.4607128435913021,-0.15107471130756578,0.8745971114480948,0.2925217819382289,1.2505776963967488,-1.8851394785008093,1.0694168,-9.285154,-2.6693864
4.570554622153656,2.137445806926721,10.82087961721382,0.8813211968004128,-0.1462911398650073,-0.4493015139828548,0.19213566867431134,0.9796584178667596,0.05790741857372556,0.4316906680637925,-0.13736188226649482,0.8915014752690211,0.44073290985329083,1.8928505949233536,-1.8566417150786236,1.5005722,-9.234695,-2.6149063
5.8735441763082985,0.8772061658830281,11.614755391200152,0.9062132797844122,-0.11530759334317725,-0.40679435893308974,0.15429894978463254,0.9859320201285657,0.06426418738741724,0.3936614352940076,-0.12100500238672031,0.9112565301602238,0.5196186410684505,2.166185344052987,-1.8151025031251642,1.9344925,-9.17731,-2.5120711
7.2335308477641265,-0.6391450012574436,11.829975087135454,0.9280778745905909,-0.0868005704264193,-0.3621285954865481,0.1191229462802973,0.9905577284946868,0.06786096218701786,0.3528189087406072,-0.1061180827809039,0.9296546510086375,0.5394416731598273,2.400864995025445,-1.7789830356906466,2.3652923,-9.111328,-2.365628
8.473975427253384,-2.1214058892879986,11.335331919141018,0.949197813011073,-0.05597371088933458,-0.30966184050391726,0.08180164168200019,0.9941127999262871,0.0710509144265415,0.3038618159511421,-0.09277221950560056,0.9481884370181268,0.4647080698466397,2.568575323123612,-1.757620220002523,2.7842011,-9.033365,-2.194014
9.27865393573047,-3.4136496907055114,10.458934801119357,0.966126775693093,-0.027100500407575133,-0.25664102588348414,0.047445231933029214,0.9961722562171358,0.07341516130938114,0.2536690821832433,-0.08310474607939349,0.9637144794613133,0.3749301581594582,2.6433520286579495,-1.6828911360377754,3.1797974,-8.949036,-2.0082855
9.640351124919908,-4.632723794638563,9.47854586547568,0.9792927614470779,5.567432515500292e-05,-0.20244921407040894,0.015410168923670524,0.9970782269906873,0.07481668232989051,0.20186186878928017,-0.07638721202843696,0.9764306323377107,0.2953225658072141,2.6245227251364374,-1.5478257354860077,3.540793,-8.867856,-1.8120987
9.746129909221677,-5.730778600348675,8.45934330670261,0.9883145394773222,0.0237484513090013,-0.15056686925799032,-0.01227237532569136,0.9969790618583109,0.07669510427653156,0.1519334060093238,-0.07395107353207751,0.9856203522968966,0.15265305367943835,2.540901865055549,-1.3812046777942435,3.8576813,-8.793924,-1.6211655
9.816823232788344,-6.67140484825783,7.286078692007194,0.99405925930622,0.043990220327426444,-0.0995542540683918,-0.03595928593309601,0.9960592497047503,0.08107342864830624,0.10272837360121705,-0.07701189254364994,0.9917237768976266,-0.068016854669779,2.442871220809543,-1.1839197568913722,4.1249557,-8.7252,-1.455397
9.845932172405282,-7.4802663662351065,6.013516154474972,0.9969736391776297,0.05887410115900159,-0.050768129743303726,-0.05421633478523568,0.9945822197143247,0.0886949675606353,0.05571491566329884,-0.08567408266708554,0.9947641930285711,-0.3083970616068329,2.3449794255158176,-0.9297590952653318,4.3342695,-8.664446,-1.3245147
9.751656010551875,-8.541505776152679,4.425504409958025,0.9977884765310316,0.06628295974752929,-0.004972459048613036,-0.06546974854651892,0.992955499454283,0.09875772440042853,0.01148338482932252,-0.09821377373160489,0.9950990837711883,-0.4874756134635639,2.237750925940898,-0.578310312140077,4.474266,-8.621962,-1.2271408
9.3953781626394,-9.554807015088654,2.828119208456606,0.9971424904838196,0.06626572137717819,0.03627268727414177,-0.06990454961296587,0.9914152593055288,0.11049496621819359,-0.02863926701460627,-0.11271485166788629,0.9932145561752264,-0.6199787456513423,2.1422157176658705,-0.22679963840381648,4.544328,-8.603203,-1.1596496
8.749794123917512,-10.090351288805964,1.2304845273886744,0.995349842284328,0.05707864145235401,0.07759329967540297,-0.06674312185228506,0.9894888856500297,0.12828523243333162,-0.06945536084402942,-0.13286750492508165,0.9886972129954693,-0.8495383776430475,2.0224335452050175,0.19396028022939127,4.539969,-8.608394,-1.1406113
7.921372124950175,-10.04038522830259,-0.24987450488748042,0.9930099438817236,0.039308162176647635,0.11129294559095065,-0.055902292899593156,0.9870807365336849,0.1501550971918259,-0.10395280179285243,-0.15532703547809398,0.982378403187388,-1.0930059600966175,1.875982514245277,0.663664545123951,4.451993,-8.637845,-1.1874192
7.072800812208476,-9.771107613304052,-1.7516845184598755,0.9898988629255804,0.010839439663595702,0.14136034707944772,-0.03605173229457082,0.9835430427295241,0.1770405481716284,-0.13711496554790545,-0.1803485227167926,0.973998920213296,-1.2208336315999428,1.7223479030305375,1.1455128192032442,4.28098,-8.690427,-1.2928985
6.1652936575495465,-9.693662676697075,-3.484785028326443,0.9865076985319119,-0.019928508421863698,0.16249743163924113,-0.013292158029336757,0.9795369755131917,0.2008248792789192,-0.16317438301459367,-0.2002752310061061,0.9660558744571955,-1.2117714065529674,1.5946877515198206,1.5504464138306455,4.036481,-8.761414,-1.435556
5.223956910271491,-9.790690712143789,-5.373211248277277,0.9806242967442602,-0.06646538183235132,0.1842778924686962,0.022729283947833506,0.9729333938397969,0.22996519476345498,-0.1945748398073179,-0.22132095284734088,0.9555928356495255,-1.0441235575476595,1.4464427274178995,1.8549396134098552,3.7312133,-8.846654,-1.5864761
4.149328645441731,-9.807410958499664,-7.171133838135031,0.974974148538613,-0.10457932870106171,0.19618504960837707,0.05374964116166951,0.967155235375965,0.24843857743887876,-0.2157229374832401,-0.2316763144848808,0.9485724535059533,-0.76284170543837,1.2860051441910807,2.090141076619835,3.3713927,-8.944983,-1.7183273
3.0786242825239087,-9.345773458650347,-8.673967378666118,0.9658599461934101,-0.1573740148710767,0.20578625751643548,0.09874327293685592,0.9580135688673973,0.2691835208843041,-0.23950851840588097,-0.2396735724048674,0.9408465593824042,-0.5428948902352981,1.112435445492327,2.31234901803785,2.9620407,-9.049479,-1.8349457
1.876055955237492,-8.540437908038088,-9.922646820498318,0.9559695011119029,-0.2072276030796249,0.20779565314445966,0.14338236417664715,0.9476230390724362,0.2853980964586765,-0.2560543117914139,-0.24303764387640478,0.935611507556438,-0.34827178934304337,0.855945116314248,2.5174480412502396,2.5071855,-9.151556,-1.9482391
0.5140378295206096,-7.333994907657397,-10.771265726453853,0.9440435393807511,-0.2601983750314824,0.20267856666268372,0.19352738760835153,0.9346061209827612,0.2984267897944883,-0.26707479476534457,-0.24250402935319004,0.9326643821592607,-0.10831097425666514,0.5477311092388993,2.6094774529514,2.023108,-9.245031,-2.0459855
-1.0229549658463173,-6.04541461028151,-11.465017891800654,0.9320620749326679,-0.3079670040314434,0.19083137294508581,0.24181479274498172,0.9210379314141673,0.3053108823904149,-0.26978861073423993,-0.23842284564237776,0.932935502697737,0.17139782526723113,0.19095571201706218,2.6409892791370218,1.5234604,-9.326067,-2.1164536
-2.4245266283602622,-4.6250145730159025,-11.92145567899483,0.9180287437026926,-0.3585173483436825,0.16937690713987685,0.2971935755788503,0.9049188329385752,0.3046274518616893,-0.26248657940990855,-0.22931902827655232,0.9372905520168134,0.529178835858057,-0.2053906941043958,2.574684727213932,1.0227493,-9.393484,-2.1464324
-3.552562334747855,-3.0592036898727546,-12.08567524027473,0.9039956645388715,-0.40380844087617734,0.14046558856913877,0.35118295347235695,0.8887082149321986,0.2947341885537851,-0.24384907562948932,-0.21710930838906106,0.9451990142427501,0.8715043280005064,-0.6099156822653085,2.423009970191699,0.5410522,-9.445554,-2.1305206
-5.339064946228225,0.606070967665131,-11.277027343819418,0.8775836946036567,-0.47344357468787324,0.07548536647962734,0.4410269226984379,0.8589699343787276,0.2601267100636749,-0.18799497977590213,-0.19499188039550033,0.9626193713814845,1.1604064025801213,-1.0513421322787546,2.2398602516824493,-0.32536164,-9.510884,-1.9929276
-6.058823432483262,2.4806890399323485,-10.499997906875656,0.8630983577475086,-0.5037957796205303,0.035370005514493257,0.48309228291762685,0.8439896977864529,0.23303054781673616,-0.14725172677761444,-0.18404130641482183,0.9718259754164505,1.4600092489765766,-1.469608383475911,2.0363698455805297,-0.7008621,-9.531636,-1.8800704
-6.659458258551151,4.02661115872165,-9.723300536913436,0.849676300074342,-0.5272535258272126,-0.00734197485348944,0.5177005377836658,0.8314744747059362,0.20158460033194844,-0.10018152659288025,-0.17508260169206075,0.9794435891434782,1.6809739305650646,-1.8394683482245884,1.8317941737682653,-1.0245835,-9.544706,-1.7532746
-7.08403385494685,5.27338460131443,-9.052200631826922,0.8397223805729795,-0.5398077958706061,-0.058939520545774095,0.541532904794285,0.8244649589084766,0.164315685669715,-0.040105318723479534,-0.16989724850439017,0.9846453617220389,1.9494444564681181,-2.5146241296511755,1.320557025106014,-1.2918609,-9.5516815,-1.6171188
-7.305373940925447,6.386382256897411,-8.367057961905937,0.8262738434200363,-0.5492384504131251,-0.1249346239745814,0.561892802472365,0.8192177956167639,0.1147112979377484,0.039344811724458244,-0.1649828110216331,0.9855113687105624,2.0506284876124186,-2.710030848774228,1.0415829869813755,-1.498056,-9.556854,-1.4682815
-7.408363507650051,7.374909290746772,-7.389951636866515,0.8128565519019917,-0.5526966995399679,-0.18382215412629355,0.5717385205000471,0.817396842968605,0.07055115365021258,0.11126225867931058,-0.16244617392411828,0.9804243725912736,2.060407391542267,-2.836566865029856,0.7727349411178883,-1.6435623,-9.561638,-1.3203857
-7.34959130320842,8.194784722432596,-6.1035194379648265,0.7980942928218884,-0.5517994061812345,-0.24199775846723537,0.5744079282427805,0.8180535319630179,0.02905083156588431,0.1819368894341287,-0.16219073395502387,0.9698418087926316,1.9750798299247518,-2.9018367187368543,0.5221509495592795,-1.7331207,-9.567149,-1.1890808
-7.145238608088399,8.739953966325485,-4.754586141362957,0.7825216787626501,-0.5472403045292447,-0.2969644277775083,0.5712946805029402,0.8207151913839882,-0.006997332390851915,0.24755243948611586,-0.1641786335985405,0.954862904282174,1.813774856436474,-2.8876044176359597,0.29345769238574726,-1.7762817,-9.573979,-1.0875229
-6.814298104875893,9.023246220610462,-3.651443176121722,0.7656727181959633,-0.5396693782632896,-0.3500032153785431,0.563728317657265,0.8250431974777057,-0.03891151715204869,0.30976712621211816,-0.1675132366730417,0.9359399783413497,1.645571266152679,-2.7973307267866447,0.10545011861505565,-1.7824554,-9.582288,-1.0171875
-6.3808416429259305,9.143910037796314,-2.8677258641955388,0.7475267277620327,-0.5295538294746164,-0.4009694913209187,0.5524868712147568,0.8308057649520828,-0.06723122829247115,0.368730319361883,-0.17127323962357396,0.9136210532666859,1.4711587479475334,-2.6119652087860428,-0.045225407491766734,-1.7605118,-9.592334,-0.97038114
-5.9164460827305625,9.206437045700635,-2.1910491461997985,0.7331422364756695,-0.5194650115851412,-0.4389288812943417,0.541628872445112,0.8363023379221352,-0.08506799703653849,0.4112670976741149,-0.1753696134591754,0.8944858148936116,1.2280217832299616,-2.4013349022813055,-0.1976929872877009,-1.7167114,-9.601738,-0.9570114
-5.405671499249272,9.304249500481294,-1.4259205568176028,0.7164107349838361,-0.5034296685430111,-0.48302611485363134,0.5265946164263784,0.8443357345278341,-0.09897109350764767,0.4576611942809605,-0.18345499783330405,0.8699945373502677,0.9057000514252442,-2.1950220794371815,-0.3846782985924849,-1.6532319,-9.606839,-0.9921112
-4.910612324827032,9.302215431699329,-0.4749374864484768,0.706189032306429,-0.48931354913077446,-0.5117316692243643,0.5155529731321665,0.8507615862509289,-0.10202869819020532,0.4852856710687972,-0.19177323587208173,0.8530655563662484,0.5560612648901486,-1.979323775995283,-0.5853900619497915,-1.5748413,-9.603442,-1.085788
-4.218239473420106,9.084464995708874,0.5119800065603772,0.6965851839582852,-0.46794359559042537,-0.5438730300683299,0.5008553713102368,0.8599216326851405,-0.09838029614617064,0.513724613503662,-0.20387147173164627,0.8333807320153764,0.2804520547293509,-1.6672032181266716,-0.7669226836994056,-1.4790894,-9.593839,-1.22417
-3.316956880706564,8.605647574616116,1.4481184592922045,0.6924540045106122,-0.4471668137820091,-0.5661707271568032,0.48822500866286656,0.8682090469138947,-0.08859679324339012,0.5311720931613041,-0.21506950390260754,0.8195128528203351,0.0135256870642258,-1.3539087642661776,-0.976902221877867,-1.3613083,-9.578959,-1.4014877
-2.243345310690738,7.97222744368651,2.2544806398473662,0.6925493722696305,-0.41995823266430254,-0.5865240402459362,0.47346238205366364,0.8780560326095725,-0.0696489510187299,0.5442506221852313,-0.22946173191932032,0.8069315794016081,-0.24556105034563222,-1.0482356990291664,-1.1814244237912659,-1.2231919,-9.556192,-1.6181214
-1.2223276912973575,7.276172171498676,3.0500633870780143,0.6971852083832942,-0.39411313094201444,-0.5988385635800566,0.46027575330225184,0.8865008377736381,-0.04756569718488311,0.5496171541478553,-0.24246877045450974,0.7994559895458224,-0.4449922381124099,-0.701682877581516,-1.33977037129819,-1.0664673,-9.524788,-1.8612274
-0.36123175936482754,6.703772730302649,3.956859089150182,0.7077562253012089,-0.3643351771421656,-0.6052611041890695,0.4442320314162544,0.895695097638845,-0.019702647779654515,0.549307771482593,-0.2549316982301882,0.7957831371839308,-0.5034871073865581,-0.30421564495389086,-1.4274216971762592,-0.8870102,-9.489667,-2.0999312
0.29480365090604255,6.3102837465309065,5.023964469960429,0.7202360664749831,-0.33994184668896016,-0.6047309727625529,0.4296380278647745,0.9029919158994767,0.00409448808287842,0.5446752918584714,-0.26276442051749116,0.7964192901663012,-0.5082948828069276,0.05233660611400259,-1.534219381206788,-0.67800295,-9.453122,-2.3206666
0.9303812830751081,5.965369293728257,6.186208785081683,0.7347447890014154,-0.317217042425659,-0.599602737677192,0.41471390202047953,0.9095514751295591,0.0269906198630623,0.5368076699398152,-0.2684948083005736,0.7998425241317342,-0.5346523232718527,0.37292768580411173,-1.6933632624915922,-0.43292388,-9.4111805,-2.5327346
1.7507445113534965,5.409600045121276,7.401154390726923,0.7576525151412113,-0.28816613132162117,-0.5855962321082052,0.39263020422448847,0.9179737588232947,0.056264561159483445,0.5213484334212897,-0.2725517544815348,0.8086478541974891,-0.47256776547642504,0.7657801300213357,-1.7941836836739555,-0.1483963,-9.36582,-2.7179763
2.6787797810961624,4.505206989631803,8.672014712262042,0.7846980992401718,-0.2606741733836377,-0.5624036525304746,0.3666552651377564,0.9267328146970814,0.08203783706551371,0.49981277454225087,-0.27058319514408746,0.8227830363528366,-0.2576624464025768,1.2092403188888035,-1.7820943024425797,0.17318878,-9.325699,-2.8377852
3.7119135851180465,3.4138500628431996,9.91617067102158,0.8152472705948528,-0.23349409589336814,-0.5299550876919493,0.33589171295044973,0.9361114058025901,0.10426980913721945,0.4717506173380757,-0.26301319949621915,0.8415910003867115,-0.047810639362817486,1.5682402960350768,-1.7712543352293924,0.525911,-9.291544,-2.8832428
5.8963071381252785,1.617008765203797,11.760412133097752,0.870012506481106,-0.18087189758124603,-0.4586541128473864,0.27275040531370104,0.9515273500301531,0.14213697107300122,0.41071334890367933,-0.248759037644775,0.8771735781602005,-0.01830049539468709,1.785541034544817,-1.863511091254205,1.2951218,-9.201625,-2.8814712
7.052056248078875,0.9171698987427361,12.058212976152461,0.8964921095144596,-0.1526561041698502,-0.41593029636947376,0.23778461312125462,0.9578900537976482,0.16095068374602986,0.37384538962128394,-0.24319284260689725,0.895040147682598,-0.0669805277525381,1.9910498895281838,-1.9364308699879038,1.6938568,-9.147491,-2.8268523
8.320541437371089,0.06645840015510718,11.808766333201975,0.9225358729968892,-0.12799622772980923,-0.36406665422805007,0.20169521240194427,0.9642098615773069,0.17209992484369663,0.32900851710556417,-0.23219885556137068,0.9153344127410412,0.20342843687966328,2.496972898313605,-1.8916621222201986,2.0972855,-9.096255,-2.7010102
9.483603229021922,-1.3020417769133958,10.982685981378513,0.94641573645274,-0.10273009694279649,-0.3061760620570154,0.1636687953128564,0.9698620343704063,0.1804997499381533,0.27840578161283946,-0.22093927099775915,0.9347064027252204,0.2474396583530588,2.693643010110989,-1.9074219288091636,2.5002518,-9.04182,-2.5189424
10.349597271977691,-2.9131899001257686,9.998619924328661,0.9668983412175206,-0.07717042256180907,-0.24321250714640288,0.1249100874301784,0.9743013748117866,0.18744146045645413,0.22249734337513444,-0.21161653272250533,0.9516897473806848,0.200110271126185,2.8651910967783443,-1.9129907492765807,2.8920105,-8.979609,-2.3112748
10.84825780080967,-4.5714053060703,9.136778690464583,0.982591422688866,-0.053194824143001286,-0.17800114253191063,0.08787140601190953,0.9772532199119915,0.19301492216182523,0.1636847948459495,-0.20529601763317412,0.9649149356706,0.11954466322884305,2.9823014788795357,-1.8462809884195508,3.256494,-8.917414,-2.0853744
11.111275215602598,-6.228770590476252,8.28112712938087,0.9931718062179173,-0.03144918392681166,-0.11234194303187658,0.053143589353901836,0.979223468815923,0.19569659432574546,0.10385336896039392,-0.20033059414490142,0.9742084637310058,0.12102924559444038,3.0029272853620586,-1.721579769196651,3.5846894,-8.858515,-1.830806
11.221333479379055,-7.816610673003536,7.011191163887613,0.9988207162483904,-0.011960392311463822,-0.04705449828452425,0.02095261935742134,0.9804716714656834,0.19554101665725446,0.04379685531080335,-0.1962963333051477,0.9795660187020773,0.13688075609720932,2.9747993034164653,-1.5816510528726264,3.8728867,-8.797394,-1.556192
11.105821295746862,-9.077800926261038,5.236961098811482,0.9998624637283002,0.004042207496774446,0.016084594670887416,-0.0070827737678229585,0.9810266425271953,0.19374354432489652,-0.01499626429906973,-0.19383082110534544,0.9809203458215654,0.11517794260706511,2.977551671668011,-1.4177993256287567,4.1155457,-8.736295,-1.2770569
10.717375985376494,-9.921051799562537,3.2831979586791764,0.9966327883743102,0.015843801158977742,0.08044910877121274,-0.03102667112597107,0.9810691691691817,0.19115603831564654,-0.0758975020411637,-0.19300844352133142,0.9782572820650934,0.07158548685486085,2.9975221306732296,-1.1823004388373537,4.304793,-8.688829,-0.9951965
10.07676680307806,-10.547016757917206,1.454598698291064,0.9894940481201016,0.02178956828163612,0.14292215870533997,-0.048911661021791064,0.9807370633628192,0.1891096559210119,-0.1360484404577422,-0.19411343915498003,0.9714992509458982,0.0017189480160866855,2.9410671851206467,-0.8746867363536732,4.428308,-8.66893,-0.724144
9.227303898927431,-11.112590322680484,-0.30797985213144763,0.9796055334946681,0.021038485169957207,0.19982587642340122,-0.05993732199028909,0.9798225251665252,0.19067075446676862,-0.1917824709905972,-0.1987591540484311,0.9611005579556656,-0.1757875302164251,2.854233884059533,-0.5334539290030199,4.4841566,-8.672865,-0.49241942
8.155081721708116,-11.550857878155018,-2.196579298411667,0.9671245311785892,0.012791315111545987,0.2539813446895483,-0.06462509651769202,0.9783090043568983,0.19681231895969797,-0.2459547480588104,-0.2067555906183244,0.9469732771601287,-0.3562703595202589,2.7774878783231585,-0.15826592877119355,4.470389,-8.69621,-0.31779328
7.021460686742611,-11.46924232410724,-4.039742712354846,0.9534585087880761,-0.0030902223886855322,0.30150841206375445,-0.06193914856203808,0.9766151856597329,0.2058793846265706,-0.29509390690935644,-0.2149726253837781,0.9309706528352959,-0.4294261537424114,2.72455167106912,0.2683511832834463,4.380388,-8.743294,-0.1961151
5.663854410478733,-11.042484870630135,-5.789804671524577,0.9374172226787455,-0.028257520862519522,0.3470597400159973,-0.05102428344538153,0.9747958578927441,0.2171855380407142,-0.3444495218811497,-0.22130193842317222,0.9123486060306076,-0.3695429911858871,2.6530296177152746,0.706817356021291,4.2082963,-8.8182955,-0.10675049
4.0693419439074585,-10.420099027622065,-7.410518338682797,0.9200876656942353,-0.059751683630187444,0.387128433133878,-0.032516954115374586,0.9732355058280581,0.22749790744238219,-0.39036051943350003,-0.221906256105956,0.8935190419731665,-0.14427865528517106,2.5006227533063417,1.0624934461147382,3.9609818,-8.915407,-0.030673217
2.312065701734988,-9.58456981143266,-8.917668926492857,0.9035381497125924,-0.0940265697977779,0.41806436847213957,-0.00878933037118636,0.9713568053627887,0.23746305891027247,-0.4284175062781297,-0.21823143872380313,0.8768315000426062,0.02671513966670469,2.323495332861948,1.437026547107656,3.6400466,-9.027265,0.021238709
0.5054816114366526,-8.392256721701692,-10.207844085603979,0.8793769778622809,-0.14903978755275388,0.45219826683881903,0.03309071749266245,0.9665791688689782,0.2542237493319147,-0.4749748785163511,-0.20859494728968248,0.8549193018897113,0.13786154993589042,2.1264964338330445,1.8413168894721825,3.2476227,-9.1487255,0.03901062
-1.1612263597354726,-7.014754964534975,-11.039925334953326,0.8626747115853471,-0.18958590486204474,0.46888114343485593,0.06662203322202236,0.9616026960218179,0.26623628545511036,-0.5013520187258669,-0.19843749565344487,0.8421809269024598,0.3173099312637212,1.8783591578974126,2.1868958709746966,2.7931442,-9.273651,0.03277435
-4.037802420965912,-4.233684312929986,-11.564351264091197,0.8322721271593473,-0.28030393637940704,0.4782810989406383,0.1570578672833283,0.9466256551929648,0.2814830283603301,-0.5316539595244899,-0.15915266941116382,0.8318740861099305,0.8940880553138294,1.137702131161084,2.498402794132629,1.760678,-9.496221,0.011694336
-5.4329049709420785,-2.912704403023117,-11.224263304265296,0.8036703844324066,-0.34600341330005036,0.48414414296878827,0.223307340904409,0.9294836195995041,0.29358820206950825,-0.5515865704352039,-0.12783520204121676,0.8242635600550411,0.8940880553138293,1.1377021311610842,2.498402794132629,1.2188202,-9.578914,0.02935486
-6.599318676534092,-1.4822121985708123,-10.538969282744514,0.7840764873118573,-0.39262151859930283,0.48069991177186233,0.27558108836793893,0.9141883714442516,0.2971778680353727,-0.5561286953382656,-0.1005383740115398,0.8249926724356245,1.2411326409764183,0.6826297962896669,2.5021311709016993,0.6776215,-9.640532,0.058232117
-7.368425082280158,-0.03649266348593194,-9.770363357712293,0.7739255518590035,-0.44145926728664303,0.4540406980728459,0.33999011797457457,0.894528033139693,0.29021770725933843,-0.5342714290127931,-0.07023754874689328,0.8423898900667404,1.7303524104665091,-0.552143413300107,2.4306661360380657,0.161763,-9.681293,0.08879547
-7.972030637289649,1.284043078241203,-8.978157303116673,0.7720403736083181,-0.4647460272753396,0.43354906487099953,0.3732503308286374,0.883650149795531,0.2825714127484383,-0.5144296376133881,-0.05633420717578765,0.8556802002190028,1.918704476228188,-1.2329249886203444,2.2490130353866187,-0.307341,-9.701899,0.1255951
-8.254754509441192,2.546051068337284,-8.426135145375584,0.774138828344539,-0.5048631219650263,0.3818668649268637,0.4336465038690675,0.862426081189765,0.26109761424762123,-0.46115050052177076,-0.03653057025823212,0.8865696437985726,1.9985152270530129,-1.8714833745164468,2.0427628134969904,-0.7163803,-9.7065,0.1660965
-8.44047881960385,3.7634316484243606,-7.833543815262411,0.7789043092217788,-0.5345799375430822,0.32792128240200896,0.47991937023403547,0.8446778249738974,0.23705857940925232,-0.40371459615663025,-0.027270173703150477,0.9144784647416735,2.024017811744623,-2.4476535964911266,1.8040027530930967,-1.0561569,-9.699812,0.20188446
-8.480512565120163,4.828306356610317,-7.126722643538462,0.7855131923496986,-0.5598122335903281,0.2637788614866503,0.5201810737353831,0.8281911508046905,0.20859306857205548,-0.33523227048136306,-0.02663983579923227,0.9417588035035825,1.9949741239796919,-2.9933178863956886,1.5672879876727261,-1.3247421,-9.686473,0.22267303
