-0.12721854789827067,-0.9521861728660823,-0.17838018510854814,0.9999265167371462,-0.006696674173970222,0.010105230374685545,0.0065976540571499025,0.9999302069399674,0.009800622936128841,-0.010170156678240535,-0.009733231940197538,0.9999009111452687,4.634547,-8.382561,2.0776353
-0.14147952285131304,-1.1168631865020089,-0.3852129004935481,0.9997123827455406,-0.015611302690254588,0.018205466584156168,0.015269291760664107,0.9997071078734512,0.018776240210101193,-0.01849325591563835,-0.018492855258530394,0.9996579483953629,4.548416,-8.436055,2.0468476
-0.24131084970024025,-1.1889455640434716,-0.8017620578990613,0.9994185421033179,-0.026279406933510736,0.021724881387514067,0.025701529563644476,0.9993193048150824,0.026464285404852506,-0.02240555909071934,-0.025890534855875967,0.9994136636682076,4.4511366,-8.495227,2.0074341
-0.42558659885898514,-1.2523171166387952,-1.480821208584055,0.9990156617735731,-0.039832819222847204,0.01952060562251628,0.039146748298398405,0.9986428608614026,0.03435067027315001,-0.020862397483790835,-0.03355268936035984,0.9992191838670412,4.3418746,-8.562306,1.9452957
-0.5810636096488532,-1.284204827689688,-2.297770688325621,0.9983942175893115,-0.05546046282261655,0.011537909157547438,0.054911353741710835,0.9975459390883886,0.04343780195310363,-0.013918675025998473,-0.0427344880835786,0.9989895064582788,4.219882,-8.639707,1.8471206
-0.8681633733207117,-1.4467246012666997,-3.2874168819492917,0.9972387044589155,-0.07416935899132882,-0.003724582650348753,0.0742618930357495,0.9957207544196028,0.055003185915030055,-0.0003709067952952817,-0.05512790042140055,0.9984792321442032,4.0852613,-8.7280655,1.7035172
-1.1959983855814904,-1.6602261544902586,-4.236907336897687,0.995281564515682,-0.0938000188425877,-0.024822646924670292,0.0952605068515401,0.9932450467968269,0.06625490810465456,0.018440259477684698,-0.06830690652268435,0.9974939214610269,3.9394517,-8.821611,1.5260864
-1.4930250473896445,-1.9713511738755263,-4.976895395959341,0.99210783288085,-0.11409471804406657,-0.05200426185331783,0.1178375911222138,0.9901420030388288,0.07571734237788215,0.04285265516834932,-0.08124782540290192,0.9957722836132379,3.7884078,-8.911127,1.3323807
-1.6606918143671445,-2.211387141134308,-5.441552207766831,0.987551611251549,-0.13350946717480355,-0.08316872783185841,0.1404114964498844,0.9865622716969069,0.08354337633195193,0.07089729740387697,-0.09418124143871814,0.9930274250905101,3.6328766,-8.99458,1.1259491
-1.732444274506646,-2.2587229954106496,-5.697575462678417,0.980892674926255,-0.15299582108841428,-0.12017420274542383,0.1643741385245871,0.982168440317502,0.09124854754233097,0.10407066282250801,-0.10925856293109082,0.9885503849404527,3.4741073,-9.07429,0.8994278
-1.852786718381401,-2.2118712315413807,-5.78949015133175,0.9754248299209873,-0.16480226626003205,-0.14624162953540393,0.1798057671850881,0.9790025773221632,0.09604082300534073,0.12734318694219462,-0.11997569183846704,0.9845758203954059,3.3150954,-9.151098,0.6546677
-1.6739403971580016,-2.287689148991059,-5.628085495544914,0.9617807091240922,-0.18551240946008465,-0.20140261540772486,0.20957054013918136,0.9720979029599068,0.10538432410336417,0.17623296020475235,-0.14356466486313768,0.9738229462998935,3.162999,-9.222272,0.39675292
-1.5289187314042918,-2.20644885003692,-4.895797658142716,0.9517166232733676,-0.1956908316855062,-0.23651758365790343,0.22664959582404465,0.967578869100334,0.11144995640786694,0.2070396814572889,-0.15967539091780283,0.9652141419588254,3.0256608,-9.281761,0.12844238
-1.3313008644326993,-1.8798773137076696,-3.4875165203514857,0.9388887540860115,-0.20435156778849548,-0.2769988162306848,0.24463015543320976,0.9622505180751426,0.11928967900385473,0.24216522149875355,-0.17976200156457714,0.95343674582531,2.903792,-9.326207,-0.14529571
-1.1417837663750814,-1.4365076974277917,-1.6532334825195274,0.9276388666232468,-0.2091264679235912,-0.30943861029894276,0.25800336703728555,0.9578814197748783,0.12608508336629884,0.2700377672240709,-0.19679762718047697,0.9425233674603366,2.7968965,-9.356752,-0.41429597
-0.7924877990022987,-0.7320473503312498,0.45518250408437244,0.9152008579553516,-0.21206099710949994,-0.34269158598178745,0.27096077512794264,0.9532526130813371,0.1337524354756445,0.2983079749853374,-0.215266321468377,0.9298778214914156,2.7059555,-9.3756695,-0.6619293
-0.36222060340722606,0.08976500800971332,2.498980157507823,0.9066885648851628,-0.21258549576634703,-0.3643120273834779,0.2788851565674435,0.9501141327399533,0.13966461332119312,0.3164473348802863,-0.22823352461367805,0.9207445587618652,2.6316192,-9.384674,-0.882843
0.11537826243325579,0.9561317606984107,4.288054814120555,0.8975557045805848,-0.2115904256085089,-0.38681164533356494,0.28681846749219303,0.946518665135329,0.14777544875879856,0.33485657210256364,-0.24358142035312258,0.9102412689932688,2.571881,-9.385579,-1.0778229
0.6010958537540011,1.7359345177753607,5.807137308919969,0.8907391905427632,-0.2091916079473392,-0.40351278244391375,0.2924987335672922,0.9433527025564646,0.1566211015187421,0.34789105376935575,-0.2575355310317796,0.9014695030689762,2.5273697,-9.379529,-1.248616
1.0637182775730267,2.45813187838169,7.127627082936875,0.8863765053653477,-0.20589849418549755,-0.41465949986519995,0.2963065568968915,0.940487991990397,0.16638738312077525,0.35572336875193117,-0.2703481958771227,0.8946355335608812,2.4964645,-9.368692,-1.3994477
1.4439641954366063,3.244166557488488,8.27147016949671,0.8843151486479988,-0.20217990305488878,-0.4208443948449154,0.29863802961308605,0.9378120470202087,0.17698556927777687,0.3588900181677959,-0.28219116085462537,0.8897000076402372,2.4766908,-9.354833,-1.5367966
1.7108789879551534,4.070874502742067,9.170882804825155,0.8840258167293353,-0.19833922408958946,-0.4232728523583465,0.300414693299742,0.9348168681907026,0.18938963803689918,0.35811920837292843,-0.29458271356898297,0.8859862625688287,2.4633088,-9.340134,-1.6607025
2.324226973972159,5.0677328907245744,10.114644055872807,0.8912330801214591,-0.19445051550792308,-0.40974698768376483,0.300571449737327,0.9297784811374135,0.21252947940604658,0.3396474650281051,-0.3125715486612733,0.8870956129231365,2.4527497,-9.314771,-1.8317932
2.5122569035262736,5.3851838118091475,10.19860917397847,0.8953045861034389,-0.19232277969199918,-0.40179801706042817,0.3004469769919413,0.9266560601417463,0.2259206945345631,0.32887887149914835,-0.3229868334996309,0.8874222181505985,2.4611785,-9.305412,-1.8709701
2.5262462992955887,5.6528148668672955,10.145986624321104,0.9008209066354566,-0.1911191739476155,-0.38986556082584983,0.2989017943343474,0.924241690560025,0.23756054970144688,0.3149276290073338,-0.3305310254428884,0.8897021016652101,2.4802399,-9.299089,-1.8775222
2.4736976886000432,5.705268525925609,10.035166859346987,0.9080857398156419,-0.19078562831540793,-0.37280173440016673,0.2957562584030381,0.9224129952178547,0.24835962205773368,0.29649371790800705,-0.3357902772289872,0.8940561307656064,2.5081437,-9.297857,-1.8363266
2.5116502597293024,5.385596475878848,9.846643502288332,0.9168071865013039,-0.19195255965451666,-0.3501696697625906,0.29097555268859465,0.92168086623554,0.2565884029976227,0.2734918838231392,-0.3371329050350661,0.9008571439609544,2.5455995,-9.301359,-1.7308686
2.7321596131809893,4.726323735064811,9.45810504584629,0.9287737431984159,-0.19497373170151622,-0.3152214743503168,0.2813212963179944,0.9245513255766165,0.25702757558768574,0.24132480639827614,-0.3273989772752896,0.9135492583850797,2.5966995,-9.305448,-1.5541474
2.960139441537821,3.9764219609066647,8.745447436980962,0.9414491249148498,-0.1970750665849762,-0.27355979844924216,0.2683360027381138,0.9292221535454918,0.25405113460641804,0.2041306807699268,-0.31258216118455107,0.9276977189136566,2.663411,-9.304932,-1.3108963
3.1500474912754806,3.0657449864100554,7.70239266689484,0.953857777781694,-0.19703046581235906,-0.22657081742168947,0.25212542371328506,0.9353692590038583,0.24802645025877434,0.16305861057535176,-0.29370622201842544,0.941885632476098,2.7450194,-9.295728,-1.0098526
3.3981871324156003,1.7087906931254169,6.326304792652963,0.9658644574428679,-0.19276554238735483,-0.17305286913744802,0.23119146424195922,0.9428015939843092,0.24015757585865052,0.11686041549751877,-0.2719680129146689,0.9551842980498547,2.8463593,-9.27478,-0.6738785
3.6564018502075077,-0.08973640344011269,4.557236776832345,0.9760635197007091,-0.18409558982334318,-0.11579645640976302,0.20672263376877112,0.9507439351035638,0.23097991806971366,0.06757039438367471,-0.2493888202614232,0.9660431968247849,2.9645813,-9.243304,-0.31714478
3.6925117314595495,-1.9780583280492503,2.354892650039214,0.9832539257881648,-0.172388312669364,-0.059109957512851745,0.1812541703566855,0.9587660800110118,0.21889387736669655,0.018937876081314524,-0.22594219056060852,0.9739566126754324,3.0914292,-9.20083,0.07013397
3.3132055362193684,-3.65311136035015,-0.3010795746043452,0.9876714348511808,-0.15652747836299208,0.002070095730213724,0.15293937658557663,0.9676825329799159,0.20049953230665596,-0.03338688168464457,-0.1977110616098543,0.9796916107880478,3.2199905,-9.142339,0.5001694
2.431093796714978,-4.925439408648225,-3.2746228272893267,0.988595721616032,-0.1379715307693961,0.06035193368589004,0.1253326367135876,0.9759810432628263,0.17819296665700263,-0.08348789958369082,-0.16859673747956488,0.9821430194907206,3.345082,-9.063631,0.9597351
1.1710820121970518,-5.650396532283358,-6.195893685444068,0.9868736033199429,-0.11999545496782617,0.10808136683710107,0.10215150837659313,0.9821852557154503,0.15772505441926726,-0.12508221458983898,-0.1446140181387626,0.9815504191589257,3.4620407,-8.968547,1.4129333
-0.47440994526297536,-5.727908995998113,-8.751999138754293,0.9812428785243882,-0.09416729813368735,0.16821097855780265,0.07247968089091116,0.9887658430724302,0.130724150145322,-0.17863121004775206,-0.11608026333303262,0.9770446577620745,3.5663712,-8.869186,1.818898
-1.8581432674652816,-5.479722813397233,-10.798292195943327,0.9763169098930945,-0.07862868702131084,0.20155103828584842,0.05600639730676989,0.9917167492630791,0.11559053893717378,-0.2089702728081561,-0.10156485026018972,0.9726335416147799,3.6524749,-8.778334,2.151877
-2.9776804971826873,-5.182911064173401,-12.535932299239766,0.9724463527785846,-0.06821522281468512,0.22292324765257426,0.045441548673858474,0.9933547224361026,0.10574242794646582,-0.2286551040798119,-0.09269886078175393,0.9690839822162035,3.7175248,-8.703886,2.4049468
-3.9197219772310614,-4.780783470524372,-13.946007569133771,0.9688904679994068,-0.05934223585544636,0.2402701813866348,0.03684390546409745,0.9945950574528633,0.09707315962966775,-0.2447320731944276,-0.08520076721491925,0.9658400704132885,3.7637115,-8.649778,2.576593
-4.609224702892805,-4.000819559366459,-14.915304902714363,0.9669410872735174,-0.05440801859813927,0.24912788132710478,0.03318601395518603,0.9955134939504432,0.08860909569759647,-0.25283121290709715,-0.0774122139898099,0.9644084855003722,3.7877152,-8.618752,2.6785476
-4.974214624643646,-2.8793731706872254,-15.409159639998537,0.9680850579614207,-0.05546100892755018,0.24440825894508994,0.03570071046144625,0.9957791680838743,0.08455357876952212,-0.24806607955216317,-0.07312950771695358,0.9659789310728757,3.7919815,-8.609813,2.715007
-5.029484290404532,-1.7645708880054938,-15.507707550653326,0.9720689795086626,-0.06217337092387031,0.22631034228454838,0.04370352400202585,0.9953592591720677,0.0857318328874141,-0.23059033168541815,-0.0734466958303364,0.9702750547163492,3.7804306,-8.624697,2.6597228
-4.851776347193241,-1.0805551413047971,-15.20326793157836,0.9768269391924936,-0.07181715879869237,0.2016219893015316,0.053839755675428695,0.9941831496519163,0.09327993169489329,-0.20714828403014554,-0.08026307152281915,0.9750115013542602,3.7554321,-8.665337,2.486348
-4.176227155721156,-1.1813246273808464,-14.47913617721022,0.9838010497950473,-0.08920769558094908,0.15549109772362685,0.0722955162054994,0.9911618624187242,0.11122733847047267,-0.1640391805598354,-0.09818426317787078,0.9815553971658838,3.7173004,-8.730032,2.2002532
-3.5030944410267733,-1.6926783741850093,-13.401827645047325,0.9879638739399702,-0.10251372191003753,0.11583747497972,0.08773597352758167,0.9881204232166853,0.12617617909591644,-0.1273961645368234,-0.11449439306022252,0.9852214224320731,3.6688828,-8.810391,1.8378769
-2.3634322436633215,-2.773739399093091,-11.674595131411658,0.9911813410633015,-0.1188190638388955,0.05866497418735218,0.1095739792221341,0.9838705227389459,0.1413942628355861,-0.0745190727624924,-0.13371920039336121,0.9882135817933176,3.6141937,-8.895619,1.4712127
-1.2772306459058278,-3.7898987052750552,-9.638916357530887,0.9912228115116871,-0.1321556820175545,0.0034948031905097654,0.13012792228426567,0.9799958407483119,0.15058179158845106,-0.023325131957730796,-0.14880533534279794,0.988591376855307,3.5573273,-8.97655,1.1273987
-0.15115838493414685,-4.314317625150082,-6.995670317670569,0.9877339147567886,-0.14471215765387724,-0.05865240887114226,0.15237306259376648,0.9753611135161887,0.15954042759205223,0.034119839317095835,-0.16652053827566748,0.9854474856111599,3.5016937,-9.047922,0.78203124
0.7299230749530718,-4.292387997147546,-3.975280766510685,0.9807375933565183,-0.1551118318583066,-0.11871854360134437,0.17401576251291723,0.9699010812755833,0.17032441673905918,0.08872591151581315,-0.18770245645172856,0.9782103559397001,3.438652,-9.108719,0.41612244
1.379343299958496,-4.087867537305334,-0.8704736591919855,0.9708448788028955,-0.16284256873447517,-0.17590485811980433,0.19482596440299343,0.9635656107444005,0.18325980842839584,0.13965337409684847,-0.21218768012947045,0.9671986990813413,3.3682601,-9.155718,0.039598085
1.8571416570626962,-3.8992375399496764,2.143083843898759,0.9608269174534797,-0.16719955677602766,-0.22103380490491448,0.21137453158491956,0.9579115486392686,0.19423252142927122,0.1792552428636321,-0.23334475181031245,0.9557289284668974,3.2949905,-9.188829,-0.3171234
2.355163930081365,-2.864550969315067,7.550707044703248,0.9417827809787382,-0.17144730347034798,-0.28922485298587364,0.23601073612319212,0.9497737131398831,0.20549653589067207,0.23946633560177671,-0.2617932695109324,0.9349439331597554,3.154773,-9.216583,-0.87855685
2.3769253608481917,-1.6206661560272009,9.667926866263283,0.9322656834436301,-0.1726260496080824,-0.31793229227319575,0.2466103342955413,0.9462302333383522,0.20936018851512087,0.2646961248148945,-0.27358470811277713,0.9247093429801734,3.0925324,-9.218008,-1.0788864
2.369195156652583,-0.13777944350912108,11.39008019330721,0.9247932604047976,-0.17302739093963956,-0.33884944664922384,0.25456889339320965,0.9432824088879345,0.21310320410338823,0.2827580308787368,-0.283336935585876,0.9163886058361835,3.0374572,-9.214678,-1.2482636
2.2944400619317253,1.6927784997487478,12.135552660765654,0.9179963514316434,-0.17144717291191103,-0.3576151082640438,0.2619644855782014,0.9391451340377793,0.22221841847359955,0.29775376916831586,-0.2976781552510578,0.9070448769671697,2.9873474,-9.206762,-1.4310516
2.1828163573701675,3.5335986700233306,12.430167506656225,0.912827947205463,-0.1683373670107165,-0.3720318127103642,0.26815036806765497,0.9342186612971055,0.23522515381953366,0.30796187898154087,-0.3144805618033355,0.897920629756337,2.9388123,-9.195198,-1.6346207
2.102387116235926,4.899167042481303,12.169364549639498,0.9088062779769146,-0.16539451357825602,-0.3830349905530287,0.27382771453332805,0.9291206812634846,0.24850179557083835,0.31478489776862045,-0.3307255879527448,0.8896803097799287,2.8902144,-9.182123,-1.8239334
2.1532051539384223,5.66872765241364,11.653188259722159,0.9061026984824537,-0.16330631472008597,-0.3902677893131322,0.27824489912155537,0.9249383527818399,0.25897648477429464,0.3186811508634462,-0.3432493133653137,0.8835282864507449,2.8508759,-9.168851,-1.9673188
2.2206714675656807,6.148609122822217,11.045148604597843,0.9046781056215525,-0.16266859894613922,-0.3938228689727134,0.2817364920063796,0.9217478301644525,0.26646854722285934,0.31965930970478246,-0.3520225340855643,0.8797147612806319,2.8218398,-9.159958,-2.0570464
2.206577198514653,6.537723405748078,10.45054875100551,0.9049889132248072,-0.1633879397178933,-0.39280968431916763,0.2837814671441198,0.9197255691787664,0.27124335255324417,0.31695921795352927,-0.35694433537112596,0.8787079125629584,2.8008652,-9.156894,-2.1042755
2.1669171066839095,6.775326780124246,9.941163338815326,0.907246624747049,-0.16496217645407718,-0.38689926624978355,0.2844627275136327,0.9182391177254393,0.2755319933044252,0.30981368359159295,-0.3600338914857032,0.8799949309178257,2.7892838,-9.158487,-2.1145797
2.1534779465947373,6.7380691222304385,9.538890975996623,0.9107940319224899,-0.16654284511262715,-0.3777799785009332,0.2834303109383072,0.9175655888739597,0.27882010141988745,0.3002024154729413,-0.36102198112604367,0.8829165526186705,2.7901978,-9.1625,-2.0914123
2.253335475516737,6.451022418720127,9.17308391365413,0.9182298760016052,-0.1690494778810217,-0.3581566261375466,0.27916534968165296,0.9177334287740065,0.28254567993127067,0.280928108873421,-0.3594268044245695,0.889883009111841,2.806961,-9.168268,-2.0275178
2.3925944191438973,5.946586644312546,8.800711003006077,0.9272696460958756,-0.17165116962826055,-0.3327264332668497,0.2721503597515181,0.919337002652904,0.2841718797493725,0.25710928632849583,-0.35405557687801337,0.899188224658902,2.841069,-9.175539,-1.9113754
2.614135499074048,5.149702486969016,8.338008300249381,0.9379185776939195,-0.1739991689247148,-0.3000550463333738,0.2617018861425168,0.9227433981381484,0.28294300482943513,0.2276419653887736,-0.34390247223009224,0.9109940862530154,2.8935914,-9.182413,-1.7332382
2.909027540704694,3.9785101532384193,7.686537362002723,0.9491581613234369,-0.17523131843193643,-0.26152011363128014,0.24798842753132416,0.9279324182591445,0.2782861242575263,0.19390854701031998,-0.3289915077693339,0.9242099670594374,2.966066,-9.185181,-1.483429
3.2230923747612494,2.425247638381956,6.740765211348479,0.9613007932535275,-0.17454557707594887,-0.21315399694437498,0.2295026279909646,0.9353736554556817,0.2690811558335414,0.15241170767162035,-0.30758733101787183,0.939234105621129,3.0560577,-9.179654,-1.160579
3.3581650678208694,0.5936494881754208,5.460998556203283,0.9716710059501567,-0.17094812174709162,-0.16319373721730848,0.2091578128308088,0.9435034903459432,0.25701006407697985,0.11003847294306972,-0.28386247264505154,0.9525301208340837,3.1613007,-9.160902,-0.7767563
3.2671672740037034,-1.313049741657843,3.831579936779624,0.9808815073619143,-0.16313392810563432,-0.10610744562114549,0.18459323733059443,0.9525864782824114,0.24187670025308786,0.061618221714274016,-0.2568390992320623,0.9644878806177052,3.2777512,-9.126964,-0.3577698
2.934011057250133,-2.9723698797273643,1.9231720026221186,0.9872221039998167,-0.15154058066227966,-0.04927443339820344,0.15880477056915768,0.9611894033604421,0.22560136460596347,0.013174301448352473,-0.23054366892225625,0.972972792271815,3.402411,-9.077827,0.07076874
1.7669804432758438,-5.182916236275437,-2.427330482724497,0.9912242226001114,-0.12171103353355169,0.051584540775303986,0.11016327932199076,0.976247661861851,0.18655978826717323,-0.07306567196590626,-0.17923985891944402,0.9810884162779152,3.6501846,-8.93114,0.9560043
0.7170445068214691,-5.7605615833965995,-4.696850315459038,0.9884149479492063,-0.10029059895675843,0.11391964901395371,0.08144999778245446,0.9838414207230634,0.15944264401615033,-0.1280694676017901,-0.14831673752654279,0.9806122357168893,3.7604492,-8.832074,1.4170806
-1.9452728741985303,-5.5894677669927715,-8.506880660298778,0.9755112986374298,-0.0546599617360554,0.2130492779000392,0.033773450533744045,0.9943664211464436,0.10047275518993644,-0.21734088494749432,-0.09081689864460882,0.97186173432789,3.9402528,-8.605354,2.2746062
-3.175494713354358,-4.999444865913294,-9.913713948643826,0.9673998418883546,-0.03366337784464553,0.25100661924832757,0.015444226807298995,0.9971234525825746,0.0742044214863865,-0.252782558284212,-0.06790874245554283,0.9651369752140859,4.0083237,-8.498667,2.6146438
-4.172344418457655,-4.1527981065919315,-10.975638736698906,0.9594462800334587,-0.014267148361613559,0.2815302545155413,-5.357126165265059e-05,0.9987091353138724,0.05079429269844887,-0.281891526761763,-0.048749477107385475,0.9582070004031895,4.063443,-8.409027,2.8716965
-4.686357508966016,-3.1318895507559286,-11.688977050784572,0.9562195254864397,-0.004448185530479997,0.2926165284531516,-0.007130010613151317,0.9992335711972611,0.03848938997987453,-0.2925634666651735,-0.038890665176272855,0.9554549356903246,4.105446,-8.341532,3.0475342
-4.880127060647146,-1.9394157081375536,-12.089156588017461,0.9554955687768355,0.0009202401035933224,0.295004018965815,-0.010141799950335647,0.9995064946286448,0.02973064225550093,-0.29483107356857535,-0.03139936867691705,0.9550333594723756,4.1367493,-8.296896,3.1530106
-4.891546162549631,-0.8202148634561751,-12.302349244754875,0.9573878314219867,0.0021992851973790337,0.2887969933876142,-0.00946482479356683,0.9996727935721685,0.0237638987382567,-0.28865023356431274,-0.025484680422474162,0.9570953838186825,4.1585436,-8.275258,3.1932817
-4.84053836147594,-0.02271078240423452,-12.399476244674005,0.9617811960858736,-0.0012956266655747527,0.2738160919434229,-0.005262406953995358,0.9997166535024008,0.023214645873021297,-0.27376858462700976,-0.023768341580823582,0.9615018606377318,4.172525,-8.278244,3.1570954
-4.7049270223303905,0.3687096401116305,-12.353646919083188,0.9680695531162816,-0.00920144529110108,0.2505128214958208,0.0019451216921428033,0.9995717528123732,0.029198073244668925,-0.2506742045581176,-0.027778487794571944,0.9676728779835678,4.1807494,-8.308693,3.0264115
-4.3397578511137285,0.286811929672251,-12.149759658649923,0.9761529016996208,-0.02205207295725632,0.21596115063061136,0.013225464057694458,0.9990203079370107,0.04223164015163591,-0.21668087041515346,-0.03836835164203041,0.9754882213478562,4.180669,-8.367125,2.7976546
-3.721270540207542,-0.3252570698266224,-11.724304136631412,0.98425040418209,-0.0378688143587965,0.17267627157907622,0.027796236190684637,0.9977882241156295,0.06038235727270202,-0.17458095864390155,-0.0546316091217858,0.9831260733821171,4.1702437,-8.447286,2.4841385
-2.897162319284053,-1.342033299072309,-10.874160746617791,0.9905618458804751,-0.053459768106042464,0.12621126209619105,0.04382036705141043,0.9959933749676108,0.07795493859984964,-0.12987303383437618,-0.07168856404388962,0.9889356626535314,4.148416,-8.53866,2.1238694
-1.8442664188405595,-2.4773922586592096,-9.4046557830131,0.9947750969186461,-0.0695097037623495,0.0747723721261294,0.062477907116954286,0.9937421213907665,0.09259107568260905,-0.08074043393977547,-0.08743567496535873,0.9928927359340324,4.1135178,-8.632335,1.7684326
-0.7761496180748955,-3.3978372458476414,-7.336019605725081,0.9961169173798655,-0.08343083656555317,0.028113740761515293,0.08013965966939939,0.9914671407742912,0.10281314951368335,-0.036451637243155456,-0.10016089194302419,0.9943033107998135,4.0660872,-8.723158,1.4324372
0.2169374786049719,-4.13494456093215,-5.04450126890829,0.994888231606796,-0.09828514388820328,-0.023182689688150692,0.10028510983508801,0.9885602102661483,0.11265703450699938,0.01184497174611409,-0.1144060364203836,0.9933634558785174,4.005385,-8.81024,1.10204
1.002052252707046,-4.255107029528637,-2.5193338535710477,0.9909532898096021,-0.11236173150287927,-0.0733922251277416,0.12092358858876584,0.9847466958804154,0.12510567803028627,0.058215660593530165,-0.13284873445493445,0.9894251617052099,3.930719,-8.891123,0.751886
1.5456406048924283,-4.205559620904918,0.028631008810952596,0.9859818720596908,-0.12304516885798786,-0.11269265455377481,0.13809111148135897,0.9808668422875684,0.13722639188820612,0.09365144365950788,-0.15086458869304611,0.984108369529986,3.8394866,-8.961487,0.3861267
1.9648753513901402,-4.014000338518716,2.625680303982805,0.9771069761060021,-0.13599200010276308,-0.1636096976130522,0.1615677614106607,0.9746468866029703,0.15478793527882806,0.13841176148626966,-0.17767842396640351,0.9743061951661205,3.7357469,-9.017708,0.023275757
2.312298118081602,-3.7850228786206026,5.105022429078377,0.9702110318669296,-0.1434839390959738,-0.19519967434709073,0.1767666978146572,0.9702569817696934,0.16539324010026613,0.16566257328500278,-0.19497114799032603,0.9667172095623027,3.6275482,-9.061078,-0.30319673
2.550905598589333,-3.234916345036087,7.409441944423424,0.9623215030688727,-0.15056901667908545,-0.2264206173199752,0.19225115217719116,0.9656234563516376,0.17495952397642522,0.19229357560201454,-0.2118969366456444,0.9581872828536098,3.5206573,-9.092929,-0.58194125
2.611011734775174,-2.1183828699317613,9.328557223749618,0.9544711923416135,-0.1566344156669743,-0.25387083885047523,0.20640463874545142,0.961208449681352,0.18296295080023567,0.2153645005434692,-0.2270329845855783,0.9497758450370414,3.4173248,-9.115446,-0.8155411
2.4840083372016903,-0.522253395991553,10.60984121834607,0.9468221412530671,-0.16138180520234863,-0.27835902317436717,0.2194961065305374,0.9565245835675801,0.19204733856213857,0.23526430254267522,-0.24293339412377432,0.9410813322814405,3.3191133,-9.130884,-1.0267258
2.2293913719522847,1.1848035421504886,11.073398226393856,0.9395948391753444,-0.16391442646168367,-0.30048893322848924,0.23118986476572864,0.9512837487357425,0.20398645989593242,0.2524139152754103,-0.2611346208165593,0.9317166549903084,3.2278123,-9.14044,-1.2453887
1.972261387337868,2.651201717120281,10.807633055516035,0.9330516081818513,-0.16458463897639924,-0.3198852811278892,0.24129258413957294,0.9458425186934389,0.2171631153554779,0.2668193870551899,-0.27981034013177203,0.9222329360019812,3.145703,-9.145113,-1.4684982
1.7414605228186395,3.9170152852884237,10.194002081172629,0.9276108158012346,-0.16378375790663333,-0.3357276501191833,0.2493862760214132,0.9406570122923061,0.23015401486283377,0.27810907885349356,-0.2972192219074861,0.9134090400187472,3.0772476,-9.14469,-1.6735458
1.6097558814400386,4.490100839124139,9.359885317001298,0.9234798745436381,-0.1629134555554494,-0.34733863492541195,0.25520284466513005,0.9368584968677992,0.23909760542805775,0.2864549343050164,-0.30944363435945565,0.9067459444445946,3.0256896,-9.140836,-1.8264236
1.457617064654284,4.801866585027915,8.44598958097545,0.9211511806344848,-0.16192592106490541,-0.35392159937333095,0.2579906818697821,0.9348969338055881,0.24373865353954943,0.29141261208818536,-0.31582862322498545,0.9029567931345057,2.9977508,-9.135111,-1.9184173
0.9167991513463313,4.9962737354711475,6.480817311066917,0.9199600590323526,-0.15896445475598586,-0.3583347483978109,0.25823442001781477,0.9334792321655357,0.24886041757118071,0.29493808520306913,-0.3214760103643379,0.8998137033058425,3.0148072,-9.120776,-1.9631302
0.6469691654693865,4.858662063241619,5.500979755658871,0.9216585409319034,-0.1564404154459686,-0.35506609292125835,0.2553436233781542,0.9335731370244579,0.25147729882919045,0.29213895311544813,-0.32244006302164674,0.90038171784594,3.0571046,-9.108052,-1.9490707
0.5034272578963428,4.404871171223782,4.583227442425379,0.926978686041055,-0.15193846645927683,-0.3429653306612813,0.2477124704126617,0.9345323078487338,0.2555149654892522,0.2816896299611591,-0.3218137162970542,0.9039285836698737,3.1221344,-9.0906725,-1.9132751
0.4294389874258583,3.7268325386100742,3.762276869847561,0.9344521649656286,-0.14591097843232984,-0.32482170149786715,0.23649293595412849,0.9362630429245592,0.2597741436275745,0.26621465518420573,-0.3195645487637256,0.9093999431155636,3.2088745,-9.069824,-1.850473
0.35409701045858233,2.993232408761833,3.0964746296331427,0.9426749485586579,-0.13925408639577758,-0.3032692545940139,0.22326944107159574,0.9385999912500161,0.26302245742340186,0.24802156769827194,-0.31565543848878236,0.9158858805052874,3.3136094,-9.046704,-1.7589356
0.2893382174117793,2.2544632285996102,2.6293760804349806,0.9512008956773682,-0.1319471630079643,-0.27893870695319767,0.2083027295642251,0.9414879509495069,0.2649724722928607,0.22765506565562132,-0.3101457470142826,0.9230291364254365,3.4319031,-9.021283,-1.6420486
0.2898416419638397,1.4775965135664264,2.302986355330333,0.9593535624860243,-0.1243731788064418,-0.25332203721538804,0.19243812888640788,0.9448867518153503,0.2648708983533928,0.2064178013061656,-0.30285365878162357,0.9304146133130713,3.5584533,-8.993962,-1.501448
0.37745841344440495,0.6807077944290433,1.9618324942532008,0.9670239101818503,-0.11649673508132755,-0.22648017099074125,0.17574448923169012,0.9488399521363805,0.26232922013096827,0.1843329369410052,-0.2934812701778783,0.9380245798557105,3.6867585,-8.965591,-1.3408874
0.4973175248598082,-0.05569622344397862,1.4976168501554628,0.9736073067404174,-0.10881290636428335,-0.20062044679002233,0.15962992560266473,0.9529096348766615,0.2578400950420897,0.16311682658069968,-0.2830600274990872,0.9451295793268019,3.8105698,-8.936978,-1.1695114
0.5828964433746451,-0.6614147058289855,0.9185458794966952,0.9786194981306221,-0.10216422225127289,-0.17851148302101305,0.1459311564721085,0.9565048828534666,0.25259158071516846,0.1449412827640275,-0.2732414331123067,0.9509632715207514,3.9235902,-8.909409,-0.99970245
0.6081263251260699,-1.1308310802846455,0.2434575281645051,0.982811575824792,-0.09606705782667972,-0.15764684210384453,0.13328528182951166,0.9600949905465976,0.24587119142948496,0.12773582141442025,-0.262657056878075,0.956396795477552,4.0205092,-8.884895,-0.83660734
0.5679113856975997,-1.4881095910710123,-0.4734063458594233,0.985782959841704,-0.09137130882885564,-0.14100794306928655,0.12340214117588341,0.9632659742129234,0.238517451094953,0.11403450196732794,-0.25252712101183905,0.9608465983259423,4.101166,-8.864126,-0.67866975
0.4589829769522218,-1.6979950303204268,-1.0983657496454935,0.9881625979052602,-0.08737261986441729,-0.1260979991877547,0.11470342213214176,0.966620263452804,0.22910345094215756,0.10187151246694322,-0.2408553333029146,0.9651999292204898,4.1673174,-8.84704,-0.52169037
0.2928037340462477,-1.7105702374236482,-1.5342100348432477,0.9899087206021061,-0.08419352637879958,-0.11398322241366737,0.10760756552789229,0.969984653564145,0.2180605046568595,0.09220269365404402,-0.22812545225368075,0.9692561278201914,4.2206025,-8.83282,-0.36658174
0.09240611204685459,-1.5649912358355342,-1.8239750257133545,0.9910557337279261,-0.08180725616683382,-0.10543294306551307,0.10232062224713064,0.9730133713266833,0.20682231379239502,0.08566809737563702,-0.2157604042866393,0.9726810500025708,4.2632065,-8.8202,-0.2194809
-0.1368395963110927,-1.33687861814081,-2.0690960885606406,0.9918250496446801,-0.07995342916450855,-0.0994510938208492,0.09823929665582522,0.9758253844587628,0.1952277122707605,0.081437776798585,-0.20340174092357735,0.9757026290316948,4.296309,-8.808881,-0.08669128
-0.3695549577250306,-1.1116438173239565,-2.274807279369574,0.9923018415412563,-0.07854185868531706,-0.09575088358906453,0.0952559856972307,0.9781435348103692,0.18482835955968255,0.07914134483744781,-0.1925263663577799,0.9780952130515664,4.321849,-8.798398,0.026353454
-0.5316857843097337,-0.9757931903775003,-2.3139978977806295,0.9926311557378705,-0.07727097494695279,-0.09334122931077479,0.09281304607723354,0.9800611251349607,0.17568702136771036,0.07790460279318881,-0.18305569488530113,0.9800109618946585,4.3433256,-8.787753,0.12092285
-0.5594681359576626,-0.9467508534678003,-2.0931651669587614,0.9928488283027418,-0.07634834096301925,-0.09177219061386176,0.09105052716567974,0.9814855430144805,0.1685109205850469,0.07720754911745471,-0.17566177639362185,0.9814183280709159,4.3623643,-8.776876,0.2055603
-0.46591207729972334,-0.9197378294338507,-1.6853235285415702,0.9930644663539023,-0.07547624825557199,-0.09014600165565997,0.08924515076023583,0.9830659271256662,0.16005213522579165,0.07653932800215663,-0.16698718176499552,0.98298372946614,4.379367,-8.766065,0.28905183
-0.29561107225037947,-0.8234531268168026,-1.2017736410909141,0.9932154768511072,-0.07502870791960481,-0.08884655047519822,0.08790570315436727,0.9845799735252415,0.15124438199803975,0.07612886375326729,-0.15802837947959666,0.9844955192293605,4.392934,-8.756411,0.3717331
-0.079626785016994,-0.717987114942894,-0.7157921104215202,0.9932427020099728,-0.07553350837366557,-0.08811142954630398,0.08756712892412838,0.986007003921972,0.14185269172207907,0.07616385518021608,-0.1486098157241963,0.9859585132420667,4.3991213,-8.7504225,0.44681853
0.14112539741006688,-0.7088733755372847,-0.31653153556035274,0.9931505369966637,-0.07680752454952372,-0.08804893546098318,0.08842432450011348,0.9866588231872627,0.1366949357636278,0.07637505941036415,-0.14354431649946325,0.9866923935557447,4.394507,-8.75011,0.5079422
0.28943307833312043,-0.8238400795801193,-0.05698989286041514,0.9929150525766489,-0.07972700069498241,-0.08810961200057668,0.09099215163965058,0.9870277070118011,0.13227522039675826,0.07642072171012707,-0.13935534059090268,0.9872891989392449,4.3771715,-8.75663,0.5499756
0.26287124837686593,-1.0289989124267416,0.13594574566766388,0.9925956729983172,-0.08361854586714966,-0.08810090085850668,0.0946722254903535,0.9870044194415132,0.12984392832790853,0.07609861802766632,-0.13722322977536583,0.9876126697973735,4.3476973,-8.769511,0.5756714
-0.007881479264287797,-1.2636021702132019,0.35966580080433186,0.9921690999662045,-0.08869580831146548,-0.08794049499648547,0.09955090373498328,0.9867770909531485,0.12790852331095048,0.07543271596462084,-0.13566144020323428,0.9878794860731671,4.3076873,-8.787443,0.59485626
-0.4957375957206509,-1.4249731442560432,0.6160124443981723,0.991658844717956,-0.09442049450987997,-0.0877354313214351,0.10511369163076062,0.986375354988846,0.12654948005574537,0.07459120272794804,-0.1347161062647519,0.9880727317300391,4.2593827,-8.809245,0.61092836
-1.1162174715984725,-1.4217034741090684,0.8117052015844024,0.991036680479039,-0.10086350904711491,-0.08759480856642837,0.11150382670139675,0.9856720218765072,0.12656050695545262,0.07357441522724795,-0.13519326104720947,0.9880837958348416,4.205289,-8.834303,0.61666566
-1.8309798506098036,-1.3121935877072675,0.9038398186157596,0.9903691343924772,-0.10715897090246944,-0.08766945076717798,0.11790844047715207,0.9846919432596044,0.12837202399225323,0.07257118785675738,-0.13747265849886492,0.9878434546315085,4.1480913,-8.861801,0.60628355
-2.578402843288511,-1.2576804994647162,0.9110310877923486,0.9896280862887865,-0.1136673851910082,-0.08784063053184768,0.12460867123976119,0.9834925985146887,0.13120589818557757,0.07147677860854298,-0.14079074618263118,0.987455839979228,4.090654,-8.8901415,0.58567655
-3.326712279520435,-1.2852521867942155,0.9190127289881205,0.9889224919964044,-0.11959074971000126,-0.08792245109993718,0.13073347553902265,0.9822680490270692,0.13438094446029453,0.07029269661286815,-0.14438674608270977,0.9870214812042025,4.034793,-8.918007,0.5605911
-3.952716914999221,-1.418743569991193,0.9897865603440147,0.9882627977247876,-0.12524319366069628,-0.08746876628170833,0.13653613017268437,0.9809713071346918,0.13803325590566864,0.06851662419181573,-0.14835577851948145,0.9865576694695732,3.9832368,-8.943606,0.5348099
-4.377988466435427,-1.6009777326800738,1.1540063814352517,0.9879173693504849,-0.1285582646064456,-0.0865565938389202,0.13987923402781585,0.9801043052263647,0.1408167275735892,0.06673133614283583,-0.1512227611112894,0.9862446984894111,3.9370239,-8.966265,0.50842893
-4.555415949829137,-1.8548576470269669,1.5542082237919785,0.9876306828487403,-0.1343537985098751,-0.08083743638746557,0.1452672120058649,0.978075837620333,0.14921492210675577,0.05901755172635252,-0.15911226442122572,0.9854949091187518,3.8664582,-8.999774,0.463266
-4.267493709032566,-1.8158368835314271,1.6159680719015248,0.987447908559664,-0.13743850938233185,-0.07782855529885467,0.148090908812244,0.9769620631572081,0.1536691572137146,0.05491548605182131,-0.16326598938656042,0.9850525397669505,3.8456864,-9.009395,0.45155334
-3.7015823943730477,-1.6547170949481276,1.5857172221098244,0.9877118540668244,-0.13799108524168235,-0.07337406714703523,0.14798396451663065,0.9767456221655454,0.15514101916121587,0.05025972126679014,-0.16409280902666937,0.9851636972828026,3.836937,-9.012695,0.4585724
-2.9228627362196433,-1.4798218432436796,1.5160667589034664,0.9879691471740499,-0.13858180670735318,-0.06864435214862846,0.14786283974425984,0.9765146235121545,0.1567028100886424,0.04531605515644988,-0.1649674904841547,0.9852574192709325,3.837813,-9.009709,0.49178466
-2.0244831435415303,-1.3422583468184808,1.4136689870526091,0.9885881329861741,-0.13745098693316374,-0.061650056853247016,0.14545873774437218,0.9774110311992289,0.1533278569075846,0.03918238038612837,-0.1605456392467828,0.9862503935543543,3.8467255,-9.000407,0.553862
-1.1043766807663782,-1.1357777006271488,1.2896084856456758,0.9894126005922559,-0.13518380274561545,-0.05280194375685948,0.14160943167513965,0.9788988864817192,0.1473218887521234,0.03177223079848107,-0.15323938632115336,0.9876781944692332,3.8642273,-8.983586,0.64301604
-0.1510920981675838,-0.7905647500735271,1.1203845787001936,0.9902857364130746,-0.13209245093157695,-0.043425161642787966,0.13693690227108332,0.9806805372823743,0.1396924070662133,0.024133898425515096,-0.1442819053188648,0.989242279092612,3.8900025,-8.959068,0.7544235
0.8262241484251227,-0.31423522031247336,0.8972797963361809,0.991166776051969,-0.12843506856851067,-0.03305836070567529,0.13169050584530506,0.98262433049937,0.13079386752012412,0.015685430212532533,-0.13399200824103705,0.9908582688793498,3.919072,-8.93057,0.87980044
1.8428313239669902,0.08469548244463704,0.6122048499120769,0.9919527152696834,-0.12453243042807687,-0.022836033823268077,0.12639268037618995,0.9845543066259038,0.12115158955501704,0.007396013549441827,-0.12306295574242188,0.9923713054635929,3.9496338,-8.899958,1.0165344
2.8783989738915183,0.34552562644240153,0.24638973116472848,0.9927044909814676,-0.1199005534659634,-0.012714199297625541,0.12057156550451197,0.9866881400482269,0.10912841921314953,-0.0005396082053461954,-0.10986524276005323,0.9939463452602759,3.9837813,-8.86604,1.1666749
3.8812607248267783,0.7327675755341281,-0.2598829149860455,0.9933376466487331,-0.1151347443997039,-0.00493055598996641,0.11507068978720274,0.9886474247539667,0.09661783416764214,-0.006249488159259466,-0.09654149449518339,0.9953093407269843,4.022104,-8.829834,1.3194549
4.809313341297376,1.5131594327197138,-0.9349801330343528,0.9939058251879905,-0.11023110729632259,0.0005600371462912155,0.10978101401584507,0.9902813465154165,0.08538725727686214,-0.009966926257952976,-0.08480541095849282,0.9963476816117605,4.061937,-8.7966585,1.4462097
5.644850008794191,2.590233438602508,-1.6641789784097047,0.9941465890998707,-0.10802633346477347,0.001694301994773305,0.1075386975364559,0.9909239610907282,0.08065439770044808,-0.01039172330533434,-0.08000009134005387,0.9967406871761224,4.0913453,-8.775612,1.5165222
6.412869630084319,3.611005052213796,-2.3178221376036685,0.9941221410570131,-0.10825829498132032,-0.001144651893305656,0.10800917350154458,0.9909981468611222,0.07909925004279983,-0.007428802038868245,-0.07875794871349541,0.9968660885067312,4.10052,-8.770244,1.5291214
7.168623173410518,4.348594550930235,-2.809737809581038,0.9937560746162587,-0.11132579279724254,-0.007445268386671099,0.11156609421286677,0.9906485953406353,0.07853895321246884,-0.0013677665626544494,-0.0788792013631607,0.9968832433173609,4.0879335,-8.777982,1.5088043
7.896632395850926,4.802746182620491,-3.084576315687385,0.9928978658054654,-0.11772597527511093,-0.017158753581629965,0.11870102425892409,0.9899869109548893,0.07639360560856476,0.007993429729062959,-0.07788780959507462,0.9969300849094928,4.0522246,-8.797144,1.4819977
8.488599423219895,5.050692440536386,-3.192606529015919,0.9916590693734011,-0.1259445119901846,-0.027391057464682213,0.1276262983149655,0.98918701960398,0.07225349974508805,0.017994946732311747,-0.07514665758733542,0.9970101111551245,3.9935043,-8.825513,1.4638809
8.806578394044514,5.204196162948772,-3.132979220336933,0.9896248549487364,-0.13774726609236507,-0.04084528310308238,0.14021471727722032,0.987958720214004,0.06540183645720807,0.03134452945189902,-0.07045039273975245,0.9970226991579754,3.9155822,-8.859973,1.4556763
