-0.05977742353610494,0.12671858260548746,-0.034971120634288345,0.9999993301167696,0.0011569122049401252,3.6334035531526216e-05,-0.0011569726677981788,0.9999978675397047,0.001710652007116766,-3.435488386523243e-05,-0.0017106928986656933,0.9999985361737028,-0.07710205,0.001593017,-0.052144777,0.69512784,-0.6031357,9.763273
-0.04676680427648266,0.1297742903637293,0.013184827886741279,0.9999774909251999,0.00670945353890322,2.9599848688012356e-05,-0.006709517160249772,0.9999643977259686,0.005117192591413917,4.734771075566606e-06,-0.005117276008835822,0.9999869066461977,-0.0898520653053861,-0.0006775767142024017,-0.14644722058719314,0.7010361,-0.62353516,9.761599
-0.057989887828561425,0.12361513453427253,0.06304261112669683,0.9999406009444971,0.010899226892087867,3.78934415729227e-05,-0.01089918901872005,0.9999098704030556,0.007839563079598875,4.7555150487032965e-05,-0.007839510424738662,0.9999692694352201,-0.12904238909581275,-0.0008934698284853034,-0.19859040852210194,0.70458984,-0.63960725,9.760279
-0.10891134801137808,0.13987733129158503,0.10679925088371159,0.9998464114964404,0.017524793143154072,-0.00018719770430043186,-0.017521430183954342,0.9997788088572128,0.011633264561673112,0.00039102685284911625,-0.011628197854471075,0.9999323137656155,-0.1848332552884994,-0.014110637077192779,-0.3227438629035662,0.7105942,-0.6653183,9.757983
-0.14399077427148593,0.15900275503451675,0.11758177771010883,0.9997026621929308,0.02436888987424831,-0.0008627923640649159,-0.024352718696392675,0.9995847148755937,0.015405936491254414,0.0012378596289956572,-0.015380344384146783,0.9998809492685435,-0.19525540441868372,-0.03978653205979139,-0.3540971916155229,0.72206575,-0.6942123,9.7549
-0.10729513794459812,0.13158270355704946,0.09306749952035194,0.9994920093639327,0.03184000338622075,-0.0013919058925604517,-0.03180841487562027,0.999318693326408,0.018718277471532808,0.00198694759586457,-0.018664494441755577,0.999823828825101,-0.1692559216510528,-0.03362989263300296,-0.38231624775560447,0.73399353,-0.7191254,9.752083
-0.061577659107637114,0.06848873894226311,0.07477643265388505,0.9991935112248108,0.0401100519195566,-0.0018737292345216141,-0.04006045470196539,0.9989647921023166,0.021552357389567903,0.002736255709104254,-0.021459913210131045,0.9997659651286934,-0.13812505737317246,-0.03174376372157145,-0.40461442990343394,0.7452377,-0.73757327,9.749849
-0.05647098230574135,0.00846996140177414,0.09517701133385083,0.9987682502161681,0.04955736488449043,-0.0024596637654629135,-0.04948364640339928,0.9984823489427609,0.024173696208282563,0.003653915537749409,-0.024022207131162168,0.999704747645919,-0.11634704637381034,-0.03586689035794575,-0.4222244820750188,0.7572754,-0.75082093,9.747945
-0.07093978134048433,-0.0318211643320331,0.12921653078458628,0.9983066317432536,0.05809066897245247,-0.003056664157672312,-0.057989339826531226,0.9979634878913985,0.026572792516360237,0.00459407051784476,-0.02635054105644508,0.9996422077434054,-0.11656170935593375,-0.039910030393921304,-0.41830286456801974,0.77014315,-0.7632309,9.74602
-0.08150399427010714,-0.05346211919205219,0.13477893577070604,0.9977886688975602,0.06636232244778764,-0.0037167699647342755,-0.06622680692399574,0.9973804325056645,0.02909094187999412,0.005637576100300716,-0.02878046236858024,0.9995698588500777,-0.12001930434275238,-0.04290419561667917,-0.3982608690726687,0.78357697,-0.7767746,9.743967
-0.07590534659881365,-0.05402639965159864,0.10498758533455377,0.9972936741352084,0.07339392992718483,-0.0043195578176463065,-0.07322276628974651,0.9968193359111074,0.0314585131660087,0.006614682666135261,-0.031057086205603063,0.9994957245379513,-0.12251983146839987,-0.04271325318672872,-0.3678891035057514,0.7972336,-0.7915405,9.741791
-0.053802425598438515,-0.038941813876708704,0.053513636508685146,0.9967580552066649,0.08030295353118998,-0.0049814691401699,-0.08009188068697137,0.9962215245622497,0.03358518493161792,0.007659636326279986,-0.03307732838417533,0.9994234439507185,-0.10189149007360038,-0.043122587594896095,-0.33569813802655496,0.81027985,-0.8045517,9.739759
-0.022698680108305776,-0.020108499916969814,-0.012972160708101704,0.9962580987870354,0.0862300461566899,-0.005846344247189463,-0.08597780555164934,0.9956939072023234,0.034662084655915616,0.00881008250610058,-0.0340297267104249,0.9993819891043912,-0.05297160269894567,-0.05407919324856164,-0.2997007309673579,0.8242737,-0.80970305,9.738215
0.031216130900975053,-0.015488239454484841,-0.08410116484535123,0.9958997506901687,0.09021846437966945,-0.006656970800169529,-0.0899378822292497,0.995349165271751,0.03451400488129575,0.009739810849170055,-0.033773775000772485,0.9993820431680869,0.008813025167373836,-0.04831865343744829,-0.20241121310019305,0.83721316,-0.80328524,9.737653
0.06166451425206812,-0.00843088897567417,-0.13175142325016043,0.9955750896992543,0.09369738955012222,-0.007144225767322446,-0.09340397147084849,0.9950482782207003,0.033979731068576255,0.010292661647734902,-0.03316207474680203,0.999396987145095,0.03156289969875033,-0.034277755125567216,-0.19636856138469375,0.84683836,-0.79086,9.737856
0.012663876552147922,0.054472695226177696,-0.15705202863626003,0.9951789205139447,0.09773961311738105,-0.008116907808052737,-0.0974130178800209,0.9946671904729644,0.033880438960059704,0.011385082880967123,-0.032926406185374464,0.999392931565713,0.006196450913779868,-0.052868492016603846,-0.1917734558741122,0.85858154,-0.78026277,9.737686
-0.06949484714832768,0.19475287291907528,-0.23188391312565168,0.9943754828900399,0.10535263397071137,-0.010872973035623752,-0.1049027195386909,0.9938342259783667,0.035901959659149316,0.014588298755744362,-0.034559424031857494,0.9992961661839797,-0.05068596799034615,-0.07849759174117188,-0.19625482057048618,0.8914093,-0.7750565,9.735098
-0.07918537299423319,0.18265013928995366,-0.2722365791090566,0.9938948021497984,0.10961776463226872,-0.012532674759914778,-0.1090895060452277,0.9933411845555207,0.03705092086092649,0.01651066111400465,-0.03545753435955373,0.9992347878885723,-0.052896605268942035,-0.08727065208211565,-0.20329672304064772,0.9107132,-0.7751907,9.733256
-0.10092967082726897,0.14212661619931954,-0.2721684942300395,0.9933793329608986,0.11399150965525044,-0.01426311931791343,-0.11337491925989332,0.9928101468545616,0.038394530670866775,0.01853722009829867,-0.03652325326610968,0.9991608596426741,-0.06261117514766355,-0.09224663599748074,-0.2109926668285121,0.9314041,-0.77637637,9.731158
-0.1442722193597485,0.09036921863784549,-0.23615921839503629,0.9928833430269927,0.11802196170694515,-0.015921171263059638,-0.11731325857882262,0.9922955412085561,0.03983915485093392,0.020500402463405825,-0.03768786877050423,0.9990792551376374,-0.07507952841115573,-0.098393287698947,-0.21635526660542512,0.95335084,-0.77967227,9.728719
-0.20047933752277833,0.028884296260043688,-0.18670419685666922,0.9922996569267509,0.12256116957226548,-0.017892752055821835,-0.12173236845570863,0.9916845037711074,0.041750155094512936,0.022860912781784103,-0.03925053749097782,0.998967854324379,-0.08880772348161971,-0.10428397084359696,-0.2171895438688012,0.9769638,-0.7851837,9.725881
-0.24774751449042126,-0.03475141987060201,-0.12858087264211362,0.9917550348417036,0.1266094239135994,-0.01979910711113455,-0.12565522371984986,0.9911117689393374,0.043683248755692954,0.025153839031968692,-0.04083522065819813,0.9988492224233599,-0.09536836205301993,-0.10663533829874494,-0.2050893326114271,0.9999741,-0.7936676,9.722837
-0.2786957056549679,-0.09680464031592306,-0.053230331615366465,0.9912167469159873,0.13044096018576115,-0.021783400540425848,-0.12934561002327927,0.9905413959645658,0.04579799174936358,0.027551293998535228,-0.042578149165806524,0.9987131857608676,-0.09875679592354211,-0.10443205387634376,-0.1829249008670214,1.021553,-0.8046936,9.719706
-0.2997187110309221,-0.1442094578829539,0.032998462643184547,0.9907660182443412,0.13352576279712297,-0.023528020777374398,-0.13229321492658314,0.9900543285600887,0.04786367917137593,0.029685053084725976,-0.044309109321650345,0.9985767373890099,-0.10517551623014268,-0.0993624688176926,-0.15947766700270097,1.0413926,-0.8184067,9.716479
-0.3068688006030228,-0.1841152223241253,0.1265673645860991,0.9903296488346035,0.1364063690921823,-0.025307886324592386,-0.1350198584144766,0.9895718557078814,0.05017150809567003,0.0318876852854804,-0.04626926476557115,0.9984199170014529,-0.10425229928100176,-0.08931917663249742,-0.13122211938563969,1.059137,-0.83404386,9.713269
-0.3057206524465549,-0.22449751875067653,0.209709348719258,0.9900116680444284,0.13842591372390445,-0.02674254186854716,-0.13691103013239808,0.9892187681457102,0.0519769042591851,0.03364917478890691,-0.04779639272983974,0.9982901571577478,-0.08948709512541955,-0.07831499374676083,-0.10023464694968476,1.0743835,-0.8489075,9.710358
-0.2953179716120826,-0.2368690814271147,0.2652940716996048,0.9897765589632471,0.13984721341726808,-0.02801999690041587,-0.13821806648254978,0.988957842562464,0.0534616847099042,0.035187063314514884,-0.04904225253412443,0.9981767018127,-0.06983936264643895,-0.06513315333628325,-0.06603291831732416,1.0865479,-0.86109924,9.707987
-0.274051725471214,-0.19298686223066322,0.2852648695502355,0.9896454033573292,0.14056877361888545,-0.02902405032024765,-0.13884053454411852,0.9887964489875479,0.054816862707727405,0.03640441705635684,-0.050219541544073584,0.9980745042660344,-0.06632385300720486,-0.05167077131569549,-0.03356637317825841,1.0957367,-0.87295073,9.705948
-0.23959151151180005,-0.12204080072569508,0.2702067550538469,0.989593804030175,0.1407636922953553,-0.029827603934387065,-0.13895053110357516,0.9887143950897035,0.05600531089490547,0.03737449573067895,-0.05127794724615189,0.9979848291407535,-0.05870103531926436,-0.04027007807354675,-0.007688555743253882,1.102388,-0.8846954,9.70418
-0.18872535893719475,-0.06841696651920462,0.22709631536212804,0.9896146796995203,0.14048893483084288,-0.030424413113672374,-0.13861959638449622,0.9887222310725912,0.05668295406059851,0.03804462145186342,-0.05187686356104935,0.9979285534574374,-0.033635800116997516,-0.02837285710121857,0.015059462749513199,1.1059967,-0.89289397,9.703049
-0.128561407677378,-0.011694006258001578,0.1648084446806788,0.989677370323085,0.13995976827966403,-0.030821517378066116,-0.13805567020587875,0.9887793051638656,0.05706240096304929,0.03846211895344986,-0.05221828169104101,0.9978947421761708,-0.01983021561518447,-0.018286702640937232,0.02767805526559129,1.1069123,-0.8979462,9.702492
-0.06289118594108137,0.081712264323396,0.08776739070830294,0.989743668897165,0.13941710946648678,-0.03115027232608198,-0.1374678341406254,0.9888186696653235,0.05779474974411035,0.03885954779285176,-0.05291982718517207,0.9978423860690763,-0.03726682845231643,-0.014727506525656003,0.028000225375324837,1.1084564,-0.90389556,9.701769
0.032446545159106624,0.20407127173318745,-0.006949454655425058,0.9897792635398903,0.13910296294195984,-0.03142252642930799,-0.13708553978090465,0.9887904361050176,0.05916948749335363,0.03930094463763959,-0.05425715775836283,0.9977532744033337,-0.06769794584821949,-0.012359216910739712,0.01616355711530627,1.1116135,-0.9138977,9.70045
0.17921484261314416,0.3613551371777292,-0.13365354771167345,0.9897503478831772,0.13929738797314803,-0.03147199658408454,-0.1371859122538283,0.9886360906549281,0.06147117807253098,0.039677126209130394,-0.056523605320239215,0.9976125538992517,-0.11420528554424139,-0.003040916681470187,-0.009589904004624774,1.1155593,-0.93083495,9.698275
0.8440435731886788,1.480904373975769,-0.8751080926354353,0.9875555338566288,0.15548443215987184,-0.02363596634520817,-0.15226452154854506,0.9828778300042584,0.1037626462832936,0.03936474344819542,-0.09887245643778388,0.9943212027967709,-0.7387515074181715,0.11370149146248536,-0.2978339620781891,1.12845,-1.1551819,9.664803
1.49012844618227,2.4746963274736693,-1.780057198805798,0.9833177845876394,0.18174230105000966,-0.007474658701586281,-0.1779705690380813,0.9697757550646717,0.16691752887281364,0.03758471856910812,-0.1628027054375717,0.9859425277531592,-1.5511162365390934,0.30413933738115306,-0.6994163774178334,1.1405869,-1.6096878,9.563223
2.2234911864258904,3.079075129772937,-2.8616804226932917,0.974021685654598,0.2249740642598809,0.025853941381676585,-0.2239228666806573,0.9398095816475698,0.25810172417272903,0.033768412045767325,-0.25718596511825836,0.96577175030858,-2.343418863367004,0.5784682919325983,-1.257051419461122,1.1666275,-2.3610961,9.329649
2.736641190876637,2.7276486262812076,-3.852633178952682,0.9547378536770793,0.2859569252717744,0.08187959236096243,-0.29593551274223384,0.8854542236861176,0.3583196757846338,0.029963361862041175,-0.3663324373373548,0.9300014743538842,-2.7856980815114523,0.8505876343215232,-1.9800349921821017,1.2152466,-3.287494,8.979378
2.784697808605601,1.608970806991429,-4.276614881852918,0.9199756703724563,0.35567988415831153,0.16473186069452425,-0.3904567394176561,0.7945954193170706,0.46493188129408874,0.03447173575674055,-0.49204668437604426,0.8698860614060097,-3.3149893191400484,1.0937600539283652,-2.629046449067551,1.3217285,-4.3358674,8.491145
0.9653033603429804,-0.917754954531611,-2.8146291093305664,0.8354208843395011,0.4468787832081704,0.31995515174441436,-0.5450517700042659,0.5988057604455633,0.5868136239662698,0.07064357029923383,-0.6646284784566455,0.7438269097039865,-3.459563200362293,1.157252185975867,-3.1410402741195127,1.6395401,-5.9260483,7.4257417
0.05573482281706982,-1.4949711688421188,-1.65649961758564,0.8003217513972024,0.4697492727080658,0.37258652019465,-0.592407509040962,0.5237701864205985,0.6121422506646746,0.09240366590345547,-0.7106338104869308,0.6974676694445618,-3.2287747723563607,0.9463221543985912,-3.1485803754483883,1.8064301,-6.347865,7.0434723
-0.7946788165007548,-1.7673173509856768,-0.5842325989943927,0.7655299433817738,0.48794979813793954,0.41936726181599193,-0.632642066393992,0.45216878912572545,0.6287347628128369,0.11716621362252085,-0.746624658471524,0.6548463161289395,-3.031261168524485,0.7542562734847007,-3.033447534467173,2.0015473,-6.6966906,6.6713686
-1.5532642035773687,-1.7119834557208127,0.12917233265850592,0.7297248158981484,0.5008038280844505,0.46550748526567665,-0.6678395045575207,0.37607784448732584,0.642305107435813,0.1466018049506181,-0.7795902646016865,0.6088899162603157,-2.998903586108985,0.7073454584446288,-2.8020288860019287,2.2191253,-6.9980364,6.2895737
-2.1289058505052694,-1.4236398011759868,0.5066554669154679,0.6997734410440626,0.5035767740773238,0.5066829026316444,-0.6924136673354635,0.3036560280089957,0.6544893657966134,0.17572832582257825,-0.8088284424175972,0.5611738645374694,-3.1417051891518755,0.883172061448854,-2.4855414802402054,2.4517395,-7.285289,5.861304
-2.5605008087096586,-1.078944140720665,0.9802863783478198,0.6729327872516099,0.4975538777125444,0.547358751291135,-0.7100813963935512,0.22720607721444538,0.6664546563515084,0.2072338638774181,-0.8371484559204743,0.5061981710875711,-3.201496409652023,1.0454107638430647,-2.141217918635084,2.6918883,-7.561653,5.380307
-2.995742941505729,-0.814467264114039,1.8694733315059437,0.6527143118108859,0.4887650100788997,0.5788547245033204,-0.71970899773827,0.16140935832194425,0.6752525287776951,0.23660723939012585,-0.8573539432280415,0.4571227737703651,-2.98539558486149,0.9356478416846112,-1.7482533756586796,2.9358535,-7.7975783,4.904837
-3.420257646214912,-0.5780110419529776,2.8665111929030567,0.636708677503426,0.47958515518494227,0.6038212806104748,-0.7235467439410662,0.10082898675268273,0.6828716019594807,0.26661239529346614,-0.8716831960963012,0.4112009682858472,-2.6371736220368174,0.7108519630592169,-1.3158260968484137,3.1780593,-7.9762483,4.4807525
-3.6414253083863075,-0.35561151852311484,3.5960183834831234,0.6271883639576752,0.47188429503092116,0.6196450340471277,-0.721914644060492,0.053572712392665464,0.6899052189814953,0.2923593727026859,-0.8800313497768496,0.3742603647233147,-2.310033972984332,0.5333090076370913,-0.8879745738089678,3.4090576,-8.104235,4.1045027
-3.349234275318137,-0.1465436966965004,3.415908708933038,0.6233928608678008,0.45843131564566697,0.6334209262839697,-0.7154223575944906,0.00752251003023207,0.6986517459341135,0.3155189237953877,-0.888698003079915,0.3326614916830203,-2.1643087860205563,0.7379627256496059,-0.5615698701962365,3.608101,-8.212794,3.7244124
-2.8631060776749555,-0.05661383059977909,2.966838808675182,0.6256389558472851,0.4397298049890038,0.6443706972936091,-0.7063094947552253,-0.03140181728655297,0.7072063514206581,0.3312141218984134,-0.8975809849119105,0.29093913621173084,-2.0790739115125527,1.0732119581144026,-0.3255923157889452,3.7611604,-8.321806,3.3134217
-2.489071535949823,-0.02727325695763108,2.680133506301827,0.6325846473858466,0.41570954846727737,0.6534693835252396,-0.6949512033749303,-0.0677741672896211,0.7158557726078164,0.34187642331617435,-0.9069687059437783,0.24602495324500898,-1.93161218941386,1.3114460613193355,-0.13875091279510554,3.8688798,-8.435948,2.8909469
-2.289500963886333,0.008437110340617004,2.8030036831112746,0.6418308322186529,0.3915815038752737,0.6593308036458564,-0.6835489663281248,-0.09757024490075258,0.7233538953664093,0.347583074163952,-0.9149557219520446,0.20504154072272812,-1.7001048756952424,1.3744684762662722,0.008318107651888562,3.9388168,-8.549703,2.4858155
-1.9869491619824187,0.11644298006354131,3.0190546402385143,0.653722140128024,0.36557347489054454,0.6625733151605858,-0.6710542800102781,-0.12463541445739397,0.7308571452362765,0.34976208597605796,-0.9224001560708275,0.16384271510869894,-1.4266556551159888,1.3349434071306048,0.13084029644596817,3.9749131,-8.65169,2.1142929
-1.4070595951298088,0.2293356785380664,2.9516973423407245,0.6650359842067366,0.34386947416308555,0.6629335746882795,-0.6606369942441969,-0.14307341795501025,0.7369455603439529,0.3482612547300805,-0.9280537601957521,0.1320239244999013,-1.1629234873549141,1.29686427295424,0.23498359374144884,3.9750276,-8.733661,1.7698243
-0.6706622485546117,0.20390954841695463,2.519198490558791,0.6782967668611045,0.3165601511954899,0.6631011738346279,-0.6506252261352852,-0.1606264311211362,0.7422169256637137,0.34146787723324906,-0.9348736921640143,0.09700963105508101,-0.976438062205101,1.4369268727684532,0.21165402952183743,3.9313476,-8.801926,1.4399369
-0.08892149845067499,0.10471028833448282,1.7634874795320648,0.6911861942428084,0.2846149849008901,0.6642709953460331,-0.642730721411186,-0.17813020509400446,0.7450951951176594,0.3303919863471255,-0.9419468883132608,0.05980965603116695,-0.9531275839550446,1.6985065748845367,0.1014455100726841,3.844925,-8.874399,1.0864837
0.24575460420821116,0.06396840117266517,1.0474268004055105,0.7037198537820406,0.24824619548808985,0.6656967731773025,-0.6364049035056117,-0.196302668582025,0.7459584848378542,0.31585940889420455,-0.9485984865754663,0.019843010853665917,-0.9351291916594053,1.8689207648852597,0.007009185086693237,3.7255998,-8.959648,0.7087433
0.4307211942703051,-0.029114961501062117,0.6308051247063522,0.7163929196870286,0.20504795352896277,0.6668856883873573,-0.6315045570515426,-0.2157983100166784,0.7447369225552598,0.2966195864157143,-0.954665609597167,-0.025107664308742016,-0.8623893740690571,1.9343309107717515,-0.07537625439960394,3.583632,-9.050499,0.3363037
0.5737435118857752,-0.03543022583463876,0.8969998223091986,0.7262456299257601,0.16835953915658697,0.6665000754603994,-0.6286240829173364,-0.22972977594806773,0.7430047055161809,0.27820684281676733,-0.9585819190960325,-0.06100538494341348,-0.6921422860316859,1.845698273488559,-0.08162777284296363,3.4264283,-9.124293,-0.002632141
0.688679779116764,-0.025683115222546127,1.1169192086844555,0.7343880009707673,0.13394606380212162,0.6653816318640595,-0.6273668559024032,-0.24013938936562024,0.7407725033977968,0.25900789977391353,-0.9614528203021849,-0.09232216520251904,-0.5365190580282027,1.8038716319513006,-0.10941545538904984,3.2510955,-9.178328,-0.31509703
0.7805013513232051,0.028605029157844186,1.1576773202846993,0.7414527660803869,0.09622664889163826,0.6640694449489668,-0.6277729977061701,-0.25000943108316853,0.7371542224802606,0.236957504677003,-0.9634499034265125,-0.1249616923888765,-0.47557797125659834,1.8552163684746716,-0.18654212599954811,3.0557647,-9.222249,-0.6284744
0.9609940077412166,0.14867609415959937,0.8710962929769437,0.7463009892623038,0.06035361492765192,0.6628667095210559,-0.6295101169316311,-0.2595096854912789,0.7323740409223555,0.21622175215928402,-0.9638527710710711,-0.1556791238149382,-0.5177935304529722,1.967315191086877,-0.28587530805557165,2.8432968,-9.260805,-0.9618271
1.273434498585554,0.232257313164334,0.3362569928888651,0.7499362297037151,0.020516392323844945,0.6611919003011086,-0.6323102733947794,-0.27145287100866855,0.7256011693627353,0.19436915788569945,-0.9622330364663051,-0.19059961698712513,-0.6042606684590727,1.9677203791166742,-0.3526610003327869,2.6352234,-9.288607,-1.309932
1.5157262846614163,0.15670702043580612,0.011324853322452227,0.7513536302614906,-0.018970441463844537,0.659627049660296,-0.6367219347846493,-0.28343539467229284,0.7171119541682824,0.1733577228074131,-0.958803681364245,-0.22503910892420392,-0.6154904568914735,1.9020865141889551,-0.4408912631254128,2.4360824,-9.297383,-1.6450546
1.5716076852149712,0.10587779744223667,0.15683621299739647,0.7513031867873404,-0.0546642923737698,0.657689392238055,-0.6415620460197742,-0.2941462655023588,0.7084321531367245,0.15473093624129425,-0.9541958864039873,-0.2560635619130565,-0.5749003947484977,1.7238203219002755,-0.4463723307641507,2.2543075,-9.284213,-1.9548798
1.5650772905991963,0.10359914824248323,0.39216343031639833,0.7506069740178345,-0.0803999938269891,0.6558391659152498,-0.645433216084888,-0.30168564567456435,0.7017134278095567,0.14143950696360563,-0.9500113747669242,-0.27834017619336043,-0.5160138211077246,1.5292166136460834,-0.41835998598427,2.0925307,-9.259733,-2.2297668
1.5705739444863986,0.058860570510890914,0.3105141065961343,0.7490484015953516,-0.11572337175531108,0.6523301260075541,-0.6505778366932884,-0.31455199385067995,0.691234780351829,0.12519972232768542,-0.9421598295375068,-0.3109017290639065,-0.6036455829058888,1.418403417658481,-0.3914043343272725,1.9553299,-9.227125,-2.4924178
1.5110570737068865,0.02593631363779824,-0.07195045518221524,0.7477170776039161,-0.1420410240937946,0.6486474538097298,-0.6540339664004263,-0.32629568056355834,0.6824739552833416,0.11471156286087612,-0.9345348983959616,-0.33687650708540817,-0.7177552233389402,1.373731152530552,-0.36157233393269794,1.8400177,-9.183893,-2.764174
1.4045676334143082,0.027346818317009303,-0.4036267252719639,0.7463072500014778,-0.16640226609429307,0.6444654951461064,-0.6570029807055908,-0.3393001844486806,0.6732179945434158,0.10664226150640387,-0.9258432214321037,-0.3625489724010048,-0.733345229142566,1.1713511137890102,-0.3028599081497732,1.7519928,-9.131902,-3.0203261
1.340543098390876,-0.019222688626809883,-0.5482630055945218,0.7455056003300342,-0.18108971716922043,0.6414264682815385,-0.6584292354128587,-0.3494115910020853,0.6666201932337694,0.10340378054110609,-0.9193030264330491,-0.379723061929143,-0.7115911597745299,0.8931421435554562,-0.21720101943075623,1.7000763,-9.075258,-3.2378585
1.2201086202439733,-0.5602475741010109,-0.8571951443309928,0.7444994554758977,-0.20626210988711183,0.634961812096609,-0.659689724820437,-0.37346377914543727,0.6521765655347811,0.10261592353249992,-0.9044228810082843,-0.41411257472606083,-0.6878812459765921,0.6349369257241904,-0.137363877298784,1.6986191,-8.966466,-3.5617707
1.0648666337536046,-0.7530563098103059,-0.6294545836880825,0.7444054407626075,-0.21254047099638498,0.6329984896914552,-0.6594294816424437,-0.3829942924676725,0.6468911273761321,0.10494426379657813,-0.8989671407375365,-0.4252584877111482,-0.5200081503150811,0.31066540339244453,-0.05572079435011478,1.7190247,-8.922389,-3.674385
0.9192113260176904,-0.6525729946042707,-0.17391404784626013,0.7445331479260778,-0.21538131896282825,0.6318870777924787,-0.6587884619106706,-0.39019488222877957,0.6432306867181011,0.10801923019841302,-0.8951864841050166,-0.4324037518142521,-0.3943152420487514,0.14797153090922593,-0.014470333708938021,1.7466644,-8.887935,-3.7515213
0.8110260702433393,-0.4760991118085865,0.06514074295972816,0.7446751462915108,-0.2183073863242655,0.6307145246242434,-0.6580998718549548,-0.39760331731819637,0.6393873323127821,0.11119120990531987,-0.8912090030592338,-0.4397533714549075,-0.3943152420487514,0.1479715309092259,-0.014470333708938028,1.7797486,-8.864903,-3.7928252
0.739591118760973,-0.40226856078223877,0.11835263217104147,0.7442359233893491,-0.2181091459190145,0.6313012678612973,-0.6580936530103676,-0.40096393612495757,0.637291664620407,0.11412990057067744,-0.8897507080040223,-0.44194800984060173,-0.2087042745826037,-0.025823541915966024,-0.031138733198627477,1.8123887,-8.848966,-3.8161697
0.7292547927075378,-0.374527579324257,0.2580843502931775,0.7422531017485298,-0.21775505438163129,0.6337531611250078,-0.6599123250429769,-0.40195891688572694,0.6347792942373153,0.11651633448173312,-0.8893884221347309,-0.4420544970607529,-0.07699645253555187,-0.07016504113169011,-0.1174461312456437,1.835469,-8.842909,-3.8199859
0.8000276230551667,-0.31624371221569775,0.5687074958931125,0.7390951741195183,-0.21619204005621126,0.6379649876047848,-0.6631818318423172,-0.39947842477436857,0.6329351041410616,0.11801771692211192,-0.8908860701324963,-0.43862720906980895,0.0877568982242159,-0.1783563599315725,-0.20381708865998854,1.8495315,-8.852074,-3.790535
0.9021037686420261,-0.253209563556759,0.9308286774234155,0.7350010501973621,-0.21415669906240542,0.6433586592682733,-0.6676068383247249,-0.39456517690624515,0.6313631527061164,0.11863627451517524,-0.8935632207178394,-0.4329782961645105,0.24162985264366726,-0.2661659713063774,-0.3047793617371554,1.8551178,-8.876317,-3.7266479
0.9766261584950948,-0.1996241782170698,1.2098938217370918,0.72934502641454,-0.21227665288605327,0.6503802388479134,-0.6738554513939926,-0.3871602871234468,0.629305762488385,0.11821447910883376,-0.8972432973915073,-0.4254172095896488,0.3533809494319969,-0.2923463217210882,-0.4077142736486524,1.8489792,-8.911366,-3.6398468
0.9938065341760298,-0.15736770848932247,1.4192881091499072,0.7207709876135695,-0.2117187964366852,0.660048736571749,-0.6834949563008098,-0.37563914369172036,0.6258832786054473,0.11542888774442156,-0.9022584912107801,-0.41545852610354933,0.4329138377315413,-0.2397924321690394,-0.5027082340814626,1.824791,-8.951764,-3.5462556
0.9824267652498362,-0.14498810592264,1.7612767616562133,0.7122186899156472,-0.2130459856235891,0.6688467281406958,-0.6931890121963321,-0.36359460300539936,0.6223246403892571,0.11060529420020139,-0.9068684428708611,-0.40664000813971535,0.5252116137410355,-0.16874212825840176,-0.5920835629435135,1.7762909,-8.996104,-3.45065
1.011455797295549,-0.17755661666792066,2.388189662676689,0.701860079009175,-0.21540140375709693,0.6789658789311197,-0.7048452082729577,-0.3476917875260992,0.6183070865367432,0.10288664572181447,-0.9125309069540487,-0.39585563275736796,0.6761733762703517,-0.14499448426080908,-0.6884796977614931,1.7020324,-9.047052,-3.3431427
1.0523751550921407,-0.2666851419894556,3.1672626350673894,0.6908883566816371,-0.21766590891585075,0.6894162970931169,-0.7169139447617537,-0.3293537103238632,0.6144595424452653,0.09331492060699009,-0.918775100659428,-0.3835943690936691,0.86041282298398,-0.160617870786115,-0.7837412517525945,1.6005828,-9.107447,-3.2119796
1.0425066305248258,-0.4199499254214274,3.8184413737957263,0.6791493992703713,-0.2201291893936261,0.7002137055553826,-0.7294805149986642,-0.3081262243222612,0.6106688203291455,0.08132817290446262,-0.9255276170173494,-0.3698436945930124,1.0452593626685822,-0.15323114743011595,-0.8630085009004674,1.4698563,-9.176219,-3.0577683
0.9596651207427568,-0.65749088169747,4.109664722391949,0.6638731294704833,-0.22518195420326886,0.713137823613546,-0.7451802996762215,-0.2796163588417476,0.6054097891862493,0.06307764216839923,-0.9333315484699318,-0.35343094331028185,1.1889424748672188,-0.04993564624081337,-0.9522258492221516,1.3021911,-9.247946,-2.8959045
0.8158264231264747,-0.9026243409819011,4.1065614117748055,0.647759013094185,-0.23402353056780745,0.7250112054967338,-0.7607402441246027,-0.24992812867867448,0.5990076889860554,0.04101879964708839,-0.9395578309160939,-0.3399243157524301,1.2685160396358606,0.15980105665355893,-1.039379588029837,1.0922912,-9.312788,-2.7509446
0.6710011153205894,-1.058900684595781,4.105813398145985,0.63157695758394,-0.24601206235469336,0.7352473133748982,-0.7751391433747189,-0.22045158634369433,0.5920814187988462,0.01642726566783822,-0.9438639537849405,-0.32992572147096877,1.343866944640874,0.3844957185214578,-1.1094405348065801,0.8386963,-9.3654175,-2.6313064
0.5902716775515581,-1.1274395054394395,4.1965376737227205,0.6124787836516347,-0.262304192034158,0.7456984983342281,-0.7903607595137041,-0.18634369520923527,0.5836145106803698,-0.014128318991847426,-0.9468223371346265,-0.32144650022264915,1.4154385318767688,0.574544817424772,-1.1709084390375597,0.5465622,-9.404146,-2.5354965
0.5939468726670594,-1.1828097614375335,4.258654093019022,0.592711779188472,-0.28019112694178094,0.7551064025647857,-0.8040175583397636,-0.15064029996775236,0.5752071504310335,-0.04741848471431251,-0.9480508596107708,-0.31456486596356925,1.5455495365569896,0.7323841600034815,-1.2181647896199912,0.2154892,-9.42924,-2.4541793
0.6722359398017161,-1.296423242768212,4.17286844202922,0.5682405170887939,-0.3015869091641369,0.7656030635776506,-0.8179957023842972,-0.10599060851326558,0.5653751159962801,-0.08936299916341836,-0.9475290640016333,-0.30692495377976153,1.7015735468862514,0.8302155097523679,-1.2694037570911014,-0.15615234,-9.439969,-2.3753006
0.7674736145382213,-1.3642500950697234,3.8998896710207367,0.5461471811265454,-0.3197688711097035,0.7742552070323814,-0.8279107099779155,-0.0652334678262015,0.557053364570425,-0.12762097339933148,-0.9452473029554724,-0.30036714767766054,1.8528575701969547,0.8995229981147133,-1.3031160990928725,-0.5612869,-9.434473,-2.2930114
0.7607335444201058,-1.286658798167207,3.1352483650277767,0.5227123021155586,-0.33932083100467153,0.7820698324723653,-0.8354070852186797,-0.021049511265376086,0.5492284770857367,-0.16990247550722495,-0.9404351608281076,-0.2944738648755252,1.9615660205448935,1.0058506159579517,-1.2655486051645524,-0.99608004,-9.407698,-2.2111497
0.7346590611931956,-1.1244028829958443,2.2103716763206993,0.5021216083721491,-0.35735556927537415,0.7875092936046155,-0.8392972997012005,0.018132711427843663,0.5433702673965028,-0.20845607000046745,-0.9337923762186906,-0.29082273809971015,2.036396321122092,1.1412189445601035,-1.2027516516628065,-1.4549026,-9.353483,-2.1456695
0.7174811156689005,-0.9618416158083631,1.2016244199169037,0.4713916179738256,-0.38413834759618604,0.7938688005017528,-0.8407376013185079,0.0761366365887189,0.536062961132513,-0.26636484045988656,-0.9201309376795401,-0.2870693806238315,2.107936044284335,1.244067708571681,-1.1495441295974833,-1.9331315,-9.270543,-2.094197
0.7702756318175722,-0.8126818157706082,0.4204278003705663,0.4533468454155726,-0.39851314470989707,0.7972853386618738,-0.8392316443425578,0.11049757649352683,0.5324288992186118,-0.3002780126579961,-0.9104820476442611,-0.2843511139976045,2.1904392428048953,1.228332122987636,-1.1109595525183529,-2.4197662,-9.161623,-2.039563
0.9525024829450245,-0.8001801803551317,-0.21304316323782463,0.42028489777960387,-0.4207116725386696,0.803966599609775,-0.8322779280707309,0.17424013136419186,0.5262640279066009,-0.36148866530595336,-0.8903044789351029,-0.27691854333615173,2.2773938764035546,1.141446387391742,-1.1004258222519383,-2.9070847,-9.0295,-1.9681107
1.1421100868132872,-0.8504921034259872,-0.9402558569966601,0.4009923406030624,-0.4321496716835731,0.8077448879698704,-0.8258697202297604,0.21101846251483503,0.522886616471957,-0.3964143639997108,-0.8767655728538021,-0.2722825412564122,2.3333648117258834,1.1242199474208017,-1.0826508953612592,-3.3931274,-8.871968,-1.8883927
0.9435617473209469,-0.8651891158987535,-2.7482597636163,0.3438356946759093,-0.46005062006286207,0.8186149534711127,-0.7980798202588716,0.3162072926242083,0.5129147576223893,-0.49481877042236605,-0.8296784769240702,-0.2584337620487184,2.4018357760999667,1.1199862978570654,-1.0787786208226215,-4.363162,-8.471136,-1.7265778
0.6613766078846781,-0.6744421054572964,-3.4202569406237813,0.3125848242215151,-0.4713140173140562,0.8247143898039435,-0.77849560346152,0.3703674559844343,0.5067272865543169,-0.5442750435740082,-0.8004317863696468,-0.25114464420251553,2.418108038429614,1.0940465122532186,-1.0947435688356535,-4.828781,-8.232046,-1.6498016
0.4065960724830109,-0.4324637090686323,-3.908607101889871,0.28248575290846745,-0.4802647763136095,0.830389995144556,-0.7565512232174867,0.42067048518486483,0.5006661457922376,-0.5897728766668245,-0.7696636197240776,-0.24451148525451724,2.4042761024588417,1.0815942130659804,-1.0688764689889727,-5.2766724,-7.9692063,-1.5830231
0.29187106655004236,-0.328805259593955,-4.152669889310326,0.2516993691185987,-0.48825072483559534,0.8356187272212227,-0.7331852732335398,0.46739589193567077,0.49394375723873396,-0.6317331578275431,-0.7369886769138146,-0.240334989966227,2.303643781805203,1.1340545263636521,-1.0586821396541215,-5.7034316,-7.683389,-1.536403
0.19910285174082332,-0.07849709568100649,-4.32136213137934,0.221929682777521,-0.49526195588554195,0.8399183358843271,-0.7097771741061152,0.5085644590548123,0.4874203053876835,-0.6685533479238639,-0.7043278966778996,-0.23866008242075165,2.2133130037325905,1.1942776009101996,-1.0302463221603353,-6.1064253,-7.3789124,-1.507541
0.09522670729775107,0.25770865418329225,-4.282478000863185,0.1907755362847867,-0.5021286649358663,0.8434876991426594,-0.684491483563209,0.5478613121640721,0.4809567460419882,-0.7036164464285141,-0.6691149277094229,-0.239184259163777,2.1066259725757783,1.2424713519921733,-0.9757662471155172,-6.4819365,-7.061049,-1.4963195
-0.06473494929230106,0.6000053564727388,-4.056400215819283,0.16112295772864593,-0.5093072447731773,0.8453670935838044,-0.6596793565918305,0.581523491821576,0.4760814793144435,-0.7340725706490893,-0.6343788764462421,-0.24228269054854543,1.9912536303739474,1.317564571433852,-0.8653177623518268,-6.8295074,-6.731776,-1.5082871
-0.31257480117851766,0.9645226765063282,-3.6885782965952,0.1301268129588899,-0.5181043133383185,0.8453608300893722,-0.6326133746499388,0.6131288281257072,0.4731525740553589,-0.7634574845812822,-0.5963564040248304,-0.247975217744426,1.883688866081493,1.382627438420338,-0.7134587347088507,-7.149205,-6.3939576,-1.5431045
-0.546248279058737,1.3073920918428046,-3.1921279946966115,0.10335059368955711,-0.5265788805522293,0.84382067842663,-0.6077365386319732,0.638153601580275,0.4726693140047816,-0.7873848832658935,-0.5616713125543131,-0.25406767259506086,1.7820682157312862,1.3795719255426453,-0.5599298489238789,-7.4403214,-6.0531874,-1.5896561
-0.6721958895438757,1.6066082634351841,-2.5839603236629216,0.07614535050397439,-0.5365561218817454,0.8404221639556214,-0.5802951204787337,0.6615740438305575,0.4749498475399845,-0.810838737817329,-0.5238581034983665,-0.2609851119391603,1.673250742152956,1.3313929715794346,-0.3831302898048562,-7.7002516,-5.7182097,-1.6392028
-0.6984956869689636,1.7864880736531792,-1.98015671121496,0.05351263896493633,-0.5464233336922202,0.8357977852732621,-0.5555207500659687,0.6792287087961654,0.47963012561059637,-0.8297789426812132,-0.48996928632698467,-0.26720217951782044,1.5578661984549476,1.2658229613273477,-0.20584620880084117,-7.9296875,-5.395253,-1.6904755
-0.7258056164856458,1.8834731716125717,-1.4600720058212664,0.032864258453245206,-0.5574042440052906,0.8295905310942319,-0.530928703910726,0.69350294200125,0.48699936426989976,-0.8467789864421502,-0.4564582984244033,-0.27315045290005224,1.4433476671927692,1.1887882495566566,-0.033414992863476406,-8.130819,-5.088399,-1.7411301
-0.7974903482270582,1.9198793941199717,-0.9865699270393884,0.016156664534995525,-0.5690585515037372,0.8221382652276763,-0.508732801834684,0.7031805197808916,0.4967173169299679,-0.8607728495535485,-0.42627399822314277,-0.2781376995488396,1.3184759870319511,1.0925644358230482,0.15877615990050892,-8.304647,-4.8024473,-1.7915878
-0.8889092855650165,1.7827349495295004,-0.48647137466212903,0.0036593899819609534,-0.5791412837066939,0.8152189781718305,-0.4901021935382414,0.7095623998727806,0.5062815822995967,-0.8716573000634849,-0.4013932911663363,-0.2812418479755333,1.1877002227638238,0.9374170652420425,0.2408605174833698,-8.451772,-4.5449495,-1.8336747
-0.9407288577695604,1.4251696077001632,-0.017814736399983322,-0.006115151081456058,-0.5873901947715666,0.8092807695809119,-0.47368141942727315,0.7144415410020287,0.514974948303322,-0.8806750353090603,-0.3801921140382424,-0.2826047391791541,1.055380777916289,0.7579324105184613,0.23619834639374926,-8.57477,-4.3193665,-1.8600342
-0.8837867356874212,1.0385992637957997,0.2729376422472489,-0.01486995485590589,-0.5951387581138292,0.8034853720095427,-0.4567602726513683,0.7188736855554271,0.5240140051023479,-0.8894655348972386,-0.3592081329907304,-0.28252536067277756,0.9080961780684529,0.5803582416648165,0.2127436698835915,-8.6757,-4.128499,-1.8706849
-0.7229049860479132,0.833270266595306,0.28329768816275025,-0.020929071840045197,-0.6009080271481664,0.7990441269797391,-0.44205393571089147,0.7224141492900309,0.5317011518024678,-0.8967442733992925,-0.3420925895345583,-0.2807532160298707,0.7284716853320988,0.38250703282499443,0.16642748539795565,-8.754259,-3.9791062,-1.8655487
-0.579800346039879,0.8034790017809822,-0.19748034823843963,-0.025407197562194877,-0.6064632850753421,0.7947054537170741,-0.42315972888927655,0.7267531848750609,0.5410782310537992,-0.905698801014106,-0.3225400628287597,-0.2750956010408572,0.5223177120491596,0.17565243138151496,0.10942051082172662,-8.841143,-3.827739,-1.812526
-0.7388232154050759,0.7462908877782202,-0.4105266013167926,-0.02441497250789491,-0.6069141703513911,0.7943922827823304,-0.41748451817477117,0.7282112596169386,0.54352096413247,-0.9083559798899425,-0.3183764300223789,-0.2711565278660789,0.30293675462997743,-0.032307008756261246,0.04411910565416159,-8.8500185,-3.8279846,-1.7678818
-0.9592618174997842,0.6251214796725435,-0.5754294860905496,-0.017047669867947694,-0.6044201881260864,0.7964832786303176,-0.41893993627141846,0.7276186534559724,0.5431946473777297,-0.9078539016543207,-0.3244184509681039,-0.2656199576885798,-0.08014877433815551,-0.4034730190372786,0.006489712405504944,-8.83826,-3.8735993,-1.7127533
-1.147958581450366,0.40108783685589966,-0.7160713670466472,-0.007014376468789598,-0.5995216042230539,0.8003278356977036,-0.42335584104276347,0.7268621490705636,0.5407783724442897,-0.9059363279931587,-0.33503024090123235,-0.25890945773365254,-0.24806272670518198,-0.5949267350283732,-0.07209824174392299,-8.807019,-3.9619613,-1.6436691
-1.3026234976665716,0.22411625094101706,-0.9008621391102605,0.006068229158084275,-0.5915931852225008,0.8062137928571932,-0.43041756421756655,0.7261777973081123,0.536103093732683,-0.9026094930854104,-0.35026177338532666,-0.2502254845076024,-0.37923017209268306,-0.7790708758819452,-0.16239581786017637,-8.75827,-4.087929,-1.5560471
-1.4802480770698616,0.3060677997116299,-1.1847971670672715,0.0223278924094822,-0.5826353611938724,0.8124269204716428,-0.43971973993375607,0.7240842283480865,0.5313648281267257,-0.8978574583602568,-0.36910441089756957,-0.24002899475442102,-0.4964724059987765,-0.9352912928914684,-0.13210547764396,-8.69235,-4.2459536,-1.453862
-1.739047969062061,0.559231447046014,-1.5418976656395467,0.03603591491795249,-0.5766353615634789,0.8162065134698341,-0.44761595633118784,0.7209150152963655,0.5290760780435608,-0.893499506700335,-0.38441279962404606,-0.23213235666632304,-0.6142926140801588,-1.076328311378366,-0.017940603023896884,-8.60712,-4.4354753,-1.3418213
