0.02250340189356486,-0.8511650174902188,0.7356922040446943,0.9999465473308009,0.01029243104040048,-0.000984044962847716,-0.010319546296562936,0.9993894433523327,-0.03338034571641711,0.0006398792412630826,0.03338871634539178,0.9994422365376417,1.7335217,-0.04216186,-0.5351477
0.02169404102690787,-0.5961652606202267,0.7227228737768145,0.9996957117436617,0.0242235807522703,-0.00465854664800962,-0.024520954275914948,0.9964283012624956,-0.08080447539917363,0.0026845339878515564,0.08089411955559817,0.9967190851481637,2.2243875922364786,-0.134411750238545,-0.6606888213702988
0.10641636473134883,-0.29879967490527465,0.6721302881327362,0.9991545845376999,0.03986391865103517,-0.010049088868152343,-0.040833706625689574,0.9906536228916535,-0.1301461019579482,0.004767032672794309,0.13044641597769252,0.9914439005602238,2.4685195916373193,-0.18409098461982196,-0.8005995607580184
0.6333431773567566,0.21234680389892557,0.4500636868559911,0.9970026353326916,0.07435590645342735,-0.021376255873211725,-0.07728767830040516,0.9697576196397122,-0.2315097707088246,0.003515668158535432,0.23246797268916128,0.9725976977924583,2.586224175323642,-0.12179899136584563,-0.8993111631168114
0.9630261785591989,0.5035310053174553,0.28413765524674056,0.9928609463016499,0.1148823043495667,-0.03208110746725613,-0.11910216195713283,0.9402869171402686,-0.3188654708054585,-0.006466554424808633,0.320410002344158,0.9472568891655987,2.3602992469182067,0.023959969086351923,-1.0796692967653228
1.0995486051117012,0.9615526299112996,0.41078327275525994,0.9851264803510844,0.1658512891790435,-0.0449351487004741,-0.17028124570956502,0.9072303702868811,-0.3846262505195498,-0.023024227906341895,0.38655711752181976,0.9219780256722708,1.8343914806022348,0.1550074984440118,-1.3360077559518417
1.285859218659782,1.0984216403377152,0.500841639851913,0.9797519891930292,0.1937079485201836,-0.05062875025520675,-0.19724387542921396,0.8904412574269328,-0.41013317431976604,-0.0343641277783523,0.41181500428231693,0.9106192996911432,1.4313038371841476,0.2958896570326531,-1.3818898980369752
1.5005909290054473,1.1756448072376406,0.7198072662917356,0.9668838352319604,0.24956727538345427,-0.05340247395780787,-0.24780289447790463,0.867946508096957,-0.43042140347649027,-0.061068606136932116,0.42940078497829764,0.9010469417319575,0.6347750955257112,0.5391505856261163,-1.3266429665074595
1.315086837449959,0.7510893244405596,0.6291648207930234,0.9509420821932248,0.3046018487255091,-0.05410055514517481,-0.2964636618696067,0.8472502162418867,-0.44076793017294236,-0.08842201934403889,0.43518362197017274,0.8959892642571359,0.3650206328601871,0.6086587368939781,-1.2955191270542494
1.0167564262187871,0.5396257318868924,0.4940897390766258,0.9415350838469985,0.3323522461339629,-0.05526002510798697,-0.3211376010572598,0.8356861776433678,-0.4455325506436153,-0.101893704773229,0.4372305993243462,0.8935586583666786,0.35279263409483963,0.6063978307537327,-1.35699003818948
0.6349263474163753,0.3483781413946184,0.32516065721271004,0.9189033332675627,0.39002855504742656,-0.0591133686857649,-0.37276293625637147,0.8094679017966866,-0.4536623296179636,-0.1290908883821437,0.43890709974718556,0.8892109425373839,0.31093279999972556,0.5952153751124263,-1.3885682935208314
0.4962764710971126,0.24121288088142628,0.27658926074482526,0.9068035039711674,0.4170695695459465,-0.06132193200129999,-0.39698722962886984,0.7959426137401074,-0.45703008122459615,-0.14180460040918347,0.43878050297537696,0.8873348440760492,0.28446881411095404,0.5816437697366799,-1.378978332212537
0.3125920057466034,0.11549850806739942,0.22025875049387075,0.8946249966226087,0.4422720115263043,-0.06357344758996429,-0.4195763981575297,0.782615188895675,-0.4598577086653445,-0.15362864813292998,0.43807411921986805,0.8857140083246877,0.2628053889860028,0.5689255511038408,-1.357583535705316
0.11020376544095903,-0.005937728900367978,0.13651485591694812,0.8801021337327466,0.47011857798810364,-0.06639847008410532,-0.4445713863725176,0.7669067599538616,-0.462828590253333,-0.166662883144041,0.43685528973278226,0.8839575437851087,0.24981658107470497,0.545636841762795,-1.3246836787404632
-0.09509476546365486,-0.11021927554067965,0.04345391474978069,0.8674575809440035,0.49269174002259986,-0.06908107248935945,-0.46490650608070405,0.7533163125169781,-0.4651628466458329,-0.17714199351539892,0.4356252777437566,0.8825255415703646,0.23813021094661815,0.5113357404364185,-1.279605142093774
-0.2753387353823604,-0.18355793824763697,-0.030213779678471817,0.853288436071212,0.5164174427651216,-0.07219327998558595,-0.4863313794256017,0.7382305295521988,-0.46743713440747436,-0.18809740629029512,0.4339685588208114,0.8810735813210219,0.2190363068558981,0.47832196504787966,-1.2187167163678416
-0.4381180144012756,-0.24850979276647348,-0.08299217575182383,0.8387854662407345,0.5392133789226409,-0.07541799264195262,-0.5069536400952543,0.7229486529942674,-0.46940734115259164,-0.1985873823219506,0.4319654814040152,0.8797550082028023,0.19750082651611206,0.44509499702817745,-1.1480687413954223
-0.579504630555506,-0.2911972947909762,-0.12302403223072333,0.8278832926710058,0.5554693849226461,-0.07786537182772796,-0.5216991878677063,0.7115801810496525,-0.47062044506748685,-0.2060077937709858,0.430241104906308,0.8788932702863358,0.1734003496186924,0.4102443839949395,-1.0699836425114193
-0.7145141051567574,-0.3169340008296664,-0.1627697565932552,0.8142915353376516,0.5747764405826471,-0.08100209150751846,-0.5392540304943944,0.6974510970155314,-0.47198205248439523,-0.21478916656340172,0.42801169449323945,0.8778790368291209,0.15818406965912904,0.3721886950400213,-0.9888788077837884
-0.8049003132092036,-0.3136644878036258,-0.1858085757653652,0.8025039297004684,0.590707187148633,-0.08397893703932723,-0.5538023374749043,0.6850876560881972,-0.47324187735545153,-0.2220144450765262,0.4262861979076142,0.8769205572062001,0.1549704665650018,0.3268095328489279,-0.9108653931287384
-0.8777376618269833,-0.3014611333835732,-0.21090782480393433,0.7934983868334065,0.6023763330274549,-0.08662022570495978,-0.5645514035781186,0.67545726137611,-0.47438296846773687,-0.2272488125618215,0.4253236902203804,0.8760466515697438,0.15772142104829948,0.27458857635457184,-0.8352370728668042
-0.916516070584144,-0.2765213914321201,-0.21929681523502825,0.7824397763853649,0.6161548379055439,-0.09022866537643509,-0.5773306777236198,0.6634391949302852,-0.4759597915679861,-0.23340369510615286,0.42450164941475493,0.8748263054772341,0.15601617033015583,0.23082513918772163,-0.7595757922197286
-0.9239643539815752,-0.2646437380742326,-0.20921973178670603,0.7755149077152714,0.6245050104875725,-0.09257494146523092,-0.5850940435085171,0.6558693307798222,-0.47697000030744247,-0.23715309013847458,0.42406239260083556,0.8740306053104936,0.1447822019303095,0.1991507774939126,-0.6797571459383113
-0.9180738659450627,-0.2638623379561446,-0.1864950756037298,0.7674401904479643,0.6340089031821271,-0.09522743707035462,-0.5938894872038475,0.6470634293312876,-0.47812571088656686,-0.24151776554519402,0.4234874603903048,0.8731137038314237,0.12830352489766814,0.17729726356826836,-0.5946427958887291
-0.9089626865536177,-0.2625376347430806,-0.17097112940872622,0.7602001686704825,0.6423327591303905,-0.09749015386853034,-0.6015147834512986,0.6391575254917191,-0.4792260665874094,-0.2455110360918781,0.42294950544390336,0.8722603091978052,0.11697462449384453,0.15813695516740317,-0.5140498084393703
-0.900595695501573,-0.24100479467941466,-0.1771810001567517,0.7545055465387965,0.648735608077028,-0.09931510990338063,-0.6073434586470453,0.6328425485528594,-0.48025434092756186,-0.24870726463221143,0.42267294632381025,0.8714885409258766,0.11173514131411427,0.1325979822268187,-0.4408821086614076
-0.8935671281644122,-0.20195894368441453,-0.19086152720242208,0.7491310557779621,0.6546636783700278,-0.1010847638965458,-0.6126684927402023,0.6267277701947843,-0.481507653179181,-0.25187294271605387,0.42264378652678475,0.8705930452501087,0.11140105166020721,0.10978207808225654,-0.3737958188295552
-0.8739276097446986,-0.16191314378277344,-0.20205359168385653,0.7446979043514406,0.6594924988952531,-0.10244352178379522,-0.6168555693106132,0.6215432503223137,-0.48288010374134593,-0.25478272677921454,0.4227926582613139,0.8696735768409206,0.11191055468527934,0.09539510006270241,-0.3077695815605171
-0.8471092679535713,-0.12109028803278776,-0.22018597161490433,0.7413604021282967,0.6631090070145526,-0.10330149549906922,-0.6198039883348477,0.6175008374305667,-0.4842888929314455,-0.25734756692144267,0.42305928732120157,0.8687882764004654,0.11313043050226376,0.08505251888133901,-0.24498350508873687
-0.8235427031066332,-0.07199002509230312,-0.24836834085921033,0.7387036311578732,0.6659811568379488,-0.10385588115730425,-0.6219525774852064,0.6141010888845809,-0.4858547560642795,-0.2597921027931403,0.4234961054927887,0.867847401308986,0.11271766597968999,0.0714198537121272,-0.1852772752810083
-0.7942508847647385,-0.005566263726427323,-0.2724333834770737,0.7367759771415733,0.6681164042597448,-0.10383462749058756,-0.6232591270506189,0.6115633961303407,-0.48737898299129045,-0.26212443620383996,0.42380500571908397,0.8669948656550782,0.10227812000024317,0.07093172053612071,-0.12426724074221081
-0.7565707138503981,0.07811103398370378,-0.2906941331634151,0.7355029328090597,0.6696474992575132,-0.10299350740425672,-0.6237756315600216,0.6099508503304123,-0.4887370680162323,-0.2644605779717813,0.4237123870261117,0.8663304310593429,0.08481653950989915,0.08425703353717857,-0.0648480990221958
-0.729697478248621,0.15256094029725492,-0.3228048120187661,0.7348379170778392,0.6705777262320479,-0.10167963761815547,-0.6236169010216447,0.6090733865872064,-0.4900322137485979,-0.26667432644494204,0.42350339176050017,0.8657538222742595,0.07769286360745692,0.08644724014936568,-0.017140682418293376
-0.7253208650370025,0.19186497670459624,-0.37092456302682275,0.7346847235321766,0.6709631475379507,-0.10023378499495789,-0.6228768116968288,0.6085982815972186,-0.49156139910219326,-0.2688174742438502,0.4235759510204496,0.8650552463619187,0.08398352777051701,0.07095562478684081,0.018499781519575244
-0.7164903459267868,0.20465663666061945,-0.41555147903364315,0.7350037442739882,0.6708318316830347,-0.09876309788581188,-0.6216563434006618,0.6085111432883678,-0.4932114954090203,-0.27076352526316566,0.4239090021392182,0.8642848322702398,0.0907931703864094,0.057218252133499216,0.050768436324901356
-0.6842753947878835,0.21513124957245933,-0.4462149172926021,0.7357628198847354,0.670272461614235,-0.09689117646543738,-0.6199101947581092,0.6089434981900133,-0.494872879078125,-0.27269841090520947,0.42417289306803035,0.8635467175990377,0.08490948403279285,0.05772574517048437,0.08540579682303065
-0.6365891378065505,0.23135760971639552,-0.46776054763579655,0.7368660470019235,0.6693938371310014,-0.09455326322657291,-0.617792724825435,0.6099660607371361,-0.49625956303287966,-0.2745188116113795,0.424091140628821,0.8630099226032241,0.0673660492774693,0.0674169174623255,0.11924481642148838
-0.6044961675419835,0.23504485029391864,-0.49042172941065354,0.7382125536476811,0.6682853712137703,-0.09185253539583382,-0.6154024172372011,0.6114267072576055,-0.4974306449252319,-0.27626452992662676,0.4237358189648301,0.8626273037822451,0.05159163781178167,0.07322166322491339,0.14005167859745787
-0.5810401281542574,0.21082151083207284,-0.501248752796134,0.7396559443953312,0.6670813376601643,-0.0889470228067073,-0.6129386221942933,0.6131786402038902,-0.49831536261715775,-0.2778764641764625,0.4231009857507232,0.8624211422000011,0.03512810675011807,0.07966156941995209,0.15321553229474444
-0.5416689917624218,0.16999146231188123,-0.4870932136436489,0.7411363951594478,0.6659105916115391,-0.08532249263605214,-0.6103759312656878,0.6154324612630838,-0.4986823720116915,-0.27956764172844445,0.4216704514229478,0.8625751932992072,0.003872179106579318,0.10898315342198123,0.16853505939008329
-0.5020380134597378,0.1250041483026889,-0.4680308827576006,0.7424861157794916,0.6649572736547813,-0.08090854150387217,-0.6078965930801069,0.6181335341396104,-0.4983700092237431,-0.2813824799028588,0.41921683910081076,0.8631808279949474,-0.03510110607272955,0.14980901783375242,0.17855615799542773
-0.4820623747644164,0.08826154476678755,-0.44608053779236584,0.7436885304660898,0.6642409788328284,-0.07557308841375869,-0.6055706655278833,0.6214462620729596,-0.4970801871002931,-0.28321641672986486,0.41543767931514347,0.864407309027373,-0.09019915759964527,0.19462968006151415,0.18770425373969768
-0.4453310452739445,0.10562850334018925,-0.38213558824035504,0.7446344280043715,0.6639637972599401,-0.06834942983495593,-0.6035104393732359,0.6259968197895686,-0.49386549907932376,-0.285122286393271,0.4089988478486302,0.8668478668488303,-0.2048616199536897,0.2952366499113199,0.2174735103419677
-0.3645349392305077,0.21679804271092662,-0.28699400715081536,0.7453106523120908,0.6642880643459367,-0.05686298547960978,-0.6015210443375364,0.6331949071800461,-0.4870694434475762,-0.2875490649771016,0.3972223270270452,0.8715101595173832,-0.4076452957536179,0.49086102063147125,0.2888013040894342
-0.31134708993588367,0.3882110139728672,-0.21655148897174561,0.7455696635316672,0.6651618732997464,-0.041055561494744056,-0.5997585739016424,0.6428505236370095,-0.476479650448044,-0.290543507676122,0.37987219767705355,0.8782263851532028,-0.6382692650884823,0.7192674729375519,0.3681382035276567
-0.3919086632055732,0.5204501494384017,-0.19665339052703598,0.7452300057459866,0.666486419315097,-0.020690369846323074,-0.5983931323308604,0.6547569360557045,-0.4617564443147565,-0.2942072360005756,0.3564957328713576,0.8867654113289581,-0.8293502177250859,0.9066047797743942,0.41477177850150126
-0.5950177797968251,0.5911088381415031,-0.1929407280217897,0.7441484478314316,0.6680121220611117,0.0017006967636259938,-0.5979201680357297,0.6671987603530098,-0.4442266165365727,-0.2978834675610516,0.3295536662864141,0.8959128421844325,-0.9998455343247019,1.052929511982366,0.42962171709170316
-0.7656511448722219,0.6941268879077114,-0.13475657760602497,0.7422413014531324,0.6695206803914033,0.02863405220001147,-0.598364544990424,0.6813838738699729,-0.4215161773032573,-0.3017245792366994,0.29573311440922706,0.9063686906145075,-1.2325730273322848,1.2463960980291635,0.4677883994033919
-0.8812252134865021,1.0342461024673133,0.06953615802678417,0.7359311597862371,0.6704449836836556,0.0943867146854208,-0.6021607390098395,0.7118640735014783,-0.3614581376217795,-0.30952830638054424,0.20917233256648554,0.9275986000624886,-1.7214200959418688,1.6818022687960088,0.5738228511132373
-0.984190322947488,1.1247097929326528,0.04824626767221345,0.731954069399386,0.6685901155513365,0.13126499029341232,-0.605075115096776,0.7264061205292257,-0.32591141917444766,-0.31325284576568846,0.1591270104185023,0.93624315707778,-1.8812496507207304,1.8070667876507696,0.5948192349793063
-1.1890942709247725,1.1049975924607605,-0.04078601998048218,0.7274560373404886,0.6642989432587119,0.17179821804149378,-0.608500689356632,0.7402795161092973,-0.28585511904020106,-0.3170719552236957,0.10340769804198824,0.9427471682250128,-1.8812496507207304,1.8070667876507696,0.5948192349793062
-1.355582780760978,1.0656466807698985,-0.07574069120102987,0.7226375475949007,0.6581562302050692,0.21124713358594877,-0.6131477065155968,0.7514390467775226,-0.24369909514142835,-0.31913142245897863,0.046580420997879644,0.9465650530095489,-2.106527180461182,1.9165457997195747,0.6040680712478338
-1.3999383329813293,1.0442273774915287,-0.02231441800862074,0.7178640660814647,0.6495186679447452,0.2505926627422891,-0.6182909648368573,0.7602533046082653,-0.19932685627711938,-0.3199804141351384,-0.01184959170163865,0.9473500523810672,-2.196315401897316,1.9365935848182878,0.6168139374278188
-1.3734880781407894,0.9800388420059076,0.04402928076599555,0.7133040557356234,0.638387186034977,0.2892388714842019,-0.6237271261780432,0.7664368052528803,-0.15342456003990018,-0.3196275897678267,-0.07096776916390737,0.9448818865864184,-2.2381478382732416,1.9177945323710899,0.6220182603523386
-1.3310292582599847,0.35933579391998643,0.0432461215204057,0.7066316506050382,0.6147331031228104,0.35039252601646603,-0.6333653167145998,0.7702954096909664,-0.07411718688698155,-0.31546804267027406,-0.16955292310669812,0.9336657433577399,-1.9514452600802283,1.579716120744577,0.5300508801278296
-1.2686336418336484,-0.3063950501234967,0.0746565641031651,0.7043783753940329,0.601094211163875,0.3775405323704226,-0.6372376712577807,0.7697923008314789,-0.036714628018508895,-0.3126967454375302,-0.21472205961627766,0.9252649255791127,-1.7501439395962683,1.3855404344986546,0.5130261109164661
-0.9239041527174414,-0.752209822984109,0.21077766273597895,0.7021214056771372,0.5852328276786919,0.4056205974764643,-0.6412588243273749,0.7673191252173812,0.002912095105734862,-0.309536188372594,-0.2621524317698293,0.9140368978356026,-1.7501439395962681,1.3855404344986546,0.5130261109164661
-0.48727331710826727,-0.9991795292474438,0.38946615677385016,0.7012199166171607,0.5678683067466328,0.43106404945452703,-0.6434519461451944,0.7644592461774394,0.03964409080534053,-0.3070182755820641,-0.30516822758362816,0.9014500159920591,-1.6669146778970143,1.3543603952578596,0.5828525878703238
-0.18207993328745153,-1.3380065071221188,0.5996159658766904,0.7030205256657798,0.5477251011136981,0.45360704811830305,-0.641392949597961,0.7638533497549502,0.07171571845954217,-0.3072087640329269,-0.34135798464094935,0.8883116016484485,-1.4670778661987713,1.35641602444098,0.7938656088861797
0.07160445125466386,-1.690404486066488,0.8611396976250135,0.7060520398094273,0.5233473631419289,0.477072378757498,-0.636958757489119,0.7637319957979027,0.10486648584018324,-0.30947384112209697,-0.37791662584086244,0.8725852196629242,-1.3863958108549184,1.4176662468322938,0.919759413635806
0.40341733404103586,-1.7692431630897993,0.9850151640745662,0.709626408584238,0.496658372391771,0.4997607641391968,-0.6310792180431843,0.7634580731093437,0.13737099824260726,-0.3133199336043586,-0.41287072036816197,0.8552007878088258,-1.3207773470242643,1.4551753747311884,0.9970679921220069
0.81375457004121,-1.50098269803838,0.8461137320179186,0.713396260849588,0.4673352049342353,0.5221719843451041,-0.6243824917769818,0.76219783905687,0.17088287830969,-0.31813877312926553,-0.4479422511508757,0.8355450081627516,-1.2892653367705926,1.4636066363773126,1.0253574806166064
1.263725747825443,-1.0901403200592459,0.6439912539548833,0.7169062123602093,0.4378786276589678,0.5425014194625101,-0.6177519529593717,0.7596706436257954,0.20318227734733954,-0.3231532257215163,-0.48079394822800003,0.8151129811585085,-1.3331907118726738,1.5212830956328853,1.0783812919960445
1.688856839816676,-0.6839400448784927,0.5442120179274069,0.7202896369171252,0.401906170159545,0.5653797567453964,-0.610311654275028,0.7545665945403854,0.24114091121127418,-0.3297006575757396,-0.5187491540151297,0.7887945179846989,-1.4802032551030866,1.705780965145957,1.173492752468318
2.0294348589565847,-0.08592701247269902,0.44608555800746047,0.722083242883165,0.3617969626686932,0.5896598580122623,-0.6042650216035723,0.7448505898735197,0.2829512015021374,-0.3368376077782392,-0.5606251479988906,0.7564653788624145,-1.8373128858967247,2.0584106725106652,1.282205649528688
2.1011115784355323,0.5535000526385191,0.2880413511291856,0.7224770487647598,0.3217968434794558,0.6119425671865151,-0.6000084068246079,0.7315918957051549,0.3236714536043188,-0.34353577069638525,-0.60101588137519,0.7216391650865724,-2.0131745584839447,2.191506823024835,1.2743196087627695
1.778667071152296,0.6291894518476389,0.25262649839827883,0.7224041927337769,0.26194143031618927,0.6399366135833846,-0.5942945314390297,0.7082978113909731,0.38095697956648694,-0.35347728671348183,-0.6555157492102434,0.6673476682472259,-2.013174558483945,2.1915068230248345,1.2743196087627695
1.382230618464101,0.22588892579673242,0.42430492777740225,0.72143074031578,0.21662948384501635,0.6577304566891125,-0.5911946886325146,0.6872578972965351,0.42209646141166424,-0.36059191208363295,-0.69336011518733,0.6238791738848825,-1.896589828065225,2.0282497814455263,1.1432078325629924
1.2025788102462125,0.043227922319158424,0.3595833418415112,0.7198164090206556,0.18848110256411305,0.6680862304230087,-0.5913244216504254,0.6705983390555779,0.4479210823523371,-0.3635928570040929,-0.7174766488410038,0.5941611672799608,-1.6129717546228044,1.5673336129803435,0.7999266649606402
1.119804025165498,0.1576126920404035,-0.025547727634843115,0.7172533907590287,0.1591420248687937,0.6783961890852107,-0.5933831524413696,0.6498845466665686,0.4749173721846042,-0.365299887549146,-0.7431849648133698,0.5605640911010382,-1.485039119721529,1.3363237633092615,0.6180624640482311
0.9782650453637753,0.16072008647332836,-0.24882827113838457,0.7146307954971718,0.13742689842100073,0.685869283258453,-0.5963456062806451,0.6321878222417258,0.49468219624222665,-0.36561556859199723,-0.7625302649729053,0.5337348133703693,-1.2998354483395254,1.1027304615659999,0.45030958201541454
0.8208185801953831,-0.11240822446889584,-0.008943740232111558,0.7121759868807835,0.12336795095344698,0.6910757645786246,-0.5994258776063484,0.6192354221887709,0.5071844922338938,-0.36536828128101273,-0.775453312962324,0.5149545401775932,-1.0383798653220229,0.8498406990776874,0.27787958886565295
0.6784027370784446,-0.4826876731076256,0.3815747728056633,0.708765051380129,0.1124869230946141,0.6964185480548535,-0.6039485703608526,0.6069133894604317,0.5166258433844862,-0.36455208996960325,-0.7867673289012185,0.4980953160514942,-0.7411801098699254,0.574674727702928,0.08694000665325993
0.5757757249437293,-0.7362842053489824,0.5333570695518443,0.7053886842106895,0.10831012493178473,0.7004967673192891,-0.6086563298667185,0.5990334566373741,0.5202849122762015,-0.3632688760418224,-0.7933648811652442,0.48847506490400394,-0.47194486291391385,0.3167841615151408,-0.07957791841000726
0.5378796294013167,-0.8971212381098785,0.48350924613683277,0.7025158508704465,0.10997791658882956,0.7031190063840926,-0.6125940533137383,0.5963027005324038,0.5187982413062002,-0.36221541259369044,-0.7951905100040773,0.4862839167390177,-0.17023401220195256,0.058986909243949406,-0.24374819150609306
0.5757180727825263,-0.9798655233065976,0.3812944652426138,0.6988572727855541,0.11497314460525851,0.7059601180621442,-0.6171485595437919,0.5958485590506107,0.5138989687967207,-0.3615607386425693,-0.7948243017780036,0.4873686095506671,0.019339352483415038,-0.06504919566081965,-0.3444652644864948
0.6658190779998948,-0.8618129285973363,0.1736326291898881,0.694043011825516,0.12172625826291829,0.7095681896657124,-0.6227483157776613,0.59604138925615,0.5068719734703074,-0.3612323807914412,-0.7936733461210032,0.48948318329115176,0.06959664321200988,-0.08296390133629142,-0.3944514220803969
0.737588030130806,-0.555898153619019,-0.09055247152675999,0.689021659063849,0.12782411705397423,0.7133793860494382,-0.6283060200855335,0.5959550120820729,0.5000691639148858,-0.36122112128885564,-0.7927790478270915,0.49093857340933567,0.05939107565171633,-0.054490572864411,-0.4102268079549892
0.7588563379616711,-0.26289972055406885,-0.2039446541157025,0.6842906163596054,0.13270070360350766,0.7170333852934084,-0.6333350118942572,0.5955270874502275,0.49420061799025444,-0.36143203381976563,-0.7922991930932309,0.4915575994252604,0.03761037721927653,-0.01865435184185571,-0.39885595120589235
0.7914804618141122,-0.1415834556313105,-0.10157055815917185,0.6789876826423191,0.1372734176193886,0.7212015915367258,-0.6387370045002555,0.5947516014358138,0.48814503139085086,-0.3619264647715799,-0.7921026078764225,0.49151062317443206,0.019780008334732486,0.016674011291030078,-0.39432191313575676
0.8777378145081761,-0.20714957756624808,0.127891274091432,0.6737077660751689,0.14116421373694302,0.7253899025283135,-0.6438573970266276,0.5939124178401376,0.4824061486231045,-0.36271958621516537,-0.7920484232010783,0.4910130314773598,0.015441755418538615,0.04584580213403294,-0.3987783780540334
0.9771812305214375,-0.3823123482076876,0.3696715565061833,0.667824139403919,0.14468992150051319,0.7301203636699843,-0.6491016169013974,0.5932505921823916,0.4761521036509576,-0.3642499276120805,-0.7919081774368911,0.4901055281703903,0.030798598198786553,0.08051334371399088,-0.39431536799892153
1.04093313546772,-0.5890710653024199,0.5919434697915356,0.6622069075614905,0.14741707202626472,0.734676948361013,-0.6535444318653536,0.5932479063694089,0.4700389315430205,-0.3665537984466119,-0.7914070561117822,0.489196468078874,0.06986068390770903,0.10852166913585147,-0.37960693829798625
1.0781876557339531,-0.8164793945781383,0.8192848019780474,0.6570546924520463,0.14901803430021443,0.7389673582642515,-0.6568774832961174,0.5941200048070023,0.46425573968092804,-0.36985281270433146,-0.7904524307897529,0.48825592837493254,0.12050318870485696,0.14360034705126123,-0.3332770354677839
1.1181528983086744,-1.1003526203060676,1.0499207238702082,0.6518097790634017,0.1492563878285004,0.7435499597267876,-0.6591630175487125,0.5963410887199012,0.458128172240518,-0.37503083635001894,-0.7887330578825467,0.4870852442744025,0.18537775214767394,0.1905837675091191,-0.2718944676893181
1.15091657874349,-1.4495396572719512,1.2777918564367183,0.6472860165014244,0.14739336940387995,0.7478609546550006,-0.6595480911628817,0.6001483061419802,0.4525685871537154,-0.38212187621898386,-0.7861915830703639,0.4856806218331142,0.27068773355634473,0.2570515435652814,-0.1866455169360583
1.1525132818872448,-1.827474645716503,1.517560891944951,0.6437517369640468,0.1429473214955407,0.7517644341368,-0.6576823815744961,0.6055701690257905,0.4480386761793823,-0.3912001867615498,-0.7828478994436451,0.4838507830048464,0.35951904498638976,0.3382590668354313,-0.07044786765566693
1.1398494215704442,-2.197683306362656,1.75664280283041,0.6411700888191116,0.13489191758051727,0.7554502549970734,-0.6531004906384695,0.612814354008599,0.44488011491728086,-0.4029400282070307,-0.7786287549869166,0.4810162113443198,0.446275393007636,0.4509112913533201,0.07784605290962501
1.168902146398413,-2.541244509885919,1.9558733866654667,0.6393974689991919,0.1223907485124246,0.7590727114815784,-0.6455813608480974,0.621672856897126,0.44356235809960626,-0.4176069721196545,-0.7736558431731355,0.47650923722538757,0.5187268549392902,0.5957670990664021,0.24273254603909653
1.1365404982416065,-2.7715402639235545,2.1253624989399844,0.6384697210952529,0.1040818213122078,0.7625768090604927,-0.6345710983761844,0.6318580086893857,0.4450561514693693,-0.43551800921453576,-0.768064080222099,0.4694695222507955,0.5789532081284766,0.7904339447660833,0.45590674230683315
1.1047173523827307,-2.93611803769174,2.246458816795618,0.6382496983023599,0.08091304933813567,0.7655654126616162,-0.6205196599805486,0.6426440311188752,0.4494040507660179,-0.45562339074565816,-0.7618803893749252,0.4603754968407239,0.6379372872411263,0.9811788457105675,0.6787542599402707
0.9964811068104127,-2.8999171428377855,2.2842494027655125,0.6387985615130268,0.05058226694415568,0.7677094711410545,-0.6017957588433246,0.6545435654557671,0.4576183842008954,-0.479351919206625,-0.7543302693059871,0.4485616817804255,0.6804217278072632,1.1490514815362776,0.9224417279817297
0.8182587183684639,-2.6720022600653404,2.278510638003484,0.6401768474940284,0.01515304830436677,0.7680781139048898,-0.5794519714116135,0.6659595963263267,0.46982255042523224,-0.5043897468821132,-0.7458338965131328,0.4351123786474442,0.6992790436965862,1.2868506126446937,1.1868810438825728
0.6186116859192362,-2.3230716836042578,2.281075784924238,0.6424378573451172,-0.023175011257478003,0.7659872833820615,-0.554161041106719,0.6763480973884245,0.48524096249036397,-0.5293195065074897,-0.7362174746719036,0.4216689341395619,0.7257841274586705,1.3495119889056035,1.4348882322381762
0.4415015545580694,-1.9108115517726088,2.2803975880900857,0.6452697224892059,-0.0665821431994163,0.7610478325609209,-0.524171058471952,0.6861256917993855,0.5044563772153221,-0.555762257353895,-0.724429674474885,0.4078357022639347,0.7553775715563563,1.3753658948363972,1.6407644942133321
0.23889152018175472,-1.4204879493712366,2.215889178644413,0.6484376291663313,-0.11433927251062082,0.7526321623760768,-0.4907208003194773,0.6930589118645181,0.5280742758542409,-0.5819980560233508,-0.7117554885260196,0.3932968183676668,0.7031657913442522,1.4075955866743217,1.8795692090546399
-0.046071916165229654,-0.8155727495278774,2.015182321387888,0.6521705601691464,-0.16281762212960682,0.7403809711038783,-0.45661759375524325,0.6952394555127288,0.5551058210571522,-0.6051230730370751,-0.7000946517596213,0.37906931431565727,0.5768781304464727,1.3872119181956695,2.1388879767408984
-0.3564380570714791,-0.19003047674074613,1.7178454521403745,0.6568865037291516,-0.21576861653987936,0.7224569366647103,-0.4188843337024957,0.692271022926235,0.5876195587242474,-0.6269258618027393,-0.6886252499967823,0.36436139870980133,0.4384411953010996,1.310817002239736,2.3634161350792775
-0.6757534295293135,0.3065340188640741,1.4571465009160034,0.6620802604937918,-0.267193012518487,0.7001839920519235,-0.380532972276202,0.6850278267084707,0.6212338799886139,-0.6456348702440972,-0.6777497847261666,0.3518676507275481,0.36246433173945497,1.1657714179769145,2.4903229218280742
-1.1627164323648107,0.8350977319950641,1.0181961033645008,0.67154266120689,-0.3567526424960926,0.6494289847637098,-0.30711428160989784,0.6636207478702066,0.6821204593232948,-0.674322824921717,-0.6575219046299846,0.336085811544245,0.341393115172452,0.9320444315206574,2.4979083056564058
-1.3266166694594788,0.9710127845648135,0.7375060582664233,0.6787623164406879,-0.39144932376688063,0.6213285320203177,-0.27162500727906813,0.6522508638996314,0.7076642325021306,-0.6822767570427106,-0.6491041807480802,0.33639588186338826,0.41670495183806655,0.4305049005177769,2.299085826174351
-1.5316080479679608,1.1247419226494002,0.26612418873957777,0.6861883640527965,-0.4206525394019875,0.593461852298196,-0.2387664124772096,0.6403933795111054,0.7299910408704393,-0.6871216262870135,-0.6426101155234056,0.33899278770452623,0.39344653134210106,0.23530540305399517,2.198936035421849
-1.9141625834052163,1.2618785556614096,-0.33535173769863147,0.6933664084999216,-0.4553930805656568,0.5584444159778488,-0.19844751779476777,0.6243419671841239,0.7555234547608384,-0.6927204387377461,-0.6346764925421293,0.3425261210030645,0.39344653134210117,0.2353054030539954,2.1989360354218492
-2.3681827947739977,1.3162068059387797,-0.8678528775498104,0.7003906903156084,-0.48462368736325423,0.5240159945704596,-0.16192087819083073,0.607141424810396,0.7779208953904705,-0.6951507103680009,-0.6296976829603591,0.3467655085922185,0.3167670455414663,0.08156983383461136,2.141543708959968
-2.711666374182026,1.3199304946977564,-1.2426746202682377,0.7087412160566349,-0.5038075934595062,0.4938256751477215,-0.1316772007812507,0.5932220350832779,0.7941969100204732,-0.6930707059578968,-0.627905666373696,0.3541009328974277,0.34558315499926245,-0.22803574795967452,1.9282836844837643
-2.9620139951111604,1.30662212595547,-1.4910419371920334,0.7163602067236642,-0.5196337086664801,0.4656273864801646,-0.10224154320488395,0.5819645779446057,0.8067613630193503,-0.6901990445269492,-0.6255381993413968,0.3637681130869095,0.4633359743503725,-0.2883370397753533,1.7262612687250454
-3.3431080756353824,1.2623756767870637,-1.7273826417340685,0.7240810786065286,-0.5378309457821088,0.43179215528206194,-0.06725652340773722,0.5680018494399459,0.8202746241911332,-0.6864278197036534,-0.6229861738368868,0.3751067521985791,0.4633359743503726,-0.2883370397753533,1.7262612687250454
-3.896251786008986,1.2385498628247387,-2.0067043809708336,0.7289298264429637,-0.5489843979833989,0.40899564654484494,-0.04183685164629362,0.5605934216452713,0.8270336712929965,-0.6833088510813815,-0.6199606006665684,0.3856654867303933,0.6051032199294375,-0.2992219085667911,1.4979726752571618
-4.452206325054856,1.1774980182241386,-2.2574291773059754,0.7330066179153116,-0.5606954423729528,0.38512584825554746,-0.014680466910350347,0.553005346030554,0.8330483606327549,-0.6800630720629163,-0.6162837886589474,0.3971253074944025,0.6329315863319609,-0.2694934566835271,1.459784499444957
-4.928844263785888,1.0669149618469977,-2.4083005216898417,0.7361821607091491,-0.5756378023316698,0.3559170504209848,0.018464072677108943,0.5427822230445927,0.8396704927332768,-0.6765315249667112,-0.6115787593381049,0.4102152079734267,0.6122490199466856,-0.2158599608856856,1.4753749316259188
-5.311526131005147,0.9259512718774694,-2.4148533069513176,0.7374191388583594,-0.5891953245687929,0.3302451864171079,0.04723749919418642,0.5327271540622552,0.8449676905033758,-0.6737815909590256,-0.6074953899668747,0.42067531286458953,0.5764370327481206,-0.16812693681339008,1.4998716465591315
-5.50838193212172,0.7364957998391333,-2.2741021976701257,0.7372538828419075,-0.600258097218123,0.3100756826302398,0.07003114305967034,0.5243768258775168,0.848601545770673,-0.6719764514001124,-0.6039198301154708,0.4286356116295219,0.5624369178813212,-0.11286160932298261,1.4766024047208632
-5.523803257718528,0.41149826650272603,-2.120164160669483,0.735310124273225,-0.6173130627357774,0.27972058150423695,0.10363061762148948,0.5102892773945171,0.8537362288596926,-0.6697609396140414,-0.5987732759166495,0.4391934059333785,0.4966569799988577,-0.06759347023967144,1.4608301182505938
-5.427625569839599,0.0352748225987618,-2.082355102033187,0.7329811521007344,-0.6299570064999735,0.2566959302884878,0.12723473748714645,0.4976582706918449,0.8579904237161267,-0.6682439316908592,-0.59623016996257,0.4449265469543804,0.3540988429530265,-0.05928456186581854,1.466074251838374
-5.140859870968198,-0.40702974395592495,-2.0898266045988505,0.7303804201625016,-0.642113929824993,0.23288225129440754,0.1497734401546121,0.48320945015578304,0.8625987154548737,-0.6664175556417321,-0.595145636298251,0.4490983334723586,0.2317336099032254,-0.08835967904245912,1.4204027343700867
-4.517050510764872,-0.7548168436406475,-2.0494909486146553,0.7278640709293915,-0.6533410248727072,0.20822919936544532,0.1715348067700577,0.4674888985322262,0.8671965981341742,-0.6639199532447065,-0.5954826907370245,0.4523390992564547,0.14401501928610771,-0.1303033342281788,1.2804162562062824
-3.559592340140373,-0.8019471738908865,-1.9635678009167128,0.7263896604310526,-0.6615161302950717,0.18642550946234246,0.18945233889504537,0.45346619640026187,0.8709054024459117,-0.6606556383669617,-0.5972979307529143,0.45471893452134815,0.08080285618440064,-0.17906377821749453,1.0193617045873027
-2.384703314600979,-0.48814974294564073,-1.8769677555243471,0.7266814761481629,-0.6652040556192914,0.1715738809107427,0.19985392023999138,0.44365640207680884,0.8736288728407319,-0.6572613200149806,-0.6005602062107578,0.45534052743881503,-0.01311863723221468,-0.23884803869390553,0.7330560277690628
0.4363985962136686,0.7031912726736831,-2.0121254255690495,0.7307204711296603,-0.6657033470861321,0.15128333269190042,0.20854667789439854,0.42868315656957473,0.8790557629711298,-0.6500429802799641,-0.6107944048138184,0.4520777796318642,-0.15813658783546855,-0.3120935884545524,0.4643265539760102
2.111179937193895,1.2346539429209424,-2.184101125620541,0.7375818036542395,-0.6592793854077791,0.14602662392351656,0.20087374592901364,0.4206849409017727,0.8846885998445541,-0.6446881580381365,-0.6231972981928062,0.4427214772411451,-0.508671843459385,-0.44049277222146194,0.02059743281577936
3.8281793380285296,1.6075782191906955,-2.2559280086082723,0.7441653009466724,-0.6520786728450884,0.14495312789842335,0.19078441726741968,0.41543325306676904,0.8893910941617823,-0.6401713137863019,-0.634199193209003,0.4335574614029499,-0.606443836665443,-0.4724485093281877,-0.1713955333479069
5.533322577639522,1.905185991029846,-2.1446922468450333,0.751634528562504,-0.6428451910054794,0.1476333155956028,0.17750272729811223,0.41271579076025827,0.8933971445325232,-0.6352466586093581,-0.6453028253915084,0.4243182134523363,-0.5777042862359207,-0.4611622115736433,-0.3675401923809278
7.159143635874861,2.2957506677628774,-1.9501375212503076,0.7585361451241819,-0.6333570877656914,0.1532374494603324,0.163225800937489,0.41233882202102173,0.8962890347218528,-0.6308567622277351,-0.6548553238932081,0.41615411847086253,-0.5128064480860441,-0.3996622480096559,-0.4935777113053448
8.540442911461772,2.7765324577054598,-1.849808648191499,0.7639928788990269,-0.6250275108300564,0.16017331768169202,0.1494147290529897,0.41287644798929074,0.8984477043421991,-0.6276863227230607,-0.6624753953176905,0.4088229823102802,-0.46847953510438634,-0.30763456404291395,-0.5338045320310669
9.61582320249417,3.14537190791639,-1.8355036488773777,0.7680513328692979,-0.6179960223835682,0.1678632371777174,0.1363380713598702,0.4139175539160579,0.9000467703725278,-0.6257068645744311,-0.668395971620293,0.4021663147830748,-0.40324876749391564,-0.20305127023892303,-0.5146183031604676
11.129878997023503,3.2163611983944795,-1.5526333355697535,0.7676758321880508,-0.6147896360875221,0.18085220494579393,0.12208877431511504,0.4173512434347966,0.9005066744836829,-0.6291010633122601,-0.6692171866911379,0.3954493762500866,-0.19943375919877585,0.09556106146298002,-0.37911464167191
11.485820349050101,3.08495004297644,-1.2536118883637424,0.7648804656100725,-0.6157851086340578,0.18912052588933864,0.11568461868617534,0.42012277326223146,0.9000632891002085,-0.6336994100735401,-0.6665624917222641,0.39258056791116663,-0.0967095935591043,0.27260046626682993,-0.3208625015653724
11.551247440700628,2.977116988337285,-0.9108682163051749,0.7618744642452747,-0.616793018160843,0.19777177118844186,0.1089779607936598,0.42304252116552865,0.8995325615824968,-0.6384912722913534,-0.6637781241001781,0.38952213951689296,-0.0967095935591043,0.27260046626682993,-0.32086250156537244
11.424564489364828,3.0575019308640465,-0.4463814100909027,0.7567741664409562,-0.6199917256730151,0.20713068605253193,0.10445896822337636,0.4275006215104476,0.8979596553107987,-0.645276053302231,-0.6579160118929908,0.38828512246739344,0.031734057305462166,0.4359263236788467,-0.3142033556094256
11.31337807788162,3.1641655788446585,-0.030637195013920593,0.7477697000130141,-0.6246953149105974,0.22493607818932948,0.09652654372239634,0.4374637403358966,0.8940403247328026,-0.6569041803029231,-0.6468239632388993,0.38742180950543836,0.1455601791676988,0.8074305776308575,-0.6635267952389148
11.18365861392086,3.1359007010701436,0.3454942591082806,0.7358857582940185,-0.6286754071217865,0.2514744186200522,0.08241671229735067,0.451799343236323,0.8883044742571785,-0.6720711541750125,-0.6329649168251614,0.3842860624513771,0.09849344970319363,1.0131919800123528,-1.0197458362884042
10.853438995617944,2.756934387442987,0.647318283886229,0.7218739957725856,-0.6296949630673144,0.2870229741936604,0.060831333341869534,0.47089275403686276,0.8800906561709586,-0.6893456920233649,-0.6178545683922977,0.37823041813899144,0.019340807727208587,1.209495682221581,-1.5270117025523386
10.228849774011005,1.921473971164859,0.9074091218576554,0.704042701907946,-0.6257725803606208,0.3357566850547724,0.028413856060204905,0.4972351463855777,0.8671504263867387,-0.7095889843239885,-0.6009707870335493,0.36785538796968476,-0.08691935253824967,1.369043624935292,-2.1158147328631127
9.257000785672505,0.8682418106475671,1.2873092869591392,0.6837659168896296,-0.6156815738939313,0.39166359349265045,-0.011399873898594835,0.5276664165551131,0.8493751795967326,-0.7296123722739226,-0.5852387140367405,0.35378161882359277,-0.21634384561885844,1.4868426898869944,-2.7372987945782263
7.930769361026847,-0.19289915488063336,1.836837858816902,0.6576285534034377,-0.5954838296642467,0.4614365550722056,-0.06388816340234109,0.5662279126445756,0.8217689781923155,-0.750628395629674,-0.5698990783907001,0.33432327487605895,-0.34148906246939403,1.5287342643442154,-3.3933642764704013
6.388661497467268,-0.9791989990380601,2.510838563992548,0.628606530679622,-0.5672604765030267,0.5320426499675464,-0.12001974746511818,0.6051513957782249,0.7870114665022838,-0.7684068517428376,-0.5585761720528594,0.31231966029924474,-0.48782746581827197,1.4969717506099314,-3.930018186953297
