0.10416219372008557,0.06789208125269965,0.1825873651136576,-0.012159789848993787,0.0,0.9999260670223715,-0.0573287367788521,0.9983551119273296,-0.0006971569344271591,-0.9982810573292363,-0.05733297557645277,-0.01215978984899366,-0.01605375534784133,0.12545275148471977,-0.06977512935650172,-9.789594,-0.562233,-0.11924438
0.12671869996509527,0.09935639913746037,0.2823920368062043,-0.014619316981247764,0.001409220402623765,0.9998921390174336,-0.05736696455101199,0.998350633465908,-0.002245804155318609,-0.9982458227888817,-0.05739363720526953,-0.014534362486813456,-0.003291877556084758,0.13237642487954174,-0.08628604468934795,-9.789091,-0.5650986,-0.14309081
0.14267757021451394,0.12416867792450077,0.43950107814046036,-0.017818348535135937,0.0036117312672603,0.9998347172671759,-0.05695840286248731,0.9983658556372,-0.00462149770494886,-0.9982171781880548,-0.05703140832422595,-0.017603512002793236,0.016109200403886147,0.13337808509871416,-0.10354378087667354,-9.788704,-0.56459045,-0.16750947
0.1469484089079203,0.15378719852297307,0.6913180277461064,-0.020172638385678968,0.005723103583847088,0.9997801312018203,-0.05572764211232634,0.9984225795121885,-0.0068397532637484906,-0.998241798643248,-0.05585347969094824,-0.019841881158442303,0.06324752429279505,0.11859796963707697,-0.11907586380990699,-9.788706,-0.5565308,-0.18973847
0.1427848458216833,0.19306828608927606,1.0595550240033806,-0.022768917841900847,0.008401104348399906,0.9997054555347971,-0.052997163210804124,0.9985485318785896,-0.009598425631398566,-0.9983345968645682,-0.05320026700137823,-0.02231063186559439,0.13181064421185978,0.12061360838452184,-0.1387676678877261,-9.789212,-0.53576356,-0.21123962
0.14498078601817865,0.22964858017108647,2.0912428886163084,-0.02842898178972083,0.014303202676968562,0.9994934774112242,-0.045558034354501,0.9988400407919248,-0.015589676597706516,-0.9985565193886038,-0.04597844291966903,-0.027764372371791593,0.20284313235605186,0.14920569996381802,-0.17179924484872836,-9.790532,-0.45061034,-0.27064666
0.13176310960696808,0.19204240670692885,2.7108709714628834,-0.03295603922509724,0.018871593593680944,0.9992786210231003,-0.03764816343223176,0.9990886937091018,-0.020109636811774398,-0.9987468138038947,-0.03828411630614549,-0.03223551388183108,0.3986602186834474,0.2222952498884899,-0.2438873795317429,-9.790563,-0.38049775,-0.31256714
0.08320555991908263,0.08807081414085857,3.3394759848609237,-0.038135291401503846,0.023980604454244634,0.9989847997641064,-0.026441522361796466,0.9993377420358526,-0.02499845670747267,-0.9989219294074961,-0.027368482036548108,-0.03749593497727767,0.5534239424497219,0.25163026399749466,-0.2647771751699209,-9.789287,-0.2832718,-0.36289367
-0.0022481895767395826,-0.11097752606806491,3.950214661325826,-0.04355987387929392,0.02929403120891219,0.9986212480831517,-0.010716981717767731,0.9994988072572175,-0.0297872488515078,-0.9989924636313626,-0.01200032042955522,-0.04324407378275516,0.7436787392771996,0.2553838640978884,-0.2598109696201831,-9.785704,-0.1502121,-0.415567
-0.12122518351489746,-0.4070324717987488,4.52089907990148,-0.048624999017306596,0.034010304317382056,0.9982379018404413,0.010315625170914059,0.9993839078297536,-0.03354686644300405,-0.998762861777193,0.00866555137179031,-0.0489658468123881,1.004539774731459,0.2444024632066654,-0.22791179692595903,-9.777286,0.029605102,-0.46778107
-0.2511024468316827,-0.7972848151085121,5.026169928604636,-0.05328534011157901,0.037850849453245294,0.9978617067133408,0.0354558979855377,0.9987229771292162,-0.035990191053609635,-0.9979486079301767,0.033461576176442395,-0.05457928957040606,1.289265470235945,0.24525082615545496,-0.19317665213916937,-9.75958,0.26529694,-0.52106476
-0.3389448153285311,-1.2411132254590354,5.285065834754398,-0.0586972686056315,0.04130002733859731,0.9974211439507736,0.06821225044618294,0.9969745413450785,-0.037267310054776244,-0.9959414543224736,0.06584802543969659,-0.06135680164194507,1.5809690901484976,0.2706254455170277,-0.15379537134171964,-9.728185,0.55738986,-0.5793015
-0.39606710965103303,-1.7370880832248385,5.351184356607692,-0.06456807818042651,0.04533347668755917,0.9968830619343,0.10450709678760282,0.9937816156780375,-0.03842351703393504,-0.9924246399913785,0.10169951518340327,-0.06892417971541791,1.5809690901484976,0.2706254455170277,-0.1537953713417196,-9.679018,0.9014786,-0.64404905
-0.4171279440778646,-2.219157721769394,5.102502808463239,-0.07038112312463428,0.04845475706920307,0.9963426288306046,0.14224082562148038,0.9891002906651303,-0.038054725495729344,-0.9873253084259945,0.13904129456699527,-0.07652616380459999,1.8507998206929077,0.30093154637153197,-0.1170132224677683,-9.608418,1.2919296,-0.70983124
-0.44894035211033645,-2.7060431973280594,4.555649945611575,-0.07656655076161621,0.05129345218073683,0.9957442166881271,0.1888530848075265,0.9813441539303405,-0.0360300361546615,-0.979014339234825,0.18528964538713177,-0.08484498149513499,2.1020312450382463,0.29317640262632627,-0.0798958135741256,-9.511721,1.7308136,-0.76290894
-0.5427295881615163,-3.1426668852014705,3.7915011766777975,-0.08060390696993729,0.053365146435002384,0.9953166186330624,0.236649189724684,0.9710380160516124,-0.03289881434155061,-0.968244312427815,0.23288803088688004,-0.09091818586409983,2.3725165533556605,0.21327035086730795,-0.05713201758714802,-9.384976,2.2131896,-0.80075073
-0.6624509954033672,-3.4662994492958576,2.8775347250532173,-0.08144608325101202,0.05349489650286828,0.9952410921838071,0.2805163901671909,0.9594226526814896,-0.028613422882677677,-0.9563858916525758,0.2768499172463291,-0.0931673202824228,2.829617332387539,0.05280961104421836,0.005545064385566817,-9.227049,2.7289307,-0.827301
-0.7294844779342045,-3.666308586004929,1.763037296513597,-0.08268526671256965,0.05375863858055046,0.9951246934161756,0.34465366549915694,0.9384706585592477,-0.022060677261773205,-0.9350796244035163,0.34114820489880865,-0.0961457139954694,2.829617332387539,0.05280961104421833,0.005545064385566803,-9.037659,3.2656372,-0.8471573
-0.7077213619670186,-3.59047993107306,0.5964095746055571,-0.08328421584748576,0.05365946697650263,0.9950800977782982,0.39243674098772047,0.9196265545695448,-0.01674526958175252,-0.9159989581488648,0.38911030059876195,-0.09766822737274723,3.0615389068174803,0.030986345918715852,0.018443532956743974,-8.816615,3.8109984,-0.86595
-0.6142376532057476,-3.295844151154323,-0.7262049373353896,-0.08427179799198323,0.05367705008728217,0.9949959991663918,0.45237839173897954,0.891772318655927,-0.009793976034622055,-0.8878339152857179,0.44928826021914425,-0.09945349716167068,3.065879944584985,0.041834918949525735,0.018406763527843095,-8.565363,4.3501754,-0.8830246
-0.4958683143012628,-2.7781740146125258,-2.082699658041575,-0.08532522701862551,0.05361455858461557,0.9949095862147461,0.5012411948317143,0.8652999450766893,-0.0036426987021647584,-0.8610888052327231,0.4983777831995597,-0.10072564080696302,2.9759042186859173,0.047934854858223935,0.029578531465502544,-8.2932005,4.863147,-0.8969086
-0.3898643869117488,-2.138101199708867,-3.3110921110531666,-0.08639723910725589,0.053617382459521974,0.9948169144987601,0.5464705490826043,0.8374751012568423,0.002322360884778643,-0.8330081490885308,0.543837718564446,-0.10167575629774063,2.832336898658879,0.048724715605259095,0.029590536910857404,-8.009186,5.341075,-0.9054016
-0.2740554440650699,-1.2944135716382756,-4.411098426926671,-0.0881204143713545,0.054035452862519935,0.9946431331914797,0.589467798090071,0.807748803562161,0.008341759923485648,-0.8029692873614045,0.5870440960791748,-0.10305121451444316,2.6047384184852445,0.08239347752951814,0.03143141488287943,-7.726958,5.7733126,-0.91484225
-0.16742020452511114,-0.4368271304406819,-5.275224467241755,-0.09027810265456868,0.05498085874226065,0.9943977923110324,0.62011231708824,0.7844065207856438,0.012927642642643716,-0.7792995338192414,0.6178043023664117,-0.10492893102792732,2.337002014732935,0.13871991614619103,0.0333933223884679,-7.4560256,6.1542864,-0.93110657
-0.07702732249899494,0.45570584291191185,-5.955155329963702,-0.09480448437236903,0.05695666282786997,0.993865206304357,0.6504077338636115,0.7593593464410043,0.01852464042761805,-0.7536438354394246,0.6481726962796901,-0.10905560554904764,2.0009274117366456,0.24092388529455283,0.068485802155024,-7.207448,6.4744477,-0.9667877
0.015814258535626236,1.3063878142109653,-6.528165944398343,-0.10101279451835177,0.059518895858713686,0.9931031750927763,0.6731208031022553,0.7391375374827875,0.02416784464398641,-0.7325993713197998,0.6709184777520062,-0.11474562018989745,1.6116186360230778,0.33377944784493435,0.11516608331806566,-6.9928374,6.7290697,-1.022351
0.11430391293486963,2.0703193076268245,-7.029954075947002,-0.10851592574468484,0.062234813397478085,0.99214470812536,0.6895152507286577,0.7236486252016984,0.030023088717987475,-0.7160935020710346,0.6873556455668753,-0.12145909928442726,1.184708026706772,0.37936751282626363,0.1617080595975601,-6.8231263,6.9173813,-1.0873291
0.22063573692894864,2.7201682499138373,-7.3957726368270915,-0.11790584885414544,0.06537422686826722,0.9908705370871416,0.700223568043514,0.7130012152537932,0.036279765750402745,-0.7041177769980032,0.6981071918465415,-0.12986340827009535,0.7344286603152513,0.41937526300308386,0.20084688290047853,-6.706421,7.0367584,-1.1618378
0.34208306453002846,3.2132308672308336,-7.581692943153623,-0.12758961196568322,0.0688216954205965,0.9894364381595625,0.7033549229702578,0.709635771360084,0.041339133270558076,-0.6992919085947802,0.7011980570802153,-0.13896802265557204,0.25965076270776577,0.46650391757745147,0.21832844903272086,-6.647615,7.085292,-1.2471527
0.43635493996157326,3.5101922160514256,-7.619120987946201,-0.1377898814647302,0.07325403032652342,0.9877488524958442,0.6995345262265908,0.7131999109610592,0.044691534119518164,-0.7011858024490302,0.6971210014520147,-0.14953521250343874,-0.22194728768498234,0.49686534651462166,0.1930775633004267,-6.650284,7.061891,-1.3421891
0.4792190765686035,3.5684538150907144,-7.537975971042716,-0.14672984609260561,0.07829837961723592,0.9860728756105991,0.6899240983085903,0.7224631803699196,0.04529559782958451,-0.7088518388432674,0.6869600894701005,-0.16004657460798424,-0.6780938543940318,0.5206733114463815,0.1380532237992355,-6.7125673,6.9701905,-1.4426575
0.4574021136399477,3.338224757420492,-7.356034282224751,-0.15560164066870333,0.08402725066916045,0.9842395798616261,0.6733082063571796,0.7380851052670091,0.04343312370697827,-0.7227998954417665,0.6694531706557916,-0.17144317848277926,-1.1261551467531048,0.5206459833646171,0.09609344900924335,-6.8316026,6.8105407,-1.5474427
0.39278898616926666,2.846506495509665,-7.067277341653925,-0.1636529806057418,0.08920227173201395,0.9824767970067818,0.6512787100349382,0.7578003809050575,0.039681534184765596,-0.740978334461011,0.6463584380276215,-0.18213148396111728,-1.5088581680034938,0.4872305833270739,0.07786267004522585,-6.9974976,6.5884886,-1.650499
0.41486613207579925,1.5045466466768713,-6.1451078489795865,-0.17445553635854988,0.09721497664324213,0.9798543331281977,0.5864818932341549,0.809603871804339,0.024094797525293095,-0.7909479970969638,0.5788683506239694,-0.19827430124498152,-2.158377972695065,0.35017022721251856,0.012572368173332939,-7.4373336,5.9751053,-1.8249359
0.5443458717990879,0.8066217790864665,-5.426789178179106,-0.1787121521695426,0.10259854907816278,0.9785374312687208,0.5386783508545878,0.842451563229504,0.010049752863961193,-0.8233357238142746,0.528910890412488,-0.20584352283784124,-2.407576844244172,0.2699185321868763,-0.08192503376714269,-7.693118,5.594298,-1.8848175
0.6953104997961207,0.19240078303702202,-4.5414657400645275,-0.17861080842589008,0.10758558672595603,0.9780202046186378,0.4958204607782505,0.8684107781206306,-0.004979027760934942,-0.8498553857865248,0.48403096829939946,-0.2084702496203766,-2.571714833178692,0.12574220764262647,-0.2129857136455361,-7.958327,5.176776,-1.9145966
0.7241867309879115,-0.4650946685293398,-3.55881430605595,-0.17458222271579654,0.11270768604257315,0.9781707545303842,0.44951048146428785,0.8929874774838067,-0.022664768049372733,-0.8760452360347142,0.43573888675113437,-0.20658259121659642,-2.6762409086223813,-0.05612722601733133,-0.3123667483500975,-8.222216,4.7337694,-1.9042618
0.5966754389203235,-1.130980775029463,-2.4329394464028318,-0.1684734932834325,0.11781779951495688,0.97863969272574,0.4005747010362691,0.91533566543744,-0.04123745952143899,-0.9006389511324131,0.38506852676996406,-0.2014242026031517,-2.7548305504718167,-0.16720161396594152,-0.3515150388266683,-8.47683,4.2675004,-1.8638474
0.4409455975162321,-1.6486038463405315,-1.1214018730004511,-0.16073424147369925,0.12292751069048981,0.979312682820617,0.3502857909702187,0.9347294603485515,-0.05983895220300507,-0.9227450537994917,0.33341869020048087,-0.193322380270801,-2.7358308212693996,-0.2592649493809943,-0.36795174823115606,-8.714796,3.7921035,-1.797931
0.35180914917148565,-1.9289721983399448,0.2187053074983617,-0.15186397347966465,0.12773838280876332,0.980112360454846,0.30356770665956534,0.9497144795606507,-0.07674017452530453,-0.9406265283798247,0.28587383855571924,-0.18302426761917764,-2.6372840007519334,-0.3556886167927651,-0.3789088514315506,-8.929759,3.3255234,-1.707489
0.2863335781290978,-2.017174913325932,1.4068193740506252,-0.14122782884275017,0.1329217628116489,0.9810129995730978,0.2553610165573666,0.9623020385531432,-0.09362444883219814,-0.956472711141041,0.23728744036148536,-0.16986648724571948,-2.5337246969846268,-0.4332804965368604,-0.3825099128787973,-9.11881,2.871942,-1.5936981
0.18635861591533814,-1.9664177040134376,2.437637494410738,-0.13086654358153238,0.1379195595548002,0.9817597174783823,0.2111298364808252,0.9714368855587634,-0.10832621623295884,-0.96865528862551,0.193099732315888,-0.1562671596893006,-2.4209254351252967,-0.46520513320543794,-0.3699392627134964,-9.28026,2.4316192,-1.4680068
0.0206114431204604,-1.7949758018781288,3.4327180228467626,-0.11921117222067629,0.1429496074624307,0.9825243539699714,0.1676114430222846,0.978275850774354,-0.12199493251599046,-0.9786165914243028,0.15013630644621198,-0.14060105431954395,-2.211511781824774,-0.5142975721660434,-0.34074114994724497,-9.414406,2.0188873,-1.3340576
-0.18538779960679547,-1.5653147996493393,4.380135279042373,-0.10756913003972067,0.1468291310069159,0.9832955245246731,0.13122962978653283,0.9824774908606526,-0.13235091166337085,-0.9854965373547017,0.11479769820751394,-0.12497225031241375,-1.9308851092310075,-0.5650868813672913,-0.2791242550151516,-9.522581,1.6534027,-1.1933594
-0.40147942953460536,-1.307861230955578,5.221917179653431,-0.09590203947885262,0.1498351329895927,0.9840488970299127,0.09830256478597413,0.9851984760038928,-0.1404299406678871,-0.9905228941770486,0.08326401559090996,-0.10923140491085431,-1.6413529079166753,-0.5504490826396604,-0.20392958538457512,-9.606848,1.3412201,-1.050917
-0.5714704205295551,-1.0336139562187723,5.946222271142072,-0.08768402874183047,0.15180640720759245,0.9845132430974834,0.07248300922528242,0.986672415094805,-0.1456837611558415,-0.9935060336881839,0.05858330680210272,-0.0975384908090296,-1.3669304336728965,-0.41956683415528373,-0.13420769896169227,-9.668592,1.0773789,-0.9312164
-0.6456714733272833,-0.7190071712943308,6.5498827248435925,-0.08201110443065239,0.1528040794137259,0.9848477507029136,0.052357400980147434,0.9874725164383411,-0.14885137366317383,-0.995253543351477,0.03935354650206463,-0.0890038360074375,-1.0431398706876984,-0.2882955924600858,-0.06609429342427864,-9.710919,0.8671616,-0.8435074
-0.6254145088712161,-0.4397775895817383,6.952288812582874,-0.07827309712783628,0.15270162168615178,0.9851677709915382,0.03940866894426122,0.987901154401704,-0.14999421836758203,-0.9961511729355877,0.02708058403237323,-0.08336355695097132,-0.6762878196053937,-0.19514797592307187,-0.0011562725517016998,-9.737089,0.72354585,-0.78202665
-0.506193042004091,-0.2236480327938407,7.148210923834696,-0.07612483650534076,0.15072764102246314,0.9856399887884211,0.024233794372080075,0.9884960316527425,-0.1492927266044525,-0.9968022353355229,0.012517897408189278,-0.07892151718373346,-0.38112174779184654,-0.056072297139213086,0.04937824421631557,-9.755193,0.6017181,-0.7523224
-0.47271451643138873,-0.2833539763983184,7.217825113013489,-0.07754509096658307,0.14731653822042887,0.9860449261741239,0.030790018790555936,0.9889051316856278,-0.1453224513576205,-0.9965117368935824,0.019088352326606373,-0.0812403412030639,0.2875612512210657,0.05583325056984843,0.1458090455133966,-9.749753,0.6341507,-0.76733553
-0.50917815947436,-0.66040633421895,7.39293663894874,-0.07887926251463799,0.14069435450400153,0.9869058519209668,0.05860703388974967,0.9889326446950798,-0.13629908082933093,-0.9951583475823315,0.04708563942702658,-0.0862716975429991,0.7105196089138055,0.025902990487553998,0.16801996004793762,-9.703392,0.9347061,-0.8231705
-0.5638989436126214,-1.0768305072510023,7.348347759872101,-0.08083115220579952,0.13775482870026498,0.9871625661474627,0.07900868875947224,0.9881724265868936,-0.13142633691067734,-0.9935898240902292,0.06736832219506485,-0.09077869039024884,1.0715605467635194,0.09031980350216084,0.15866329157065445,-9.656566,1.1765503,-0.88654935
-0.5732138577401702,-1.6244470210340443,6.9857635195827905,-0.08569356953009023,0.13480690172844348,0.9871594153871853,0.10824827430731343,0.9861985211141556,-0.12527883964030284,-0.9904218936567144,0.09612001568781074,-0.09912323213869884,1.7093840413460635,0.26331642359959656,0.1933078950894491,-9.587334,1.4787567,-0.9690231
-0.5524621921379702,-2.242375335243798,6.434294952751354,-0.09180929999197479,0.1308064289033987,0.9871477754584284,0.15016853714760095,0.9818158749140496,-0.11613353442304404,-0.9843865332861109,0.1375737823707705,-0.10980258416427023,2.0527874324631297,0.2668970414260802,0.22627983734748314,-9.491606,1.8438065,-1.0577362
-0.4709922816615779,-2.787715222546221,5.584554408488369,-0.09854111083844941,0.1268019494226047,0.9870212333568876,0.19474054543977298,0.9751285787554468,-0.10583182156649082,-0.9758903226552292,0.18178173166947423,-0.12080347751252454,2.0527874324631297,0.2668970414260801,0.2262798373474831,-9.366842,2.260205,-1.1467469
-0.39043953263553005,-3.2169736759875955,4.5564553910699,-0.10240383122493205,0.12380378009552397,0.987008652132551,0.23625672969241807,0.9668605837465757,-0.0967645021283846,-0.966277524325369,0.22327590414287093,-0.12827944735154936,2.5577466349023634,0.1865767888360761,0.22193631732191163,-9.211626,2.716205,-1.2234573
-0.3616236577677676,-3.6316850128016838,3.395767668325355,-0.10537817283995983,0.11960537885241086,0.9872132464865344,0.2988614626204623,0.9506561480435616,-0.08327492988418167,-0.9484583638635153,0.2862622423456257,-0.13594359354010405,2.79322849867659,0.07427352392386971,0.20523740419270084,-9.023077,3.21008,-1.2786605
-0.3987654157022804,-3.8565715463649384,2.282619078310368,-0.10713133608575845,0.1167527747697568,0.9873660245380347,0.3414003396292109,0.9370196055856769,-0.07375680611985297,-0.933790491708841,0.3291830955280866,-0.14026334949909997,2.955502378826665,0.04873600247631288,0.21185374247496042,-8.800634,3.7293441,-1.3218231
-0.39884588988731423,-3.951462306070814,0.9981207796142311,-0.11123434675521142,0.11286697720455456,0.9873641504321737,0.39823825958918246,0.9153327480236637,-0.05976829087991886,-0.9105103824218886,0.3865556363811538,-0.1467841390747191,3.017765077134608,0.11614787366128293,0.2482348247545115,-8.546941,4.251741,-1.3685745
-0.2863707212300872,-3.7575056004268625,-0.43634801538866586,-0.11635550921533636,0.10938527239373935,0.9871657701007402,0.4488940133011202,0.8924015488892166,-0.0459743402608486,-0.88597485052486,0.4377812485315629,-0.15295797681584591,3.016420189348211,0.16900499983076855,0.2806154990001154,-8.26635,4.7628527,-1.4202316
-0.0703041446894514,-3.2332643836553654,-1.9822733036053566,-0.1216091604685602,0.10585648837853386,0.9869172285244074,0.50077271473591,0.8650207889683739,-0.031076074855720875,-0.8569910912768269,0.49043996692955494,-0.15822423426987836,2.9575641219496105,0.1462844980638025,0.27419751599185965,-7.9664965,5.253946,-1.463855
0.1624717031941018,-2.4341987133857255,-3.476596651128025,-0.12529265322300595,0.1031380021778686,0.9867442949189511,0.5431187368520352,0.8394458825713359,-0.01877891142106705,-0.8302527487020583,0.5335643923491604,-0.16121232114744508,2.8324117065407375,0.0972291057711786,0.23615542409977142,-7.657799,5.7153425,-1.491504
0.31184844487724084,-1.5489185319101926,-4.670062077624502,-0.1285702656094529,0.10087452546281417,0.9865566465813137,0.58465095961738,0.8112567993638744,-0.006757255673645487,-0.8010298506687789,0.5759204901935926,-0.1632996243496137,2.5974297859802284,0.07309021659774556,0.187396296132962,-7.3536773,6.130545,-1.5088425
0.39832986640064605,-0.5049248502642549,-5.665079553439045,-0.13168539855808367,0.09891575013777673,0.9863440729184111,0.6329848572098774,0.7741336500786905,0.00687473335589902,-0.7628794838955536,0.6252441855490244,-0.1645740000376435,2.3115039908635593,0.04800409157960814,0.12787980354778355,-7.0659347,6.492935,-1.5171096
0.4256523919088376,0.30991783590505184,-6.347759151955305,-0.13279400519564036,0.09840285016260482,0.9862467395454225,0.6543934045448994,0.7560479983525319,0.012676587677510696,-0.7443998046824347,0.6470747681128729,-0.16481254582229,1.9850003204109026,0.03646030395180927,0.07680275843077294,-6.8055267,6.7993836,-1.5197022
0.4036115783182567,1.092852531937457,-6.817986656895935,-0.13500721523652734,0.0984402513360005,0.9859424774047335,0.6794016427283395,0.7334994917995982,0.019796539789695797,-0.7212368292219595,0.6725216453951429,-0.1659279140134758,1.6080154275728318,0.07936276177142938,0.0679278450945523,-6.582629,7.0452867,-1.5278594
0.3786613175084465,1.7764583660196394,-7.166843101239811,-0.1385003956186186,0.09917216468370117,0.9853844539901344,0.6964137330204413,0.717180009677686,0.025704975765945902,-0.7041460437394765,0.6897934316384793,-0.16841428310702636,1.1775653527270364,0.14976529116372872,0.09158334844360064,-6.4078417,7.2250443,-1.5496247
0.4077387738978611,2.3859542687410644,-7.439774319948242,-0.14245359271909516,0.10052729991675768,0.984683317566043,0.7060091883779172,0.7075711531555897,0.029901316825583266,-0.6937247623635953,0.6994530090081308,-0.17178894688845583,0.7260337054426879,0.19695513189128339,0.09405141450705692,-6.289525,7.3380938,-1.5823227
0.49306292935158447,2.8947599498337087,-7.614716282289959,-0.1465156324759865,0.10291682853833306,0.9838400763557934,0.7097528866308496,0.7037197395523936,0.03208376043059941,-0.6890427926750867,0.7029820479858802,-0.17617113858999447,0.2644432468768915,0.21602198208560133,0.056693597677535054,-6.2326612,7.3853655,-1.6220658
0.5894472797944597,3.2036115539722725,-7.6740696975250104,-0.14888872488198523,0.10555027729662865,0.9832046005616641,0.707397836084785,0.7061214259543386,0.031318252037040445,-0.6909532061494932,0.7001776301579951,-0.17981922349423504,-0.19957073107409537,0.20836767480783652,-0.008955427035198554,-6.2396746,7.3677764,-1.6637847
0.6042956368576844,3.2100819535869367,-7.612719822253136,-0.1507816292011741,0.10967992274043771,0.9824638491278402,0.6975932542088986,0.7159801249751211,0.02713138261735446,-0.7004458054520448,0.6894488738047736,-0.18448827614232152,-0.6490611023129826,0.19431674687641712,-0.07126161412472246,-6.3096876,7.286664,-1.7054917
0.5244361761258196,2.9304048245860983,-7.424758582416307,-0.15205220381399678,0.11336181746976771,0.9818498997582361,0.6833223081769642,0.7297984367780174,0.021560714829258115,-0.7141053186792211,0.6741960264184328,-0.18844975934090258,-1.0736783612604748,0.18405969972535915,-0.09240606467430469,-6.437935,7.1443267,-1.7474167
0.3921210850248242,2.412661213304744,-7.139481901313303,-0.1540832963105589,0.11712602629763957,0.9810911434529402,0.6614498671315991,0.7498518407229389,0.014362793457064251,-0.7339876607871132,0.6511533301723841,-0.19303226263419312,-1.4770038970138841,0.19903160296550232,-0.06803953400203383,-6.618132,6.94133,-1.7903
0.2897846956399843,1.8230070248743995,-6.7301034067887215,-0.15739358224311978,0.12014654682043671,0.9802000140562147,0.6357325419552413,0.7718732605990511,0.007470225645633217,-0.7556895107340692,0.6243184088470193,-0.19788857405426258,-1.8537396965860826,0.24501497234656516,-0.00755309182207993,-6.8417497,6.6769576,-1.8411057
0.26837686541481937,1.2031754260781238,-6.204816113527345,-0.16226708119825134,0.12367703405564914,0.9789654670143367,0.6000631436642333,0.7999510406001067,-0.0015987052524768577,-0.783318921349735,0.5871792045320616,-0.20403933253317447,-2.1680388403778545,0.28749855286900905,0.011300702224094478,-7.097348,6.35511,-1.8993652
0.3401207497900417,0.6233269677864781,-5.590515812045675,-0.16555354508573658,0.12680530940815862,0.9780145383456458,0.5624934054987885,0.8267150853646611,-0.011972301397677989,-0.8100542123764062,0.5481421348790725,-0.20821232667989004,-2.388110521737572,0.2319313678229739,-0.032312441298588485,-7.372693,5.989299,-1.9479278
0.4286356904357856,-0.009500160939432511,-4.8993388449198525,-0.16642946251325322,0.12974030070517736,0.9774807867065626,0.5199150739456462,0.853857609341848,-0.024809241282184903,-0.8378448370551661,0.5040754116174111,-0.20958055354144892,-2.5632429159928756,0.11708752726442323,-0.09855035021095354,-7.659108,5.588487,-1.9708526
0.3521304505467426,-1.3185969226621177,-2.931358387986812,-0.16491144678987596,0.1356096519294785,0.9769412659015057,0.4330031962643462,0.8999014371796188,-0.05182311247693361,-0.8861752647506603,0.4144697536460694,-0.2071430024322908,-2.8388268205764695,0.041859143382042885,-0.16438300729484237,-8.227516,4.6783586,-1.967714
0.1952323277295876,-1.9070320124760232,-1.619594480362338,-0.16138320458943706,0.13862543461221974,0.9771071845785486,0.3740020828862535,0.9248248794622612,-0.06943618598568163,-0.9132754275158964,0.35423151510595213,-0.20111694906546007,-2.7971762379375957,-0.08650806348367324,-0.175775301638371,-8.490091,4.1981583,-1.9351532
0.05088950770604156,-2.3120589513511884,-0.2583055977474194,-0.15518482677000772,0.1404646470483116,0.9778483279476202,0.31891907190667595,0.9439640987044854,-0.0849847370478558,-0.9349879624969138,0.29866332980725807,-0.19130531987979674,-2.691427738866378,-0.23574142497761807,-0.17022382137028058,-8.730127,3.7299714,-1.8658905
-0.024553483855073777,-2.48350937485803,1.0323009413224722,-0.14913291445082852,0.14178480477034014,0.9785992248942562,0.27187554679572684,0.9574027381112945,-0.09728146643323421,-0.9507036280518235,0.2515464946332579,-0.18134765685506138,-2.5907641079372064,-0.2821548218102268,-0.15301444652151147,-8.94369,3.2729065,-1.7777832
-0.034070822983800514,-2.39259283963654,2.205936050318096,-0.14294570344725838,0.14354068099845496,0.9792663574148092,0.22334892054614033,0.9685830013419643,-0.10937197448225071,-0.9641972159384499,0.2030809587857204,-0.17053402286703906,-2.4875176362985014,-0.27449500925370734,-0.15339340142062322,-9.127695,2.8236375,-1.6871979
-0.02767740094637597,-2.1496867070761665,3.211082179853867,-0.13645917561000293,0.14595659955351165,0.9798344576705876,0.18149160255633906,0.9760294297926677,-0.12011390419102953,-0.9738759544371596,0.1614381620515508,-0.1596976681186353,-2.294859165444043,-0.31194551402757636,-0.18887228915529897,-9.280947,2.3975952,-1.592157
-0.08760967088389085,-1.8986367581906023,4.1053549665046045,-0.12778988494075608,0.14873306243202877,0.9805856522744043,0.13931555070921522,0.9815809965303255,-0.1307284367725756,-0.9819653263134752,0.11990208316720281,-0.1461765657355399,-2.0508334936707513,-0.38537710383842433,-0.18855454182764447,-9.406273,2.0119736,-1.4830048
-0.25203349687116583,-1.7190067925632122,4.946181125150108,-0.12031302138043856,0.15112432307940707,0.9811657433176626,0.10457240695246939,0.9847757249910353,-0.13885741885987998,-0.9872105330237553,0.08589348485828675,-0.13430440330031518,-1.8304872656666984,-0.36926083579300095,-0.1633593598211625,-9.507527,1.6664032,-1.3729233
-0.663469755680496,-1.1885302168521104,6.397504424096502,-0.10945483344941015,0.15512638907650642,0.9818123256746406,0.04616905738397925,0.9874742892092785,-0.1508739403965618,-0.9929167685899509,0.028812364597565157,-0.11526551218464345,-1.5793161381374095,-0.28150357735098475,-0.12400579281488536,-9.641971,1.11306,-1.1992996
-0.7195134322227813,-0.8286944656518187,6.77132310798683,-0.10461202414589733,0.15636230760316294,0.9821441610909839,0.021334187920494237,0.9876883865372921,-0.1549725883019773,-0.9942821607857019,0.004738124237445101,-0.10667958999746865,-1.2348574792317542,-0.23719659494956907,-0.06547967185230347,-9.679204,0.9336197,-1.1326218
-0.5256559787113393,-0.3701378261787395,6.811846436513087,-0.10244545137502405,0.1574061746261925,0.9822057959929358,-0.00492883337986569,0.9873084393223266,-0.1587379974810877,-0.9947243632729376,-0.02110626310683549,-0.10038907694025204,-0.6057747766221269,-0.04957384060415308,-0.023726629429781713,-9.712992,0.72099,-1.0988724
-0.40749974112523457,-0.2625974675032534,6.73940795976981,-0.10461769280761261,0.15788126142301767,0.9819005273667436,-0.011769646804002451,0.98705272863824,-0.1599637018257415,-0.9944407731500181,-0.028294813916222763,-0.10142461339459237,-0.3572705546325561,0.11230391304603482,-0.027599543856659355,-9.714274,0.68779147,-1.1229355
-0.3346775005419372,-0.24457616394345527,6.756625034431816,-0.10771267462929865,0.15812087342747866,0.9815272635595684,-0.012855556417759019,0.9869670790400147,-0.16040797723396488,-0.9940967912048636,-0.029899214259435404,-0.104295765507829,-0.05497902456525189,0.15153470929422455,-0.01629944486814079,-9.705874,0.7249603,-1.1519699
-0.32332277228930223,-0.3839201013342975,6.840725423528223,-0.10929622972957377,0.1575708757837321,0.9814406519355352,-0.0024737305543651436,0.9873095051293714,-0.1587886058198793,-0.9940039578103965,-0.019785967553960417,-0.10753905032695228,0.6494804450079713,0.09878036802974736,0.03196369214635156,-9.687517,0.83085024,-1.1855195
-0.37567620462051654,-0.6407690988811585,6.89620061114091,-0.11165661985727439,0.15678387269554342,0.9813009816079041,0.012934634240558534,0.987621457813838,-0.15632194632428684,-0.9936604326775165,-0.004764747002523146,-0.11232204466236534,0.6494804450079712,0.09878036802974736,0.03196369214635156,-9.655579,0.9982422,-1.2378738
-0.36665350027872096,-0.9600340247656926,6.831559482907989,-0.11558512822319268,0.15517983208882613,0.9811010640329121,0.033625732081397595,0.9877663557131704,-0.15227257226103946,-0.9927259427552029,0.01538669267641452,-0.11940876127519533,1.2743447125168057,0.23744923028683831,0.09970425579059908,-9.607821,1.2211227,-1.3096069
-0.2369568610600943,-1.356879813110101,6.5494981832067785,-0.12125936908017627,0.15302149516888225,0.9807551108337687,0.06318763059551798,0.9872320635373116,-0.14621961449636825,-0.990605210378654,0.04423803256234493,-0.12939982088734553,1.274344712516806,0.23744923028683818,0.09970425579059905,-9.542046,1.5014617,-1.3879547
-0.06925834676987933,-1.7653804637040358,6.122641596239966,-0.12447103109503631,0.15108249021683498,0.9806533758510287,0.0939522772728742,0.9856933934619142,-0.1399339246953994,-0.9877626298707085,0.07471387588567723,-0.1369044330218816,1.8559658831679346,0.18199327640916713,0.12723612370064588,-9.4544525,1.8368561,-1.4619064
0.03905551772428198,-2.274211390695361,5.607863681879459,-0.12895113438158332,0.14859072230914316,0.9804552015188407,0.13582220241818832,0.9820386646297944,-0.13096713367209314,-0.9823028384140412,0.11627625213285368,-0.14683653099163227,1.8559658831679346,0.18199327640916724,0.12723612370064585,-9.342221,2.2173781,-1.5302658
0.041975220184594875,-2.7662184721815986,5.033779018822713,-0.1317545503818305,0.1467721187509149,0.9803564064211799,0.17323732761727645,0.9771677100475351,-0.12301257805753732,-0.9760248059249284,0.15362392116899443,-0.15419231194800215,2.2857240006644632,0.1493200784181059,0.13072982650760645,-9.205252,2.6296356,-1.5988739
0.009738775419757262,-3.256693839481427,4.311014246579423,-0.1357979301139962,0.14439855057548126,0.9801571204498057,0.22528358648610392,0.9679057386080026,-0.11138126606182876,-0.9647802786392363,0.20568507762996324,-0.16398982526106537,2.285724000664463,0.14932007841810585,0.13072982650760645,-9.041403,3.0692246,-1.665622
-0.05403500170563574,-3.59759688774223,3.49733680130835,-0.13778785242754082,0.143223480160253,0.9800518060052705,0.2667067611910332,0.9583064583923633,-0.1025486954493127,-0.9538746001355182,0.2472536135685941,-0.1702612633383741,2.641093764129685,0.10107432502128066,0.0979471148197788,-8.846891,3.5341675,-1.7265488
-0.13347146608072857,-3.9266580421081203,2.428029153564497,-0.14037932796270725,0.1413828987111239,0.9799512846222406,0.3281390519192077,0.9404577969103702,-0.08867860190563084,-0.9341376560025978,0.3091088148445786,-0.1784336857864957,2.7662753740081065,0.08259075369467478,0.10609084818162187,-8.6202755,4.014894,-1.7801361
-0.21936783423165945,-4.0598792952411165,1.3021945750158725,-0.14221695461017436,0.1402631858963469,0.9798472210011188,0.361764589980364,0.9287920001625335,-0.08044750754560895,-0.9213552391913122,0.3430302229391493,-0.18285182352123003,2.8333453630223473,0.10549680923158045,0.12975044646103923,-8.363963,4.497142,-1.8307098
-0.20129973734199724,-4.000008885020514,-0.07165196407116903,-0.14542560345561112,0.13831859759938891,0.9796526728477345,0.42299024131490215,0.9038128668396882,-0.06481941905992675,-0.8943855129509524,0.4049543505771617,-0.18996454451316108,2.8241984431740295,0.0925040829562847,0.12594576650703365,-8.084421,4.967154,-1.8728867
-0.1330733010328945,-3.644716066931998,-1.4349795166838086,-0.14694863459964866,0.1371206015791484,0.9795938134818288,0.4708268970793036,0.8806536136756671,-0.052642618728034635,-0.8698982799163424,0.4534806118363196,-0.19399050823983058,2.791841571688773,0.043080819426407846,0.08942842021442118,-7.7868285,5.4208345,-1.9005111
-0.07815699279327981,-3.079003670918954,-2.706713896906127,-0.14736301845325633,0.1362610657854204,0.9796515006589676,0.5185679197927858,0.8540630360347139,-0.04078777562985723,-0.8422389729887462,0.5020025054594851,-0.196537520314223,2.701615329082825,-0.003246472589978844,0.046024340351887016,-7.4782014,5.8491073,-1.916063
-0.08670975864363167,-2.452908277113635,-3.8277403929029887,-0.14682892452447235,0.13529431108282236,0.97986566238011,0.5578855560584581,0.8293419284181082,-0.030913940366119205,-0.8168232212788069,0.5421111330144068,-0.19726972560824205,2.552845355473389,-0.05324124174113587,0.02866578298281902,-7.167816,6.242134,-1.919165
-0.11237530230199338,-1.7591684372472944,-4.770613973889416,-0.14523412906676506,0.13381372488955864,0.9803065514344991,0.5988419503550656,0.8006031627006297,-0.020564385927414275,-0.7875854174613804,0.5840593598547082,-0.19642778410472747,2.3740037228089665,-0.10224990070071122,0.013692821884265655,-6.8634644,6.597514,-1.9089066
-0.10755027360791236,-1.051570176745225,-5.462420585643085,-0.14333969655241574,0.1324476864188706,0.9807707896111866,0.6302528840752878,0.7762856834300053,-0.012721612172713313,-0.76304040358134,0.6163074573933682,-0.19476770898624193,2.174639992344368,-0.12782034855080626,-0.004311251940693636,-6.5722976,6.9171705,-1.8868729
-0.06489677812385031,-0.32085530373682625,-5.983230611038383,-0.14245425534562364,0.1315549965497288,0.981019912140791,0.6556714233373742,0.7550221998982553,-0.006038367281175605,-0.74148334008687,0.6423638995101805,-0.1938326004048234,1.904858964075158,-0.07192370264195222,0.006528409521491058,-6.3048234,7.193042,-1.8679917
0.015838281727007963,0.44221319687457017,-6.4470352768791646,-0.14323736790515051,0.1314599217357789,0.9809186232368249,0.6761175408918574,0.7367937773266432,-1.3819037171461206e-05,-0.7227336891411726,0.6632116783662414,-0.19443838165091246,1.5635330308623043,0.029607217937268504,0.03298641733138288,-6.0728073,7.415395,-1.8657043
0.12668805715060916,1.2283821448420356,-6.883519619601896,-0.14517002082910244,0.13232649663046392,0.9805179056712765,0.6938314217163312,0.7201161398420485,0.005541026796827913,-0.7053506407823642,0.6811158765625023,-0.19637116958047643,1.17881437517149,0.09644400915136335,0.032757933511373294,-5.8873763,7.5807695,-1.8782532
0.2226975547218858,1.9381698577490551,-7.2316638510958455,-0.14710726210347738,0.1341769074978701,0.9799775563403109,0.708333881933238,0.7058110121092046,0.009691568018190003,-0.6903756236769052,0.6955743227896802,-0.19889157777141742,0.77980188371869,0.10250025226178919,0.0015976636573448583,-5.756572,7.6912127,-1.8950989
0.2710112675692214,2.396205569513057,-7.437964661158809,-0.14800806075031028,0.13541621641880988,0.9796714052598182,0.711949601323414,0.7021519837749172,0.010505068122657776,-0.686452703471231,0.6990287924367528,-0.20035327110245882,0.36359457500026343,0.10799676154919682,-0.01605673859303193,-5.6856093,7.747363,-1.9134995
0.26066296272753126,2.643576733867015,-7.465915729611101,-0.15051668587270103,0.1380528357200272,0.9789209068272873,0.7108182962050533,0.7033030173578839,0.010110151102844342,-0.6870792817159639,0.6973538760811199,-0.2040089021374192,-0.07342237576533384,0.16429291858417652,-0.0026734872121083747,-5.6770964,7.7464495,-1.941922
0.23546268580651442,2.7031127376804034,-7.3718815191290545,-0.1547155769815189,0.14142285624190457,0.9777845703280748,0.7035444427615375,0.7105998988702569,0.008544026265161044,-0.6936022014224229,0.6892339657481972,-0.20945769654272306,-0.5115396369268351,0.2689440163105685,0.029389316274413352,-5.7305694,7.6856446,-1.989885
0.2202707185622848,2.609285855842804,-7.251277686484475,-0.16039496171298287,0.14569584871822883,0.9762408390983068,0.6905162881257175,0.7232958947255806,0.005504916537424517,-0.705305739320264,0.6749902470581454,-0.21663790171223837,-0.9547696094137272,0.37402637294877356,0.046981408653779644,-5.8445253,7.5632005,-2.0593262
0.21290208891557333,2.3561228007108235,-7.150156593412077,-0.16713738115062024,0.15095717532579336,0.974308486589217,0.6702570490133067,0.7421290237045384,-4.8170327604790675e-06,-0.723059989860778,0.6530333063514927,-0.22523710142463402,-1.375886456662201,0.4263517514460015,0.036032232339638814,-6.016368,7.379916,-2.1415725
0.18931329176719253,1.9571965569200067,-6.999374394690018,-0.17372560909637422,0.15642697361636088,0.9722911162143366,0.6450445149243464,0.7641064115946266,-0.00767887530040076,-0.7441315840313668,0.6258339051305915,-0.23366666179830717,-1.7641429087033433,0.45214865499997525,0.010606905717772931,-6.2387924,7.137384,-2.2297485
0.12856247233830542,1.3482780409613562,-6.722981519315704,-0.18103797063289562,0.16211293647523684,0.9700230146839296,0.6117408619636111,0.7908534381597836,-0.017998798702933718,-0.7700602530701759,0.5901410063957225,-0.242365012350674,-2.1152429033856635,0.45899348410249824,0.007033032972684695,-6.501462,6.8368225,-2.3192947
0.09868568744416573,0.5902334575969586,-6.247191888457812,-0.18677994690506072,0.16640816045224335,0.9682053375028685,0.5753511013233897,0.817374678371236,-0.02949143881471908,-0.7962904062668895,0.5515462692056908,-0.24843168439753716,-2.401917093008558,0.3823131904458546,-0.004547200722383855,-6.7944517,6.4846926,-2.395804
0.14139902109143188,-0.21970816449696917,-5.5275973034933665,-0.19049126558985302,0.16999663370920023,0.966857912136792,0.5321433091613789,0.8455195950387326,-0.04381908853679936,-0.8249425974818728,0.506156414783033,-0.25154600898016377,-2.6050502012601697,0.255340345750235,-0.04757138926709581,-7.1071215,6.092879,-2.4446747
0.22200085661561214,-0.909890608952991,-4.563718464340337,-0.19254111344256908,0.17343700881723392,0.9658403199322478,0.48762475632186153,0.8710434937108652,-0.05920581631813018,-0.8515535549328712,0.4595646276009621,-0.25230318297473003,-2.7503745683410497,0.18685137670899282,-0.10067414302991487,-7.426802,5.668657,-2.4698532
