-0.19897131723584172,0.6937319534436316,0.6092396685903259,0.999990911548759,-0.0037917222023893223,-0.0019492723314449775,0.0037902208648655615,0.9999925180713755,-0.0007733220967048184,0.0019521899696921985,0.0007659268957426992,0.9999978011527388,0.021452641,-0.054375004,0.10567017,-0.92729795,4.7403746,8.534294
-0.2812249383035033,0.9110926461485369,0.9472957035065622,0.9999614622828649,-0.007573752755020571,-0.004439844402723259,0.007558702254525269,0.9999656629345761,-0.003396906245541035,0.004465419279531245,0.0033632158746324014,0.9999843742827378,0.10671262384232948,-0.10209228340148765,0.15433350110221053,-0.8987991,4.759801,8.525953
-0.4083841193674145,1.0935169652176926,1.4050428770097512,0.9998976863830309,-0.01193168789865823,-0.007889967664749276,0.011868016819804239,0.9998970230745103,-0.00806804954724442,0.007985420629285598,0.007973585806960386,0.9999363254661531,0.2259153400798849,-0.16903259343366667,0.21102905856621146,-0.85418093,4.798457,8.507301
-0.5726095475772522,1.1622997887644482,2.0447785275116925,0.9997577579025513,-0.0175161520714629,-0.01332703756553183,0.01730307903041792,0.9997232409544776,-0.01593878764343795,0.01360253541553275,0.015704327813850682,0.9997841492633219,0.38180821458400277,-0.26896704336222904,0.26976099194019304,-0.7884796,4.8618345,8.474157
-0.7827753604935229,1.1390715155140378,2.902592868252866,0.9994545793305403,-0.024450300023289462,-0.022197447690758446,0.023835289583098457,0.9993359269709515,-0.02756055216426183,0.02285657073365699,0.027016437475734838,0.9993736484820966,0.5575165991868579,-0.43707184403337257,0.3267841859610715,-0.69168854,4.953145,8.4229
-1.0149844237683747,1.0687557112682786,3.7659986099809144,0.998837881113787,-0.03263040686800074,-0.03547032280300055,0.031086681027872983,0.9985811748487485,-0.043234887537318335,0.03683076858811955,0.04208198884703539,0.9984350758561553,0.7523382492996852,-0.6595546999587183,0.3754530327981848,-0.5544693,5.0738297,8.349365
-1.2117662077380535,0.9544454213102048,4.349335631810952,0.997745757233284,-0.0413904310103742,-0.05282268588169407,0.03808548112259787,0.9973424049715783,-0.062109768741871164,0.05525305467248768,0.059957980838950264,0.9966705275481338,0.9364325207932261,-0.8979792569696623,0.3966650823742628,-0.37587127,5.2216187,8.250972
-1.3482026332364494,0.7527258823606173,4.5895207990939175,0.9958557408723633,-0.050970495806837934,-0.07532165643930816,0.04449476771258317,0.9953626460257079,-0.08528433937660904,0.07931934831905343,0.08157947936770911,0.9935055256657279,1.123261659237669,-1.1441788297567013,0.3929293426953625,-0.15821227,5.3940887,8.125171
-1.4139750267552742,0.4062711420609101,4.597517770301951,0.9929814646383918,-0.06066981465937668,-0.10152331985209484,0.049117589148878434,0.992419489775669,-0.11265442179338832,0.10758844417871213,0.1068771720368646,0.9884341135233075,1.3670222863403203,-1.3761154255112236,0.36402775695039413,0.09261322,5.596532,7.9627976
-1.4336767413626745,-0.09327858187560878,4.425697361281414,0.9886415626099404,-0.07091681380900912,-0.13250911741971919,0.051106723148477966,0.9877657057659859,-0.14733300160401472,0.14133634893119118,0.13888742215118735,0.9801705568109045,1.6697164554100277,-1.5650624492205576,0.3069679388096691,0.36515656,5.8358355,7.7529783
-1.4050600033163834,-0.6822258849176185,3.9948783270510075,0.9829331219843066,-0.08083451123327776,-0.1652521089119915,0.04928325737172626,0.9811605527887869,-0.1868023827311482,0.17723892983488646,0.1754700870373047,0.968398993342158,1.9747730542587378,-1.706033537391308,0.22733688649870398,0.64769745,6.110872,7.4908037
-1.2961710169509166,-1.298194035929016,3.2398865236101213,0.9755397152475118,-0.09066655911391684,-0.20025443573925036,0.04277351984799324,0.9718596144034229,-0.23164480544886698,0.21562163614678437,0.21741312046441158,0.9519657793614804,2.228516747236367,-1.7858144632652857,0.12638888125067926,0.9263657,6.4123335,7.179097
-1.0659759564809488,-1.7901369737414883,2.274852095049945,0.9671057623031001,-0.09954074116204821,-0.23408990872963542,0.03187140416515987,0.9604211135526493,-0.27672278229092423,0.2523700816592172,0.2601594232219916,0.9320012963468025,2.4189865516147244,-1.8221518070498801,0.014594058329900794,1.1908783,6.727704,6.8256364
-0.7185611716034711,-2.0393940186310346,1.1708101278161365,0.9570274659482346,-0.10845540876953302,-0.2689532556585498,0.015876870415954897,0.9456380327765764,-0.324833243299145,0.2895623497737486,0.3066041997022872,0.9067235026833841,2.5395607701289897,-1.7960459413004086,-0.08422372523922306,1.4329865,7.0457015,6.4388566
0.20478888200140916,-1.931549328170655,-1.3929624731983177,0.935700284466517,-0.1259302391957708,-0.32955508265747346,-0.023190742279634274,0.9101483955800824,-0.4136327930610934,0.3520329063053592,0.39467894912079826,0.8487056969286256,2.598154888151574,-1.6702147764738877,-0.1575139351212992,1.799585,7.6563616,5.6097183
0.5880047683799561,-1.829830223536677,-2.5317366225163243,0.9251040908728387,-0.1342913272390335,-0.3551735638792905,-0.045222742719201625,0.8897490851041641,-0.45420421519098203,0.3770110404103447,0.43624810026483984,0.817037496339077,2.577662782326849,-1.4694640301184632,-0.2026499767944363,1.9112365,7.937041,5.1940765
0.8466390956687675,-1.7676038963044824,-3.430775509927126,0.9185296289216965,-0.1389464523507686,-0.37013133368049933,-0.06355477687401413,0.8721363319454145,-0.48511752064555674,0.39021034216107586,0.46911843054812224,0.7922523505743624,2.386969037129386,-0.9974749161883618,-0.19642759654528524,1.975676,8.197868,4.7916746
1.03204157080881,-1.521788377888737,-4.162980953876158,0.9089714166282673,-0.14638702603858417,-0.39030987991643096,-0.08975016656096298,0.8456296523837628,-0.5261705033652078,0.4070821432525374,0.5133043245647707,0.7555149231008114,2.386969037129386,-0.9974749161883617,-0.1964275965452852,1.9975555,8.429324,4.420779
1.0864136421867208,-1.132517522542288,-4.707505178429548,0.902109272274381,-0.1518679970030196,-0.40389970582172574,-0.1118732713506121,0.8217004451031222,-0.5588315933039606,0.41675320278781086,0.5493127433471953,0.72427362092132,2.1535699162521134,-0.7395337794691019,-0.163650699429444,1.9879776,8.620252,4.1026735
1.022793716844072,-0.8221972154656076,-5.045961711465786,0.9003493920444486,-0.15267613495620688,-0.40750579144353877,-0.12082095533080697,0.8119151496838062,-0.5711357863650937,0.41805893005429523,0.5634569970536852,0.7125608349278685,1.4062501234261136,-0.2946067373489159,-0.12346850511198904,1.9573746,8.7665615,3.8510804
0.91008683681599,-0.5425483839058405,-5.175664886391775,0.8990075985290784,-0.15186025086024924,-0.41076002969573433,-0.13327675650378493,0.7985872732044128,-0.5869375377770374,0.4171602137821982,0.5824060707827506,0.6976965850228793,0.9582755221800904,-0.09541066449702404,-0.10836747688493456,1.9144913,8.867445,3.6773865
0.791413979657751,-0.38362009429862054,-5.240718062099388,0.8994832705365189,-0.1497637495526705,-0.41048832546718256,-0.13840784394409653,0.7934019026160954,-0.5927534813562096,0.4144552023556627,0.5899866441243263,0.6929232605384535,0.5232113016005016,0.09171411789173436,-0.08196497289834255,1.8643143,8.926715,3.5818284
0.7279302526155748,-0.30927871818099684,-5.344371961910101,0.9015986315231996,-0.14567297220182907,-0.40730736895540887,-0.14012357302516087,0.7924692820426908,-0.5935973562116028,0.4092496694172823,0.59225992789368,0.6940770028557476,0.09251402836595907,0.2758314559579157,-0.05331855305090767,1.8092651,8.94646,3.5655944
0.758417388279239,-0.26051202620021696,-5.434379187965558,0.9044855106939493,-0.1410516262244559,-0.40250515485412214,-0.13830179410875135,0.7957386695046166,-0.5896376714570762,0.4034582688345909,0.588985915446591,0.7002264038970079,-0.3379902573305953,0.45115697700020474,-0.026561582628862213,1.7505996,8.927402,3.6288924
0.8199472873143422,-0.27296180096794087,-5.447593904084858,0.9112201299586455,-0.13143410524282947,-0.39038820517167866,-0.13000925386212775,0.8075212257730715,-0.5753321334987025,0.3908650261514334,0.5750083007270181,0.7187419463386464,-0.7549410850560612,0.6273268781068334,0.009361576865195453,1.6879867,8.870563,3.7666855
0.9175232601068095,-0.27364842163114256,-5.375335654885599,0.9159694631748924,-0.1251723328017484,-0.3812241199505437,-0.1227057857311796,0.8171959247696152,-0.5631466156233447,0.382025172834451,0.5626035083794819,0.7331671430716911,-1.1539694225955786,0.8097755675626959,0.049048861570508306,1.6171128,8.77453,3.97527
0.9129625374194401,-0.5095055521050096,-5.067967565541694,0.930892715614585,-0.10635112487374757,-0.34946843956756735,-0.09742433312185653,0.849747194011235,-0.5181102253244902,0.35206143118987554,0.5163517643120059,0.7806622856014082,-1.5347024487478373,0.9991620510815246,0.07867895835364802,1.4291122,8.459653,4.5783324
0.8703451368083248,-0.787190681728537,-4.8063505061285845,0.9418544784808444,-0.09280649280484586,-0.32295060962760147,-0.07836234424466093,0.8739372706713234,-0.4796800912441948,0.3267560012762682,0.47709600902210664,0.815849197955799,-2.1604901500972535,1.3894093502999536,0.11073215869481923,1.2981064,8.240018,4.950911
0.8536021089329227,-1.0743936309376247,-4.440785330517758,0.952431440493892,-0.0800812864764483,-0.2940430898950111,-0.060286909365411756,0.8962797973901543,-0.4393722946994161,0.29873037963671384,0.43619893666369836,0.8488172052542072,-2.3726622283951295,1.5934318944732475,0.13225098915595457,1.1335099,7.9842515,5.350171
0.8643839178654956,-1.3119574389385935,-4.0209985256570295,0.9630814523246033,-0.06763991718425812,-0.26057428459392984,-0.04266015984699927,0.9173467242611542,-0.3957967890839418,0.26580862843436837,0.3923006870891724,0.8805940858075317,-2.4770198674191124,1.788531003609842,0.15630083229772251,0.9301804,7.701111,5.7554216
0.8802280296309449,-1.4529277682045079,-3.5041497311891723,0.9727393901995233,-0.05616793584553092,-0.22499609271520832,-0.027363267896933177,0.9356466755920623,-0.35187575935764986,0.23028098124738602,0.34844003994428446,0.908603438381875,-2.569761529995423,1.982714739638743,0.15511232424142396,0.684697,7.39194,6.157861
0.8243902736761817,-1.4666755619655323,-2.8697619095747684,0.9819867125830277,-0.044131766064141084,-0.18372393293862588,-0.0137949299069519,0.9530018526601828,-0.302650241591051,0.18844573812967763,0.29973297457957365,0.9352263617597832,-2.6344597485445345,2.1471287492444686,0.11404905579663416,0.39713898,7.056853,6.549159
0.5446940600979907,-1.277600030207482,-1.1220143519655297,0.9943710118800076,-0.021383038802942372,-0.10377406412143807,-0.0015560573467599155,0.9763710553092529,-0.216095212903547,0.10594276482262513,0.21504029391220544,0.9708418010035875,-2.523911651186674,2.344113287427398,-0.031120981378428447,-0.2902527,6.3390336,7.2483125
0.43811329863575194,-1.0622977330373298,-0.10436001799273727,0.9980983845454221,-0.010709917459872103,-0.060703479602245286,9.064794432121076e-05,0.9850443489002094,-0.17230096483395757,0.06164094865239876,0.17196781201075198,0.983172144174898,-2.372710376306281,2.3649594406637955,-0.1117241910904404,-0.67358243,5.9790907,7.534285
0.36038243999080205,-0.6481825495089775,0.8817014049314996,0.9999702928518521,-0.0003359765528030698,-0.007700683965447631,-0.000580213862061054,0.9929342152346463,-0.11866468543012974,0.007686141141951923,0.11866562828432428,0.9929045230525602,-2.3727103763062813,2.364959440663796,-0.1117241910904404,-1.0700424,5.6253495,7.7738647
0.24023830921861214,-0.052340208973792476,1.8402646908545301,0.9992243302558087,0.008455092008429525,0.03846100939858638,-0.005589230183912571,0.9972411199002347,-0.07401965472816845,-0.038980743076298716,0.0737472724868864,0.9965148475913261,-2.2240162185303904,2.3168044326470367,-0.21312497014230886,-1.464888,5.2846556,7.966324
0.06176611964504777,0.6630372581070343,2.8485356800523385,0.9963964660916401,0.016918523930187123,0.0831134520286175,-0.014226899939003263,0.9993583354062759,-0.03287115410391203,-0.08361625247650861,0.031570255019895764,0.995997811905108,-2.0322759056045125,2.2015959934559883,-0.2972892904943309,-1.8413925,4.9752717,8.111384
-0.1677691128562069,1.444050024104069,3.8958061262423747,0.9922189862672983,0.024006717796681135,0.12216857530201417,-0.024266305761326774,0.9997053267751764,0.0006371985842759942,-0.12211727844736484,-0.0035968205360452574,0.9925091602532643,-1.7590307618625842,2.015367615720277,-0.3346606364999242,-2.1809998,4.708371,8.2163105
-0.4074584896552511,2.222197076010217,4.834119864201805,0.9869769923829234,0.030044038695805644,0.15803092180203945,-0.03518098919933384,0.9989362945579296,0.029809015646776925,-0.15696724023092778,-0.03498049676202934,0.9869841185857894,-1.4780734994754168,1.755070162054815,-0.32734563831842733,-2.468103,4.480928,8.293955
-0.681833333420591,2.88847910710305,5.565810736540633,0.9833191130757083,0.03332201396682769,0.17881041704888312,-0.042642406088092805,0.997910771032811,0.048535742084769004,-0.17681953247031063,-0.05535102927584574,0.9826856651519268,-1.0135067577272452,1.0747497726419724,-0.21719762413197086,-2.6917694,4.2924194,8.352133
-0.9016605958307041,3.4433800334261697,6.076760970313338,0.9805598167941878,0.03504136631642513,0.19306617605169848,-0.048031315693189976,0.9968560055642935,0.06301663973255298,-0.19025098791157047,-0.07106480716275325,0.979160025114175,-0.7447114723187696,0.701824903201611,-0.12859301608364976,-2.8452225,4.14933,8.3941345
-1.0488158527401374,3.8658994180296307,6.371629261444561,0.9792923070859776,0.034871451948673596,0.1994255728867623,-0.05004557851360684,0.9961799659150873,0.07156057280831603,-0.19616833932482708,-0.080059086607375,0.9772965390801975,-0.4501742068720487,0.3314929378327596,-0.016411687515047194,-2.9246583,4.0586805,8.42263
-1.1734936017473816,4.149358008060963,6.492606044138048,0.9795018321774046,0.032775423525163376,0.1987509304980792,-0.048458588189849605,0.9960381242692669,0.07456420208657498,-0.1955196307068751,-0.08266696205200194,0.9772094183916464,-0.128019543771827,-0.025729329792117422,0.10429259325038144,-2.9298599,4.0256653,8.438985
-1.3419104072964598,4.277734167802361,6.566769875902122,0.9809338386713095,0.02958442120468255,0.19207697980641042,-0.04411321998854199,0.9964423711139478,0.07180964330127705,-0.18926919446072274,-0.07891364312207373,0.9787491041923824,0.21114531533724032,-0.3878872465898075,0.22128878526759496,-2.860782,4.0540466,8.442024
-1.7077064613859627,3.814588444028016,6.6625895981976955,0.9875227660958116,0.015341558043569296,0.15672722494599234,-0.023100856714373338,0.998589411655986,0.047807293874622375,-0.1557727089754106,-0.05083132425334076,0.9864841811266482,0.5819774533638612,-0.7436692917507906,0.3520262481379056,-2.4980118,4.3076096,8.392154
-1.76947726891843,3.2378299372182404,6.487618651421071,0.9909082549121805,0.006191863492057189,0.13439676771928655,-0.010317346518568533,0.9994960020510945,0.030021562995542945,-0.13414314260413013,-0.031135232621184575,0.9904727227853943,0.9496857055365606,-1.0822496346469845,0.49098528937025676,-2.209909,4.517531,8.333244
-1.743394414886095,2.463875226350618,6.047035450089592,0.9942651631513858,-0.004092968662910009,0.10686455423137996,0.0032610241842832245,0.9999630123490909,0.007958621426012703,-0.10689317595065034,-0.007564492134803032,0.9942417348884152,1.4569566553796247,-1.7037596355005644,0.669483759402825,-1.8617218,4.7617416,8.247641
-1.6684977598460882,1.486391836855942,5.39326038451281,0.9975524471854099,-0.020282603713552616,0.06691585089497054,0.02199435232395866,0.9994468748709635,-0.024943792344302808,-0.06637291300107726,0.02635451189578587,0.9974467785914626,1.456956655379625,-1.7037596355005646,0.669483759402825,-1.4661468,5.0336046,8.12929
-1.4512730478675293,0.43245985670773546,4.598721249851327,0.9989391510479486,-0.03231637880914468,0.03280585563990915,0.034081025452691156,0.9979189224057697,-0.054738542258648146,-0.03096863264168674,0.05579853013451774,0.9979616564914363,1.9112384599993062,-2.1765010708530443,0.6681772659375304,-1.0361465,5.3337693,7.9695435
-1.2726040635421623,-0.7830858708466175,3.635248398580239,0.9984180112726732,-0.05284404179317071,-0.019208904530995413,0.05063515406877745,0.9935534045334868,-0.1014283664087616,0.024444957327646608,0.10029526203605282,0.9946573804453316,1.911238459999306,-2.176501070853044,0.6681772659375304,-0.58677065,5.6613283,7.760431
-1.0809811346951221,-1.9102359961769086,2.5763623048059974,0.9961286414907623,-0.06650884226941604,-0.05748307143628765,0.05788329816724875,0.9883852838215067,-0.14051353855896742,0.06616081464922274,0.13664225051228862,0.9884086411904179,2.3783895035427176,-2.4170480677124537,0.5504891238291462,-0.13283233,6.010237,7.497438
-0.9789696992445007,-2.8151750539068923,1.4963576568587538,0.9923358522186767,-0.07940060706435045,-0.09468421198512673,0.06142530833892518,0.9818246636855921,-0.1795752245554584,0.10722167643205258,0.17238292658058693,0.9791770211389831,2.4981550886978234,-2.4843486580188863,0.4450604113904525,0.31352082,6.364412,7.1867447
-0.9053687505776153,-3.44813282073906,0.3178939490056525,0.9838218319490886,-0.09856920128613647,-0.1495951721752803,0.06105084961093451,0.9695128265062986,-0.23731344884256403,0.16842623531422207,0.2243412396274532,0.9598456185555553,2.5140420363126808,-2.502901052756341,0.33440926762767464,0.74309695,6.7062516,6.841623
-0.7279619375618241,-3.7849810024318336,-0.9367083496352031,0.9723094173992551,-0.11729897273353758,-0.20212705863485272,0.05452919725488953,0.9549087743385348,-0.2918489323914275,0.2272464817845542,0.2727456391712534,0.9348630128685204,2.4521827012487654,-2.457151619107141,0.2075111189639901,1.1442444,7.025693,6.4755735
-0.4269312478756926,-3.8809709314847716,-2.2418465174217754,0.962054878348745,-0.13017052695868317,-0.23980418044037383,0.04540910916389406,0.9429925624331599,-0.3297014407015626,0.26905096887081115,0.3063015852179731,0.9131215226039934,2.31093330195467,-2.333427258214216,0.057804647481705995,1.5051559,7.31425,6.1061373
0.012607204021183649,-3.756713627857803,-3.649440646235731,0.9500391417516101,-0.1420939941600377,-0.2779117233286684,0.03182701871874948,0.9298288111427684,-0.3666134515375883,0.3105038969471068,0.3394520272328249,0.8878961939259491,2.1122683613067554,-2.123599949366028,-0.08352766596601702,1.8143479,7.5670214,5.7494216
0.44349987391901113,-3.4518976882231636,-4.930647099081692,0.9393393398631595,-0.15077675621887277,-0.3080713786925964,0.01777315444767002,0.9183861856154039,-0.3952858826871625,0.34252842154545626,0.365832179906176,0.8653560519108155,1.8876248389090593,-1.8448690506705345,-0.1789355967610241,2.0657318,7.784129,5.4172487
0.7297521420403172,-2.925404432022714,-5.891113893125093,0.9271418811264437,-0.15904336117039877,-0.3392832762293778,-0.0001508410804687329,0.9052960137203416,-0.42478124345247226,0.3747104342132558,0.393883658977727,0.8393138588645082,1.6290082666819647,-1.5209944881059878,-0.22971022244081019,2.2582169,7.967949,5.120616
0.7710076486574623,-2.26286819408241,-6.447043731413068,0.9178962267468231,-0.1640981834378512,-0.36130084848549837,-0.01495820002966921,0.8955339395423307,-0.4447417400915576,0.39653848385221857,0.41363117546939293,0.8195526105772543,1.2905834710866668,-1.1753943697566847,-0.2506956740821312,2.3952453,8.1146145,4.875673
0.6755887112920753,-1.5367611435995485,-6.725800805292218,0.9123423120682089,-0.16588746033516413,-0.37431651862238624,-0.02452803165455604,0.8904547950940195,-0.4544102040637095,0.40869289359271604,0.42375890362046514,0.8083306936701059,0.8481599419005217,-0.8316310139817147,-0.2672248917101341,2.4844437,8.214978,4.702437
0.6394423485099276,-0.8058756182154725,-6.896825062238526,0.9067420966616401,-0.16505046357091718,-0.3880426711286755,-0.034691014849041205,0.8879015256427703,-0.45872367962640176,0.4202562356829413,0.4294056651189731,0.7993719229078144,0.34028574271816725,-0.5043973187640793,-0.27851013918018386,2.53434,8.260269,4.6177216
0.7421955733799509,-0.28521904736621995,-7.084546563139435,0.9057753907267516,-0.16253112040736967,-0.39134968564306344,-0.03671707487016332,0.8899465898449063,-0.4545843416093453,0.4221644205363338,0.42612052534763983,0.8001240528259811,-0.2222166351629758,-0.1316748106832326,-0.2523860352946825,2.54747,8.246396,4.632159
0.9247252975901198,-0.007729337911992484,-7.302412509663221,0.9083094213827718,-0.15452416149089385,-0.38871104762127523,-0.033528865045405164,0.899380911810073,-0.4358781833040622,0.41695300722750567,0.40894530072763907,0.8117351358520345,-0.7474366329166975,0.23991638042954896,-0.21666360219881992,2.5224578,8.175944,4.742261
1.1050088823675777,0.10077285200614439,-7.434348113503033,0.9119196341312535,-0.148695961588226,-0.3824814922231824,-0.02838393296261984,0.9069561641605981,-0.42026761550310854,0.4093860442607848,0.39410661920151546,0.8228505571888852,-1.2451611109821976,0.6198213179430669,-0.1726396624705826,2.4566681,8.048398,4.9427476
1.1140581885392953,-0.11868401774573867,-7.427847628796556,0.9207608842361544,-0.13808713989799976,-0.36487167039309065,-0.01583175075517813,0.921266806166504,-0.38860883613705427,0.38980604116493633,0.3635923729268266,0.8460802778819275,-1.6717817267022799,1.0091264446807815,-0.10796225885403726,2.3436675,7.8691435,5.2169633
0.8981423104568701,-0.7771213604814027,-6.673967812720195,0.9387377402952077,-0.12016530234073618,-0.3230042647687575,0.00859982223781433,0.9451188980256691,-0.326613397845563,0.3445250324764867,0.303826543784617,0.8882521788821969,-2.022533049750239,1.3987167141829218,-0.048274896568658465,1.9574951,7.371722,5.920343
0.8082680989342217,-1.2214525170693966,-6.041552830198558,0.950670584838356,-0.10919274300819769,-0.2903487282518093,0.02377331840479676,0.9588915694145141,-0.2827751535014973,0.30928994237627827,0.26192346779186704,0.9141858829388919,-2.3272807811751215,1.7532314521487329,-0.033160949714740706,1.6784042,7.064833,6.315422
0.6753881993248512,-1.746800007797042,-5.277009778059235,0.9667270004748848,-0.09529913633058597,-0.23739625348239163,0.04053023745598999,0.9733554144459222,-0.22569124267584995,0.2525791092006477,0.20856009154067073,0.9448314568281236,-2.589290917518183,2.4127289973111763,-0.0201870896801154,1.3358276,6.7371154,6.708467
0.5494572998361662,-2.126913413621055,-4.301766113858515,0.9791915403499754,-0.08311153218689254,-0.18513886821677675,0.05053310604032058,0.9834126689522267,-0.17420082588259173,0.19654600606717937,0.16122033296643032,0.9671492499801847,-2.591177993159791,2.672799921479024,-0.09926587573036544,0.930603,6.393422,7.081642
0.4440901318848036,-2.3316799545241627,-3.124922398427337,0.9888487923774585,-0.07109247240807683,-0.1308584203654772,0.05482873351995071,0.9907732103773413,-0.12394456655769882,0.13846254292854587,0.11538763350326839,0.9836228028265084,-2.589734391844891,2.868700756798266,-0.21842443991791216,0.46992645,6.0321884,7.424823
0.31027116910410685,-2.326833370567309,-1.7596623674653975,0.9957654083869998,-0.05780352962970854,-0.07148428793950565,0.05262320170888257,0.9959905869435736,-0.07234327447457056,0.07537937451171274,0.06827519814796794,0.9948147803566646,-2.4928535220227404,2.95001093850611,-0.3764625991962832,-0.033816528,5.6609526,7.7234282
0.1995024557688776,-2.102519626119172,-0.19762919806217166,0.9989257573487511,-0.044372863576015345,-0.013355908179072423,0.04401900245686423,0.9986996833423967,-0.025715168957256063,0.014479596953164371,0.025099630871030683,0.999580086737532,-2.3212867022835937,2.9486919572616066,-0.5370661513688975,-0.56457675,5.2931137,7.9688997
0.12267764014031068,-1.5143146963629128,1.3727797034700893,0.998571272219206,-0.030590305684318995,0.04381378204007876,0.029904223982879046,0.999420995696779,0.016229933716497242,-0.04428489230536094,-0.014896528407651637,0.9989078745084066,-2.0986140969705445,2.8495706952161144,-0.6717854969390138,-1.1024902,4.942688,8.155714
0.07941758730221288,-0.5677497176440724,2.7737826575438382,0.9952133363409198,-0.017174623372212903,0.09620523624625252,0.01218637881696583,0.9985623080691047,0.05219970378299898,-0.09696343300700537,-0.050777447904812784,0.9939918226241953,-1.8838477455291747,2.6390041911096143,-0.7675160924697504,-1.6237686,4.613141,8.290113
0.050920685897176354,0.5480664438411007,3.887899994052014,0.9895728445400362,-0.00403200178399645,0.14397683254799873,-0.00804789152848016,0.996498639795756,0.08322074457222156,-0.14380826398676266,-0.08351169886203265,0.9860755444499628,-1.6606023589569139,2.3493467875906093,-0.814832784039363,-2.109529,4.3114576,8.379204
0.0051938923126139975,1.6432117600127465,4.680616548454202,0.9827517896387147,0.008090056060513079,0.1847524585894347,-0.028472413510551173,0.9937498150613402,0.10793806897678604,-0.1827244965262928,-0.11133667885513196,0.9768397526261521,-1.4126368219694634,2.0256655578287472,-0.8155357115742601,-2.5454895,4.0447845,8.430913
-0.069021952673089,2.6757996642611825,5.2302699567473745,0.9753754146714984,0.01930667654568238,0.2197044667164571,-0.048600518055594205,0.9904891495359106,0.12872153781072346,-0.2151297052922498,-0.1362295742208343,0.9670370794382602,-1.197067289719699,1.6563912957844213,-0.756359885106952,-2.9190629,3.8158188,8.456551
-0.18931065280837234,3.6000686930549177,5.61021128790412,0.9691001083418199,0.027701491187841765,0.24510733852302877,-0.06496378517955397,0.9872562554650853,0.1452748865434216,-0.237959422227861,-0.15670900877431676,0.9585497378550336,-1.019503916529405,1.2491578999775705,-0.6151020205994796,-3.2147186,3.618843,8.471611
-0.32791355916498754,4.326773677341094,5.839893717928795,0.9642951151334902,0.03335653607426049,0.2627209021581943,-0.07722719379966757,0.9843375460031026,0.15847888208344812,-0.25331974156689313,-0.1731096098710788,0.9517679189291712,-0.8026097529379157,0.850742772234281,-0.42814681710423574,-3.4253602,3.4589844,8.483175
-0.4843137573289178,4.838436303326282,5.952447374790167,0.9615112714768755,0.03648569302644395,0.27233227687386263,-0.08460980595431412,0.9822985958143713,0.1671246522733522,-0.2614139544081291,-0.18373421800387463,0.9475782192385014,-0.5243594391878952,0.46485409905898256,-0.24364355891829959,-3.5515685,3.3481872,8.492366
-0.6635401174907563,5.158832930158645,5.950871240280214,0.960923345495939,0.03701780708155507,0.2743282815164429,-0.0866017660579521,0.981473190269646,0.17091082732690818,-0.2629191096069962,-0.18798951763541738,0.9463263089773355,-0.21323446620560874,0.09735284255441465,-0.04554805755735659,-3.594667,3.2956588,8.50087
-0.8598766095716095,5.254228219494632,5.8154117365140525,0.9624797091292138,0.034769525854758204,0.2691168697543491,-0.08314796480009537,0.9818395667183915,0.17052120447570324,-0.2583006493684174,-0.1864997192975835,0.9478916758985578,0.06669876531324072,-0.24533277694478642,0.16098939527004097,-3.5579467,3.29964,8.511904
-1.0351086530166134,5.075765594198507,5.632904761489144,0.9659034703904389,0.03019191054794203,0.2571360231962283,-0.0747552115472291,0.9833988861322758,0.16534294390850038,-0.247875259423435,-0.1789275811362385,0.9521253995532835,0.36555090583519423,-0.5692475175728539,0.33821228203443066,-3.446579,3.359529,8.523639
-1.1549435164141943,4.66003403243031,5.545569477914217,0.9708527923140395,0.023583951753047002,0.23851342284186444,-0.061979575551978444,0.9860014836581504,0.15478890928720865,-0.2315240546259257,-0.16506020551191847,0.9587240169547931,0.6772840735851773,-0.8889754102475487,0.4895742812401208,-3.2646897,3.478685,8.529352
-1.2254662681017405,4.073757696110177,5.558085571226624,0.9768927466323468,0.014907636191228854,0.2132095775529303,-0.0454351692158414,0.9892483492104025,0.1390084493216957,-0.2088449352400887,-0.14548355909752925,0.9670668679346215,0.9628685485651466,-1.2120633066360567,0.6277662531787496,-3.0125275,3.6505647,8.525159
-1.2759959919694983,3.3441688438370343,5.582847429548906,0.9832870618689311,0.004353034573454816,0.1820099037172613,-0.026279128742129322,0.9926385020555645,0.11822948714022612,-0.18015538114005636,-0.12103658672851109,0.9761629901401673,1.2351535794014916,-1.5283694134615569,0.745203111774415,-2.6929412,3.8701324,8.503714
-1.3501930387179428,2.478834908619727,5.488932287244525,0.9895513579609743,-0.00811460349167728,0.14395229476380106,-0.005214644101642554,0.9957475069364473,0.09197668137492393,-0.14408649292867315,-0.09176630994010694,0.9853009829059806,1.4727555279756779,-1.8483029803141853,0.8236398324023029,-2.309056,4.127753,8.458778
-1.4069389645436385,1.4539189820139709,5.1298520952104605,0.9946722032156426,-0.021455086503327066,0.10083098439107757,0.015350704469773336,0.998023909389904,0.0609313725298839,-0.10193902109801056,-0.0590589159164681,0.9930359915070303,1.6933547896114225,-2.1427949468659615,0.8398111588454655,-1.8708572,4.4165087,8.382402
-1.4166034183417529,0.24674969529108248,4.4563094422528655,0.9980740770126313,-0.036118451105459116,0.0504340587810107,0.03501791067208048,0.9991325304007161,0.0225373606978594,-0.05120432332866124,-0.020727860111592056,0.9984730707874139,1.9074827649366042,-2.3906826260382554,0.7988424947079751,-1.3938599,4.7324767,8.266789
-1.3667425641637931,-0.9995688120722879,3.531074025810494,0.9987297255837628,-0.05038746687947546,-0.00019600217203617765,0.05037482388167098,0.9985524578769723,-0.018851153459381376,0.0011455803212105722,0.01881733374652943,0.999822282006357,2.1252387982867402,-2.5760121390332538,0.7290593182336959,-0.8933945,5.0737395,8.104387
-1.3150937933078388,-2.0655545462855778,2.3857051433231717,0.9963762220352254,-0.06546867089833322,-0.05429804134236257,0.061878365831481735,0.995941441379981,-0.06535834440981635,0.05835659349924867,0.06176162621541505,0.9963834650988498,2.282163041152221,-2.7019647674552227,0.6371717933325813,-0.38377684,5.430365,7.893471
-1.2320231628718048,-2.794614847312206,1.0626019598252703,0.9908704065618905,-0.08027490909051889,-0.1083133249899692,0.06795048308530607,0.9912644000218271,-0.113038140014075,0.11644126952394232,0.10464620499510299,0.9876692779122854,2.355357655414982,-2.7619012158701204,0.5119896448767656,0.11803742,5.7884583,7.6411943
-1.0422612454933766,-3.218063662188694,-0.3654894719907035,0.9820261308897775,-0.09498669462303536,-0.16310182737861578,0.06836302158844214,0.9844658583946273,-0.1617203479300884,0.17592946179918773,0.14766347381773542,0.973264775367488,2.3439614520933896,-2.746716874485978,0.3675312171850495,0.597171,6.134961,7.358279
-0.6621968268014464,-3.368588539566795,-1.8334125603575258,0.9708807617020647,-0.10862374241839257,-0.21352149573249346,0.06354039055424625,0.9761339103280376,-0.20766609707872274,0.23098304120656238,0.18805177928091651,0.9546116293992278,2.3016693890393696,-2.6217268516560472,0.23630314233804683,1.0385711,6.4618697,7.0527205
-0.14458491061064027,-3.2450648802339823,-3.288552388212579,0.9587955336372358,-0.12065452090839335,-0.2572034433316437,0.055023596056595056,0.9670591904206194,-0.24853355125619947,0.2787176502381734,0.22414060053320006,0.9338508781589957,2.1742104966759466,-2.387208136783167,0.12453162830419284,1.4281113,6.761528,6.738893
0.4077763423687665,-2.9153514858112244,-4.6709115298296355,0.9458528454097642,-0.13111438921195023,-0.29693671341184763,0.04296796191811289,0.9573137151855821,-0.2858394741217228,0.32173925635342704,0.2576033145344929,0.9111116195406501,1.957200235731248,-2.0869784468096344,0.003988317863102164,1.7561219,7.0241027,6.4370546
0.9129844231428257,-2.504564176789135,-5.848892771277773,0.9340675492604185,-0.13909531536632772,-0.32889254576803284,0.029727352970356433,0.9481104740201356,-0.3165482799490323,0.3558568502979979,0.2859003712772286,0.8897341624325383,1.68934903175533,-1.7038648812694432,-0.0776939299460408,2.0140502,7.2460527,6.1632032
1.3102958851128863,-1.42100028059907,-7.112394887818855,0.9153961186973881,-0.15034284830559352,-0.3734259951277077,0.006208149313613468,0.9328033968511806,-0.36033218244419973,0.4025064033724898,0.3275283969158425,0.854817959835824,1.3548044840815383,-1.291267827149309,-0.10875673649032391,2.3271623,7.552994,5.7601304
1.1896859874079238,-0.8176142900813188,-7.231503933135038,0.9109897381002066,-0.1514231845385237,-0.3836257502571083,-0.0006554345471646412,0.929629157244244,-0.3684958621299733,0.41242849984169555,0.3359473905026952,0.8467833745018601,0.47928970056432296,-0.4809074159131567,-0.11981495494264723,2.3956084,7.6251006,5.6603837
1.1102217167868287,-0.09293349624932912,-7.10760656232691,0.9096654725098484,-0.14808765883698027,-0.38804480852553136,-0.0044111113216696324,0.9307811885142643,-0.3655501623647331,0.41531827580825526,0.3342400700217693,0.8460462785046101,-0.03313850946850308,-0.07930348025105388,-0.11825222116716955,2.381096,7.5854445,5.7091293
1.2226590695749742,-0.08854997405797294,-7.058430809452224,0.9122309780369011,-0.1444361338688668,-0.3833703769761733,-0.0015538852954078961,0.934561980691109,-0.35579697818728206,0.40967331881674596,0.3251647389858371,0.8523119524974087,-0.5175271323228233,0.3011979014476299,-0.08275142503389406,2.304268,7.473169,5.854602
1.2674868130830348,-0.275283257646437,-7.038001537816376,0.919786882260496,-0.1380551015483784,-0.3673321115257729,0.008907848077501147,0.9431771048116323,-0.33217103907742546,0.3923171439844862,0.30225442576679584,0.8687517025250887,-1.5078078939305406,1.0428992589118966,-0.02778942118527239,2.1814103,7.2971587,6.074646
1.245571505227384,-0.5848923718821104,-6.8840202566022555,0.9285902190453076,-0.13083225286711223,-0.34727960882134007,0.02105447174374302,0.9528603051834089,-0.30267796091782756,0.3705089935655798,0.2737520053177662,0.8875713634810005,-1.5078078939305404,1.0428992589118968,-0.027789421185272334,2.0100372,7.0752654,6.3449388
1.0635930202005506,-0.8860912933536076,-6.351526201215486,0.9387479261417716,-0.12475102735686361,-0.3212312443364271,0.03486670198841313,0.9617741564155857,-0.271615141594759,0.34283617699562197,0.2437778768151391,0.9072131516454824,-2.0709670218446585,1.685401937807298,0.0810500514034439,1.7874038,6.821776,6.643144
0.7486142415608417,-1.1498592229793272,-5.4751607909737325,0.9520962845346561,-0.11719268503712867,-0.2824509506960296,0.05209928803986355,0.9723115269890917,-0.22780684509004906,0.3013276110167171,0.2021785573643527,0.9318398477104458,-2.250166991723556,1.9448065326536323,0.08379018633839386,1.5154969,6.5399337,6.9557633
0.6175901348268001,-1.2810237065516894,-4.5572300504229215,0.962842771455141,-0.11104347735767389,-0.24617705740563747,0.06494784374333651,0.980012890992027,-0.1880332712116181,0.2621365580182855,0.1650578069215956,0.9508103624406704,-2.40444968851432,2.1682969526841522,0.051544852589978596,1.194516,6.22729,7.273308
0.6421837303694296,-1.451717901362404,-3.7589991311517785,0.974834768350313,-0.10410919368925342,-0.19712546817893534,0.07773662722023837,0.9875010315237445,-0.13710845899492777,0.2089358542802376,0.11833422382774875,0.970743436891165,-2.4748779865099504,2.3784102471266277,0.01387659349817899,0.82425994,5.892348,7.5796175
0.7200667791375889,-1.545871029406313,-2.958186244388076,0.9836757998866217,-0.09831264664705175,-0.15072008567761067,0.08505342439696369,0.9921160269342897,-0.09204186057697417,0.15858069149730802,0.07772009141382424,0.9842823536337844,-2.4532199398781933,2.544424604917691,-0.06100578209933752,0.40697327,5.547333,7.85925
0.6875520777453524,-1.4746689598993445,-1.9969746453264714,0.9913474964878766,-0.09173277697055558,-0.0938895033349798,0.08821105949584686,0.9952574629105682,-0.04100477415424736,0.09720571068532488,0.03236788763714733,0.9947378396643357,-2.349740909976921,2.6487256753821726,-0.15743858597040883,-0.04861145,5.2034655,8.099535
0.6203846438414732,-1.2072293160526935,-0.9003697554929815,0.9953210206305343,-0.08605669713571729,-0.043935302082520854,0.08617416269201572,0.9962797801565267,0.0007831574519479093,0.043704457156232626,-0.0045655809439683545,0.9990340714386685,-2.2325426543697535,2.6964313545828826,-0.26846874787224795,-0.53161925,4.865842,8.295076
0.4989697629152801,-0.75199097154706,0.25099415704005096,0.9967744623197787,-0.07950473258924606,0.010939321872397961,0.0789678342086772,0.9959518157010265,0.0429425425681932,-0.014309172844939162,-0.041940175223079225,0.9990176521337101,-2.043898113103964,2.6601876101869752,-0.38164949292124234,-1.0272477,4.543213,8.439199
0.40436874303578757,-0.2068454251570508,1.4141668099224767,0.996020237136795,-0.07426951347466061,0.049271965479359754,0.07075315224093238,0.9950602555792218,0.06963533021812089,-0.0542003566587294,-0.06587205124217979,0.9963549539211484,-1.8207600639033337,2.5654685573847202,-0.49387466906877986,-1.5220382,4.2449813,8.531871
0.4271554859632133,0.5035942855948091,2.436981880191465,0.9917737806472299,-0.06462640669281243,0.11049070358484937,0.052438780815437146,0.9925629607883587,0.1098587417442919,-0.1167687556124942,-0.10316102184945375,0.9877868501269319,-1.6516293066012246,2.388668568767647,-0.5870917589019358,-2.0004532,3.9671097,8.585879
0.4617305309318512,1.2160625583251083,3.103732879210513,0.9875500564981252,-0.05886005257463376,0.1458779631111578,0.03942923948957873,0.9903743057970773,0.13268032819612663,-0.15228335754054817,-0.12527660846251196,0.9803650087535294,-1.523750494935241,2.1638855030240034,-0.6114458542246837,-2.4470825,3.7060533,8.6118145
0.4998560194702466,1.9290132995291285,3.45326179658424,0.9792176294181748,-0.051068413977183855,0.19627748554152694,0.018545342861650656,0.9862708679523993,0.16409096649897026,-0.2019626314316418,-0.15704073395866755,0.9667209025271615,-1.34619978926104,1.9094389206315732,-0.5768887347181608,-2.8503022,3.4690354,8.61539
0.3272041933206273,2.599675258381258,3.844209505725034,0.9742065302499235,-0.047545412827957836,0.22059254324981947,0.007787065060773302,0.9840525223476076,0.1777076106390828,-0.2255238303065637,-0.1714061462734965,0.9590406326029806,-1.0722996584246374,1.6249335416265562,-0.5138994236503645,-3.198909,3.275772,8.598048
-0.05306768304655597,3.939889590976172,4.606271326914045,0.9611528828570216,-0.04147644558588924,0.2728824659760993,-0.015714163611010558,0.9788190707219251,0.20412322712781833,-0.2755688676858158,-0.20048174792890464,0.9401430039678691,-0.808876083495267,1.3115112349721858,-0.4049021305876183,-3.6968398,3.025441,8.537115
-0.2258641779868348,4.3066827826981156,4.787069255419975,0.9566991324932259,-0.04330572483516274,0.28783916356745126,-0.019468902143547497,0.9771363024065873,0.21172059032722546,-0.2904268096027531,-0.2081568176055845,0.933982337920949,-0.36825261797332554,0.6759606774780772,-0.06043571686840639,-3.8370743,2.9588578,8.512433
-0.36573797921027845,4.456945104497526,4.876717508374208,0.9546182759527468,-0.04705003685810829,0.29409223255410116,-0.017937782218082895,0.9765678440772703,0.21446090991919886,-0.2972914112215513,-0.21000366650590716,0.9314055383494207,-0.11068108857200078,0.3595116575706297,0.1137381268080449,-3.9041047,2.936798,8.495814
-0.581751219003394,4.367123680202633,5.013996621844913,0.9574992016896022,-0.05983928874395789,0.2821604832119328,0.0008533115794451462,0.978826616671765,0.20468934108608558,-0.28843465572486704,-0.19574910987671,0.9372767656137397,0.42846935306898576,-0.26680672058071897,0.4267027273077369,-3.8222733,3.0372453,8.487683
-0.7450291125098284,4.075748808608403,5.20472653353061,0.9615647502322192,-0.07083798072292755,0.2652832667130507,0.01938158918230795,0.9812487550795213,0.19176870092812304,-0.2738933827452166,-0.17925641171793372,0.9449071667345915,0.6960436447464332,-0.5843784917889493,0.550001895068159,-3.6764832,3.156566,8.494009
-0.908171382652363,3.638947421922703,5.521864085665741,0.9661738107275084,-0.08049553674651527,0.24500742035329226,0.037260777786014464,0.983642943337026,0.1762333522976152,-0.25518581838155835,-0.16114288252096068,0.9533693772666344,0.9738689249626769,-0.921836550234384,0.6410812503787814,-3.4606094,3.3214295,8.501923
-1.0378311604261221,3.052831567598021,5.7914378965244095,0.971592838089176,-0.09051887485658323,0.2186634177646511,0.056770389177930466,0.9861285950500264,0.15597280832648136,-0.22974873206702673,-0.1391284561811884,0.9632542721391029,1.234832051042598,-1.2617903262520431,0.7046974653442107,-3.174933,3.5273805,8.505684
