-0.17799562982807873,0.9231080321356139,-0.29040971486973366,0.999844427114704,0.012654398111925707,-0.012287708333703812,-0.012685708991443475,0.9999164736721882,-0.0024735533874548753,0.01225538065723351,0.0026290468617106008,0.9999214437932338,0.12850341,-0.61809087,-0.6381629,0.293042,0.27356568,9.790517
-0.18498817458153885,0.8186399086500337,-0.16559196605539941,0.999353353119003,0.025440948483295544,-0.025409324077501474,-0.02558348697898684,0.9996586372073178,-0.00530040100410604,0.025265803050787933,0.00594703262801035,0.9996630792417615,0.14321279373719448,-0.6099886292444289,-0.5993018212788668,0.40796202,0.33542174,9.784437
-0.1778551341576518,0.5368883132971285,0.06717577698479262,0.9978004478703987,0.04528232959946388,-0.048412569191038125,-0.04589656420335054,0.9988782449603245,-0.011651486570819174,0.04783065569234085,0.013847829108845005,0.9987594635371486,0.17682114258800316,-0.5692567325728985,-0.5002811083315023,0.62622225,0.46665803,9.768641
-0.1346683578560899,0.24675812340894693,0.31540575920856095,0.9959397699119936,0.059895868788776604,-0.06720461003296244,-0.061275119923567205,0.9979466376864258,-0.018651220032757036,0.06594948359158968,0.02269346232718837,0.9975648712648251,0.20430113730461427,-0.48221408685035305,-0.3883042335720549,0.81721497,0.58240813,9.750279
-0.08604220409575224,0.1429566106521689,0.4314581531848223,0.9949400945797847,0.06620303010077,-0.07557358667580463,-0.06805120426252838,0.9974360271998359,-0.022145095218312344,0.07391374564983469,0.02717591671471311,0.9968942911636751,0.2029937025440915,-0.4221854631699094,-0.3337203734204199,0.8992203,0.63029176,9.741254
0.06678778648871127,0.005534282022233786,0.5580643833424792,0.9934363738210643,0.07499245336239745,-0.08637304618886063,-0.07761124215607512,0.9966080251154866,-0.027366756592642684,0.08402777076803525,0.03389065083616023,0.9958869200494882,0.14923269739307637,-0.26466179852544425,-0.22797773299755175,1.0203216,0.7102127,9.725893
0.17113685971541392,-0.14483123092860228,0.5081291000937395,0.9926226584858605,0.08039099765726405,-0.09076092416966862,-0.08346729739259667,0.9960400472011092,-0.030617554402474885,0.08794013944973249,0.03796724729661676,0.995401938920293,0.09392736480095734,-0.1060210786225823,-0.13915742605306625,1.0836548,0.7603607,9.716405
0.19831683335600617,-0.30139739463543125,0.4334497318738157,0.9925251112270091,0.08314983119507263,-0.08933089698443455,-0.08633625861736222,0.9957386736252017,-0.03241210105933151,0.08625516814526935,0.0398823196335832,0.9954744831229355,0.0511324150787477,0.038010162497677316,-0.0676791996280215,1.0941131,0.78189546,9.713817
0.1888556767120825,-0.35859307655721523,0.3841869665255191,0.9926397844836462,0.08405703765520638,-0.08718183687495579,-0.08721330814690852,0.9956415111690704,-0.033042701448924267,0.08402438421275439,0.04040291644920671,0.9956442673967772,0.031951434622688034,0.09886597048424074,-0.037227441272319445,1.081308,0.7846893,9.71493
0.1549337017351207,-0.4524403808911751,0.20344237661374498,0.9932561258686027,0.08393069549320958,-0.07998691629585787,-0.0868351885888617,0.9956576883209538,-0.03354724593929994,0.07682394449148829,0.040266686496422614,0.9962312359645059,0.012351813828641582,0.18891067997588648,0.010977629134401748,1.0277573,0.7801178,9.720734
0.13100962075436628,-0.4962180239300055,0.10108923914682015,0.9936312380332734,0.08351191231741416,-0.0756486834356864,-0.08625751001102205,0.9957000644525791,-0.03377904107325773,0.0725024466563895,0.040089177469972266,0.9965622173645847,0.00949627996297648,0.22111263252077445,0.030381642254649663,0.99065703,0.7758194,9.724751
0.10554135688560992,-0.5399108659919366,0.0363641673627622,0.9940877731574939,0.08274905146743633,-0.07030002660038108,-0.08530335483586797,0.9957699726502451,-0.034139408633961206,0.06717765188305351,0.039934396819911525,0.9969415263886385,0.013103638077412829,0.24115354051787516,0.04433601289413983,0.9490738,0.7719757,9.729057
0.08746981490212388,-0.5822695446314774,-0.0014380641315489343,0.9945090499082042,0.08184821537492488,-0.06521210999975881,-0.08421230974748344,0.995855115795066,-0.03436386520445564,0.06212919231468126,0.039666837342243466,0.9972795523210073,0.00762817532597161,0.2577647645523254,0.056343236859931575,0.9043045,0.765094,9.733765
0.07273190184013358,-0.6198134130362281,-0.02386808584978739,0.9949479721975863,0.08071762540456592,-0.059692525235232594,-0.08286009004626939,0.9959697523958388,-0.03432867300226176,0.05668102061038461,0.039101371607915006,0.9976263552257147,-0.005814003095497022,0.26596811624964567,0.06554408534092068,0.8570572,0.7563553,9.7386675
0.0571608570360271,-0.664322083683555,-0.048634011779373744,0.9953427652062878,0.07949454859105143,-0.05452885929308782,-0.08142337120934477,0.9960957482953035,-0.03411004029498015,0.05160440264556564,0.038391105380346735,0.9979294106575217,-0.015696645070348837,0.2674845206596701,0.07447933374225175,0.8087021,0.74652404,9.743546
0.047000607178342875,-0.7048980684369608,-0.07506730960695257,0.9957211266797744,0.07812189350911711,-0.049359980126724955,-0.07984094699045592,0.9962320512179678,-0.03386920887337223,0.046528067520881754,0.03766523437589465,0.9982066264317125,-0.01654081686539107,0.26230745678018924,0.0805351212086702,0.76060945,0.73524016,9.748303
0.048394992833762404,-0.7234091405248482,-0.09487916127932668,0.9961316040480916,0.07641694178114157,-0.04338523280326339,-0.07789333245937742,0.9964012854980853,-0.033423150900784335,0.04067500676027785,0.03667327728171184,0.9984991810504751,-0.02299214461422707,0.2536666805960524,0.08279551126957733,0.71352994,0.724263,9.752741
0.05418290837392704,-0.7210139611444203,-0.10734250212001262,0.9964528668594725,0.07488326598711699,-0.038395059612411124,-0.07615260738807547,0.9965586302302585,-0.032736476621486245,0.035811513728625816,0.03554423988066378,0.9987262600411435,-0.03716563970200198,0.24223002904303542,0.08424314459042201,0.66990966,0.7066437,9.757147
0.04595174868325562,-0.7191635062869387,-0.11617446557849039,0.9967189666326096,0.07342324898347265,-0.034063588529885856,-0.07450476399696208,0.9967183692113747,-0.03164700014812503,0.03162817883753939,0.03408106490897001,0.9989184848215047,-0.060610845794824286,0.22594948785242366,0.08514757896299173,0.6299362,0.6817993,9.76153
0.012550870235780248,-0.7397133756019892,-0.1267385626348082,0.996971825306049,0.07181351957401964,-0.029832833461081627,-0.07270682658560387,0.9969013779168816,-0.03002265936379201,0.0275843599486314,0.03210079615547351,0.9991039195060786,-0.0817123433536691,0.20310223782588258,0.08519259799657679,0.594371,0.6528061,9.765718
-0.03479157994652664,-0.7928035502002482,-0.14033102679503143,0.9971768620406554,0.07031135775066993,-0.02635562144986859,-0.07105549236754581,0.9970665872186915,-0.028448860372211046,0.024278031533818915,0.030241256973367207,0.9992477388323244,-0.08252062941595574,0.1748132133731136,0.08219246442704141,0.5642395,0.6231949,9.769542
-0.07741093332463281,-0.8499008207234707,-0.1472539036569976,0.9973646803341875,0.06871951627897377,-0.023266338437057763,-0.069336065137905,0.9972327880493713,-0.026819330910190196,0.021358944100213467,0.028361849757410976,0.9993695017285956,-0.08123651095714053,0.1478905593837879,0.08188495801771649,0.53925323,0.594487,9.772959
-0.11694603618813446,-0.8779518734341741,-0.1498674469643504,0.9974935098891516,0.06750134276301689,-0.021219482892148898,-0.06803330844286404,0.9973587644969661,-0.025435483549634878,0.019446507947151234,0.0268153613862527,0.9994512342892901,-0.08727538574025173,0.12443047576661558,0.07888314913221053,0.51877135,0.5680054,9.775843
-0.15877357816740428,-0.895383021398895,-0.17283022930006064,0.9976361334090806,0.06603732405836225,-0.019005713556437244,-0.06647872264482385,0.9975083872360538,-0.023613488290378615,0.017398987099572105,0.024821144714499296,0.9995404874355867,-0.0885489254997311,0.1040223691475559,0.07281124316308901,0.50239867,0.5409805,9.778391
-0.20472332983807526,-0.9256708786573675,-0.22218742827575516,0.997751572088552,0.06474232209083278,-0.01732720765470591,-0.06511478299563128,0.9976380614100366,-0.021871521699605108,0.015870268751797516,0.022950602526106322,0.999610626400817,-0.0866661998255464,0.08086732116417293,0.0656062734794433,0.48961335,0.5116852,9.780703
-0.25642166750203266,-0.9348830577595196,-0.2512664766401609,0.9978258001642514,0.063896774632659,-0.016151616578971534,-0.06421244038795788,0.9977389097524004,-0.01984516226980793,0.01484705445513945,0.020839149638006888,0.9996725938107788,-0.1014597059844619,0.05753524253559483,0.04337834429347524,0.48085174,0.48305815,9.782631
-0.31066569188887305,-0.8905020116945509,-0.24806660660024973,0.9978590283417739,0.06358624889828399,-0.015301911901977642,-0.06384648001010156,0.9978121007633831,-0.017165038901342577,0.01417697242467908,0.018105262251908425,0.9997355715046149,-0.13690723006377697,0.04301252043631461,0.0167019856943015,0.4757019,0.44912872,9.784497
-0.37683492209184943,-0.826093653481042,-0.26731934914213,0.9978434009936001,0.06394784451089817,-0.014806089150571987,-0.06414682968967449,0.9978507902031175,-0.013378517547869156,0.013918740398778643,0.014299429129330223,0.9998008776712922,-0.18707588384556154,0.024798693841229916,-0.01752214800433489,0.47301024,0.41059417,9.7861
-0.4608280698704228,-0.7516215759859336,-0.3305769752397951,0.9977534073086773,0.06534539218986465,-0.014768815913153864,-0.06547412480136472,0.9978188487274651,-0.00840738399814681,0.014187219086881381,0.009355471326969672,0.9998555885580831,-0.2516089582803709,0.002669511325726336,-0.07114154243286333,0.47485963,0.36452788,9.78727
-0.5375545993992009,-0.6456032881253828,-0.40839967782460185,0.9975676058437934,0.06803996067476903,-0.015147129182033639,-0.0680657834210246,0.9976801193358859,-0.0011952444165222488,0.015030665266830544,0.002223338325342876,0.9998845612711135,-0.3451290568215954,-0.01758132868966908,-0.13005013121494044,0.48189545,0.3021942,9.787901
-0.5922058444531165,-0.4763337392049684,-0.48308791050132055,0.9972871867247466,0.07188582279519976,-0.015833372214947006,-0.0717595091525955,0.9973865317902821,0.008407083295163379,0.01639634229999123,-0.007248081429619126,0.9998392997250962,-0.4901464977781206,-0.03596183036374439,-0.1979088618443634,0.49463958,0.21520996,9.78757
-0.6386817048339694,-0.24452752991310855,-0.5671243593858409,0.9968613722880663,0.07734485131979524,-0.016887226364075875,-0.07695983568606435,0.9967832161868021,0.022369703160070656,0.01856308517264173,-0.020999854823652037,0.999607131810422,-0.6956254067545857,-0.057053608762197845,-0.2736387153629489,0.5146332,0.09145661,9.784849
-0.6917289397417257,-0.06558639496073845,-0.6658829499258149,0.9962547635860075,0.08447352277060875,-0.018457247435929473,-0.08366593223530773,0.995656162734147,0.040851161460982825,0.02182791367457234,-0.039153921390300446,0.9989947510494624,-0.9041624427967082,-0.08839211399174826,-0.34955552973784226,0.54421234,-0.07247925,9.777356
-0.7493583761287675,-0.022387036295801896,-0.7199445200604218,0.9954316879375644,0.09323538055915173,-0.020564981443241065,-0.09178052207585238,0.9937866768963508,0.06296329558395738,0.02630761139394223,-0.06078819486790959,0.997803941136457,-1.0672190081723874,-0.12442512995556475,-0.42147059710396756,0.5849045,-0.26879272,9.763867
-0.7936606724519639,-0.05146213841627193,-0.6716114399251718,0.9944115740482574,0.10306022480715164,-0.022895664689321124,-0.1007215163379833,0.9911233190024742,0.08677408988919467,0.031635384389064033,-0.08398307324824458,0.995964881841893,-1.1997931537757018,-0.15531448671964668,-0.49037216815363377,0.63647157,-0.4868698,9.74439
-0.8186857024371405,-0.048621629658152504,-0.5869539592140384,0.9931321205354529,0.11420899552384349,-0.025394812505487054,-0.11059901637649497,0.9872312683738699,0.11463978507251728,0.038163447660110005,-0.11104381156262524,0.9930824855853304,-1.3730933444050109,-0.17899903972692385,-0.5399567955074372,0.6976608,-0.7330643,9.717204
-0.8427408603131666,0.03359255255989973,-0.5439414581334816,0.9916155043766088,0.12620033472805223,-0.027787892947298956,-0.12079857073833773,0.9816541107453806,0.14752258187908746,0.04589549855375581,-0.14292894168510722,0.988668256212,-1.6389451241058803,-0.1973840275281309,-0.5818481848467044,0.7696228,-1.023967,9.67569
-0.8683310129477029,0.13833238590287997,-0.5165440978904566,0.9898172435518173,0.13919176639588957,-0.029790544390354563,-0.1312943550299598,0.9736096456004867,0.18667096809885222,0.05498742315064858,-0.18085881278303212,0.9819707088981642,-1.9337279592363246,-0.2048008231953075,-0.6188890413616341,0.85263824,-1.3672165,9.612248
-0.883889769637944,0.11727365688627948,-0.4468075866175554,0.9878161383321677,0.1524778063788248,-0.031141538376006674,-0.1414067690066182,0.9629730206957647,0.22953667918479637,0.06498771060463392,-0.2223364117142685,0.972801684566999,-2.143277862403142,-0.20325034383747353,-0.634409377189299,0.9443329,-1.7516724,9.525427
-0.8993500534929268,-0.1250287118363069,-0.29378447379620765,0.9855944016133674,0.16606155170535675,-0.032050531252951014,-0.15112068649385596,0.9497939632092404,0.2739597882261388,0.07593558863940537,-0.2651697352574274,0.9612069485191481,-2.191932305430331,-0.209463470781729,-0.630679967198548,1.0422928,-2.1486068,9.4229765
-0.9305010632731712,-0.4847934989635318,-0.0659248559152619,0.9833920677896276,0.17849851661181307,-0.03283779188407637,-0.1593578853819467,0.9357944013962377,0.31447400954936244,0.08686256601686367,-0.3040182854415837,0.9486979375660753,-2.1203635233713296,-0.22567974282905,-0.597486112335998,1.1444428,-2.5339599,9.313858
-0.971742595125755,-0.7225102791511181,0.16214559977439963,0.9810971374286271,0.19056679427603718,-0.0336556659228015,-0.16658771802501868,0.9202039270531748,0.35422205583381344,0.09847303759186878,-0.34191962440794577,0.9345555260722388,-2.034360528036459,-0.23756679348423132,-0.5500451775966091,1.2496506,-2.8985734,9.19823
-0.959688358805187,-0.5945254482442843,0.47741080448143614,0.9766294140712949,0.21215361381616557,-0.03443590735699793,-0.1774999384061994,0.886475324500221,0.42738187949189443,0.12119719236250454,-0.4112813431180288,0.9034151301403334,-1.9719646732775162,-0.23385509844048114,-0.49999971909905394,1.4588242,-3.5895844,8.932556
-0.8050380448491227,-0.42098122118309045,0.6409570918630457,0.9726159457824207,0.23000097900848127,-0.033433092362304906,-0.18331088859676678,0.8475680999009739,0.49802151976808934,0.14288225968128465,-0.47825502159976674,0.8665199329403657,-1.9421537606286392,-0.18623799953237785,-0.40935968234630693,1.6578414,-4.2311735,8.6403885
-0.6751344109986069,-0.5434697673978596,0.7813728637566622,0.9707966627859344,0.23762668075441695,-0.03297575044378013,-0.1849215717842872,0.8287685546143896,0.528154044925536,0.1528327576552907,-0.5066322566477724,0.8485080463445612,-1.791270238246978,-0.18663889798405175,-0.35771512450669973,1.7510788,-4.502014,8.498461
-0.4770742544374775,-0.5773843232260355,0.9107327139206643,0.9693427380613862,0.2434886274772529,-0.0329840030453812,-0.18528065715462713,0.8124908492862253,0.5527474087777333,0.16138690855209947,-0.5296903889211056,0.8326958374055939,-1.4378525825331623,-0.1619824663806439,-0.2511874036183943,1.8357925,-4.7379165,8.357463
-0.2308546817690994,-0.46309866821182594,1.0202330915347362,0.9678859032365023,0.24923827015129713,-0.03282016160911676,-0.1853840962166035,0.7958243524411314,0.5764515044057112,0.1697928596437809,-0.5518549490161732,0.8164719836346765,-1.4378525825331625,-0.1619824663806438,-0.25118740361839437,1.909613,-4.952971,8.21342
0.019343475932765863,-0.24197815939909317,1.0761073277624147,0.9666629046723128,0.2540337999721335,-0.032088272035194744,-0.18481097654550616,0.7789455420953139,0.5992401400091073,0.17722226631770346,-0.5733329494469646,0.7999259949518208,-1.361389132857671,-0.11268111322806165,-0.2154138631088086,1.9712417,-5.1597276,8.066585
0.24254790406633428,-0.007645082500824241,1.058067042826693,0.9660120965996278,0.25679193915435866,-0.029639993396336065,-0.18391400658742485,0.763335131348902,0.6192698244138136,0.18164874732337516,-0.5927709315021262,0.7846186050317373,-1.2894411592778439,0.011020194133971095,-0.19181455826709834,2.0201232,-5.3622313,7.9213715
0.45793780288815294,0.13931478759817933,0.9587459484646279,0.965369947113535,0.25950856293993885,-0.026761370870303995,-0.18339300407695008,0.7479987892367109,0.637859559273079,0.1855474905937614,-0.6108626008041924,0.7696876065476793,-1.1607912114854149,0.023649204299088997,-0.1943505181483781,2.0604644,-5.548332,7.786699
0.7312754332967165,0.23784058026138682,0.724358720050191,0.9649864520589273,0.26117601157248305,-0.024253624921094553,-0.1829503974436219,0.7364415921715883,0.651293277560115,0.1879635587499444,-0.6240519788438026,0.7584384142982142,-1.0700923227981944,0.049876871984853285,-0.17898954839090506,2.093123,-5.7149262,7.6618667
0.980076198563038,0.28544110073028306,0.4409226756878821,0.9643429672833843,0.263904376695603,-0.01992790535862267,-0.18209978707001634,0.716284681403191,0.6736289206500743,0.19204767376912363,-0.6459804448650392,0.7388010258871015,-1.0700923227981944,0.04987687198485331,-0.17898954839090503,2.1175888,-5.8775787,7.5324416
1.172088441388694,0.4359851659219622,0.14852595149545578,0.9643634692597857,0.264148265168151,-0.015125910415116402,-0.18108449421362396,0.7006315283447767,0.690162203720733,0.19290283852920878,-0.6628281492950628,0.7234966063427357,-1.3912588952548024,0.20722127936846557,-0.2126686412786552,2.131755,-6.0717955,7.365941
1.239340704017577,0.7114753205594238,-0.12126166893621615,0.9644054190761028,0.2643063682713708,-0.008020682504906482,-0.1795492348442142,0.6768071885311568,0.7139286391645937,0.19412434139876245,-0.6870765410372772,0.700172526476687,-1.3912588952548024,0.20722127936846557,-0.21266864127865512,2.132878,-6.322131,7.1323028
1.1450046651653336,0.8567837221915531,-0.15553661724210566,0.9648917253411035,0.2626443726781152,0.001375452211968253,-0.17841427675459737,0.6515896299096761,0.7372918689666296,0.19274933000766067,-0.7116522238387867,0.6755729480129492,-2.151749578617628,0.48961328215779143,-0.35688340373106636,2.120784,-6.6091385,6.836679
0.9238466055399732,0.8122899003222618,-0.002366241467662178,0.9655164386912847,0.2600000319016254,0.013341290344338194,-0.17780110941899374,0.6211020624498873,0.7632948273831492,0.19017037652135324,-0.7393457996307612,0.6459125455215099,-2.313692179236002,0.5837101505688278,-0.42167584664221813,2.0969176,-6.906413,6.4956007
0.6747121864743684,0.7375381922558655,0.0018898472538245725,0.9662901696690147,0.2557273862829219,0.02977938726588259,-0.17779587777618305,0.5791735623764682,0.7955794180909586,0.18620401136071912,-0.7740552231908626,0.6051169949721463,-2.431845594332229,0.6398235251707867,-0.47354362626192614,2.0661864,-7.199202,6.118576
0.49068634444674686,0.7214779522415592,-0.32334992657271,0.9668899010841704,0.2509075172820128,0.04657614145481689,-0.17831265032133403,0.533684898923292,0.8266710515051423,0.18256099779751522,-0.8076050064435037,0.5607545235221588,-2.594573152524146,0.6588754226487765,-0.5205953051461885,2.0367768,-7.48997,5.7044387
0.42498859737486194,0.7530832602051893,-0.7932177334293431,0.9672610271769163,0.24620690211675572,0.061548896454174856,-0.17904569816497415,0.4901560678720169,0.8530472830370308,0.17985756384782234,-0.8361394563577972,0.5181911483694152,-2.8054727040627845,0.6754947570001549,-0.5682972569562863,2.0127945,-7.7872896,5.248964
0.43262778756016473,0.7770252464255145,-1.0112041320236813,0.967616296108075,0.23969855873188908,0.07914104148888182,-0.18044108113411053,0.43756000107497284,0.880898553579482,0.176521159483058,-0.866652090749872,0.4666416546490805,-3.0363744870435436,0.7437506116046004,-0.6343794768044609,1.9889953,-8.097715,4.7501664
0.43986136870794257,0.8391797031243808,-0.7934036999680535,0.9676642448911993,0.2315314680129724,0.10009539689167839,-0.18368167356540321,0.3748248919313317,0.9087174165739746,0.172878431145581,-0.8977190427457931,0.40523273354483474,-3.1458699469426903,0.7686827280430493,-0.7252333475448788,1.9651077,-8.410517,4.218872
0.44176801102629815,0.9504595851946274,-0.3508671979306767,0.9672913186861518,0.22362936593589822,0.11973893053436371,-0.1885376005339265,0.3180031965423942,0.9291542068858804,0.16970880348206646,-0.921338088694876,0.3497642753923815,-3.0935220115454705,0.7679770556112033,-0.812582847253825,1.9419906,-8.702894,3.6804535
0.41742421306488453,0.9417846201697345,0.0861971174975118,0.9663500556340475,0.21502441783109882,0.14118098212036212,-0.19581358526625162,0.2590074048231342,0.9458182722235609,0.16680710356951062,-0.9416366942633351,0.2923965222357618,-2.8585030215048643,0.7132528004064408,-0.8612238628676726,1.9206864,-8.949842,3.1582916
0.34812531596455537,0.7208795375388487,0.44460895400633516,0.9650002435127751,0.2069359658919901,0.16109635638534336,-0.20426057366458247,0.2078251373798653,0.9566014480018605,0.16447537221876163,-0.9560262644370126,0.2428201672845781,-2.4145265964823444,0.6165631519787073,-0.8358357938233012,1.9022644,-9.137682,2.694406
0.4195578348063711,0.14325960117290595,0.538993251418489,0.9616112596913826,0.1930975455823966,0.19497980183805197,-0.22152327761486287,0.1268789078649072,0.9668656474473468,0.16196055911708948,-0.9729414579660289,0.164783787617038,-1.921650887716326,0.4894289687742286,-0.7700069728911605,1.8817612,-9.368648,2.0154738
0.6771164669079529,0.06562191031796134,0.45034423092199805,0.9594683307659205,0.18821743651886816,0.20974918080298563,-0.2310998532821684,0.09952433364345407,0.9678263092238127,0.16128663946594593,-0.9770716982919379,0.13898746823613156,-1.1112428131560932,0.2926658405910102,-0.6253300366240636,1.8768814,-9.433235,1.7883316
0.9339520157622012,0.11663623863670239,0.5587706621237826,0.9573772657008761,0.18412217729937727,0.2225484103417738,-0.24034707077253065,0.08050166247621099,0.9673431489960691,0.16019380977484135,-0.9796011975110597,0.12132368748401541,-0.8197814369855083,0.25640570955642583,-0.6010296421601218,1.8673385,-9.477165,1.6181885
1.0124051309372182,0.11702330021482454,0.8410154338283489,0.95523880235686,0.180137166131508,0.23466877050417512,-0.24988619531389986,0.06670999851134843,0.9659744642019065,0.15835314920573973,-0.981376776511817,0.10873777016243867,-0.5662748884775655,0.23714875764692483,-0.571117489028375,1.8500977,-9.507286,1.4965912
0.8907181564082164,-0.037917808108851266,1.082815689036702,0.9532656224358078,0.17679517760404798,0.245006363709241,-0.25870094384949044,0.05872781072362844,0.9641705585107819,0.1560720177785071,-0.9824940251337727,0.10172028235795734,-0.30490375095934275,0.19763608904779703,-0.49996350655298755,1.8271439,-9.526418,1.4227479
0.662373991739798,-0.31229807284282435,1.1165039753819679,0.9516476990906161,0.17391337343658328,0.25322084305096954,-0.26623651554575617,0.055717081169426266,0.9622960691263447,0.15324742936046473,-0.9831834749454786,0.0993251226454933,-0.08030689229565877,0.17049445039147784,-0.40885346393788685,1.7995011,-9.536611,1.3955307
0.4115117956726907,-0.5928023696629792,0.9883830269015242,0.9503853641776079,0.17169247454426798,0.2594019154552669,-0.27246381476447584,0.05706265928060663,0.9604724475797396,0.1501037281381946,-0.9834965923177827,0.10101150280202591,0.11866037092189456,0.12646765404307747,-0.2981648019159071,1.7695602,-9.540486,1.4055389
0.14083645857292093,-0.7206598015077417,0.4486165192868692,0.9490435525988499,0.17077280265265207,0.26486408806161754,-0.2797438774580615,0.06948858042187271,0.9575566302917454,0.14511959996941506,-0.9828570532204115,0.11372033520705808,0.33290258680068324,0.03162944320934983,-0.13582252545899026,1.7167877,-9.533293,1.5180969
0.10195281760156338,-0.5541685949257584,0.10139788005999062,0.9483897821727063,0.17036041433957516,0.26745868895299446,-0.2831755208431114,0.0753895964525911,0.9561004304684463,0.14271806285694535,-0.9824936325354803,0.11974062201941849,0.3329025868006832,0.03162944320934983,-0.1358225254589903,1.696791,-9.528577,1.5729294
-0.022613234322926994,-0.4129517982522962,-0.09047431668879959,0.947961959170126,0.1699661898962522,0.26922038975249846,-0.2853736414373091,0.07865382031223873,0.9551834699800351,0.1411736828844039,-0.9823059965420351,0.12306470013132349,0.19108349114890058,0.028447611173047796,-0.09342337732120592,1.6806122,-9.525116,1.6124375
-0.2633686118275886,-0.36779058843349993,-0.09609131629200654,0.9474747597955797,0.1695295237988845,0.2712034662588805,-0.28784011148834887,0.08232787481985251,0.9541332146225819,0.139426144494794,-0.9820803743014976,0.12680098045025787,0.19108349114890053,0.028447611173047796,-0.09342337732120592,1.6713607,-9.520258,1.6506256
-0.49142339573683996,-0.3633266586939511,-0.08864313883159203,0.9471116485413233,0.17073309277647683,0.271716278916659,-0.28899431035907874,0.08570043507129972,0.9534871388795294,0.1395056048243839,-0.9815832346059954,0.13050877274349781,0.20891706850567826,-0.06853677078207521,-0.040837040020071456,1.6711365,-9.512529,1.6946884
-0.5671781332754358,-0.312312381729346,-0.17568444078887566,0.9467244518186557,0.17225303966892644,0.2721060503801431,-0.2899233951328278,0.08802350426587684,0.9529933303289221,0.14020426984696274,-0.9811119982048788,0.13327418990603415,0.16317473725633744,-0.09852840413865928,-0.04059243795335811,1.679364,-9.503939,1.7350464
-0.5122271972302467,-0.19415156051628185,-0.25250648824752786,0.9459245005617386,0.17489159257022777,0.27320280028812827,-0.29166601486206917,0.08992703196399718,0.9522836051810544,0.14197807933446863,-0.9804723656332164,0.1360741166353825,0.09456931177742647,-0.10932668648418833,-0.06475554550071658,1.6936172,-9.496259,1.7639465
-0.4598196727903719,-0.07157993161636626,-0.21658167817441437,0.9449506248008597,0.17775928883056505,0.2747179497646935,-0.2937320125062093,0.09086326733586016,0.9515594419047635,0.14418675916157145,-0.9798701454190263,0.13807489489034297,0.06021299971168214,-0.12581187126483145,-0.09113455298453833,1.7128845,-9.488805,1.785675
-0.46737709270960287,-0.004899617772045528,-0.12151613696246251,0.9438460393745002,0.18091175511821997,0.2764517875093495,-0.2960083358542353,0.0913996909784996,0.950802377780915,0.14674371898611385,-0.9792430920609447,0.13981862389912333,0.04632873325335936,-0.14488521343897587,-0.10896985861378546,1.736702,-9.480698,1.8055664
-0.4777019853163233,-0.010126686004865035,-0.04978234459139514,0.942727874874054,0.18406615351260175,0.27817944759907265,-0.29825850176673063,0.09174957528228808,0.9500651985834371,0.149352000519963,-0.9786223309155556,0.14139417729910214,0.04046732299206138,-0.15633249332384358,-0.11751987640787534,1.7631562,-9.472166,1.8243698
-0.448398952929084,-0.06106960151091358,-0.015626016960667594,0.9414566566612248,0.18783914847937627,0.2799568143960985,-0.30067286935087323,0.09219897048746735,0.9492603307193261,0.15249652213929812,-0.9778628759389498,0.14327947025245674,0.04429765512803264,-0.17504516260216027,-0.11649192618389127,1.7926178,-9.462628,1.8447632
-0.4057224169003312,-0.12412950904518473,0.0010916616192745143,0.9402572576851168,0.19162433622745195,0.2814185550667404,-0.30278753563597816,0.09268842265579626,0.9485402282291838,0.15567914964424368,-0.9770818645696834,0.14517242263968835,0.04729449165107761,-0.19133389395478656,-0.10930665600721647,1.8249878,-9.452154,1.8663635
-0.37115026752291946,-0.12782395449966313,0.025342392405843434,0.9389922829562461,0.19595553853330436,0.2826568935418688,-0.30476058729100447,0.09311789596631753,0.94786604638253,0.15941918636932856,-0.9761815837071139,0.14715651072382963,0.0399017640749412,-0.20452174859408986,-0.09439940762941923,1.8605118,-9.4407625,1.8885453
-0.3476422774163207,-0.12241838889243871,0.0395093510681212,0.937905436856372,0.19989848858116163,0.2835030613207291,-0.3061342068615616,0.09261475994857453,0.9474726136564112,0.1631417754730542,-0.9754297004411111,0.1480596521435347,-0.010948442760326456,-0.20192164335586357,-0.07770473326130546,1.8989044,-9.430285,1.9021957
-0.34648036048496134,-0.1297170156815316,0.11769418438386083,0.936935967893965,0.20383993492229938,0.2839018721274509,-0.30700136592532806,0.09177742643221312,0.9472734902431625,0.167036383421641,-0.9746928669731574,0.1485687103163587,-0.03227778892639537,-0.19775260407209214,-0.052065645687745396,1.9384216,-9.420881,1.9082718
-0.37703686059120484,-0.1418483944016074,0.2531265887738714,0.9360657006697881,0.20831442531145702,0.2835244332270782,-0.30739694345795837,0.09225520973651007,0.9470987780739545,0.17113773161486984,-0.9737012254709504,0.15039215516138765,0.027842886895077416,-0.22747651961766785,-0.01603225216990863,1.9795043,-9.408839,1.9244492
-0.4333927244158306,-0.1326437721508069,0.3011107618561796,0.9352958913090373,0.21345618029463623,0.2822375857224851,-0.3072330437319413,0.09408339552155161,0.9469721070476905,0.17558317840738705,-0.9724118334230408,0.1535766052470255,0.08614405581779917,-0.25954947561378106,0.024486759950826106,2.0233092,-9.393198,1.9540848
-0.4690245241834905,-0.09592215831978694,0.18147424732984951,0.9347188583357599,0.21840188314610517,0.28035918624102346,-0.30646934777187196,0.09593852230160034,0.9470334412336605,0.1799366409261249,-0.9711315139448523,0.15660902871610718,0.0885767273285102,-0.27788866049844174,0.06048843617509251,2.0702195,-9.375748,1.987497
-0.4334838622870636,-0.02244015658669341,0.007205229533812252,0.9341992840677893,0.22399486972732627,0.2776652588695035,-0.30492773272560086,0.09735472239248849,0.947386476493467,0.1851776861883059,-0.9697156059194469,0.1592509597278011,0.048313653038357954,-0.2770765217425954,0.08628963177643499,2.1198578,-9.358635,2.0149796
-0.31578407148826143,0.11274593634582607,-0.04200975663821896,0.9339230736251377,0.22760506891777194,0.27565127453634614,-0.30356808261606216,0.09776723295894385,0.9477805586613178,0.18876999700000896,-0.9688330613488003,0.16040070906990642,0.005738709132237126,-0.26896108796748996,0.10224005754451851,2.1712387,-9.342763,2.0338104
-0.1329631845239358,0.3154169746679879,0.11158588685614425,0.933558038474879,0.23250141484012038,0.27278651157320605,-0.30146372170566754,0.09765934918451483,0.948463112626013,0.19387886242265914,-0.9676805999988837,0.1612614122829649,-0.029177245543234667,-0.24934387074450812,0.10062092697747199,2.2218444,-9.328565,2.0446823
0.12259983959847251,0.6146249513956804,0.4332443441259345,0.93319342943762,0.23705880761028525,0.2700983987158083,-0.29937819747997896,0.09703854507907061,0.949187134153522,0.1988032145818891,-0.9666367686485587,0.16152597118909526,-0.04997473658517916,-0.21791453481156345,0.08858927769166694,2.268695,-9.316301,2.0499222
0.483772731233203,1.0071853417696872,0.8503056906796143,0.9328920230778939,0.23984845603291827,0.268673019516772,-0.29823160576272956,0.09621697444277566,0.9496316144449184,0.2019167714723527,-0.9660305440138546,0.16129043812476357,-0.06040200713661192,-0.16466517358961066,0.054792053290758536,2.3073685,-9.307013,2.0500915
0.9775073005985229,1.562226467691192,1.317501758077192,0.9323433757644214,0.24188597529339567,0.2687508225560737,-0.2984536783954616,0.09524974557535838,0.9496593535684509,0.2041108314627662,-0.9656182790959339,0.16099722840901945,-0.03987995376044077,-0.09223913632874708,-0.019308413408308474,2.332547,-9.300997,2.0502868
1.5681937182699959,2.2867414933338996,1.7551554399621345,0.9314668470777984,0.24208078972817554,0.2715997128855791,-0.30115992646719925,0.09416725067851128,0.9489126554061347,0.20413772675626923,-0.9656756288445069,0.1606187049211563,-0.017299053005960574,0.004226210013052192,-0.13853514973303185,2.3390594,-9.299176,2.0517516
2.1392797676169364,3.1085119828551653,2.179928785190932,0.9303513687175844,0.24049916073027683,0.2767787643829465,-0.3059207014028636,0.09299240430848002,0.9475045842602073,0.20213573454116926,-0.9661845405661185,0.16008928256613952,0.003262195792537767,0.11977192625214718,-0.28663752485280003,2.322705,-9.303328,2.0496018
2.6291641582510406,3.843337999376784,2.6698066633270146,0.9283649807326538,0.23644600212417485,0.286760789908165,-0.3153000015471943,0.09252082329311515,0.9444711781105359,0.19678508981525827,-0.9672296445708535,0.16044451716946215,0.08521285315560795,0.22957728299477753,-0.4340673227566011,2.2805085,-9.311673,2.0532289
3.0238448892320844,4.340337447000957,3.2695892344913924,0.9261452765553272,0.23200672816306978,0.2973681301036221,-0.3256964329666792,0.09435906247011304,0.9407540597215316,0.19020189343704932,-0.9681266680640656,0.16295396379386587,0.24509031876426168,0.31150230974506343,-0.5745750525048349,2.210968,-9.320241,2.0776277
3.387642149540608,4.524924727308737,3.9296707072839148,0.9223618858971268,0.22603576584042237,0.3132991924745899,-0.34206703348444484,0.10092662195037859,0.9342397773509953,0.17955137439587612,-0.9688764882804307,0.1704102532417953,0.49363460887785526,0.36476141849640964,-0.7360182169513891,2.1121292,-9.323947,2.1386566
3.727712874702974,4.4549116459072975,4.575681118929909,0.9171019525049631,0.22033500895496408,0.3322295780637254,-0.3621960680894999,0.1123611591289701,0.9253048028513096,0.16654734153414577,-0.9689310882348706,0.18285111232885193,0.8067221557512156,0.39769854443543873,-0.9419072297641997,1.9810104,-9.317304,2.2488205
4.051836714701645,4.099641973498179,5.177463290670057,0.9094344330482214,0.2147032980407135,0.35613411209360657,-0.38814734910183774,0.13093202309552757,0.9122491111058035,0.14923353299938008,-0.96786326469112,0.20241060616966233,1.1943137242253938,0.4296211110041295,-1.1728581760435701,1.8088455,-9.293821,2.417781
4.313552761057581,3.31839934708083,5.674331084043693,0.898481799160661,0.21054858632775567,0.38522688038661823,-0.42007187621684705,0.15736692286659432,0.8937422841060826,0.1275542056879354,-0.9648341538227609,0.22983685567905962,1.6360936928869236,0.42327991454818553,-1.449885685178797,1.5898346,-9.244066,2.6528213
4.426701578113227,2.071158759938343,5.929231676210157,0.8841963333956312,0.20906733870286714,0.4177172391671464,-0.45569523893075603,0.18953613720116672,0.8697228879997939,0.10265813764901195,-0.959357545747445,0.2628581484220631,2.087905864630495,0.39674590563300016,-1.7657459395868287,1.3188355,-9.159556,2.9521973
4.347753115579718,0.4661209267976505,5.858764507332428,0.8654504170661942,0.2111396159699449,0.4543298781370373,-0.4955800205936648,0.2278278640105642,0.838149692816723,0.07345759857450912,-0.9505338115756051,0.30181029515776664,2.5310946111040558,0.3465191387063683,-2.0981985241658134,0.9926239,-9.033838,3.3067856
3.3801284819656328,-3.3106887700773537,4.753576459266426,0.8095110413714278,0.22919199115973177,0.5405209571200588,-0.5870906486154304,0.3223657173445779,0.7425664378284474,-0.004055145627494462,-0.9184505296798261,0.39551508229748533,3.2448241657489483,0.29214955875919657,-2.6866321120939007,0.16434631,-8.653898,4.1112413
2.2382182388329044,-5.14424148794016,3.757304193024919,0.7719031640076082,0.24452525083223695,0.5868329465022184,-0.6333987006095957,0.3749540777775262,0.6769161880351814,-0.054512305593503174,-0.8942129731017306,0.44431021513740143,3.2448241657489483,0.2921495587591968,-2.6866321120939007,-0.3230179,-8.406752,4.5204926
0.830177963751553,-6.525009519929793,2.634586341273583,0.731643838483244,0.26352486111020856,0.6286906561945631,-0.6732630101165665,0.4238823952921691,0.6058387856271286,-0.10683731940799038,-0.8665323782399702,0.4875524839886432,3.4598511319276537,0.2856013025966133,-2.8796279393757716,-0.85452425,-8.115089,4.918048
-1.1499225484062254,-7.744147528000868,0.597991951848241,0.6472574470539024,0.30347511926011267,0.6992572124928891,-0.7281341743225421,0.5175923038284455,0.4493537929084304,-0.22556245568998123,-0.8000006618794905,0.5559860785806442,4.042759666706193,0.4712132029094249,-3.0912570683480527,-2.0529847,-7.381111,5.6205597
-1.8829256459184345,-7.622247338282145,-0.7092528464722934,0.5915267006831025,0.3338564055729951,0.7339182943876269,-0.747813961669062,0.5674847700832673,0.344579910117181,-0.30144724432607817,-0.752662564620708,0.5853448750153983,4.042759666706193,0.47121320290942514,-3.091257068348053,-2.695311,-6.9829316,5.864699
-2.5840662329245108,-7.227904273392048,-1.8701025375920217,0.5501042114504195,0.34783350682083763,0.7592082771395677,-0.7514459359802165,0.6027723664813502,0.26831787026825016,-0.36429982410554196,-0.7181067648610416,0.5929656924455915,3.8305203860848698,1.0121616426970526,-2.5829621489336105,-3.3492293,-6.583165,6.0117083
-3.645619773068895,-6.616115597578901,-2.8709548204382225,0.4988845034983173,0.36755147707978736,0.7848695202807308,-0.7474399895614676,0.6408721671573776,0.17497521929507573,-0.43868863009381825,-0.6739352914482762,0.5944438651100169,3.8305203860848698,1.0121616426970523,-2.5829621489336105,-4.0011396,-6.1788254,6.066873
-4.65582738077031,-6.1221644277762195,-3.3490844412480145,0.47010367860023455,0.3689387572366247,0.8018021730921056,-0.7309809262707471,0.6718655010678272,0.11943045634694044,-0.4946406946409569,-0.6422467920383662,0.5855336380785813,3.6132531051980106,1.336566416221753,-1.4654289231317645,-4.633812,-5.767131,6.0463104
-5.493295457650034,-5.537965837174834,-3.6298565751010266,0.4431966014986654,0.3627071494573437,0.8197684405687755,-0.7006413052586461,0.7106027564789825,0.06438543196976142,-0.5591766570463166,-0.602899034844973,0.5690643373095047,3.483245571055069,1.3776433714183258,-0.8046177267684227,-5.2295074,-5.346341,5.969977
-5.815204683231702,-4.825362106092331,-3.814173229270295,0.42599394481743513,0.3488636812307444,0.834759420969308,-0.662886505904894,0.7482834694837939,0.025560312722995505,-0.6157196109172429,-0.5642392942851725,0.5500212536952449,3.358618603852313,1.3544237152781997,-0.11745348801783972,-5.776558,-4.9164414,5.8619766
-5.583481512985889,-4.002055210083954,-4.026041288349781,0.4160119397066516,0.3250083490537688,0.8492959667082222,-0.6145872864756184,0.7888483852963055,-0.0008320564571296929,-0.6702361772718965,-0.521620358173217,0.5279163462284523,3.245547420562847,1.3118738756590926,0.5680000652132173,-6.2740326,-4.477754,5.7410765
-5.088655308450127,-3.1272848217165254,-4.309514288662891,0.4139183172676534,0.2926846230841144,0.8619787340998761,-0.5650191464954499,0.8250306568782625,-0.008819257597798464,-0.7137401422954066,-0.4833840363739091,0.5068677171166057,3.0007404994635536,1.285501787650631,1.3202822979628581,-6.710243,-4.0515137,5.614461
-4.885973788908723,-2.1177818048072625,-4.69612809911957,0.41948668300229563,0.24241417041257154,0.874795000424052,-0.5062304156698813,0.8623900070039586,0.0037738667718439922,-0.7534996277599814,-0.44443092354481467,0.48447854974464255,2.602123601695344,1.2280898881465976,2.180295362274614,-7.0671678,-3.6733336,5.4922957
-5.299266809356646,-1.1658311058260251,-5.094985952437103,0.43234643771328046,0.18292347351120786,0.8829584138764588,-0.44875391931236686,0.8929800409233701,0.03473566487467978,-0.7821102720834356,-0.4112488897870614,0.468164365314665,2.2015102499994192,1.0090994012631986,3.0167226887312837,-7.3354826,-3.3555083,5.403346
-6.060971970686049,-0.54709380400491,-5.393359601193807,0.4532155675608659,0.11021622991266095,0.8845609261008102,-0.38710532062288683,0.9182076600480837,0.08392951670583493,-0.8029602232152809,-0.3804564044576754,0.4588112948056133,1.794963654552437,0.6466157200699592,3.708511455135,-7.5088196,-3.0987535,5.375348
-6.656149616493043,-0.12252322432448004,-5.602297064144276,0.4762092474409527,0.0432029928496975,0.8782700348187633,-0.33652173040266875,0.9317103131338765,0.13663461262347765,-0.8123902249648962,-0.3606236179298343,0.458227812962812,1.3135164836241227,0.2043757473672576,4.299112309189188,-7.5785217,-2.921672,5.4133973
-6.883694422995491,0.08966328043023664,-5.8556333575458375,0.5163093916300564,-0.06320840179588835,0.8540663382062378,-0.26351347672966247,0.9371633300859201,0.22866031646115342,-0.8148529067852961,-0.3431174590204914,0.4672099630988992,0.7815106798671966,-0.26621237493821104,4.833344790633223,-7.5400724,-2.845929,5.5067244
