0.2739061842069539,0.3303077799872176,0.724884300964638,0.0010682408593880796,0.0,0.9999994294305704,-0.9808213838618925,-0.19490173386200801,0.001047754075819279,0.19490298620622734,-0.9808219434889094,0.0010682408593881783,0.10309258090984141,0.11667363637382111,-0.06116663715384282,1.9112167,-9.61793,0.010475159
0.4454273780334122,0.33732757987839557,0.9846708761329976,0.00016205586071607234,-0.0035977041370450677,0.9999935151103931,-0.981550434038147,-0.19119842177263174,-0.0005288127818760728,0.1911992912390702,-0.9815485753610889,-0.0022858775762962438,0.18258615372724657,0.16243042361780402,-0.07643771785476508,1.8802414,-9.623311,-0.01734314
0.6011041924184589,0.3706997596444831,1.2717783498140018,-0.0009560479951598541,-0.008127745536637076,0.9999665123016482,-0.9826365442614853,-0.18552035695973842,-0.0024473919088687755,0.1855328157473213,-0.982616352458067,-0.00653285258321793,0.279189180589635,0.20508067694654558,-0.09406510480578353,1.8304764,-9.631582,-0.05380554
0.7365234342969625,0.3967425546583271,1.5202405410863087,-0.0024594849316473284,-0.01430211299889248,0.9998946947042162,-0.9841262407488145,-0.1773959700111411,-0.00495810298310902,0.1774450612314134,-0.9840530572638864,-0.012362472818091729,0.3903315553677083,0.27497029235913223,-0.12273704415519594,1.7599487,-9.642505,-0.10261078
0.8804946833301609,0.3957493677987809,1.7212890218320624,-0.004263819299978091,-0.021972963768809632,0.9997494729721998,-0.9858051639725961,-0.16770299360463944,-0.00789020359581558,0.1678289081050518,-0.9856198827858589,-0.019669882090532026,0.5122467778360931,0.3792987979171558,-0.16172401965671102,1.666336,-9.65524,-0.17107543
1.0492460942244246,0.3725867258629695,1.8941267647989528,-0.006666297235507466,-0.03190663820248582,0.9994686222787503,-0.9877857887560446,-0.15538414183360194,-0.011548796041670167,0.15566154826704087,-0.987378616125259,-0.029205321598567,0.644120795535732,0.49006412173387914,-0.20618668868355144,1.5476792,-9.668637,-0.26205596
1.218204855252518,0.35052542632795697,2.058137409996763,-0.009768120225709102,-0.0440667793853331,0.9989808320392641,-0.9899981444658674,-0.1401798221005346,-0.01586386213317057,0.1407235561755462,-0.9892003789461866,-0.040981593795609034,0.7820381169294348,0.595679281251998,-0.24967715063542512,1.4027084,-9.6813755,-0.37496185
1.3688036927377272,0.3311577933628998,2.2520811211540943,-0.01394347090787963,-0.059465027942468995,0.9981330021950193,-0.9925417718439754,-0.12007252141943618,-0.021018835281224443,0.12108043385885355,-0.9910576778062039,-0.05607323602152556,0.9219734297136342,0.6800836577297941,-0.282940396053309,1.2308365,-9.691828,-0.5065552
1.5092693412340452,0.292326593916096,2.4859788752553835,-0.018077872085705132,-0.07449921498301695,0.9970571987141795,-0.9946931926409881,-0.09967181449263635,-0.025482397869937036,0.10125384340215789,-0.9923217698087478,-0.07102932042421009,1.0655703774630672,0.7666243129069769,-0.30411002173612095,1.0314773,-9.6981535,-0.65538484
1.6423341657460195,0.18256822433367126,2.6481807662389327,-0.022916867851028422,-0.09255837632009208,0.9954435012299224,-0.9967629530515321,-0.07462448800636863,-0.02988598175658681,0.07702140747575226,-0.9930242425219479,-0.08927797351063024,1.193985189194826,0.8524192167581648,-0.3097903475386083,0.8069092,-9.69827,-0.8217346
1.7442948994737675,0.030525580869795954,2.647350307517701,-0.027702488469090493,-0.11164639515123444,0.9933617944044124,-0.9983211281171513,-0.04746261413008714,-0.03317523333173055,0.0508160820855268,-0.9927556140618188,-0.10887615234851475,1.3018024728944908,0.9179947324605022,-0.29072565465404177,0.5611664,-9.6909895,-1.0015854
1.7942903789417148,-0.1138996167031974,2.494128509183825,-0.03232331456912413,-0.1329881023489609,0.9905904138284842,-0.9992474114622143,-0.016926177747662127,-0.034878157702161065,0.02136403053835449,-0.991142036310302,-0.13107647408220657,1.3871890860918163,0.982853544978539,-0.24683056225107247,0.29751283,-9.675054,-1.1933563
1.792412205134212,-0.22340865197954973,2.267246243586335,-0.035933030443669446,-0.15468778016422152,0.9873097325515432,-0.99931863950401,0.013800156070361584,-0.034207939488752684,-0.008379344661631722,-0.988063663857956,-0.1538180182768999,1.435174362410287,1.031412621004634,-0.17484079341863912,0.023443604,-9.649701,-1.3943024
1.691093806118742,-0.4393870496626277,1.7806868024512041,-0.03627905905657163,-0.18824603885006685,0.9814516079416391,-0.9974345214896148,0.06745373219532334,-0.02393198791331415,-0.061743780170418955,-0.9800422303837136,-0.188957488009292,1.3619187866693385,0.8486504813753151,0.02287055569430957,-0.51987,-9.582298,-1.7651412
1.5970038521135734,-0.5992619430834246,1.4568113879026603,-0.03482005682943909,-0.19985665259326738,0.9792062510301947,-0.9956210988191424,0.0919805738594024,-0.01663046332597494,-0.08678869000317917,-0.9757525830411609,-0.20093436733429507,1.2456071273426248,0.5696769752976903,0.1153932642665744,-0.7680832,-9.551939,-1.8885574
1.4581680949819011,-0.763509914233152,0.9610134094972191,-0.03151309512521481,-0.2043983894265648,0.9783804082438771,-0.9936131971717982,0.11251206368629497,-0.008498271757638544,-0.10838279042965224,-0.9726603953443794,-0.20538969318638298,1.0794669679566709,0.21088958595670731,0.18626241430372403,-0.98739165,-9.530737,-1.9453751
1.2366865042899473,-0.8886023033464241,0.17075958322110196,-0.026336587401081427,-0.20224310113212227,0.9789811602929483,-0.9916545547247049,0.1289170770162431,-4.5156545730347386e-05,-0.12623187420708787,-0.9710704677722115,-0.20270091404535737,0.8755876980972447,-0.13812732597552096,0.23980551561316352,-1.1695007,-9.519277,-1.932161
0.8928700349392698,-0.9711336204547537,-0.9437148055761813,-0.019769863939779593,-0.1944887499967411,0.980705500445729,-0.9900278222403226,0.1406425869964257,0.007933763597144173,-0.1394972215450597,-0.9710171353555145,-0.19407794317535954,0.6498977129741431,-0.4307871097819377,0.26954953206229737,-1.308638,-9.516507,-1.8587081
0.4274076519231601,-1.0485324346141027,-2.2280596845008205,-0.012464545268342184,-0.18208326669133623,0.9832041085666114,-0.9888703618329081,0.14802849705636778,0.014877575053230303,-0.14826709424572626,-0.9723083794035388,-0.1806468491438255,0.4193446458722069,-0.6579349165799127,0.2627355057460385,-1.4034545,-9.522206,-1.7373749
-0.11099566553878043,-1.1463159470491746,-3.4616133271076706,-0.005475876355503414,-0.1659175276742509,0.9861244286542157,-0.9883815747504123,0.15068389437591548,0.01986447485792661,-0.15189592345305353,-0.9747702246484826,-0.16355622145638446,0.1758355149409854,-0.8630702012176454,0.22206395005373725,-1.4523728,-9.536644,-1.5763229
-0.6656470206500256,-1.2497078855522408,-4.582523913742091,0.0008397302562158319,-0.14436274983740102,0.9895244773690445,-0.9886705248225429,0.14840210421267183,0.02248954210621367,-0.1500930948842502,-0.9785168404198673,-0.14133950573985513,-0.09242806097489892,-1.1143378760621392,0.14572284830907659,-1.4508835,-9.560896,-1.3684661
-1.214248625304439,-1.3087970257731505,-5.7110587432517175,0.005468865795683234,-0.11914259701488021,0.9928620916740948,-0.9897206356222582,0.14124321593388625,0.022400626506982914,-0.1428969229250432,-0.9829306852805005,-0.11587811420867711,-0.38395246599451766,-1.3808971888588284,0.04502563403011417,-1.3938843,-9.594429,-1.1087707
-1.7275127936498935,-1.291085727587439,-6.982766364557739,0.008943907922853427,-0.08707758068521246,0.9961613832372131,-0.9916335861811131,0.12751165082612362,0.020049447697144146,-0.12875662347147548,-0.9881175549078832,-0.0839370573411436,-0.6912198769329859,-1.5965253910137691,-0.04701035536083997,-1.2767639,-9.633319,-0.804422
-2.235649934676786,-1.181895380232631,-8.370783267726598,0.010887029489475956,-0.05474648180219497,0.9984409323135631,-0.9939406542739646,0.10862004622982983,0.016793809283530796,-0.10935620552105023,-0.9926437490099683,-0.05195775077379855,-1.0150937298396971,-1.7125684978561215,-0.1032944309530328,-1.0948563,-9.670473,-0.4730316
-2.682354755454482,-1.0295611667146092,-9.706170748021078,0.011683873601410868,-0.01874063398427723,0.9997561081261437,-0.9967012052683001,0.08007606556548501,0.01314921412286463,-0.08028804646737332,-0.9966356730614387,-0.01646708158190839,-1.34751368956886,-1.6823961614800367,-0.12455920235971733,-0.8453827,-9.696345,-0.14150849
-3.1614666510840794,-0.7881768323950212,-10.737471936574918,0.011232663657400905,0.009617023278080485,0.9998906640880434,-0.9987418619813401,0.04896454663292471,0.010748813462755611,-0.04884148359883242,-0.9987411258477393,0.011431230041174287,-1.653387324817817,-1.4987061626391105,-0.12308706979687192,-0.53277284,-9.704143,0.15958253
-3.6811620177436235,-0.5110109664517032,-11.070450124887483,0.009518252920316597,0.0351060098220784,0.9993382665222605,-0.9999077097983016,0.009938319500835444,0.009174550844260321,-0.009597511597192574,-0.9992885522464688,0.036472964237876146,-1.9428485951579952,-1.26709941127495,-0.12499077856763441,-0.16458282,-9.692238,0.41328278
-4.29737995327402,-0.15917423122119762,-10.176122913049209,0.0064867030353834825,0.05910530084462398,0.9982306777973701,-0.9992410404760154,-0.037938541127192915,0.008739611966759509,0.03839625292906842,-0.9974543078027887,0.06008853140713448,-2.3265503752296053,-1.1711536925765766,-0.13364843865732884,0.2727936,-9.652614,0.6374054
-4.956796353244906,0.3489120113696289,-7.8933359607163345,0.0031796010533127307,0.08140603730788502,0.9966759489558121,-0.9959971324335225,-0.08876569192425639,0.010427598629942516,0.08932355829779032,-0.9926156325150669,0.08207014085362804,-2.7054250171875274,-1.1964339089201057,-0.10291981414390151,0.7810501,-9.575963,0.857518
-5.533033497269931,0.9641355477943321,-4.743847954699871,0.00023775862660527615,0.09850712187694764,0.9951363175014544,-0.9906959830568008,-0.13540232926569043,0.013639980803627973,0.136087714063474,-0.985755056582095,0.09882865224118133,-2.9395782973024693,-1.086953526271258,-0.06545389404845633,1.3383499,-9.465759,1.063411
-5.828473852759505,1.45714805118731,-1.5187294338003205,-0.003465927929760089,0.11053758004979619,0.9938659017897337,-0.980469269724183,-0.19580944986196575,0.01835868086384478,0.19663323556014364,-0.9742502500820115,0.11032597558275418,-2.9602925174784835,-0.6045783865092043,-0.0827399713339255,1.9045197,-9.34429,1.1990433
-5.723720374681256,1.8975097217835488,1.5847098222115237,-0.00536391530491507,0.10866676054085987,0.9940637623242068,-0.9684552784788875,-0.2482191797474132,0.02190851623640534,0.24911957245313626,-0.9624500753526939,0.10783919080909181,-2.7877767618697824,0.07304606916773128,-0.12108324629405975,2.445247,-9.227022,1.216507
-5.152580368616227,2.4078261781162054,4.702018213975625,-0.0033939176270763247,0.09488064694056494,0.9954828698472318,-0.9536196809256396,-0.2999432013852833,0.025336747735408078,0.30098795377831566,-0.9491049560829318,0.09276871250134908,-2.452033817757529,0.63097834566927,-0.09047919423614725,2.9277406,-9.120054,1.1210235
-4.062423513275991,3.0727750479956395,7.766538290225899,0.005075864512472045,0.07125755584510199,0.997445034242205,-0.9382454490220689,-0.3447164326192276,0.029401176225262886,0.3459372289492063,-0.9359065441645117,0.0663805258866225,-1.9838896114301496,1.05097288626943,0.011824743930736015,3.3234406,-9.029126,0.9371582
-0.6660601211806166,3.903069129600482,13.08929400668051,0.044064789046451926,0.012479345307169168,0.9989507296693848,-0.9272671367489836,-0.37161763382051183,0.045545164735290494,0.3718523265180445,-0.9282851917497422,-0.003528461599777724,-0.7629513468419417,1.779911254281207,0.3936154291338878,3.7545516,-8.916858,0.3495163
1.5517042489406279,3.8535930080456815,15.18667839621879,0.07144431721593597,-0.024845579931266328,0.9971350995203347,-0.9261225012514863,-0.37287938822503613,0.057065271438877886,0.3704845007642968,-0.9275779557891922,-0.048377377227091074,-0.06226034443658341,2.1780006184573466,0.5619217095348858,3.7580597,-8.891681,-0.042477418
4.137627044281202,3.036553602066941,16.226526236642638,0.1031136421718862,-0.0713849920416701,0.9921047120688717,-0.9306708418284508,-0.35891905376345856,0.07090322776605812,0.35115547688712656,-0.9307251365348501,-0.10217901582202918,0.7693186560301044,2.7025143234766373,0.6242216045318909,3.5887878,-8.883533,-0.5112518
6.5622631190562455,1.5548398301691093,15.577562972219896,0.12814768075390404,-0.1153389300478439,0.9850254327340051,-0.9378673815867307,-0.3370293727658361,0.0825490589921919,0.3226249568969435,-0.9345489174900151,-0.1501048233918067,1.5858772300759072,3.281336821632166,0.5652309533720448,3.241153,-8.890076,-1.0666397
8.899201500372342,-0.2442995789302893,13.437062013545974,0.15907932821601056,-0.17940353301923018,0.9708285840840085,-0.9493999201234585,-0.2975236827002914,0.10058737790501537,0.2710018204218307,-0.9379349511756224,-0.21641635957393782,2.2687049593574558,3.723147262407066,0.5301112748722194,2.737886,-8.897139,-1.6857544
10.51788882164197,-1.7981347481109013,9.957525369446484,0.18949149743815705,-0.24986433934186866,0.9495582048110038,-0.9607744370082303,-0.24662552426261736,0.12683336574216847,0.20273603014771818,-0.9366640317661068,-0.28558465238104846,2.7519946321241817,3.7938452068861737,0.5970427473318773,2.1279175,-8.876272,-2.3103256
11.335659428513019,-2.741716590031603,6.413541044113149,0.21523667031033494,-0.3169019993898258,0.9237133205364373,-0.9684031002142975,-0.19126975522389672,0.1600302687734646,0.12623924604557757,-0.9293757330400734,-0.34687807597781334,3.0953614465705535,3.6584470427177807,0.6805702184380449,1.4474075,-8.810183,-2.8904052
11.311744054016756,-3.2188666441760927,2.8327483327348095,0.23613756305988354,-0.3863953551630276,0.8915927774609759,-0.9709177368267619,-0.13107039816645022,0.20034387869727005,0.039750892457330475,-0.9134651688247748,-0.40497068028780897,3.2335348110215727,3.5525728812025377,0.6820468881269213,0.7335907,-8.698187,-3.4217803
10.501246934676322,-3.4651635726508063,-0.3542609474277745,0.24855274680619432,-0.4516807694682051,0.8568582231312868,-0.9676078735231356,-0.07540177495608992,0.24093141372865098,-0.043898191873410555,-0.8895634728889489,-0.45469745595505257,3.1835599133435175,3.470814992547383,0.6137855227361171,0.01878357,-8.546356,-3.9142945
9.20479205294226,-3.7094857203031713,-2.9707052256033393,0.2528107307668943,-0.5105560701202522,0.8218389341424954,-0.9600892804406306,-0.02734535277414276,0.27835081454242155,-0.11931752377480448,-0.8600605197726453,-0.4960435775702126,2.962619324726362,3.322778854810649,0.5022569665273304,-0.66863406,-8.359892,-4.36644
7.63792619076011,-3.9850272296976006,-5.195474847420159,0.2509266482270983,-0.5598656791814297,0.7896747675367566,-0.9505383475721975,0.011762257678709464,0.3103818129027468,-0.18274018887447713,-0.8292138535899208,-0.5282143583666323,2.628534142649789,3.0168612711170453,0.37959885845213726,-1.2956543,-8.158185,-4.7599244
5.879834473878036,-4.161069008569871,-7.275746690456772,0.24509357788862804,-0.6008599656184029,0.7608524428526222,-0.940084421001353,0.0445549685155817,0.3380155423392631,-0.23668691565993727,-0.798877930708081,-0.5529677710165029,2.2209535784662817,2.5423767681430514,0.2553941406144119,-1.8389221,-7.958583,-5.0779314
4.050562828973332,-4.140823071002712,-9.157018544515218,0.2375598205452726,-0.6327459665955643,0.7370195882197046,-0.929806850439683,0.07145226776140133,0.3610431622382148,-0.28080709392740977,-0.7718628753942839,-0.5704165824974852,1.7667967808283493,1.942708742596504,0.1531426539980043,-2.2772155,-7.783339,-5.308656
2.4028385357199498,-4.005723046661878,-10.61287961526343,0.23140326401620667,-0.6526848370019752,0.7214256946840407,-0.9216253410277849,0.09039796580509124,0.37740337736366475,-0.311245503906037,-0.7530496906342279,-0.5796916419390312,1.2863096770133287,1.2723565247328033,0.08348634501815799,-2.596106,-7.653676,-5.449168
0.9706910043703676,-3.8565075010462198,-11.734481280243468,0.228231155175617,-0.6605392914675794,0.715261060197402,-0.9166781167771133,0.10173936826882478,0.3864565976380861,-0.32774865140505804,-0.7447087385100883,-0.5813688298222375,0.7754488154330963,0.5298313155373563,0.010771581292762122,-2.7858918,-7.5887437,-5.498581
0.3300729138358349,-3.901790597746973,-12.142362459412247,0.22839280976413126,-0.6561595736607073,0.7192296839963185,-0.9150548656692766,0.10757288127820203,0.38871717060128413,-0.3321385718081193,-0.7477523793492598,-0.5749350818090531,0.29812802829151497,-0.27034105529628344,-0.0886004254809882,-2.84691,-7.603232,-5.450137
0.19210885770550412,-4.04735241231263,-12.237706375350054,0.23163548073755,-0.6379710145043075,0.734396343070844,-0.9174198933583212,0.10782555630134381,0.3830310161990699,-0.32325371060535524,-0.7632877223252946,-0.5593736600228261,-0.1941073239857271,-1.1908426571023378,-0.2465059731983491,-2.7744873,-7.705989,-5.2863665
1.7794102452943354,-4.474661219770965,-11.329582198365742,0.2412241339740302,-0.5688184026485756,0.7862929110686439,-0.9294315948516244,0.09770789470104695,0.3558208095325999,-0.27891654046836695,-0.8173641055846557,-0.5041046343319538,-0.6722604735287698,-2.1925250355529653,-0.4495873806301142,-2.2397246,-8.129527,-4.5360746
3.531450518920239,-4.693796205626063,-10.211070868514664,0.24550951088227876,-0.5126701136796951,0.8227359446420175,-0.938988377652883,0.08512760819091318,0.33324538653712965,-0.24056911429946962,-0.8550087962256153,-0.4594414648483441,-1.1362513556930212,-3.120323999441202,-0.6521996668496293,-1.7955201,-8.388254,-3.9489427
5.800522229477556,-5.032238281290274,-8.118787988236582,0.2453266155238654,-0.4358213438954337,0.8659530056075697,-0.9515521363382383,0.06254708429526218,0.3010560824299618,-0.18505635648577837,-0.8984128035977258,-0.3982569261869555,-1.9939108871844802,-4.716700770651482,-1.0766030129610251,-1.2590882,-8.622891,-3.2250443
8.111045314340476,-5.315065284955669,-4.99046719931339,0.23814542715791526,-0.33653371794702036,0.9110608169647784,-0.9642357738049973,0.030439898035936552,0.26328911070156275,-0.1160342824899028,-0.941608095868356,-0.3160858096818361,-1.9939108871844802,-4.716700770651482,-1.0766030129610251,-0.66154635,-8.807951,-2.396994
9.999591470262823,-5.369687895782127,-1.8177738301865287,0.22175724346165923,-0.2702647382578323,0.9368995123420184,-0.9730617723599433,0.0007734968736963811,0.23053971364190579,-0.06274838359874797,-0.9631299290993187,-0.2616168573102383,-2.74283225811812,-4.919573899660086,-1.6612649732362654,-0.04717102,-8.956431,-1.558786
11.275180918374186,-5.580901142580753,2.0797734546812983,0.182395397080406,-0.18180852706301398,0.966269930511686,-0.9831088989801123,-0.048789975665459825,0.17639388229883363,0.015307191906491878,-0.9823540680351535,-0.18640325879856012,-2.938873380629449,-4.444148400652873,-2.0564820561143,0.54263,-9.084012,-0.76283723
11.359634099067227,-5.61972254251104,6.267814343311595,0.1304174044095909,-0.10951063825841488,0.9853926733720421,-0.9879919953793033,-0.09739137603167113,0.11993793241864846,0.08300073931968728,-0.9893418515847974,-0.11963936632710055,-2.904920998111887,-3.955123862866389,-2.5170673666716192,1.0727829,-9.189029,-0.01816864
9.978425741651359,-5.19381358094038,10.449472418535574,0.06228729536938124,-0.044584029203078177,0.9970619625557815,-0.9875836887828906,-0.14710164110084,0.05511747025397884,0.14429159828627605,-0.9881721580736657,-0.051920330045427024,-2.6455732094127944,-3.519070749618405,-2.9165795837609156,1.5155503,-9.259359,0.68140256
7.539681831378267,-4.165173858022979,13.760827637407857,-0.0066645541484166015,0.002944826701315975,0.9999734555045459,-0.9822867303841225,-0.18728376398212507,-0.00599514401309191,0.18725263104155676,-0.9822968521352281,0.005417236678975874,-2.2041556920793037,-3.0634775148493656,-3.1562689908967316,1.8454834,-9.2853775,1.3234863
4.406314736647851,-2.7948693380123903,15.787324360272104,-0.08320411443138616,0.04129626284668957,0.99567650068513,-0.9724806440688772,-0.22155067712664414,-0.07207679978943901,0.21751009509864974,-0.9742204986183213,0.05986466906318964,-1.6150952851387967,-2.567325451968956,-3.245103567502622,2.045375,-9.263285,1.8867218
1.226521004972399,-1.392999790626527,16.38342535425121,-0.1522506922970405,0.06664825197849869,0.9860921545186749,-0.9609942637266727,-0.24306012051031664,-0.1319476168550239,0.23069126047622546,-0.9676329472778632,0.10231335045948686,-0.9601688555381972,-2.100264973174161,-3.1793755499786793,2.1095917,-9.2076435,2.3551254
-1.8056730941014696,-0.12667212087156354,15.671427764114343,-0.21987957986865508,0.08533834842314328,0.9717871869114111,-0.948094623973944,-0.25326692935527595,-0.19227796852066872,0.2294322086653073,-0.9635152769065336,0.13783748689918923,-0.273449038013006,-1.7070345473049071,-3.0079591097264715,2.0442474,-9.138926,2.730243
-4.422593403050992,0.9018294395586635,13.698144598443958,-0.2765990279379909,0.09662028857240434,0.9561158389964806,-0.9364542337089417,-0.25046415514855386,-0.24560037835088877,0.21538970335427318,-0.9631682209101177,0.16097904807084853,0.4070937502876486,-1.3126752880640677,-2.746069941273277,1.8598007,-9.0783825,3.0044847
-6.7936720319193915,1.8081423798263165,10.744217593062759,-0.33011546040820017,0.1082159666319108,0.9377169548245372,-0.9249987476151889,-0.2350935582244364,-0.29850746470312156,0.18772656791618658,-0.9657908063997552,0.1789045946087447,0.9633427864391947,-1.1276439542639076,-2.335161153976652,1.586139,-9.041127,3.1981628
-9.11855868136014,2.876260955634823,7.2510781904129376,-0.36922477839371104,0.12776343174528965,0.9205159251902064,-0.9164296735957778,-0.21457869575117886,-0.33780320805853636,0.15389291493017757,-0.9681503406852331,0.19748895808464714,1.2057981940906857,-1.3510113708941014,-1.7370131481014774,1.2610565,-9.006877,3.389824
-11.017960991196022,4.076246933725178,3.3299471045803433,-0.39898654303516684,0.1617240936587339,0.9025824372361275,-0.9101103988444467,-0.18989708323513171,-0.36828865090546986,0.11132734012520583,-0.9681854459251964,0.2241052557154215,1.1998889148978775,-1.6544348863352734,-1.0840127981545313,0.9223633,-8.956143,3.6179214
-11.964163569444882,4.8900637761433545,-0.7106335255437544,-0.40823690619385405,0.18781389323288217,0.8933468363015442,-0.9089331435451307,-0.17447495559153647,-0.378678493089161,0.08422447614151131,-0.9663433508176448,0.24307769529352863,1.0817123763164316,-1.7775631928754156,-0.4452191039765663,0.6002563,-8.889969,3.869864
-11.975526541983793,5.0391090891944845,-4.692086391685198,-0.4085457918699238,0.21990539158883102,0.8858509777019721,-0.9111553660424583,-0.15537268862771733,-0.3816459055884232,0.053189570157808244,-0.9627870037336045,0.2649755744745067,0.958642445666282,-1.6302274297117914,0.10841456561291662,0.3150696,-8.822093,4.1051893
-11.35472008332461,4.595050165875097,-8.092901762916666,-0.40047800609297446,0.24431803027881152,0.8831342291613871,-0.9158272879816809,-0.13786305659992057,-0.3771637932050555,0.029092481590703333,-0.9595323717078381,0.28009151211635236,0.8526005673743781,-1.2871800610166146,0.5358701242916384,0.0822052,-8.764842,4.292679
-10.440234639773086,3.914476725088303,-10.632313782840786,-0.38317999455841095,0.26365758493130287,0.8852444688776141,-0.923642093789647,-0.11720544091136795,-0.36489250183092037,0.007059684851541263,-0.9571320175833083,0.28956598862211264,0.7452659755957838,-0.7974291085543034,0.8680317252218929,-0.089616396,-8.729273,4.407687
-9.586338985753603,3.35461492298753,-12.234091972237692,-0.36222564693841103,0.2708609963452942,0.8918670872719119,-0.9320724426179501,-0.0994404007987124,-0.34835461686760966,-0.006130418591509424,-0.9571219722021698,0.28962035200538117,0.6161813040722541,-0.24990468704200558,1.1370965596869005,-0.19310609,-8.7213545,4.4403214
-9.11065688967031,3.080349248851808,-13.045799251127946,-0.33528829851673986,0.26655184271349186,0.9036215314078075,-0.9420445586467918,-0.08314294162476896,-0.3250194939903315,-0.011932769401424728,-0.9598867414743293,0.28013399036212183,0.439445976004339,0.3564545327492179,1.4196564297580916,-0.22032776,-8.744934,4.380838
-9.208416911398155,3.0627772568199454,-13.10952975255805,-0.3032036393251002,0.25014383525045153,0.9195083549300731,-0.9528794693542864,-0.0701538321656074,-0.2951229022074583,-0.00970316216164871,-0.9653436768166631,0.2608015227604117,0.21835448806262897,0.9925279327766423,1.7128085876695882,-0.16639557,-8.8007145,4.2206864
-10.086663436402567,3.2880822099823117,-10.578754557329903,-0.22686251396870508,0.1946775736523982,0.9542714718949813,-0.9738723981138462,-0.05562462527120985,-0.2201745306505805,0.009928372423792381,-0.9790394993815509,0.20342833153652842,-0.07963656313340423,1.558458807790136,1.9859724768247706,0.17922974,-8.981708,3.6083496
-10.086058689389898,3.478991629101862,-7.776054760083332,-0.1804283338873682,0.15367269215869633,0.9715093000148413,-0.983245202123139,-0.054229242277625836,-0.17402997579613003,0.025710251719519843,-0.9864356421151113,0.16212250590669416,-0.33259235512137886,2.1540168181251533,2.2659172869572526,0.43245238,-9.093323,3.1308594
-9.596654321506872,3.647352896746013,-3.8188930291977234,-0.1319940696275126,0.1050325087076096,0.9856701972250927,-0.9902799870026202,-0.05794536945117746,-0.1264367517497844,0.04366657152288378,-0.9926443034390868,0.11291818888631708,-0.5258608925471482,2.7442902212198437,2.5015023301233614,0.7199051,-9.1996565,2.5715241
-8.674334762535022,3.407448998579447,0.9257250010520157,-0.07195085738346607,0.04473569775638085,0.9964044316782387,-0.9952067724136637,-0.06954410342164724,-0.06874204327074362,0.06612698836527844,-0.9965173848264427,0.05079688128620521,-0.754862127424083,3.042320151044604,2.693538681259563,1.0167053,-9.293551,1.9894654
-7.272043686409745,3.1667670525973732,5.382727932611601,-0.026167116994766454,0.0060262401089827625,0.9996394181995482,-0.9963159860326009,-0.0818421974505112,-0.025586742351012617,0.0816250939420047,-0.9966185717456323,0.009421597033086399,-0.9253165556993681,2.9000907215625236,2.9510334206042055,1.300731,-9.370934,1.4131119
-5.260418811360165,2.338462950742924,8.70589269126377,0.0407853517426922,-0.048497385196029995,0.9979902598284077,-0.994257687013665,-0.10086273288046695,0.03573138147203004,0.09897920662407256,-0.9937787085368909,-0.051058741806055616,-0.8589081814696263,2.9182885446309554,2.9811410682264916,1.5547425,-9.4248705,0.82633054
-2.657687573030911,1.6819967139085674,11.242622409264804,0.10390658714898357,-0.09973792373359516,0.9895735282010943,-0.988664325000963,-0.11877111803771762,0.09184032165797273,0.10850542222421698,-0.9880261685166682,-0.10968529379190028,-0.7123431128186636,3.006329446098658,2.9791323743470524,1.7547439,-9.446571,0.20821686
0.7055259210822975,1.2161915454198327,12.807935589782536,0.1721094829335904,-0.1584960675706207,0.9722434481388812,-0.9789663763588461,-0.1372823802878393,0.15091968961376262,0.10977140550212901,-0.977970666395511,-0.17754890651312405,-0.5027528443154028,3.1831216608268216,2.899789008508095,1.876126,-9.425413,-0.44895783
4.402723331947213,0.8470027923073307,13.607653714404314,0.22929603215504096,-0.2100759332116139,0.9504164518374163,-0.9680637701304581,-0.15090155532320568,0.20019897165974773,0.10165501843653725,-0.9662367134798082,-0.23675487481867194,-0.2192155165197095,3.232441827342854,2.772320191669645,1.901973,-9.36822,-1.1097991
8.057574046516333,0.4300713513704504,13.519078613833653,0.28709281599542286,-0.26439332107286645,0.9206920694650728,-0.9544229106480596,-0.16079694642243153,0.2514351215385139,0.08193316433021318,-0.9512523049902505,-0.29733147972182894,0.1452489738313516,3.1503068706250192,2.595091816406275,1.8202484,-9.290564,-1.7453277
10.92900747752022,-0.33815152793458836,12.613477755500863,0.3347582095010518,-0.30803031828946775,0.8905359421079754,-0.9407033027659514,-0.16429296303279312,0.2967886270646428,0.05531619332519979,-0.937475714692457,-0.3436268370163697,0.5363388629033398,2.805513096143479,2.401754755079649,1.6377213,-9.212827,-2.2969787
12.805698410735179,-1.5406345809340727,10.885229688380278,0.37890158008298647,-0.34524004182937207,0.8586285029791813,-0.9252406517669558,-0.16039492200627087,0.3438045607670739,0.019508197317977524,-0.9251467664726373,-0.3791080198606001,0.9694487355785341,2.307201696480321,2.1892078414959983,1.3745162,-9.144094,-2.7221694
13.537874711164235,-2.994505401897685,8.259484088107072,0.4128432794666244,-0.37583785678581616,0.8296422915967382,-0.9105658997064805,-0.14960356204882355,0.38533996315696456,-0.020180932682607237,-0.9150087296022785,-0.4029289698044595,1.3584773803896197,2.0450633953446156,1.9175420073192826,1.0339737,-9.092005,-3.0429885
13.233964335118657,-4.080151400658263,4.8682978721807135,0.4425742616875549,-0.4087965782735595,0.7981311799970887,-0.8941358978534055,-0.1335082545695114,0.42742825459188594,-0.06760918609919295,-0.9033282892011373,-0.42358824332593337,1.5467866588638426,1.9661006655622368,1.6513679290834986,0.63803405,-9.048184,-3.3078399
12.312101968644775,-4.780057415142679,1.493228584082389,0.46674886244546915,-0.4415618411415841,0.7662692998244904,-0.876130210408023,-0.11272919578231044,0.4687071084594792,-0.11998647325511495,-0.8906838213567898,-0.438503793152425,1.713167613184269,1.8341840261515294,1.4225923182926654,0.20929413,-9.007751,-3.5243912
11.171899603915126,-4.892339700457337,-0.4559862357091209,0.48355031629460254,-0.466047027008765,0.74093134650093,-0.8583792315623938,-0.08676661875653947,0.505623396792208,-0.1707389484959972,-0.8810893160319528,-0.4410553577963041,1.9570059658193193,1.42131483970161,1.146987539999822,-0.23986359,-8.976436,-3.6471055
9.939849605222657,-5.10568470997267,-1.6557942859083212,0.4928957960418156,-0.4809216578990995,0.7250986782555091,-0.8427280442066613,-0.056531315476044855,0.5353615830165089,-0.21584704427193488,-0.8755523339785553,-0.4322246683656231,2.1890675905499872,0.9340797875922624,0.7802164734376733,-0.6939972,-8.958527,-3.6460419
8.651899512666272,-5.465909640021698,-2.3002279338564446,0.49633392337699894,-0.4881851194721742,0.7178634449748325,-0.8282383396531892,-0.018496213616738456,0.5600692042079725,-0.25950615349135076,-0.8731665140140944,-0.4125976188789713,2.3938759380014143,0.4361671060433663,0.3362943968068053,-1.1432877,-8.959303,-3.5200334
7.4028911565726485,-5.6957187376664775,-2.987384155923546,0.49354188469102866,-0.4899402348478255,0.7185923561609077,-0.8149103508155506,0.028169166408655258,0.5789006727317709,-0.30323890084061594,-0.8719254591904043,-0.38443746257691463,2.4715923282703027,0.0963798290633109,-0.12527702321541523,-1.5782089,-8.972475,-3.3092468
6.1665610135324815,-5.136237641198178,-4.494893838184275,0.4758898146466699,-0.48809083317247837,0.7316394076924465,-0.7925565926668234,0.12265008553764996,0.597335228016682,-0.3806820385618335,-0.8647544073763851,-0.32753778475089346,2.3987836364731185,-0.005339738700969515,-0.5454069425724087,-2.3918228,-8.977778,-2.8272216
6.018233634535846,-4.621006706298488,-5.047072873213462,0.460248549457945,-0.487624912123692,0.7418849087279097,-0.783025582016156,0.17084564701927973,0.5980644392493197,-0.4177914455710043,-0.8567955787827216,-0.30224434516806176,2.207082367333671,0.12696719515345,-0.8953192085204149,-2.767856,-8.939972,-2.6436417
5.767480125956924,-4.259894291642622,-5.4787127323308615,0.43481265964758253,-0.49230417019293166,0.7540388285896451,-0.7813438056934475,0.21004240055913836,0.5876924518518287,-0.44714855667995995,-0.845328084514471,-0.29236723104705636,1.6516387716765712,0.6063380356870383,-1.3957300217764392,-3.1178741,-8.873837,-2.5178528
5.353544017218523,-4.0241094791945455,-5.894892927940897,0.40070858402336373,-0.4978364614577954,0.7691498477755628,-0.7820579236042189,0.25148614258513824,0.5702091676808471,-0.47678996071517354,-0.8306429012271831,-0.2875825168575271,1.3868318577727425,0.7581087810146021,-1.6144919423404103,-3.4365494,-8.78813,-2.442346
4.856517496364855,-3.8369633026827463,-6.3267293111295,0.36796419720750995,-0.5031860287909955,0.781924657497754,-0.7844554001506312,0.28350015633166126,0.5515938335643501,-0.4987603877186063,-0.8169940908148534,-0.28941100742092585,1.1011040009472253,0.9286362627813455,-1.744316836087446,-3.7206757,-8.687131,-2.4191132
4.214647139336533,-3.5922911103687625,-6.905295050623611,0.32610752768788215,-0.5115265114199676,0.7949808227245576,-0.7890413034270214,0.31586829585630904,0.5269149949003138,-0.5202239690074753,-0.7997565855839077,-0.2995937681015376,0.7674230254265976,1.125704537422989,-1.74044145744582,-3.963092,-8.572291,-2.4623795
3.718469288022528,-3.2423585984038312,-7.459456276265196,0.29636715916272005,-0.5181983131026046,0.8022699142230336,-0.7932672853692929,0.33423777041447067,0.5089307393771533,-0.5314976620731835,-0.7879062853406207,-0.31098861833109454,0.4580844682791242,1.2535160430707748,-1.6834102603292533,-4.1599503,-8.451901,-2.5667434
3.3153119183200115,-2.93296521476156,-7.894235882227619,0.25502677511727156,-0.526231813157716,0.8111975239077269,-0.8009448713828724,0.35503339967017594,0.4821171733260397,-0.5413820817001386,-0.7733489896156405,-0.329904201056142,0.16681451611094644,1.2270110991987355,-1.6593911642495187,-4.3042054,-8.341733,-2.7068467
2.9986932981868035,-2.700874494976256,-8.071421996014648,0.2179849195384821,-0.5298074105168036,0.8196259406676198,-0.8100132663685571,0.3702398489053767,0.4547519469790586,-0.5441108904363406,-0.7637132212423507,-0.3473981211926794,-0.13147893912809638,1.0335568413312304,-1.6792431843741933,-4.384912,-8.260599,-2.8532853
2.4913136580885844,-2.5754692612402876,-8.004498651435354,0.1794498005469965,-0.5260996606764446,0.8312742724996204,-0.8228660539072203,0.3828276954745125,0.41991997284793825,-0.5389255117283986,-0.7600534722357009,-0.36315012343483666,-0.4546220301917484,0.645485188302386,-1.7624456423071342,-4.388344,-8.226187,-2.968721
1.6973114174794972,-2.530326929160085,-7.747545195200971,0.1430651408143162,-0.5106440633739089,0.8478059955112157,-0.839583144841368,0.3909607510222798,0.37715806335030555,-0.5238697801486942,-0.7664136037072156,-0.3717131172012584,-0.8267927118246916,0.0656410493158972,-1.9203283038745311,-4.3008866,-8.250807,-3.0115616
0.694807528862643,-2.500794906822148,-7.33464530027706,0.11265705625679304,-0.48202523369235967,0.8688843776702284,-0.8589746148687452,0.3923146449551721,0.32901398307149204,-0.4993253078343009,-0.784030648491476,-0.36874134455226876,-1.2765983239448317,-0.688737630264083,-2.1239853431740734,-4.1083727,-8.33831,-2.9376938
-1.1783297071401093,-1.8856670523067218,-6.38459900640514,0.07771476417266575,-0.3828347583758805,0.9205422115301767,-0.9047521021509903,0.3607717832234187,0.22641935600769283,-0.4186876561229374,-0.8509472948277306,-0.3171582381645591,-2.3001823350321384,-2.319126091666777,-2.314934899615284,-3.3714905,-8.638618,-2.3588912
-1.8307017001730739,-1.0240559979075214,-5.951211162177247,0.06234330732895854,-0.3199866999088871,0.9453686180071281,-0.9292501911054588,0.3269899635124594,0.17195934631292542,-0.3640711759385311,-0.8896129282933605,-0.2757553565464256,-2.8346267997162324,-2.8785235799823115,-2.0918089648450477,-2.8283706,-8.801353,-1.885402
-1.8741111856004564,-0.29547580092689496,-5.088780767017883,0.039794516638216364,-0.24723806887617927,0.9681372494351764,-0.952742720717903,0.2826359913245712,0.1113399084731283,-0.3011070997366851,-0.9271320203420277,-0.223071135166948,-2.834626799716233,-2.878523579982311,-2.0918089648450473,-2.1695602,-8.9546175,-1.3831238
-1.4085459117218406,-0.08207895961782641,-2.9462853090945518,0.025216848496371916,-0.1932856887932235,0.9808184098290779,-0.9722698049782993,0.22343852635453415,0.06902913848335236,-0.23246277680770797,-0.955607539647828,-0.18103946411507546,-3.95840447996258,-2.8162479247065515,-1.6463651402352308,-1.4216064,-9.090985,-0.89573824
-0.9219656599167032,0.04631742363537594,0.46811453102946665,0.004635697127142874,-0.133256231312051,0.9910707780621197,-0.9892437026109421,0.14428431317784807,0.02402716186257281,-0.14619181835640688,-0.9806920027462985,-0.12988898334770463,-4.230632820834785,-2.7177980323905353,-1.5489349860149193,-0.62431794,-9.199476,-0.41000366
-0.9133425215748399,0.5008762845717745,4.057572135033098,-0.021665266031119314,-0.07590137522716961,0.9968799313289571,-0.9981390404911551,0.058477355600435765,-0.01724022683018122,-0.05701399979942948,-0.9954951760656623,-0.07575459231535533,-4.2221393277592405,-2.5620531935178295,-1.5056067099636812,0.1714569,-9.27283,0.0793457
-1.2872816451503315,1.125934220904346,6.830607990870497,-0.052236349060896366,-0.026094477608145747,0.9982937654193516,-0.9982544078744358,-0.026193349580762998,-0.05291895963432597,0.027462873436572374,-0.9993487530593362,-0.023406416670554216,-3.976404389017303,-2.272399715837029,-1.446519904467714,0.9176178,-9.310763,0.55193484
-1.7545129204318384,1.725039213365448,8.654516295494892,-0.0843576653938869,0.009836082956873538,0.9963869909635311,-0.9917121820459517,-0.09806809808968711,-0.08299377573353778,0.09678976570138072,-0.9951177229287708,0.01929919087757483,-3.52789059555995,-1.848579244938796,-1.4637731045468452,1.5763916,-9.31321,0.9850906
-2.194135616882173,2.6688013159499375,9.692687554485676,-0.12499876170217192,0.03751266218323742,0.9914474820931521,-0.9780407568356831,-0.1726202167597678,-0.11677717853191538,0.16660370254856297,-0.9842251656638412,0.059531752629107766,-2.882787991973473,-1.2779936202969095,-1.430521760610128,2.115036,-9.285665,1.3385483
-2.4605489678240318,3.5176635052731218,10.480658214517494,-0.14227993610503914,0.04391635768976046,0.9888517448582533,-0.9709075180892417,-0.20057641198938025,-0.13079015621611212,0.1924148953789369,-0.9786363516751597,0.07243893439473562,-2.0980017130376414,-0.7209893034759927,-1.2070515713740284,2.5157943,-9.23999,1.5854584
-2.7691134745851405,4.340732526027914,11.502635018802376,-0.16209152324747286,0.04634046808936428,0.9856870188394355,-0.9627472481497156,-0.22651647172745687,-0.14766988490573807,0.21622435346106228,-0.972844350513569,0.08258873194435577,-1.2728688235496959,-0.3298588126170595,-0.9467060625842795,2.7727876,-9.192709,1.7309234
-3.2502138151294715,4.5535541122759495,12.857919831230804,-0.17578927291302554,0.049886271315867946,0.9831630035059855,-0.9589659593654934,-0.23434907309172118,-0.15957183777549674,0.22221850948662555,-0.9708071931988065,0.09029024130545106,-0.44575262274254557,-0.4000625428296883,-0.7645943614898726,2.8780227,-9.153397,1.8414246
-4.044137719162125,4.236450111898692,13.403683702394831,-0.19013335480712285,0.06775166126339036,0.9794176942376734,-0.9587482434727965,-0.2275311113277515,-0.17038124811012886,0.21106168931564298,-0.9713236711026657,0.10946821117962179,0.3414611367531908,-0.9309641841120063,-0.45749109121965426,2.822148,-9.117577,2.0093017
-4.87341790830699,3.537637833149738,12.021176347261552,-0.1986173854334809,0.09446600256123304,0.9755138689755622,-0.9615858205648111,-0.21121332711028662,-0.17532829444069103,0.18922544290968407,-0.9727429710827241,0.13403299580621006,0.9580679097510136,-1.5833158103866483,-0.16534817354247966,2.6200607,-9.079458,2.276706
-5.300671454109659,2.6715028138175025,8.694574633213595,-0.20377653807440488,0.13252922865137742,0.9700057350776246,-0.9668931650024272,-0.18268546793288812,-0.17816284115805606,0.15333405844276016,-0.9740281561608769,0.16660677515429445,1.4019286139792553,-1.867029995889884,0.07636756051848181,2.3155975,-9.045421,2.5929458
-4.605623001028757,2.3399407693448233,1.1949517794107392,-0.19013767017942101,0.2057106831905619,0.9599639478647182,-0.9790854810695823,-0.11181216322919071,-0.16996479519163213,0.07212937148651695,-0.9719408957932522,0.2238933872484168,1.7216515850251628,-1.7934249534288618,0.5605104919981663,1.5933259,-8.995664,3.1946716
-4.038338751557479,2.9282239557139227,-1.2791049952331497,-0.17451992962320612,0.24012018491959175,0.9549267463834562,-0.9840998638920692,-0.07503257500237712,-0.1609842888852934,0.032772270659170065,-0.9675317480402799,0.2506158311239762,1.6446484876573244,-1.6408833910627534,0.863354298291479,1.2455857,-8.9741535,3.4446564
