0.09267841628071222,-0.7156501933655586,0.4016611387362796,0.9999996622825179,-0.0003378462258191452,0.0007491960878029377,0.000337962807075805,0.9999999308024133,-0.00015548732936806656,-0.0007491435051529915,0.00015574047727013847,0.9999997072644133
0.10982520851731511,-0.8218401200002167,0.48560316559777456,0.9999973775586656,-0.0012251091479867295,0.0019349375616503068,0.0012257991763046396,0.9999991855285274,-0.0003554696345669967,-0.0019345004965977306,0.00035784054723796057,0.9999980648271132
0.1494746429783131,-1.018248201874311,0.6214809689476446,0.9999886458014199,-0.0028632362849231267,0.003809218583841107,0.002867184254946607,0.9999953577561664,-0.0010313682973644293,-0.0038062478493875165,0.001042278318551122,0.9999922130362894
0.2186812669234183,-1.2839009042949234,0.8069894227866627,0.9999587124174938,-0.005885874042011243,0.006923145752474385,0.005901544993877492,0.999980064970296,-0.0022453126035603373,-0.006909792112188712,0.0022860771561882256,0.9999735139613459
0.3261704712949611,-1.5986042713529025,1.0408282150660442,0.9998651659294868,-0.011074629835858867,0.012124460185879303,0.011120778778031585,0.9999311474357071,-0.003745486254187724,-0.012082145511884464,0.003879814674560058,0.9999194811573182
0.4551963248597084,-1.9950186680768145,1.29464506374293,0.9996292005215219,-0.0186692267019744,0.01982224606480103,0.018778982908383535,0.9998092630594605,-0.0053653798957048115,-0.01971829773661693,0.00573563203569415,0.9997891233952892
0.7193500845029855,-3.074258401593601,1.6848104583850665,0.9983669938760615,-0.04013138061329694,0.0406548623038778,0.04054347847367344,0.9991339061127069,-0.0093629060242763,-0.04024390503084096,0.010995905876068034,0.9991293800914038
0.887727318140811,-3.611803963161117,1.7887557035834751,0.9969331866288808,-0.05579958957964656,0.05486918261400408,0.056602725613375364,0.9983096142710539,-0.013192630788301834,-0.05404028914729145,0.01625791673993045,0.9984063938558058
1.0730036411091368,-4.028069928510943,1.8265283917875672,0.9947885243178698,-0.07377576376006068,0.07037704574003724,0.07527872197674149,0.9969825571665238,-0.01894451697054972,-0.06876704081916006,0.02414368214085644,0.9973405520230575
1.2920179685504143,-4.292309192643462,1.7323287724787004,0.9909297908548855,-0.0991762553724515,0.09067645762044223,0.10216679550447728,0.9943460929366987,-0.028944660265207367,-0.08729315833809588,0.03794624924574553,0.9954596861126721
1.5091221790385547,-4.4091918150420275,1.4544979180872506,0.9849390519242036,-0.12898256023983073,0.115145834265205,0.1343528557215986,0.9901205439753995,-0.04013251247193582,-0.10883186185167883,0.054998250443420674,0.9925375651803108
1.6942731103939317,-4.368350564127738,0.9939741115778877,0.9765749245411888,-0.16302988060482831,0.14043744083166593,0.17196143454221471,0.9836268017247614,-0.053921980294684466,-0.12934713675824377,0.07680867762624333,0.9886201218131014
1.807389951825109,-4.148145649960264,0.41337834221054837,0.9673244505812714,-0.19423709111245804,0.16295815335175107,0.20731052757196342,0.9759564410660542,-0.06731545364562021,-0.1459649014848306,0.09889882495688275,0.9843339219780405
1.9241641992859861,-3.659910423350962,-0.35661535655064025,0.9483374404529099,-0.24627090263310014,0.20001685316868234,0.26832663794860107,0.95897504370982,-0.09147502888192552,-0.16928353257899723,0.14041904449905251,0.9755129817380946
1.8546933722618606,-2.9411760382699574,-1.0869853198228223,0.9333482944062668,-0.2804474743303082,0.2240762715475799,0.30992231289040173,0.9445168504670288,-0.10879374594391117,-0.1811328829936119,0.17098869356070157,0.9684801213101002
1.7246730983008631,-1.9435427982398903,-1.7348928948573166,0.9118140013371413,-0.3228429495447334,0.25370781796154634,0.3633145347400449,0.9222418682110134,-0.132183529099826,-0.19130545160077642,0.21270253042198772,0.9582065840620725
1.508474885004611,-0.8107554560656529,-2.169156993370973,0.8902389710736126,-0.35955725008792044,0.27963039586391325,0.4110782478999909,0.8986286259204388,-0.15323598395878765,-0.19618676939403845,0.25136661788224174,0.9478003877025861
1.1977575378295224,0.3692273393182647,-2.42824146834651,0.8639736488205064,-0.398905531342095,0.30728473962834835,0.46353869546879195,0.8684349351539412,-0.175933627278189,-0.1966759058625925,0.29444038525455557,0.9352130493017496
0.8307830952504421,1.4365173973029837,-2.601506381791883,0.8428539742957609,-0.4274066804402337,0.3269873201347436,0.5022678752468986,0.8429290766099985,-0.19286667234227214,-0.19319461563099283,0.32679366780963715,0.9251387675212388
0.45515083433925324,2.3907814550529194,-2.7093469355626856,0.8187464819415097,-0.45714082735947853,0.3473851785403247,0.5434516523116355,0.8122288349975382,-0.21200146508525694,-0.185241733710724,0.36236250297131156,0.9134434391533013
0.15504747452665102,3.217252738860819,-2.7010997701390074,0.7998647003094442,-0.478364046048655,0.36246972376578407,0.5737591134887462,0.7866721714851904,-0.22791966632869481,-0.17611627093341292,0.39027520297699675,0.9036970316725468
-0.13498010773758695,3.98606020500622,-2.5320571874790003,0.7804098645959614,-0.49839321369063766,0.3775773401416353,0.6034668091874136,0.7584335935587675,-0.24618345673642741,-0.1636711747696437,0.4199793908141842,0.8926528204407752
-0.40617595628221137,4.652618049924633,-2.2847234710859343,0.7683403471324934,-0.509908495902497,0.3868416171700934,0.6213023397305809,0.7393805799895807,-0.25942197397209327,-0.15374171071516446,0.43966997138845526,0.8849032730449408
-0.6673531607145853,5.183792864957905,-1.9211906340731233,0.7564210738256217,-0.5204680948750184,0.396156687801257,0.6387571802006056,0.718144111207027,-0.2761490544630578,-0.14077082018182818,0.4619328931304186,0.8756720724275133
-0.8279267725380526,5.523418656771986,-1.5024946712320488,0.7481189853286396,-0.5266499664549694,0.4036803148827382,0.6512579220263646,0.6993666247571633,-0.29453258423080364,-0.12720496369540152,0.48324542109445123,0.8661944124747616
-0.9005045889023147,5.688317778640158,-1.2031404832905088,0.7472156354399665,-0.5262225411776176,0.4059047071796754,0.6533267083647419,0.6935619054640162,-0.3035392815212144,-0.12179083007902779,0.4919976833743166,0.8620355406031508
-0.9893165965932404,5.784263941370286,-0.9897760841587178,0.7513674885277077,-0.5200011461666847,0.4062581755102285,0.6495069994121365,0.6915330138509722,-0.31610559702231544,-0.11656566775087764,0.5013789971065062,0.8573398079887959
-1.0654066892258576,5.843478394592358,-0.9130366117984607,0.7599829150357766,-0.5094185699335333,0.4036318736925986,0.6398216707192672,0.6955621862493885,-0.3268355469314454,-0.1142549715843001,0.5066418514758187,0.8545524184047605
-1.0610727245061433,5.868352892436924,-0.8806721801454347,0.7749136869675184,-0.491402623994816,0.3975326890727567,0.6216282082698555,0.7063425500828949,-0.3386127177552588,-0.11439907531801163,0.5095131628068145,0.8528242424397774
-0.893074244427954,5.761903440521669,-0.9117897730502404,0.793223120089158,-0.4684662265507257,0.3890198919558562,0.5975812864663805,0.7216434235588013,-0.3494672735743912,-0.11702003170913412,0.5096765286097227,0.8523708983553671
-0.7305042328522924,5.565087215013221,-0.9422718668687775,0.8145258827398719,-0.44000666967684265,0.37807633751231634,0.5672227637834625,0.7407422283209577,-0.3599434503195645,-0.12167958987719638,0.5076367616928434,0.8529355166630829
-0.5865385219919821,5.214618296238031,-1.0142894924906876,0.8395420838578102,-0.4036694808293845,0.3636207360404817,0.5280750320392801,0.7636153073424249,-0.37152176642701257,-0.1276943615372235,0.5039271898193924,0.8542549604142375
-0.5247933260089028,4.748266505035058,-1.1682865309227062,0.8659292954466891,-0.3616264057906825,0.3455326293161246,0.48208595354827477,0.7875126002129259,-0.3839492647438299,-0.1332651067558643,0.4990493433928051,0.8562652417216046
-0.48243455214217945,4.172608091763265,-1.4061645034879975,0.891664291494774,-0.3158192266598254,0.32433471498609834,0.43135652557779114,0.8101160528719492,-0.39704348467218303,-0.1373547928343959,0.4939333932335044,0.8585822406352558
-0.3761544036107278,3.4697649307388203,-1.6180724353047926,0.9177363806039422,-0.2624059060435606,0.29816618887700036,0.3717797195247705,0.8317122553275391,-0.412352476029988,-0.13978474833135277,0.48928301095729554,0.8608497890587551
-0.26257408133255955,1.9901214441139814,-1.5031632143818292,0.9592568605273489,-0.1523649689314687,0.23793106517167453,0.24646090809772625,0.8630036550411294,-0.44100080744290693,-0.13814230456619356,0.48167375642457866,0.865394185363512
-0.21936431932844738,1.1833947248835381,-1.1861428269351038,0.9739320716919165,-0.10166684283286877,0.20278109576163397,0.1850250075097359,0.8732084316214439,-0.45085782852384926,-0.13123287059999197,0.4766244727388798,0.8692566051865642
-0.116892473506759,0.17577702524498504,-0.8228286117505873,0.9878072344359108,-0.029964268620052595,0.15277110395013582,0.09803021973803333,0.8820453604346673,-0.46085361900910715,-0.12094190181318773,0.4702107237630205,0.8742281919751076
-0.11447494406224563,-0.7809275880570408,-0.4330821955626375,0.9936702732022568,0.024140358737013083,0.10971158204219392,0.029845274750705735,0.884807271060905,-0.4650003791964149,-0.10829888147717717,0.4653314261446381,0.8784862071273455
-0.08064819185495803,-1.742183164983543,-0.1201092255434163,0.9954846208816249,0.07003426496201777,0.06407473230063346,-0.032660460001635694,0.8865148835775127,-0.46154594088566225,-0.08912723456188704,0.45736917575059566,0.8847992840936135
0.06813599508902635,-2.8054848922206532,0.1953290569580146,0.9938691825658389,0.1077556720162195,0.024754052077277502,-0.08483927502176772,0.8868459056438429,-0.4542099041814626,-0.07089672319432463,0.44932511035005057,0.8905507283974462
0.13294582692596713,-4.012431801702396,0.6973249039496661,0.9861881079619775,0.16258410625788783,-0.03161366961773024,-0.15979238845493976,0.8837191193851864,-0.4398942039001387,-0.04358220171401478,0.4388700564237603,0.8974929889800612
0.09041327440115365,-5.037580203289236,1.4186730337152793,0.9759578123457414,0.20457855873044015,-0.0751928309687229,-0.2169927125512494,0.8795212325716747,-0.42350509342303516,-0.020506370253320638,0.42963940085073454,0.9027676744410245
0.10386393837400842,-5.6791270866491645,2.177720402875618,0.9703281445976286,0.22294150148341044,-0.09359689480985223,-0.2416200274683731,0.8794545447662989,-0.41009689832536583,-0.009113403749809248,0.420543446752205,0.9072266283932964
-0.09715664619688791,-6.093134414793028,2.8488008491520533,0.957178813680716,0.2592309477018422,-0.12887216299256524,-0.2891580642185344,0.8776489977206439,-0.3822562631237587,0.014011871329979123,0.4031520216414082,0.9150257454893156
-0.12110954588434653,-6.533815742263501,3.2472930388846573,0.9517341554138112,0.27377543517324027,-0.13874115652704747,-0.3061105217534308,0.8795782660571814,-0.36419558255377793,0.022325901786995606,0.3890875029804292,0.9209302194704286
-0.24293940947140946,-6.8481673144677275,3.4854780464195274,0.9438159904297182,0.2936300599335889,-0.1516336509900334,-0.3287144772448314,0.8813909941492061,-0.3392590571854085,0.034031877098214404,0.37004229938761235,0.9283913657532046
-0.2227563796002081,-6.951030673678898,3.539767604802952,0.9427991715986423,0.2989334860437251,-0.14754149570429337,-0.3317375284015911,0.8849437773641483,-0.32684051639060474,0.03286235358153841,0.3570900192195505,0.9334917160269086
-0.25019408287815326,-6.878684233275125,3.620572581222567,0.9413282636486956,0.30634275182540494,-0.14161644840967613,-0.33603954303695344,0.88966109398355,-0.3091610637960568,0.031281393377663363,0.3386107739810293,0.9404064111714252
-0.21688939740371072,-6.730907106643275,3.6608834252438283,0.9449994990780931,0.30174397166268185,-0.1262003260985647,-0.32638424960689044,0.8949929673333997,-0.3040738562130983,0.02119595128086915,0.32853944053794665,0.9442523855730053
-0.08794726584906876,-6.363425751709011,3.6574528078897677,0.9525730241839956,0.2878160862972723,-0.0988257763211524,-0.30429472982081635,0.9041601939495223,-0.29983172127118124,0.0030579405216988216,0.31568377238255924,0.9488595285151968
0.05991987846211155,-5.889120411715924,3.4471641264364337,0.9591616164192214,0.27262746584739606,-0.07538738922189497,-0.2825834449563524,0.9118158483002952,-0.29789000558094264,-0.01247358106829283,0.3070278874207361,0.9516187714212514
0.36656282506033855,-5.548200768877006,2.999410180042471,0.9687279862617515,0.24494801711067357,-0.03957976183355412,-0.24543588039345218,0.922537161993075,-0.2978026416223578,-0.036432365401428704,0.2982040470136382,0.9538065994193707
0.5900403073533161,-5.3575773416733465,2.372817256419501,0.9742450532184155,0.22487261186520288,-0.01669984168693164,-0.21943100183933972,0.9284000754724229,-0.2998721982688356,-0.051928910167948615,0.2958134687530667,0.9538332034444214
0.9750903128161242,-5.100248940272083,1.6630557844598755,0.9828517893901976,0.18240464005575138,0.027035298752157016,-0.16560757926809977,0.9376416034063559,-0.30561798580993,-0.08109555956676678,0.29589993384198304,0.9517703186015323
1.266723852175294,-4.672556486093323,0.9855667725481787,0.9879858418017273,0.13870083368177646,0.06816197719632469,-0.11105743933587937,0.9439046887971042,-0.3109826098594582,-0.10747195712133406,0.2996765209402005,0.9479682279642535
1.4847419257411247,-4.079532781700366,0.3435023944069222,0.9897120454278038,0.083227036626991,0.11637580293773364,-0.042476057464210334,0.9476471803240253,-0.31648160478331455,-0.13662302762495787,0.3082824711173412,0.9414329855727251
1.5857142444547834,-3.3775920266799595,-0.2813825647947613,0.9869369511935023,0.031645478408402684,0.1579684084403512,0.020954774270299674,0.946974641188174,-0.3206242760331954,-0.15973838550628705,0.3197461378075317,0.9339411413750929
1.6625370848026357,-2.538516327690191,-0.9222790332801258,0.9788725678241987,-0.026416947724192105,0.20275759131089724,0.09268616779963991,0.94121617486104,-0.32484055547078755,-0.1822574285451117,0.3367703327980214,0.9237791796134144
1.536159374984114,-0.6204161779623873,-1.9876946100296125,0.950458641087825,-0.13516567826444875,0.2799260813157585,0.22815953743389678,0.9149432067650256,-0.33289961530840273,-0.21111986419907333,0.38027512121337087,0.9004550156041781
1.2916531901562898,0.3938549632070225,-2.359054644699708,0.9249086257980916,-0.1984594624996867,0.3242805508639412,0.3086055005330214,0.8900644329064945,-0.33548166912009414,-0.2220510728752481,0.4103646512788067,0.8844739532715332
0.4807852196198257,2.307515259160338,-2.511783903262957,0.871832062112313,-0.29424428202589925,0.39157267265228685,0.433097379648067,0.836497152797045,-0.3357069750607156,-0.22876956793894077,0.4622692028001662,0.8567214651959696
-0.008820272422212228,3.1182035343522356,-2.3102329368535477,0.8372906491802629,-0.3432699743774266,0.42557031556044284,0.4978075399219792,0.8005163106943372,-0.3337083899292242,-0.22612390849293373,0.4912630262937048,0.8411472029345577
-0.36955026289335147,3.7822515718066123,-2.119932144454715,0.8085245422610617,-0.379244394133213,0.44995750252670846,0.5458504171764742,0.7690065592138023,-0.3326803780724352,-0.21985310238841113,0.5145897408661408,0.8287713870335467
-0.6221007254521367,4.365297450076051,-1.9619316193691387,0.7789325600514639,-0.41213087359990674,0.4726650081373175,0.5909292852325327,0.7346806557561573,-0.3332370236217331,-0.20992057247025644,0.5388807633266208,0.8158068865670836
-0.7399357944068825,4.840257122058725,-1.8047734604045047,0.7619970919635919,-0.4288637211720467,0.48521782788918055,0.6155061489802262,0.7125289598027268,-0.3368303163463417,-0.20127745131176675,0.5553182782017085,0.8069132527654563
-0.8882954611789777,5.186851762310245,-1.5584273018391859,0.7459396913039557,-0.44380759866259106,0.49659721334971657,0.6380524641441024,0.6899781116334315,-0.34178832406389165,-0.19095295215575472,0.5718085526083968,0.7978545915308707
-1.0508957140005204,5.4219928892078855,-1.2843155449905546,0.7356030044863917,-0.45331067943650194,0.5033861814744329,0.6524098278013793,0.6741081601419882,-0.3463229778951421,-0.18234482822051165,0.5831703150356693,0.7916203302609341
-1.2137020536761516,5.556640336840745,-1.0162523624181454,0.7300522850558625,-0.45855506725806433,0.5067059417222833,0.660413247169668,0.6640457257830003,-0.35056756414726165,-0.17572138187348918,0.5905679676051536,0.7876239404634612
-1.3476719250565454,5.613799820660029,-0.7662317473453695,0.72996793283493,-0.45945007304314617,0.5060162521237307,0.6614755663107696,0.6612524124921318,-0.35382951000048474,-0.17203747326250068,0.593001582927048,0.7866080538867309
-1.3791420258152798,5.568137625087284,-0.6355845891135474,0.7353725872650885,-0.4560371116283437,0.5012557338492276,0.6558564175428062,0.6650823775098026,-0.35709633251242673,-0.17052717515682372,0.5913506438176822,0.7881782149929335
-1.309744077957763,5.45349261007196,-0.6679818602969454,0.7443129372573699,-0.44870762156788563,0.49463089448415765,0.6453917902499994,0.6736715636132593,-0.36005008187301984,-0.17166155221600266,0.5872206525027529,0.7910146754422663
-1.1801504568161276,5.350405807195143,-0.7362701323025309,0.7601764098014178,-0.433902726649379,0.48359099432026403,0.6254248195920961,0.6903133940723629,-0.36374608314384643,-0.17599892334790387,0.5789610019427305,0.7961334920789657
-1.093628484786139,5.258653683168761,-0.7372670935172843,0.779090305585889,-0.41499916003722265,0.46988721296762925,0.6000960703911498,0.7105467287890762,-0.36743441932982346,-0.18139184668332387,0.5682420640673692,0.8026194332192994
-0.9925752565674244,5.035182800457127,-0.8374755722746872,0.8033197790413601,-0.3884311813479558,0.45144052759756964,0.5653118023016724,0.7358067954866004,-0.37284169012353774,-0.18734966981389398,0.5547157624156474,0.810672883565407
-0.8552397753109684,4.509101148979752,-1.1538925941054015,0.8270884085804122,-0.35865674016408605,0.4327702706133966,0.528346272878833,0.7587901008304123,-0.3809039233413327,-0.191768037813831,0.5436937792697699,0.8170814488509622
-0.6858003400047062,3.7808273783499855,-1.577536467055969,0.8562546089049001,-0.3153286638684909,0.40914041412701974,0.4782231071262821,0.7833292441153711,-0.3971120183577014,-0.19527084918031495,0.5356893960650658,0.8215267289649459
-0.6609898822944733,3.147474853201754,-1.840177839244578,0.8822747621523436,-0.2706557263361853,0.3851450660081961,0.4281283667758104,0.801501430353125,-0.41749438164336194,-0.19569707619405755,0.5332362843461873,0.8230198779043976
-0.7062605482547862,2.7224544272411126,-1.8261565616039022,0.9108749028958213,-0.21648309592598744,0.35134310930033635,0.36579173240685636,0.8176836224291952,-0.44451085713833965,-0.19105841980221397,0.5334121884522046,0.8239952168752626
-0.723767429851541,2.1977923523792176,-1.7144316634711751,0.9342644405572307,-0.1666142085232009,0.31526125773471114,0.30619212362679366,0.8279620295400708,-0.4698140707437383,-0.18274665123935607,0.5354610939723587,0.8245514406649994
-0.652800896636339,1.428686303385357,-1.6404870358208197,0.9572393347655686,-0.10850802955039879,0.26817692574243057,0.23459027916045178,0.8336081171435792,-0.5000649037432631,-0.16929340477701013,0.5415934956731177,0.8234174084530762
-0.6856899930900627,0.622942925812327,-1.46768176647112,0.970109258784267,-0.07030482787759769,0.23226118314979127,0.18503294386745764,0.8335520172381676,-0.5205322701254215,-0.15700584608472953,0.547949145209009,0.821645238871336
-0.7961344551011533,0.07397257466634805,-1.0750273108689792,0.9855306344998477,-0.014154524051326396,0.16890535193180622,0.10602595454622508,0.8289552842773148,-0.5491735915275597,-0.1322416932169606,0.5591357492752518,0.818461574209513
-0.8809334292129519,-0.45324805071021923,-0.6272322581879592,0.9937134995492635,0.031246512463316976,0.10750412211834043,0.035798043617489374,0.8211610072033585,-0.569572734882848,-0.10607535475649216,0.5698405528809318,0.814880214145391
-0.8270188961006085,-1.1931416909883237,-0.2879480915470353,0.9964187675704064,0.07652830644705085,0.035959114919837304,-0.0409565271696602,0.8088744135466359,-0.5865532763456255,-0.07397433687213964,0.5829799322634808,0.8091119799276209
-0.6359443785559237,-1.9555178900871293,0.10416193490675685,0.9938292118309888,0.10877999371316849,-0.021688952929030815,-0.10030398743774693,0.7978732148496965,-0.5944219403163877,-0.04735618033037695,0.5929293769018141,0.8038607753780149
-0.4229967165076664,-2.489740142522261,0.7348260569892996,0.987291382508906,0.13781569705437197,-0.07913633595934068,-0.15775712739411368,0.7897675076816277,-0.5927731206513234,-0.019194133999993444,0.5977241148354048,0.8014720629967225
-0.31927655512764314,-3.0478455854727198,1.398555083210645,0.9786143334720804,0.1616313940545377,-0.12723709670918135,-0.20561692994652214,0.7865785228863452,-0.5822507238752934,0.005971971396627099,0.5959610052595072,0.802991167926345
-0.36295785904543393,-3.8960711611223626,1.786281548522356,0.9687903770492385,0.18283314318852756,-0.16738353290750096,-0.24635855005067442,0.7849088900010123,-0.5685292421804785,0.02743483467642556,0.592022023364995,0.8054546875505131
-0.4466333532462411,-4.746000564695226,2.022923348889445,0.9582415534259884,0.20193607334106548,-0.20247209084547774,-0.28211182699006365,0.7833410467423997,-0.5538860185641545,0.046755131911656464,0.5878763703127671,0.8075984960782244
-0.4235468360999456,-5.164179788551864,2.407081218039256,0.9492296204366822,0.21688696642444902,-0.227866565078844,-0.30848416252520483,0.7836977400821039,-0.5391246364815162,0.06164940516140137,0.5820463005512561,0.8108153025552997
-0.3032723676511727,-5.319184551328547,2.8319808862945406,0.9419985184089,0.22961090290273878,-0.24478076841048046,-0.32774108295795107,0.7864182026227418,-0.5235763488978149,0.07228121372103655,0.5734328590618131,0.8160577076967097
-0.1814089312774838,-5.623922179600096,2.9784682503656548,0.9372090256952484,0.23977563248422804,-0.25327235976740664,-0.3399430282035587,0.7903487775796778,-0.5096935818254964,0.07796139898152976,0.5637875981653881,0.8222320623909928
-0.12286680308379394,-5.9679397996261,2.884871537078979,0.9356872116133336,0.24624168476716657,-0.2526944295117941,-0.3441862411944121,0.7945822867106547,-0.5001747904664223,0.07762263455800895,0.5549811008752407,0.8282334841550295
-0.11042655875891882,-5.942824446443466,2.8801800271933864,0.9371794443101796,0.24959216899405354,-0.24371794833230048,-0.34132556294628585,0.800370437776812,-0.4928529419739278,0.07205240621841634,0.5450788122003988,0.8352829097068479
-0.10929982638834768,-5.610377220384715,3.0270407900888263,0.9411895886686685,0.24939629462263246,-0.2279553605647448,-0.33195085284674475,0.8083500090585574,-0.4861881262940815,0.06301420059019332,0.533265178952771,0.843597925222939
0.0798880093792701,-5.416896447986938,2.9263455308368274,0.9554599937405842,0.23263940343408301,-0.18159049625758383,-0.29267957194157274,0.8259224981139385,-0.48186169725070455,0.037879658516674276,0.5135474029523126,0.8572247058919817
0.36774880109454566,-5.295849368176318,2.653916076188173,0.9634921724356142,0.22097481417352133,-0.15117197212538164,-0.26691904072014067,0.8368734815109325,-0.477908988872161,0.02090596461155998,0.5008122476984247,0.8653034341772321
0.6656698658067532,-4.941881689880022,2.315925009383004,0.9712451982007652,0.20568931557538303,-0.11989441367338902,-0.23805477779300788,0.8465430069364371,-0.4761248367570605,0.0035619856649504976,0.49097539945005964,0.8711661548711455
0.9349897796985824,-4.523696369346586,1.9263090102109905,0.9802869290255295,0.18202248516628827,-0.07684628602335686,-0.1965274064463389,0.8582165346212391,-0.47417439641780273,-0.02035964874871593,0.47992936417414567,0.8770708580874346
1.0823030337145192,-4.186601216913621,1.422396061119072,0.9870038265619404,0.15594915266558587,-0.03877251777962996,-0.15559045482729542,0.8670677252668351,-0.47327071551833017,-0.04018776827246808,0.4731526408924313,0.8800633623198935
1.2454052126534632,-3.8666310640703863,0.8350136287191763,0.993015147171535,0.11672781422923667,0.01719112774539403,-0.09509314577360076,0.8780443900534647,-0.46903661128159363,-0.06984419170392488,0.4641257011639243,0.8830113942664165
1.3094566607624332,-3.493164100543649,0.29062679302439665,0.9950154788895442,0.0790559254008807,0.06078122596016275,-0.041776976157358606,0.8839179074730541,-0.46577228031690104,-0.09054767271088558,0.4609113727252435,0.8828147175139152
1.387459135009387,-2.9251195405931623,-0.16338723713690295,0.9927373983225144,0.030142704921415058,0.11646405158616464,0.0267703819455832,0.8884760002164854,-0.4581416196874108,-0.11728514237673941,0.45793210673563484,0.8812164212032881
1.3898904740915663,-2.21119979353337,-0.6449092596600877,0.9868151397398713,-0.017305154991892897,0.16092362036346258,0.08929543098617959,0.8874647662154724,-0.4521422505485524,-0.13498965140028246,0.4605505621935815,0.8773089385604173
1.2999790634306927,-1.4144055537957565,-1.2253302396155292,0.977128187046953,-0.0652998280477642,0.2023769713560964,0.1513749844326795,0.8819925930996865,-0.4462899055606092,-0.1493523356574644,0.4667172572063561,0.8717045839385243
1.1186652050042167,-0.4849365125195384,-1.7320062015795652,0.9603790137299768,-0.12399315416361736,0.24959536796101348,0.2264554452345965,0.869207796018445,-0.43954037205285107,-0.16245024256872306,0.47864757918672857,0.8628478507987647
0.8377361791224612,0.5392331096928784,-1.9643384468287919,0.9358295377022153,-0.18571004391467813,0.29955776730584976,0.3058145862456057,0.850370333010329,-0.4281912371538352,-0.17521562488398762,0.4923231421791093,0.8525945158581553
0.539276659749542,1.4670997007737805,-1.9874293966764722,0.915973663512095,-0.22952128456052326,0.32910823096045155,0.3598828207763093,0.832644734105261,-0.4209359833476665,-0.17741646784421514,0.5040066732697769,0.8452814148182928
0.16926709559736067,2.2367758681166903,-1.9731793637040504,0.8828982472900969,-0.2892846506329991,0.3698717018646031,0.43404088983061956,0.8033220949357267,-0.4077770441590849,-0.17916247064359814,0.5205650801736706,0.8348130368032481
-0.11347521469519034,2.880595627030002,-1.9530568324357727,0.8629412105030774,-0.3218624939443145,0.3895343402158901,0.47397009964604975,0.7828204881190285,-0.4031679898288067,-0.17517080766211154,0.5325379032266467,0.8280812579511565
-0.3752047303568996,3.53223981870887,-1.8384448624081289,0.8402071884877644,-0.3555278207553601,0.40945310974814914,0.5155593064848584,0.7577803307249042,-0.3999594627750514,-0.16807879673039489,0.5471461770271272,0.8199881578744059
-0.628041858356106,4.1536242390006475,-1.6721298141402312,0.8133361837845665,-0.3915457077872434,0.43032105556217387,0.5603443520153221,0.7261787955048706,-0.39834478046489463,-0.15651983679804315,0.5651161966113543,0.8100279161956275
-0.8003002841908096,4.644735022761324,-1.5190446619036548,0.7925856052241423,-0.41677002931114565,0.4450963952442954,0.5921311527354904,0.7003239735210676,-0.3986565314550903,-0.1455635818177714,0.5795248698543063,0.8018492182877837
-0.9093141800405338,4.966136612237845,-1.3165500582722767,0.7800190017027951,-0.43088914400706857,0.4537674542752376,0.6104139512287643,0.6835332071637572,-0.4002213922939613,-0.13771407018842502,0.589166275580404,0.7961896348175179
-1.0259223851358683,5.1470000498466195,-0.994122857738212,0.7667368193377941,-0.44515311947297825,0.4625509162192187,0.6292210701943077,0.6639601462579818,-0.4040269409391046,-0.12726152087450926,0.6008291141452423,0.7891824129440226
-1.0558755797353245,5.185946929418374,-0.7585221034271896,0.7622499733519774,-0.44984983159190134,0.46541390948450106,0.6356176590158737,0.6560944321511311,-0.4068541355909593,-0.12233221028041052,0.6059498536323149,0.7860404602887088
-1.0819586773590777,5.111858109299957,-0.6569018536956213,0.7607513055850423,-0.45097089478338864,0.4667790731265949,0.6384413931119545,0.6494122308643573,-0.4131057273447644,-0.11683337969912842,0.6122818031446382,0.781959688811405
-1.118516618974579,5.025570478090214,-0.6589609963030827,0.7640399484179993,-0.44706596361639983,0.46516124236350614,0.6347714584853767,0.6498231480356607,-0.41808500543474764,-0.1153609670285797,0.614704726232656,0.7802755582699396
-1.1027090536097213,4.954941852205529,-0.6614176273671841,0.7713644397739658,-0.43910478278908777,0.4606342266744227,0.6257506860800772,0.6551549970668475,-0.4233296690389805,-0.11590073305423357,0.6147836363714375,0.7801333863688972
-0.9702415720229873,4.816950371228325,-0.6982419522480647,0.7858227306440003,-0.42289220694606355,0.4512702264802038,0.6068397088650234,0.6679842493302265,-0.430746573278707,-0.11928203447217409,0.6123391412861197,0.7815449905802969
-1.0104979354896566,4.401161822771748,-0.8862342330831883,0.816352141036696,-0.3845411345539797,0.4309260930377045,0.5629368182662801,0.696580425855738,-0.44483463102019927,-0.12911746769914575,0.6057258671631727,0.7851272848299072
-1.1372286953199817,4.280693397252443,-1.0217813976635235,0.8429603072470584,-0.3504194855374394,0.4081961594155695,0.5205154095939507,0.7229960247061287,-0.45424713167435365,-0.135947154369582,0.5953846927951809,0.7918556931689011
-1.1232080672280933,4.072970832724011,-1.2704668182890204,0.8672226960308291,-0.317472273007109,0.3835833043299977,0.47772085205605336,0.7477047497132064,-0.46121621260223555,-0.1403836991956644,0.5832229103250417,0.8000896536464707
-0.9123757730502594,3.689120320190586,-1.5542127920388233,0.8930342438790854,-0.27782192522391436,0.3539842046252741,0.4263443306913239,0.7740261533633539,-0.4680961713119405,-0.14394565275366122,0.5689450692065168,0.8096796633724439
-0.7545421871749405,3.222303666482843,-1.6636593334564402,0.9181551251730031,-0.23315854271599387,0.32035645783580013,0.3685500670710901,0.7994106790433858,-0.47446118312596297,-0.14547169546149546,0.5536963610047909,0.8199136086378919
-0.7401783995591089,2.7450105145393398,-1.5578529261983862,0.9404376266250709,-0.1874681298600555,0.28360671838758805,0.3083244692573963,0.8217677833135487,-0.47920113936121017,-0.1432239228793447,0.5381016731015715,0.830622355418117
-0.6955273018635604,2.0999912792172224,-1.4673103232526006,0.9606097550907474,-0.1373625703634161,0.241579019551884,0.24196721107007307,0.8409605444034985,-0.4839806106896666,-0.13667760310842791,0.5233706975172832,0.8410721406566783
-0.6082463320400332,1.2674578492094128,-1.5586769094817459,0.9771897665210227,-0.08326291181087744,0.19536490914021015,0.1709261614593785,0.8543134773551933,-0.4908489887307918,-0.12603335881960456,0.5130455826981192,0.8490581973802479
-0.6164910799825294,0.5873017071402924,-1.6060247538425643,0.9884074542799026,-0.03137707517597879,0.14854690665686285,0.10205891113549123,0.8616860084189637,-0.497072632069834,-0.11240410571576027,0.5064708304023003,0.8548991840970749
-0.6945959575117705,-0.2650011116585502,-0.7321861901809521,0.9970886644125895,0.04718884949149294,0.05989497294086707,-0.01167816813630243,0.8707375093123841,-0.4916094082352849,-0.07535128193268066,0.4894787047054611,0.8687535795327497
-0.5964755018866248,-1.1455746350477545,-0.18710204284432952,0.9957171249655898,0.09229252005345867,0.005431187019562793,-0.07820365530459321,0.8721380236810318,-0.4829694151255806,-0.04931120914416912,0.480476178797583,0.875620377938301
-0.550638683884934,-2.200737941797388,0.21981007074378545,0.9903783210851227,0.13124613396086457,-0.0438774822083034,-0.13628753970107138,0.8700220802260638,-0.4738008932466702,-0.02401015715988026,0.47522208728071585,0.8795382198140781
-0.5877535077108478,-2.988486313109248,0.6091415769926971,0.9815407450503183,0.16756449665569023,-0.09219493080745159,-0.19123627840888147,0.8662932164193545,-0.4614810386203655,0.0025400051941796425,0.47059345792980956,0.8823464998101813
-0.5599625167202156,-3.6170803684057993,1.069595892021858,0.9712257588541359,0.1972610168454696,-0.13344892870045424,-0.23662063052207255,0.8628537683146418,-0.446647569921253,0.027040757192513802,0.46537239468872105,0.8847018320949386
-0.4676860558969975,-4.3970672721814115,1.520905006740466,0.9595315478667433,0.22373586008748034,-0.17100138467090492,-0.2770040112593983,0.8591916244843735,-0.4301842979027799,0.05067530359706399,0.46014347471937445,0.8863972000624358
-0.39854927357397685,-5.1211761809775815,1.9527325889472278,0.948898230534681,0.2444904531772311,-0.199540889026142,-0.30782589925550874,0.8563926157153686,-0.4145297377700755,0.0695367804524226,0.4547703882767456,0.8878899313039482
-0.3905457728152515,-5.408200644931265,2.4771088599245776,0.9393244393824118,0.2621493907584845,-0.22124035460076563,-0.33225221242198216,0.8556947275862732,-0.3967303876964217,0.08531157553119761,0.44616614630203627,0.8908746853370428
-0.3770292328632203,-5.398475204653222,2.980173965602524,0.9321292142784412,0.2756940611601896,-0.2347933400453617,-0.3489530307439659,0.8571217853239846,-0.3789116354212777,0.09678279921171998,0.4351264526135222,0.895152534494941
-0.3407719969986224,-5.490354022596739,3.2147929632440206,0.9268915242140779,0.2863095889931092,-0.24269100022600687,-0.36039224466860104,0.8595149740309683,-0.3624243912863378,0.10483097024653613,0.4233920507840715,0.899860899811759
-0.27475379580843184,-5.734815000550764,3.167093208796355,0.9246962414011222,0.29211104154381934,-0.2441474975231619,-0.36519691517852876,0.8617826542454876,-0.3520821920882824,0.10755498260296403,0.4147309926323187,0.9035652325468749
-0.18702721557353796,-5.799991841426383,3.1153404964936326,0.9254752493393479,0.2942636323713125,-0.23854659403125542,-0.3641802579277657,0.8644679658941778,-0.34650811776703,0.10425115153291004,0.4075586468306427,0.9072087118175388
-0.07981303863435651,-5.566221585973809,3.2500482112941906,0.9290061076899562,0.2925894977100198,-0.2265811945077425,-0.35730108652840337,0.8685951811339406,-0.34333415920429555,0.09635136449671962,0.3999172378639061,0.9114727738220845
0.04438170038647948,-5.30536248266578,3.405834170553542,0.9353457220051291,0.28618289659080204,-0.20791279428068327,-0.34361658562858516,0.8746534715048617,-0.3419195034879534,0.0840001333788036,0.3912552293368017,0.9164405726008372
0.16358529502415264,-5.200378481406311,3.3149382274623003,0.943281911890999,0.27524447841961464,-0.18563327233762697,-0.32476632963128305,0.8810503224557357,-0.34391446674786763,0.06889169643060208,0.38469573223543724,0.9204689716458426
0.32501674392225777,-5.092103113255714,2.9993510567138877,0.9531010594029466,0.2588550120542297,-0.15681981156532793,-0.29865865129237584,0.8883165090494619,-0.34885066971183737,0.04900388324612192,0.37932553629380483,0.9239646946405573
0.5464074519014039,-4.85337218065904,2.62402557469903,0.9630150834886881,0.23872926071635184,-0.12494114234750225,-0.2680307952432625,0.8962280417040762,-0.3534611577875877,0.027594234443794753,0.3738765001188246,0.9270679160041942
0.855305385504584,-4.627634931254471,2.200041544341003,0.9739195202575778,0.21053969897922226,-0.08458015851834016,-0.22688974238565218,0.9059175782533017,-0.35753934917970437,0.001346425423692267,0.36740492180346795,0.9300601112687106
1.1666082978093106,-4.56794822991237,1.6666086258837898,0.9827820169407695,0.17952697314929325,-0.04369866233290586,-0.18308308862656242,0.9143148753579854,-0.361260143605783,-0.024901603096804538,0.3630404586419611,0.9314405700592195
1.5006998596893868,-4.539269118424949,1.0719935320105511,0.990190547629822,0.1396344719263964,0.004989352101140598,-0.12819369897237076,0.9221056134795521,-0.3650857613401012,-0.05557926707265997,0.36086486645188454,0.9309605218441486
1.82557611928017,-4.3524615553281665,0.49006040478105173,0.9938662571100875,0.09694145603129062,0.05321857833988232,-0.07082607154361568,0.927553773188132,-0.36691642840592337,-0.08493250595433785,0.3608965945350465,0.9287303793272419
1.9838595683865226,-3.746038188246221,-0.14496004501779503,0.9933504910161651,0.04489978783009539,0.10601325884414395,-0.0030209762662929303,0.9306657531462165,-0.3658580730600125,-0.11508985924199289,0.363105032977511,0.9246129240531191
2.052907087391698,-3.010486804901589,-0.8523723175859068,0.9862756244372753,-0.017880402349877113,0.16413617472290593,0.07709208068194799,0.9289696481697117,-0.3620389535334167,-0.14600412232875498,0.36972379419135304,0.9175985572524404
1.9533134438648332,-2.1925718933311393,-1.612471894910559,0.9753570607658117,-0.07025396876113432,0.2091482342444837,0.14315527532594832,0.9228307380016096,-0.35761710829567117,-0.1678843982049198,0.37874504468404,0.9101467024423352
1.7343286852492112,-1.1547312237634966,-2.2759700283640765,0.9569359986769628,-0.13273482387662275,0.25817622076125624,0.22069481861924448,0.9103999434391385,-0.349951053749854,-0.18859292529345342,0.3918589153208798,0.9004883669502908
1.3730888904729486,0.016499290545460843,-2.7371687846357715,0.9332906492017985,-0.19460291033609725,0.3018249018904925,0.29610300420285013,0.8925458596938347,-0.3401248289164456,-0.20320328495015005,0.4068065825820858,0.8906272112131725
0.950717109580758,1.1295395360758156,-3.0174741506821254,0.9098808466627688,-0.2455748674326296,0.3343797681703966,0.35763482584410117,0.8727902379774871,-0.3321664218952027,-0.21027167241381267,0.4218177153423606,0.881961245635912
0.4869467043299277,2.1314672049929113,-3.133631388856427,0.8795763936178601,-0.3019320716554274,0.3676715815725493,0.4254422021472467,0.8450731815641821,-0.3238058838765796,-0.21294201187717707,0.4412350189035924,0.8717610668473597
0.007372119181015324,2.9950610196257923,-3.0311026066248337,0.8499171965054072,-0.3502134425803238,0.3936893492595731,0.48301805391375363,0.8163988933301044,-0.3165223634480697,-0.21055716249455605,0.4591768630989806,0.8630308741388232
-0.47476575455860026,3.7254725254094083,-2.728649391793576,0.8188048542791603,-0.39585676045523915,0.4157595889582888,0.5368152774093757,0.784624931709593,-0.31015008379752573,-0.2034403316669968,0.47713849325075486,0.8549566595504252
-0.917654234734034,4.31398607140999,-2.329868955290009,0.7901659573873004,-0.43379200426549336,0.43296911763027146,0.5814799118712393,0.7538585070918836,-0.3059059714608612,-0.19369788815685723,0.49347932917248266,0.8479146654015663
-1.080684606388354,4.75054376680278,-1.905397108831804,0.7630426165727204,-0.46559112788478196,0.4483200496618811,0.6198665698984596,0.7236394370922113,-0.30349860066759227,-0.18311581257819884,0.5094809777801768,0.8407721049511461
-1.2168118876427592,5.142523228271395,-1.4647590388213072,0.7415107890347629,-0.4882599031147625,0.46017824454813683,0.6481207859122871,0.6986192187759084,-0.3031016892486412,-0.1734969642774262,0.5230042582688051,0.8344850802855702
-1.3444726516013923,5.4198926452717675,-0.9560780890976406,0.7234808874418308,-0.5057076252332259,0.46993106227121306,0.6704919635536525,0.676814392839178,-0.3039124947344275,-0.1643652405965087,0.5349598820722044,0.8287351761913725
-1.3958516280238777,5.53094362668522,-0.4904752337471483,0.7125312009602525,-0.5152973675466401,0.47620154415713717,0.683440792231216,0.6633006836249836,-0.30486207802381415,-0.15877018351223227,0.5426793031820293,0.8247976738118018
-1.3805318766707162,5.468900683434949,-0.172632730373397,0.7067239941079468,-0.5193464449479562,0.4804377860577047,0.6899214677891455,0.6562925986819649,-0.3054314869147345,-0.15668300621248554,0.5473201028970098,0.8221259882335706
-1.3413499458904619,5.281631992609878,-0.026012961391144618,0.7070456935476832,-0.5173975323010852,0.4820644985937272,0.6890862653117141,0.6572465096644771,-0.3052656949161132,-0.15889149188811078,0.5480208199535946,0.8212348474723661
-1.2826943356460685,5.037646707735824,0.054907309035260976,0.7133593670151772,-0.5095694300166632,0.48110020732088365,0.6811522219680998,0.6655731240222438,-0.3050312559184595,-0.1647727647386737,0.5452993788477705,0.82188717195769
-1.158220102280096,4.800617050980771,0.08945159588781282,0.7256192755396953,-0.49527848419362175,0.47767760054257813,0.6658805815930048,0.6803980713556238,-0.3060416892400615,-0.17343505419207947,0.5401459872945612,0.8235062807210242
