0.44839951524095495,-0.8996724136438753,-0.9372754483004916,0.999988668909144,0.0029333198830091786,0.0037493583160977304,-0.002789483359903877,0.9992810921902106,-0.03780896155311286,-0.0038575686518022676,0.037798074363701264,0.9992779516923671,1.8240050999999997,0.18351564,-0.13806152,3.2403703,-9.169728,-0.74135745
0.35676361474774343,-0.6282778619695631,-1.0430700671796391,0.9999597347769458,0.005612589339047802,0.007001975844823576,-0.005108264137153092,0.9975286772120653,-0.07007455870037661,-0.007377971423457904,0.0700359691905428,0.9975171820862115,2.0195330898900825,0.21211439624938863,-0.15631172274743205,3.2692978,-9.16232,-0.36195832
0.2860075670757271,-0.2480417015684431,-1.1293538549040916,0.9998641133801431,0.01063258215376979,0.012597736752439467,-0.009036561475949195,0.992660761513116,-0.12059416697706526,-0.0137875063456674,0.12046393962071905,0.9926219541798499,2.133050727620968,0.25446065154566044,-0.18777686757752948,3.301567,-9.1399355,0.043794252
0.3158007858737528,-0.20589513295091572,-1.4584306140921512,0.9996879055031516,0.016099299301434066,0.019102464572005116,-0.012719049043060246,0.986132165394336,-0.16547379903210752,-0.021501566969923246,0.16517919038632237,0.986029166749725,2.3138717220428475,0.3690072947502342,-0.22900872639087078,3.3370712,-9.09467,0.48161012
0.4034855602174547,-0.5910304210154104,-2.079153707368859,0.9993175354594929,0.023124452514324143,0.028804913106584534,-0.016226532796218506,0.9753500540883492,-0.2200658347478489,-0.03318377550216917,0.21944824375184024,0.9750596419489703,2.7311812260853623,0.5350832283377097,-0.24724292773531545,3.3677611,-9.0114765,0.98746336
0.3666190500081455,-0.9730598488356662,-2.6155228203417695,0.9988008090373606,0.030193443201976564,0.03853958813898692,-0.018597660462282204,0.9621684668658821,-0.2718197351081918,-0.0452887501664971,0.270777025163818,0.9615761705407374,3.2242363404262133,0.6768642921231127,-0.2702178111252128,3.3908799,-8.872172,1.5829376
0.10995012352491462,-0.8120727126439218,-2.689915889972052,0.9978261391125205,0.04055064784878364,0.051948446202406885,-0.020471217590663292,0.9400035653757585,-0.3405498881679715,-0.06264124323603533,0.3387461321401415,0.9387902495264516,3.508776436647953,0.7777194473334709,-0.2810547545344681,3.4053237,-8.684171,2.2350173
-0.22573103937787886,-0.31512449777563023,-2.374109794400589,0.9965720518051024,0.05154687177180853,0.0647075387532896,-0.021346873969066676,0.9158959414907702,-0.40084777077150413,-0.0799278207679687,0.39809238170464445,0.9138566622266354,3.6444138256020358,0.8993266279554079,-0.30994650096619203,3.411162,-8.450007,2.910852
-0.5566618038251083,0.21187730748265254,-2.061696850631131,0.9944124675442715,0.06797519179854164,0.0807664391468629,-0.02151973381740818,0.8795581920201868,-0.4753044160394558,-0.10334769203489899,0.47091056491666416,0.8761064401092641,3.8965179369748832,1.0264174428390893,-0.36688011963467554,3.4093018,-8.143751,3.605516
-0.8614892883762691,0.667241543667368,-1.8414947401283464,0.9918941977624287,0.08511051280922158,0.09435094623043452,-0.020535995301210173,0.8401450913848321,-0.5419727837437606,-0.1253960658960866,0.5356420689521351,0.8350828705143342,4.209800006575353,1.1228415974443982,-0.43072698589722613,3.397972,-7.7329226,4.3161635
-1.09007053342214,1.2639930362795002,-1.5412019016993312,0.9883432895277388,0.1076560882029822,0.10764622017664695,-0.01866054750839254,0.7874077785343995,-0.6161499608619719,-0.1510937656297389,0.6069589417550039,0.780238115584897,4.390193869820698,1.1721656423492839,-0.5210910017730174,3.3821626,-7.225464,5.0187745
-1.2453148479033003,1.6819608267877735,-1.3383162486332705,0.9840427414689477,0.13324505338474005,0.1179221722610919,-0.016022350914886234,0.7264002803097126,-0.6870850871887205,-0.1772093881075072,0.6742317023950068,0.7169438222427847,4.519143116136786,1.209648140793378,-0.6219841232942659,3.369374,-6.6540694,5.6992645
-1.21647545850304,2.1689932301270094,-0.33331555432447835,0.9751864289136738,0.18637291935468728,0.119484575547668,-0.015454073406452988,0.5957048664972467,-0.8030547202069395,-0.22084519573163264,0.7812815414194225,0.5838035222226292,4.263387640412744,1.0353716318054949,-0.8518122409177395,3.3825517,-5.43851,6.933522
-1.0114286847075147,2.215689666329733,0.7830790019726963,0.9699329150677349,0.21364860830355092,0.11655218761636629,-0.012106998344680072,0.5206696982687388,-0.8536723527770024,-0.24307110247679936,0.8265938164991898,0.5076013215763102,4.263387640412744,1.0353716318054949,-0.8518122409177394,3.4125137,-4.8383865,7.429927
-0.6362107610774286,2.0129970297150717,1.616960289099592,0.9656888742296188,0.2363002103179673,0.10773675692545572,-0.014399639252189268,0.46292938020947116,-0.8862781952233068,-0.25930223404077557,0.8543176221655263,0.4504483898060948,3.3117261546624954,0.8273104324949243,-0.9827920328855022,3.455104,-4.2706175,7.821953
-0.2023412717351123,1.6533137677677976,1.7223894786808716,0.9611476696029368,0.2589455414419711,0.0956157088776063,-0.01809975026840159,0.404765992071946,-0.9142411556598373,-0.2754406583223768,0.8769901357651277,0.3937267396476877,2.9821131756029535,0.7655354222304029,-1.0146561965223326,3.5093017,-3.7331817,8.142261
0.20592774407545583,1.262097911216601,1.4248245355741402,0.9572594671376968,0.27743360475149903,0.08176128380743906,-0.022703007740142684,0.3538881468648695,-0.9350121672727577,-0.2883381452649002,0.8931930219516591,0.3450613561702612,2.6439406585273293,0.6347689023266663,-1.0236243182670137,3.5728593,-3.234305,8.405009
0.6431317802577177,0.8118512202272834,1.2760598251770288,0.953972752928988,0.29234049097773185,0.06688066988290203,-0.02866225372206822,0.31087351928853774,-0.9500190157132282,-0.2985204547106595,0.9043753050255503,0.3049440043340471,2.032831204481347,0.46340003483207465,-0.9273780225963982,3.6407104,-2.8148162,8.592097
1.0937203531847828,0.28218895545991124,1.2668774533703633,0.9515800326284363,0.30264680059943483,0.05385494953844863,-0.035606691327933475,0.2825332342472073,-0.9585964401553398,-0.3053319587523394,0.9102636352358243,0.279629235473906,1.2495327803031624,0.29972162261223684,-0.7445023193063767,3.7117982,-2.5228667,8.689707
1.4055163993475404,-0.3219368233961324,1.1055460760837208,0.950281052587694,0.30824111172954355,0.04419658507801472,-0.0424000277276238,0.2686922006685632,-0.962292439411524,-0.3084933690397898,0.9125743357883886,0.26840253895755256,0.5519428843875142,0.13632139333296356,-0.5197173806755343,3.780333,-2.371547,8.719164
1.6401737985768614,-0.8451277222012514,1.0812044661422369,0.9502418647203864,0.3089768964808099,0.03966958499667285,-0.04741501687371365,0.26931865178606784,-0.9618831945589862,-0.3078834433800994,0.912140746398943,0.27056800263739905,-0.13052230712207047,-0.03144308897465038,-0.2669204651304757,3.839807,-2.3507278,8.701877
1.7576283531047865,-1.207928574046362,1.1845833325395245,0.9514474809233124,0.3052706495372875,0.039465447872335205,-0.05152458905711865,0.28435279388644524,-0.9573341659689517,-0.3034681330340577,0.9088197396294024,0.2862756942053729,-0.7786017468745949,-0.18250242091183888,0.042734936955081404,3.87847,-2.4565125,8.642708
1.8211480682128427,-1.3931541616764482,1.4779490101897865,0.9538422798968711,0.2969097367383493,0.045050119989867805,-0.053622617695344675,0.31599178555255425,-0.9472453781015815,-0.29548184369371383,0.9011069857088403,0.31732740246327773,-1.491211454596778,-0.30456575579921996,0.36714973099276216,3.8947113,-2.6924102,8.526027
1.857944779753617,-1.2239834180301064,2.0070990412130705,0.957592065943978,0.28246261452243643,0.0568533784246094,-0.0536088057932268,0.36854071207514194,-0.9280645664416738,-0.2830963284512296,0.8856594237856311,0.36805414530628067,-2.4082918847439947,-0.44762064657433087,0.7296234046309918,3.8869278,-3.077449,8.315397
1.757378702820745,0.15507971659548847,3.276622709335125,0.9658941123650815,0.24507322225584965,0.08359234074725264,-0.04906009359601761,0.4901875810882888,-0.8702351650922657,-0.2542472633379166,0.8364539742747037,0.48549261374940905,-3.578155343980607,-0.6423077519877598,1.1309789327772006,3.7833633,-4.3098207,7.356517
1.5371642829763368,1.0549300288750716,3.552394930785978,0.9712910543506179,0.21545333415918305,0.10086401012331017,-0.043296648286087806,0.5770046360109035,-0.8155924535386019,-0.23392111487776096,0.7878105805468824,0.5697678485073803,-5.018529175974454,-0.8332256074480319,1.5687655286647955,3.674193,-5.0580125,6.4798403
1.2159250509450885,2.0037602460623503,3.46462153816635,0.9774569292993719,0.17396524573396357,0.11964131661496948,-0.03322885802983335,0.6863485006629142,-0.726513302446558,-0.20850370346513009,0.7061599173802569,0.676656764339819,-6.481453195282573,-0.9917995398696746,1.9651513217097156,3.5223205,-5.770444,5.3332047
0.8336109821265435,2.892432078454883,3.0504625622654014,0.9829338614535491,0.12699363677698164,0.13309260019313718,-0.01931612750656357,0.7907395913927278,-0.6118478453195805,-0.1829423713254105,0.5988351315864979,0.7796977452523618,-7.8149885385918765,-1.150864444453553,2.3008906020451296,3.32137,-6.36909,3.9530091
0.34114875872587536,3.7178599435419772,2.0831087433519633,0.9883882286708202,0.06219024772280555,0.13864011869994125,0.003626209096911642,0.9024942588448963,-0.43068661850536744,-0.1519064186680181,0.4261883220363716,0.8917891870432597,-9.947435835095112,-1.4320715911951565,2.8068104550215534,3.0851014,-6.7919874,2.396089
-0.08671261484493116,3.9689406613604574,0.7456119606823793,0.9913851110022136,4.045981430515419e-05,0.13097923517157742,0.03162012537268891,0.9703484253257512,-0.23963326384133704,-0.12710519011646768,0.2417104297105104,0.9619877020079914,-10.515340455700214,-1.5181197729238332,2.9841810330593024,2.8192735,-7.012085,0.7337448
-0.41701155230119147,3.4201890447646264,-0.7911529931059367,0.9916970778074413,-0.071825155869206,0.10666795607184608,0.07236283092513711,0.9973776832452719,-0.001173739662630624,-0.10630393486922787,0.00888278946389412,0.9942940055550261,-10.588194755999055,-1.4986829231716823,3.094215304865539,2.5409667,-7.0425124,-0.95844877
-0.5699257485093621,2.313191184926231,-1.710685770530156,0.9889468961214872,-0.12844948105025036,0.07405921596666482,0.11140320357786224,0.9733305667639885,0.2005416017575501,-0.0978435633256737,-0.19007456068820947,0.9768819265883254,-10.251702215997701,-1.39089513546039,3.08580073470114,2.2623763,-6.9061003,-2.6213348
-0.6170873774848729,1.2294805591964844,-1.9926464296337114,0.9834712659583569,-0.17828833196318913,0.0315838522040909,0.15186918326620466,0.9072284069856402,0.3922656864070001,-0.09859016283748674,-0.38098541736408037,0.9193095732926937,-9.655994118494625,-1.2520880135109613,2.954307486928835,1.9917618,-6.601889,-4.206871
-0.5621918600259896,0.49663327101438526,-1.9098996221070386,0.9767958284040796,-0.21389684391314392,-0.010865071393376061,0.18547602471495528,0.8194611380895818,0.542293359185659,-0.10709133423542883,-0.5317251012740744,0.8401189575332474,-8.800114498092647,-1.0652471425422214,2.6990425090017647,1.7428238,-6.117906,-5.654134
-0.423257208882036,-0.1236343462100733,-1.7591024185792974,0.9671564727635762,-0.24618306207657376,-0.06326339493039251,0.2205506399865196,0.6890574884538315,0.6903312196382515,-0.1263557374758014,-0.6816110896635268,0.720722241959165,-7.59325034357656,-0.8041802529325501,2.3352775057277353,1.5284592,-5.4790525,-6.880765
-0.2981116093859423,-0.5686266007147107,-1.5731340130607818,0.9596812558864001,-0.2632743160440939,-0.09848107235309549,0.2405317898213402,0.5878651450139027,0.7723723385538397,-0.14545220928416233,-0.7649190844718793,0.6274890031108573,-6.238083567231094,-0.5139649545830838,1.9040908268568164,1.3582809,-4.7689757,-7.827736
-0.24379671328965175,-0.9044581719783402,-1.3827863664614277,0.9547246496984015,-0.2726883750694778,-0.11891969290336835,0.2504117610149966,0.5208241180727092,0.8161104018324691,-0.16060757517512034,-0.8089396072240204,0.5655279998909115,-4.881858961863517,-0.25408997114733245,1.430981666811169,1.2385849,-4.0863023,-8.501604
-0.17992628345403766,-1.2777504457635578,-1.096099880992677,0.9491708248861211,-0.28288917521268,-0.13801615750516036,0.25710982402098675,0.44387082582675486,0.8584132037496705,-0.18157445739116745,-0.8502660786644168,0.49404282394923843,-3.5141871425905284,-0.029077960611398085,0.9215682873663867,1.1786423,-3.5179474,-8.93181
-0.057183977659528575,-1.632640480065328,-0.7515079499006265,0.9461782881839006,-0.29002429016059733,-0.14364037763186388,0.2575096808279985,0.40577730710712784,0.8769455748886309,-0.19604951223924344,-0.8667356506765652,0.45862174021411684,-2.1227774569725457,0.20541573010279776,0.444532086138586,1.1662918,-3.1349747,-9.162621
0.0362867324688156,-1.9340610889166436,-0.4867532978704896,0.9448854731590879,-0.29587192562923914,-0.1401829027997774,0.25421712873700836,0.39320922627636656,0.8836063353257795,-0.20631309718395793,-0.8705436852884447,0.44675339722801777,-0.7955121762849937,0.3763538265669223,-0.020530300652977673,1.1970154,-2.974524,-9.241602
0.03423903197190531,-2.165430183122042,-0.4946925028787907,0.9446959819112406,-0.30155067226886845,-0.12890575555400796,0.2486735434886724,0.4024225435032313,0.8810321022807163,-0.21380124071095472,-0.864362937969105,0.45515463409249435,0.38917207587075586,0.4896650159845152,-0.37235456979017595,1.2528778,-3.026837,-9.205696
0.02773933698539692,-2.476566767931215,-0.8129348396715717,0.9453676181143033,-0.3060930942884695,-0.11219217552841214,0.24267488734209866,0.43093528733220604,0.8691396189251815,-0.21769006792774845,-0.848882674909094,0.4816733733192987,1.466533068825714,0.5914510338665782,-0.6590507972740938,1.3192673,-3.2619781,-9.06072
0.07031279117704634,-3.048176327070834,-1.2854034150978157,0.9468019434655582,-0.3095638409238319,-0.08795628597391622,0.23584851321529743,0.4815056272339265,0.8441136237238431,-0.2189556088890499,-0.8199527787223769,0.5289006352817863,2.5951733721759016,0.7213220709167649,-0.9495475848898738,1.3919464,-3.6646163,-8.782193
0.1228805412583216,-3.8720043230563976,-1.719144867241782,0.9484264137885922,-0.31089795459216685,-0.06188537354267268,0.2299959459310419,0.5405379846097255,0.8092716182156289,-0.2181494957211556,-0.7817679636723821,0.5841657714143662,3.8744137342762324,0.9019833844320317,-1.2590684834847288,1.468869,-4.2251205,-8.327295
0.07081474654103836,-4.7503816572311335,-2.334115611193215,0.9507264316425376,-0.3090343551336957,-0.024839877683821177,0.2229274757972479,0.6257404686018428,0.7474972953052169,-0.21545902791694269,-0.7162029274591434,0.6638002515727439,5.300970509791897,1.1156848700646445,-1.6005178081814435,1.549559,-4.9097123,-7.6397324
-0.1721755406746338,-5.534606513660776,-3.461801043951499,0.9537175290065196,-0.2999327742461133,0.021522216399047982,0.2143677012499244,0.7283409176669791,0.6508194805880099,-0.2108776031884862,-0.6160842788004358,0.7589273996163436,6.825001224541656,1.3256901062080166,-1.978998953497492,1.6421661,-5.639804,-6.6701555
-0.7542471096131672,-5.764800795046696,-5.437178928449786,0.9575019469365331,-0.2773542004545464,0.07914966268384652,0.20313701172104784,0.8432857769256896,0.49759868659782414,-0.20475687065832573,-0.4603734852541528,0.8637886766988515,8.340899075569027,1.5342377735845365,-2.3420235804746805,1.7502365,-6.310916,-5.407605
-1.7032885436753318,-4.693485174898581,-7.9759103585507525,0.961425591110083,-0.23735532867846149,0.13900820373836187,0.1901524410499298,0.9386763116753355,0.28762620023624763,-0.19875331927135068,-0.2500984403140659,0.9476011229579094,9.621642585421345,1.7038342674788352,-2.6031834167726777,1.8681961,-6.8244505,-3.9025574
-2.6985051786106107,-2.478505551051285,-9.966665083512636,0.9645392324267861,-0.19221966102314983,0.18087473849515512,0.17874898684190005,0.9799339405021801,0.08819451204505169,-0.19419801444026072,-0.052735890700886495,0.9795438004599095,10.51356279976162,1.7629677368830667,-2.772930051815496,1.9949249,-7.1248217,-2.244063
-3.6353334979366574,0.8561864029077995,-11.00669029139591,0.9678341159334267,-0.13205513268861788,0.2141461322694222,0.16489650786523108,0.9758152710031048,-0.14350504719691703,-0.19001648804567778,0.1742010298698863,0.9662027403516594,11.108257561560512,1.7628408217646812,-2.912979150430041,2.13013,-7.1743517,-0.509494
-4.052144232546486,4.8089327084541145,-9.735386571607402,0.9707035469876881,-0.06761497072914835,0.23057068243559548,0.1501180023247526,0.9199205574003131,-0.3622302492204692,-0.18761452300806952,0.38623099798643,0.9031203723484811,11.075311165785596,1.6751001428043557,-2.924424353994513,2.2686539,-6.9953413,1.2195343
-3.9766542852074798,7.984918609797397,-7.071047366722835,0.9731309093715304,-0.0033385515228854593,0.23022833730769565,0.13438394929746722,0.8201642619927557,-0.5561218729029587,-0.18696841283209542,0.572118377107052,0.7985758418456186,10.746543502969354,1.5392440404639727,-2.889922137542025,2.4177048,-6.6130447,2.8847947
-3.412289715923539,9.764450557046429,-3.4887977884476724,0.974965533574604,0.05790748604958447,0.21468332818596644,0.11755893080901575,0.6852813813190926,-0.7187275744010648,-0.18873819467354053,0.725972555594778,0.6613181854406833,10.057104317545702,1.3896147653446698,-2.785251271940559,2.5769882,-6.064395,4.4358397
-2.5878597960120544,10.009401505468457,-0.20826544679270942,0.976022888772438,0.11059550044301465,0.18747788102616986,0.10038921301348629,0.5355131601442702,-0.8385390039961353,-0.19313551331341544,0.8372540179623238,0.5115705062873608,9.075880309210662,1.2340796344207494,-2.6362360314832425,2.74458,-5.378253,5.821437
-1.6622788251075051,9.133407265096466,2.2167998755897567,0.9762518435506973,0.1519567137833637,0.1544069140292112,0.08382772271309366,0.39224786717645665,-0.9160319446396278,-0.1997629867332786,0.9072214546799918,0.37019451819242,7.837498191749552,1.0786042641831788,-2.424583303566698,2.915303,-4.5848284,6.980014
-0.6496933225978916,7.513695057901467,3.8813125538128235,0.9758469752816777,0.1822556016529224,0.1204390987168637,0.06867928298981063,0.2674120915396898,-0.9611315879661716,-0.20737848712343507,0.9461890239082772,0.2484360966403541,6.408766485829298,0.89401079931933,-2.119043276523275,3.0739853,-3.748796,7.85802
1.144091039965625,3.1609091277482095,5.221060679606652,0.9743177075870897,0.21363530969195824,0.07116852629539216,0.04392184696403023,0.1296811057840752,-0.9905824963938582,-0.22085261157954458,0.968267920182962,0.11696734032649564,3.282871402678292,0.5316301660825762,-1.3494152489828621,3.3344314,-2.360527,8.768957
1.7686710861107346,0.7618527444452403,5.2090116379138065,0.9727225205142439,0.22826360038711863,0.041311340122591855,0.0307426673694955,0.04966505152311347,-0.9982926780559974,-0.22992561076883813,0.9723317907975213,0.041292882159768104,3.2828714026782926,0.5316301660825761,-1.3494152489828621,3.4398696,-1.9599793,8.920712
2.1616107227813743,-1.064149998107005,5.000938330476248,0.9719370631787604,0.23304844936733835,0.03204318128594181,0.023550465603277254,0.03913422575101791,-0.9989563994212849,-0.2340592249609348,0.9716773809358463,0.032547604955496356,0.5046668222737559,0.2637837664179508,-0.5548607638918484,3.526938,-1.7955353,8.951292
2.201848192751222,-1.756377316861743,4.148201274165112,0.971480445574307,0.23542376890791886,0.028308883763493175,0.01793542969673842,0.046088481462209493,-0.9987763374440252,-0.2364404031216694,0.9707994133237291,0.040551632050561295,-0.5374590449476493,0.15148883323091233,-0.2541607286742236,3.6010041,-1.8359573,8.907542
2.211976245657959,-2.001464987404392,3.3105515208362437,0.9712504136886823,0.23617316871781993,0.029914349188073227,0.010687777594230626,0.08227315313363154,-0.9965525072386033,-0.23782011125987243,0.9682217528289853,0.07738366771553115,-1.5248878523593654,0.036160478718379616,0.06428479761602102,3.6557465,-2.0564804,8.801892
2.2270598073153054,-1.773006784465887,2.4866539383246593,0.9715910732443491,0.23382082251112982,0.03658701070203716,0.007290103382839634,0.12495163025648412,-0.992136051400671,-0.2365536742148804,0.9642172540752755,0.11969731057536172,-2.393852051355754,-0.09558732768962565,0.3874760137983076,3.6851318,-2.4280593,8.628191
2.2960387717435493,-1.3553593864989761,2.0441785227397173,0.9725025304977747,0.22763671806378485,0.049197080854175755,0.006322701984895593,0.18535975758041706,-0.982650387324678,-0.2328064681554909,0.9559410467486354,0.17882355417027263,-3.28999074882834,-0.23549502266615605,0.7394489851026999,3.6832078,-2.940277,8.359398
2.343759662584191,-0.8614731552279189,2.2549464604477905,0.9743026860223619,0.21425543843119715,0.06949016557948798,0.00790339022889595,0.2758033748627723,-0.9611815826560534,-0.22510400359056026,0.9370310056326628,0.2670226246042465,-4.355160521849936,-0.41378521835713694,1.1027680338504346,3.648152,-3.590245,7.9484878
2.227916673087179,-0.1580863437166633,3.050325290565138,0.9768966095878302,0.192198549085464,0.09344908723601096,0.011734722055297232,0.38836533613507795,-0.9214307689604105,-0.21339004305282386,0.9012391932323678,0.3771373835988463,-5.647027957692828,-0.6421519076090285,1.4605014145480029,3.5809174,-4.3587723,7.328093
1.868792478772024,1.0300917218685794,3.9053483062461933,0.9803078208876056,0.15723081615266965,0.11947822713180141,0.01859015016999658,0.5288633163996803,-0.8485033876675974,-0.19659853158976012,0.8340156251645985,0.5155259007635336,-7.0788697865916355,-0.8982753975939058,1.8048156705684764,3.474408,-5.1815658,6.436456
1.2791147166478174,2.5865608926688193,4.2401420879615435,0.9840374255041809,0.10951849082884159,0.1402713276962733,0.0289237995165313,0.6793067516826404,-0.7332842224812335,-0.17559544136631183,0.7256362982134725,0.6652955761813069,-8.648464651364563,-1.2082224684350091,2.1301961061653776,3.3185394,-5.933856,5.223848
0.5745496197176148,4.201098435213598,3.7578268983155434,0.9874813937446719,0.051742073509037825,0.14900756637521598,0.04338616578473493,0.8191321136706805,-0.5719617303385806,-0.15165136869339021,0.5712664336212906,0.8066328310892332,-10.054341627492901,-1.5345935780750606,2.373058602822606,3.1052613,-6.488539,3.7236238
-0.13450318853252008,5.421545046833694,2.252975579959859,0.9894430047562609,-0.007959440929768784,0.14470379275950684,0.06316981473777968,0.9223301490847475,-0.3812042373784722,-0.13043049813941282,0.3863207778380464,0.9130959104966521,-11.000446292050505,-1.7004699026895946,2.6021597958693743,2.8508866,-6.7786455,2.0469728
-0.7834169577189888,5.554757793393501,-0.12498155966346713,0.9896200680244915,-0.06715023204983543,0.12705497746587108,0.08854094855088099,0.9812815829052038,-0.17101741279989074,-0.11319285044961981,0.18049183191133936,0.9770414920669322,-11.370798970801841,-1.7933312039386777,2.756303970792659,2.5789275,-6.8194914,0.3050537
-1.2337079145662158,4.104912080159134,-2.5032034775710237,0.9871971736404396,-0.12914311654830432,0.09361514730276135,0.12302133905544177,0.9900387912093634,0.0684758500327605,-0.10152581195603731,-0.05608250483790961,0.9932508556038459,-11.097553019942394,-1.74198078607664,2.8435647045200567,2.3005676,-6.6835375,-1.4227097
-1.4082369048059382,2.0113503943990056,-3.667350300362406,0.9823876132275529,-0.17993831800421248,0.05036644806699911,0.1585912067101493,0.9454716484576,0.28448583640857694,-0.09880995158024058,-0.27148768604981643,0.9573562710882639,-10.432695265698776,-1.6241485408473417,2.796193268103181,2.03582,-6.424843,-3.0896287
-1.5128281189578259,0.051167163409425065,-4.016265350920103,0.969516071374215,-0.24135230395994298,-0.04228064238317462,0.2180089652456585,0.7709018155319327,0.5984834850537546,-0.11185114402465401,-0.5894569163075425,0.800018665655732,-9.633949851465788,-1.4980642244055722,2.6832032821257594,1.5787156,-5.518912,-6.0903993
-1.295860997048262,-0.9017558340157581,-4.060627425208082,0.9612234095391586,-0.2599357413909777,-0.09210302547384852,0.24440421547378646,0.6482771709752015,0.7211125356357582,-0.12773463278436514,-0.7156606178489295,0.6866685835594423,-7.521196875184126,-1.0705646632653596,2.1476969338771936,1.3990357,-4.8751345,-7.312312
-0.8319003763819397,-2.183920456504114,-3.613968370150361,0.9542909714528411,-0.26944739780037924,-0.12933229149054526,0.26170089113250244,0.5442856656169917,0.7970356063466191,-0.14436545772464174,-0.7944502589983037,0.5899215207071884,-5.936925893500432,-0.7449662413912119,1.699971698772475,1.2628281,-4.196228,-8.2551365
-0.24958071930739748,-3.4014040404198926,-2.7861740129490893,0.9493270580655969,-0.2756650871381219,-0.1509532926359971,0.270587468982248,0.47255226831920855,0.8387352236171748,-0.15987669765884688,-0.8370801117213942,0.5231981728811741,-3.9931515960568675,-0.3083314102829078,1.1012432053412724,1.1822541,-3.6076722,-8.855754
0.22294199165247738,-4.174643774021061,-1.9658321055437569,0.9463197566144218,-0.2825682296838997,-0.15695258460607475,0.2721205493645433,0.43440527600011103,0.8586282448165836,-0.17444003225968333,-0.8552468952042876,0.48797891695099505,-2.076844133430012,0.16339891340835366,0.4460654254685834,1.1645477,-3.2364533,-9.1350765
0.3547863340209183,-3.703838746481025,-1.2145543774916874,0.9428999349855254,-0.2992156097362549,-0.1463206461660546,0.2682163102306571,0.42163494251980754,0.8661893477598135,-0.1974834766013159,-0.8559754635131076,0.47781406669642684,-0.3864301797172737,0.5053626629193319,-0.02827417590268988,1.2461716,-3.3009858,-9.093318
0.12638713144286223,-2.98822012498407,-1.6227816507978863,0.9423789691592308,-0.3073449323858643,-0.13213996754620616,0.26410872830896354,0.4410250125858754,0.8577549288139655,-0.20534959974980727,-0.8432295243943706,0.4967851759787491,1.0359766554088274,0.7300203914669678,-0.4498184086328313,1.3105224,-3.6564057,-8.878813
-0.038199165788078776,-2.6293027246724523,-2.2980877579970564,0.9436604449699102,-0.3122064667221806,-0.10969086897295215,0.25933380095345226,0.49182357179963226,0.8311772096883359,-0.2055503448847135,-0.8127956055239864,0.5450801403084422,3.215762307333822,0.9049397346688264,-0.9967857229008081,1.3781646,-4.151436,-8.518776
-0.006511801561943753,-3.073903606856389,-2.7616106343094473,0.945203994853765,-0.3165323314731438,-0.07997931760560106,0.25309212645683954,0.5556586002268028,0.7919519527847291,-0.20623720236183615,-0.7687982850697351,0.6053225695741046,3.2157623073338217,0.9049397346688264,-0.9967857229008081,1.4544723,-4.763875,-7.951503
0.05036794387827645,-4.1706746951062605,-3.2156016787636856,0.9473630986963977,-0.3170696977339844,-0.04438429910720034,0.24610449853230018,0.6325247848663764,0.7344010977197064,-0.2047821648252668,-0.7066676752962624,0.6772629191538933,4.49314749389008,1.1103760871196215,-1.3348638902159504,1.5399826,-5.4590483,-7.1104417
-0.12596034397226757,-5.23729027315225,-4.2176697194176045,0.9499353972672819,-0.31243947665366434,-0.0020771247034271634,0.2388632380647483,0.7219179505655309,0.6494450139561374,-0.2014127466668201,-0.617426956068204,0.7604057202575997,7.607603239256915,1.7180022396816323,-2.1156546630916813,1.6336746,-6.146979,-5.9630966
-0.8090394450784058,-5.288725180615742,-6.199527589982509,0.9535298790723703,-0.295069796979334,0.06094739228878933,0.2282350164129291,0.839427356895234,0.4932245835102624,-0.1966965861402251,-0.45639404839070374,0.8677643260668905,8.999445382757585,1.9737633694356465,-2.4110180392468625,1.7341797,-6.6997986,-4.5380507
-1.8468671608175617,-4.064230933962987,-8.502497321751001,0.9571041270901285,-0.2623598336052918,0.12295937385024727,0.21713980527469803,0.9304562589288079,0.2951295566111153,-0.1918384603574256,-0.25577034216423666,0.9475122886785592,10.095430221168439,2.1119032831987656,-2.6042056528481017,1.8432999,-7.0263624,-2.9175797
-2.9488028675207554,-1.58563060279515,-10.29106372419132,0.9605715965236906,-0.2165626657066428,0.17436404381052614,0.20543622809637627,0.9754170746815368,0.07973384855409274,-0.18734504033323088,-0.040769378726517036,0.9814477538925817,10.819186692293275,2.1481625118240233,-2.7538074197808537,1.9645355,-7.108609,-1.1975495
-3.828922644620973,1.9856985654957804,-10.551524272235891,0.9637733513511251,-0.16020986060585196,0.21324569817483388,0.19292669856927688,0.9707975948169001,-0.14258793384042542,-0.1841744178885284,0.17856323939259083,0.9665376109252272,11.103570505270762,2.1302107578679954,-2.8079584522561056,2.0946794,-6.977539,0.54828036
-4.233788372707375,5.697704975557003,-8.703545674574105,0.9668918279113797,-0.09581125174015226,0.2365172238086986,0.17927557959384313,0.9146271429093731,-0.3623775048409176,-0.18160523031972542,0.39278161043183124,0.9015221277523345,10.854430398208676,1.9623147224666342,-2.748532304078649,2.2401443,-6.6791334,2.255249
-4.051459330053254,8.117356773440946,-5.663069197402814,0.969502236532103,-0.034016041717478775,0.24271036703264876,0.1651586660118571,0.8223601233489845,-0.5444689546398649,-0.1810746486961447,0.5679495896920062,0.8028980228947195,10.194020189935681,1.7851912329416542,-2.655892624716482,2.4028244,-6.2346163,3.873999
-3.3875660621342516,9.028280793202029,-2.5724007500510604,0.9717559986232923,0.02654723664133349,0.23448992167331018,0.1493786487647128,0.7000468170942529,-0.6982982694876414,-0.18269181271440366,0.7136033198513829,0.6763091034905636,9.245218220452168,1.5785477038801097,-2.518598977378821,2.5757613,-5.6456437,5.348886
-2.4891376626629866,8.802171353139254,0.22704724195858628,0.973575219191512,0.08237504509953758,0.2129921231431971,0.13175839755446703,0.5591661431348164,-0.8185187530201209,-0.18652350321092723,0.8249530752209993,0.5335366964261592,8.07125561326069,1.3436424824346447,-2.346724993162421,2.747911,-4.9240675,6.616019
-1.441760019340363,7.629918768705815,2.156787361792187,0.9747239492999734,0.12509189773412505,0.18510872421994728,0.11466489793396707,0.43099019354803725,-0.8950415712396932,-0.19174249357629183,0.893643928075775,0.40575281387865303,6.627279437960775,1.0853458404085465,-2.096076543110879,2.9088318,-4.1302795,7.612512
-0.40050684557214367,5.917536733794887,3.4358621708740333,0.9752908246716421,0.15094209898264133,0.16132045767980296,0.10095052445588998,0.3450301216550667,-0.9331469373913045,-0.19651157452778054,0.9263750309164235,0.32126702783075645,5.036782759604238,0.8318200379800733,-1.793356551406787,3.0552812,-3.3597229,8.303526
0.7041332940975481,3.7596611920270018,4.408768842663205,0.9755133523672936,0.17411353847005082,0.13438070945846625,0.0848610303349376,0.2657122145727388,-0.9603101710162941,-0.20290959781049164,0.9481990797023002,0.24443035893295972,3.443055756652115,0.613963734704621,-1.424219674395891,3.1875381,-2.7136674,8.708742
1.627537945573289,1.5466195182932765,4.904504050020486,0.9752961178106551,0.1874229955798788,0.11691921703179356,0.07324062129443325,0.22498834230125894,-0.9716048874007054,-0.20840655933983557,0.9561657108244347,0.20570328015793846,1.990696677283189,0.44937574455709806,-1.0286370105633458,3.3027663,-2.265802,8.898389
2.215094389782765,-0.38135961171916577,4.9363183746040455,0.9749529832603911,0.19617486441040752,0.10479552950970683,0.06318113741227788,0.20748028084202133,-0.9761967408965301,-0.21324826917692105,0.9583670255362892,0.18988896770948346,0.7537915290171096,0.29343281340051036,-0.6630786813388598,3.398294,-2.033441,8.955992
2.402985108613403,-1.536148890217735,4.293438174631496,0.9746384695304932,0.20114243961616443,0.09808961564056502,0.05474749015281412,0.2106881341121044,-0.9760190687001601,-0.21698517468533138,0.9566358916168771,0.19433271684705766,-0.24007757761083678,0.17254006542358866,-0.36919166203241216,3.4775589,-1.9985062,8.938736
2.3883932136152306,-1.8352247094828833,3.0883185841400973,0.9742532459337404,0.20352782568896524,0.09698988069840546,0.04923923834898868,0.22772867276652844,-0.9724788681543715,-0.2200138863671572,0.9522164017545159,0.21184384351522245,-0.9411807110955969,0.11061946191028632,-0.08147187907113532,3.534607,-2.1094787,8.879641
2.3318508943455742,-1.680809783722273,2.0145551843664546,0.9740836494160202,0.2027230434512683,0.10032154102794218,0.04610600026604999,0.2562613455746036,-0.9655073068101354,-0.22143911280492667,0.9451103059527753,0.2402732380062711,-1.5339535348267217,0.0014179653246037469,0.17941735300399617,3.5665054,-2.3374848,8.781354
2.2771223739844726,-1.3938036665641709,1.724887996959322,0.9742614541001866,0.19753823922319866,0.10859679138531934,0.04517213049383511,0.3008956027026395,-0.9525866443011174,-0.22084858541823696,0.9329739976648939,0.2842277643017128,-2.1971183628363646,-0.13218323270396037,0.4525040111385096,3.5737107,-2.6819642,8.62738
2.2405994123400803,-0.9783922302047894,2.0279415951394615,0.9749132479041839,0.18698683594425095,0.12074801134789498,0.046434624763502165,0.3596897662048101,-0.9319158211504953,-0.21768781473474,0.9141439685690032,0.3419836546458422,-3.0791899783434222,-0.309630451242419,0.7586452355251866,3.5579286,-3.1628127,8.380095
2.124659800352268,-0.24698168383203378,3.0362794357908482,0.9759239171339414,0.1726559824899427,0.1332757280091719,0.04890529723322552,0.422266675297157,-0.9051514386200883,-0.21255770950137792,0.8898768266698026,0.40365635568836244,-4.227661846351028,-0.5436596743521399,1.0947090706299145,3.5180848,-3.7874115,7.973422
1.8535592325929076,0.9997370959464233,4.103588203769398,0.9778845048096014,0.1442507360692268,0.151438503679762,0.05389582948028793,0.5258212918191078,-0.8488858631372752,-0.2020820002323583,0.8382742356849404,0.5064179804952801,-5.701653802950812,-0.8341963885974288,1.4644999933316598,3.4492264,-4.529222,7.313086
1.3145707295689957,2.63786714564383,4.669345146187333,0.9804849308254082,0.102705861189783,0.1676329517176081,0.06140515240663857,0.6500317226639487,-0.7574220532757525,-0.1867584206460595,0.7529344364603099,0.6310396395710691,-7.367283250216758,-1.2008468406192763,1.8387101774948038,3.3391755,-5.300607,6.3260255
0.5928717655318253,4.354483064019402,4.41807610955701,0.9832772885499034,0.05003939680730364,0.1751052043461582,0.07197664227692412,0.7764477061239925,-0.6260577630070008,-0.16728758707234798,0.6281918643391935,0.7598617274146394,-9.120278183351795,-1.6337098941077426,2.1949664696982554,3.170813,-5.9613466,4.9903793
-0.21250932796761846,5.880623626337534,2.94522199763699,0.9857886040257764,-0.016881291756871416,0.16714021108497218,0.08869224694922787,0.8972709596325097,-0.4324794912261763,-0.1426692451231411,0.4411573948023253,0.8860167264263232,-10.576811081940294,-2.041857446337646,2.465340328396757,2.938704,-6.383868,3.3820968
-0.9827500888679356,6.421248832368491,0.3660187258959797,0.9861868752176591,-0.08248310429711761,0.1436383815487304,0.11190446006764945,0.971137089043011,-0.2106422229801864,-0.12211813528463224,0.22380637120193356,0.9669528785023737,-11.36681516805775,-2.185001056079419,2.6882141955693792,2.6800964,-6.548598,1.6456314
-1.79099388575724,2.9768423633037897,-4.227462869587123,0.9799440879921181,-0.19129711141361083,0.05581218123405608,0.17287701379111015,0.955417834774863,0.23935392016171525,-0.09911166688116446,-0.22490481577529825,0.9693269321179083,-11.51431262145371,-2.262409307366134,2.871517180958731,2.1346054,-6.3452773,-1.8670868
-1.7410950883506575,0.8046264689650391,-4.838627087113251,0.9727846807870904,-0.23158649647963206,-0.007593383583524849,0.2091814317103037,0.8636323992751345,0.45867440254487946,-0.09966490582740124,-0.44777982711435715,0.8885719627446341,-11.14221134531008,-2.1530917937664253,2.900887396283114,1.8760315,-6.079683,-3.5535233
-1.5688082805704138,-0.5671711447772267,-4.862286495066063,0.9634765411639092,-0.2575547150420932,-0.07333841685238804,0.24412826298065948,0.7321956778457064,0.6358387221285854,-0.11006518905119143,-0.6305196730504545,0.7683297443516508,-9.784408466344088,-1.805770534210402,2.689223106824498,1.6349976,-5.68703,-5.147516
-0.7202260163558538,-2.78013707971935,-3.8644172131790286,0.9478177263018907,-0.27347569586147014,-0.163867634025141,0.28649420216306415,0.5051199060023933,0.814109914377096,-0.13986647144638456,-0.818574935075108,0.5571108021138345,-7.2096476684528525,-1.208723693736456,2.069905004271455,1.2361648,-4.4730654,-7.766472
-0.0303140566718845,-3.894221901729824,-2.654278326755563,0.9405839647365103,-0.2742757027877144,-0.20018652337470452,0.30040666019378126,0.39730487773479456,0.8671243697644289,-0.1582960637279522,-0.8757406425354739,0.4560928449557077,-5.415544306217894,-0.7761941526800888,1.5396969857799832,1.1015885,-3.78869,-8.612978
0.5589766797228299,-4.456001332943265,-1.4280868517346124,0.9335277306786924,-0.2707799539161985,-0.23495572478880053,0.31145386141521236,0.28798940135081774,0.9055708679717736,-0.17754567937137475,-0.9185533850935058,0.353181554543578,-5.415544306217893,-0.776194152680089,1.5396969857799827,1.0297073,-3.2159088,-9.100351
0.7736557533004272,-4.272942501737342,-0.6015713741918325,0.9290875426112173,-0.269221938966995,-0.2536057683561237,0.31501375331805664,0.21669482498663187,0.9240182292814809,-0.1938109217384793,-0.938383130924072,0.28613707591295606,-3.5184554990172217,-0.3242970327315803,0.8895128283487749,1.0246155,-2.8672333,-9.300964
0.6026369541499303,-3.391493419152679,-0.3311635676414856,0.928143452264535,-0.2752518575104315,-0.25057164036563784,0.3114458127808185,0.20562461758995637,0.9277499783574664,-0.20384120711908313,-0.939124555944546,0.27657518092228395,-0.6218461618506732,0.34296912804849206,-0.06346923066534838,1.0487366,-2.7419968,-9.351286
0.2612018724829653,-2.215983103325987,-0.6787814682705138,0.9284647032494272,-0.28193611305911714,-0.24179603589196505,0.3059851014415465,0.211591016160492,0.9282253818852277,-0.21053838727357632,-0.9358104883112214,0.2827230401841259,0.199564662097915,0.3989399674531014,-0.3157128240447229,1.0929413,-2.7840714,-9.330843
-8.435815637608535e-05,-1.4207344812725398,-1.4589706032167815,0.9292058870546721,-0.28774752999136355,-0.2319003631881757,0.3015965447842265,0.2277909008078447,0.9258244054265186,-0.2135788932389028,-0.9302218361729742,0.2984483068637277,0.7980350884331676,0.4365338234421235,-0.4355402517048336,1.1408889,-2.9372513,-9.266714
0.020075132786400274,-1.466702667466193,-1.933323817748297,0.9302340964630995,-0.29496320095382633,-0.21831453424028366,0.29778711399641405,0.2590990284764898,0.9187984154210465,-0.21444663791994067,-0.9197088688958106,0.3288589909964793,1.496290068895628,0.5283289652536957,-0.5463970106833703,1.1840026,-3.2000763,-9.141744
0.28926594112047144,-2.22516027395254,-1.8338936985142067,0.9314700864980406,-0.3038817986229596,-0.2000483202254052,0.295083274053522,0.30939396655528684,0.9039918333884659,-0.2128129209732938,-0.9010722645408972,0.37786166085216155,2.4419209838245597,0.6927433590284393,-0.7009309906202835,1.2209702,-3.600061,-8.915441
0.5445169038881403,-3.1320404464896385,-1.7499983254747344,0.9331134313779842,-0.3135115348048525,-0.1760961150233251,0.29276297959320946,0.3780378470420929,0.8782808343482653,-0.20878017617031672,-0.8710900663812466,0.4445367637105024,3.531998252616976,0.8983725789963093,-0.9223996329547487,1.2589462,-4.1448164,-8.54205
0.5574375446937875,-3.685407229866746,-2.245969137150826,0.9352905581258524,-0.3230535691519127,-0.14445747934544753,0.2897392554414058,0.4646856983129668,0.8367307605434678,-0.20318153394659164,-0.8244413825382616,0.5282174467220009,4.6526323778247285,1.151579817183002,-1.1873076410642216,1.3046067,-4.798013,-7.9736466
0.32779721274686646,-3.922945083990553,-3.215694387606081,0.9380315570087502,-0.3305978092258135,-0.10393212492213863,0.2854543198654482,0.5670410332475551,0.772645001202816,-0.19650096520346372,-0.7544332675251254,0.6262729560866173,5.855272443000437,1.4420875836488685,-1.477425532767056,1.359523,-5.4962435,-7.161415
0.00336586463758566,-4.356565891824738,-4.319463427720782,0.9408988139669369,-0.33307938562187056,-0.061380328684092475,0.2805632644232413,0.665000018967794,0.6921410473516275,-0.18971999507638734,-0.6684557559379606,0.7191475688769486,7.2430317711421806,1.7583616033482554,-1.7943434238364433,1.4283539,-6.164079,-6.062509
