0.35778895343392825,-0.8105847254968007,0.010568234082269978,0.9999879756445397,0.004872524898879632,-0.0005541366665830086,-0.004872522452020396,0.9999881291753981,5.7655682013041565e-06,0.0005541581813984513,-3.0654555246421684e-06,0.9999998464496447,-0.00021240208,-0.026656494000000003,-0.234386
0.40926088640040814,-0.9344305355417719,0.008441454198764875,0.9999637837783466,0.00840698293947855,-0.0013242996441356894,-0.008406704691564633,0.9999646398050281,0.0002155361438032704,0.0013260648253258626,-0.0002043953418671272,0.9999990998869066,-0.01071344278759275,-0.039986675409073066,-0.18341515432903183
0.5292608314158013,-1.1142721112228469,0.020075065073265952,0.9999420184655832,0.010455651130860244,-0.002576638586450835,-0.010452117216598339,0.9999444212330738,0.001381191711349318,0.002590936638734115,-0.0013541802992041525,0.9999957266123948,-0.05859512992283631,-0.06325144064706123,-0.10329159751221721
0.7303533782532792,-1.484438124975676,0.05764520042085978,0.999937830766182,0.010287316071548855,-0.004301828758363395,-0.010274743808664798,0.999942907550887,0.0029344979714699218,0.0043317712645677756,-0.002890115347578436,0.999986441403577,-0.06653336590129474,-0.0738517118059935,0.007364690406524366
1.0012360893330736,-2.0272865951916685,0.11573184178026637,0.9999560081328527,0.0072910450762110664,-0.005901055897630891,-0.007271084672337075,0.9999677955815693,0.0033969291167977806,0.005925633020868868,-0.0033538726024555003,0.9999768189372535,-0.023197062360892355,-0.07719005350162221,0.14573050016648287
1.342578081681407,-2.6529420746225774,0.15270461385248968,0.9999692668037841,0.0014030780520390446,-0.007713418171122378,-0.0013755858432732187,0.9999926872715933,0.0035683563338762252,0.0077183684474441405,-0.003557636198041418,0.9999638843544262,-0.011536531231822928,-0.09771431445025477,0.3214236618262934
1.7960878880808746,-3.328324824746875,0.1363986583719943,0.999892372267859,-0.009990083642965265,-0.01074439897620997,0.010058966645305638,0.9999290778437778,0.006376242821695157,0.010679937761150705,-0.006483634112066228,0.9999219476629759,-0.1437818770124997,-0.14679648784216467,0.5630447671596092
2.4434798356533665,-4.141515903630051,0.032177836182542774,0.9996518640761849,-0.022425724225466195,-0.013900990683116482,0.022587279904072766,0.9996778546917504,0.011575907110671156,0.013636914443664374,-0.011885862689058658,0.999836367028422,-0.36589865419904416,-0.20810606150926875,0.8519567708722873
3.4062760377448003,-5.149209662002291,-0.10217295997050109,0.9987215230051828,-0.047101908583769746,-0.01835019602004715,0.047500060044671846,0.9986310912245544,0.021901779274950937,0.017293460670453554,-0.022745413766786092,0.9995917078340625,-0.5158547939608259,-0.19405463654808164,1.1908832335246897
4.51766033900521,-6.114016097901209,-0.10237587411273838,0.9967368118019853,-0.07799829284522866,-0.020784472859410326,0.0786440069602366,0.9963790957001115,0.03230816957159311,0.01818923220072436,-0.03383731616216796,0.9992618214796811,-0.5506967027633991,-0.07967978796403569,1.5501376457422436
5.337341561425555,-6.474768679111652,0.19418734061212994,0.9928911386589458,-0.11712878446285793,-0.021166828359375254,0.11796419037444475,0.9920494376029428,0.04384476184206164,0.015863056510132083,-0.04603000327980344,0.9988140979362566,-0.5985587361604278,0.053969563932474776,1.9018143929047517
5.511624953666502,-5.932348467267436,0.6616548482956998,0.9865018299417058,-0.16236184157152925,-0.021278437987020334,0.16330595593871416,0.9850493772159721,0.05485334266358784,0.012054222356028849,-0.05758781857240187,0.9982676689523026,-0.5964666429904085,0.10661696911434489,2.2697788327285635
5.091173478205783,-4.755060188651275,1.0204301913180112,0.9769738065262497,-0.2122903814043909,-0.02133015060397668,0.21324177018921897,0.9748614778467238,0.064599121178778,0.00708017006705467,-0.06766012838947585,0.9976833055725357,-0.5379896515324013,0.1480694229601041,2.517051384027781
4.3593515582720475,-3.2972791323692348,1.1295885620041366,0.9641353265361895,-0.26452755805774414,-0.02163892679783315,0.2654065128139554,0.9613901957744682,0.07272052271997212,0.0015668697747212893,-0.07585553702095206,0.997117587059005,-0.4617186156968038,0.16818867765517204,2.6665125263323017
3.4084830302994242,-1.5595470464402545,1.046916324352822,0.9483420006213661,-0.3164592596749706,-0.022382734940890103,0.3172205729052133,0.9449335641091576,0.08044667516842062,-0.004307897764905365,-0.0833912248736919,0.9965075742968104,-0.4444623282597445,0.16977376604906094,2.6922267845269823
2.187990470815933,0.39416037869999293,0.8201960710300966,0.9317131478376974,-0.3624212857610252,-0.023694340541445296,0.3630716859781263,0.927712734174769,0.08676424200657859,-0.009463666697932659,-0.08944212920822354,0.9959470591027066,-0.3999885953441172,0.14891964006046624,2.6144466319981
0.7456802239493309,2.364672234486812,0.44272827284720406,0.9126341167714248,-0.40809403204960565,-0.023626889561183476,0.4084982323572394,0.9083503988682999,0.0896032758151849,-0.015105067555353423,-0.09142654910526082,0.9956972547179449,-0.19387763205278255,0.21373587241141645,2.3767642514412732
-0.9879702338829708,4.357541687808923,-0.053582523373753466,0.8962073794799033,-0.44314569599041287,-0.02083806831107329,0.4431916575161541,0.8922225838354854,0.08671802351308061,-0.019836523733970927,-0.08695259064055404,0.9960149392991293,0.10568102966183388,0.32054031235440744,1.9834584685665326
-3.1951946550599635,6.577807655828907,-0.6328604979587503,0.881572097565691,-0.4717543745751911,-0.016686727144582116,0.47152086278874655,0.8783623455105901,0.07840705289762823,-0.022331877408394124,-0.07698961006723998,0.9967817650785508,0.35564146517813666,0.3119040297403852,1.4551364873910868
-5.556495372190117,8.848898739113405,-1.3763578325605033,0.8725798513196508,-0.4882608375218885,-0.014344253671757453,0.48806027328833423,0.8702645622988295,0.06660901774192363,-0.020039279146026535,-0.06512254716495086,0.9976760401763975,0.5287814360131016,0.16950620987390463,0.8511740271562365
-7.227881095821639,10.706938603957349,-2.3312172904236235,0.8705349127675458,-0.4919104488346637,-0.01389517830330105,0.4919232310531854,0.8690925807912867,0.051861553811429234,-0.01343504384047217,-0.051982654230241926,0.9985576113856347,0.6986465620256235,0.03305056972578918,0.19699727127114458
-7.175433017045924,12.72574256846731,-3.984266073121489,0.8911229237298514,-0.4535248986320407,-0.014666326191588221,0.45373961674655433,0.8909343261618419,0.018878205985613898,0.004504996986792163,-0.02347749533792585,0.9997142152709478,0.9091970084106393,-0.06251044401909983,-1.1764428444633395
-6.473592613525762,13.143717130865104,-4.297769826570279,0.9049283359712955,-0.4252331075695731,-0.016778289035098797,0.4253220338819492,0.905039941611534,0.0019676336837823986,0.014348318742753993,-0.008916743492733735,0.9998572985355167,0.9762399333784275,-0.13685055055623263,-1.7642780575398196
-5.404438967886064,13.156984347045267,-4.199352934433052,0.9261723293075255,-0.3763935358153597,-0.0230807846808432,0.3759355231426396,0.9263873467399085,-0.02188529734005777,0.02961923132935642,0.01159266995149365,0.9994940275653748,1.0485905225804772,-0.24288312971145648,-2.2442273946412863
-4.029677392020959,12.185622680115586,-3.755247221933427,0.9444763357122012,-0.3269780826470936,-0.0324003819126123,0.32567302705134593,0.9446462118319148,-0.03975693553113602,0.04360654458755159,0.026997554334493426,0.9986839346505432,0.9752943380609513,-0.3876040650031677,-2.6691145699928533
-1.9258507658414241,9.809901652360777,-2.9140831464903556,0.9610674712241225,-0.27273940090736265,-0.0443005073059306,0.2703759969595028,0.961308331287427,-0.05275521268593038,0.056974871856151896,0.03872352502130513,0.9976243544475545,0.7758391233116282,-0.47248537007852476,-2.9172752113200224
0.8932961450684973,5.709348074600705,-1.915723082960871,0.9736139811340776,-0.2213962726380816,-0.055312803239537994,0.21806904485831588,0.9740644281130348,-0.0603687134152161,0.06724364218893492,0.04671381323324876,0.9966424194455984,0.5573492313439921,-0.43352382114716276,-2.889255133802426
3.6444665964873275,0.6117424554721701,-0.9475125120253178,0.9841765651322208,-0.16461019357549622,-0.0655741779634384,0.1603422851717601,0.9848666585562308,-0.065787661838548,0.075411141288546,0.054232361513424907,0.99567665973158,0.4145423533465546,-0.30511107390476583,-2.692588245288645
5.403326201418389,-3.946110654623488,0.12864160988378193,0.9904434562980281,-0.11615629077071284,-0.07436044641343352,0.11133561298268367,0.9915889300548395,-0.06599829599670835,0.08140111275766213,0.05708861451365455,0.9950450989451314,0.17515341753283156,-0.26464953230561117,-2.348468661699097
6.28601244255519,-7.355944791595801,1.5227829784266862,0.9934638471929876,-0.07831733203014722,-0.08304203648867853,0.07331973252355503,0.9954032021560654,-0.06161722129507415,0.08748600541333293,0.055125861817584915,0.9946393005585931,-0.06593527194792725,-0.3029240534665947,-1.859814946642631
6.89609178871162,-10.12884034696052,3.0443642019968897,0.994322566217721,-0.054738650247282666,-0.09124864097240593,0.04990086134174388,0.9972670197477995,-0.05448298230360173,0.09398158515133408,0.04962027299852541,0.9943366080759547,-0.258448112014141,-0.349274450001252,-1.2250914255473555
7.650211376825776,-12.649728991574468,4.364504679872161,0.9940558334844055,-0.045313507643390656,-0.0989933631142786,0.04100327892620105,0.9981383483012649,-0.04515051237498247,0.10085500003928033,0.04082307773154378,0.9940632501463884,-0.4118676571234623,-0.35575324052535706,-0.4765029343511854
8.70380978056065,-14.643244155190054,5.286541296962355,0.9932303179517343,-0.05237881401293263,-0.10368218431386726,0.04908740911400485,0.9982139880657654,-0.034047911776126066,0.1052803959337658,0.028727928439745913,0.9940275370227881,-0.614589805530123,-0.25840235077816726,0.3573928415782096
9.926766234475403,-15.630498240743423,5.763544014336745,0.9916430883190679,-0.07643135203145061,-0.10393379534908355,0.07479963583490577,0.9970076440133107,-0.019513386635686372,0.10511422295762951,0.01157610494392506,0.9943927764853991,-0.8475683049876053,-0.0446190674378975,1.1917097229116977
10.79379571553105,-13.234275749021474,5.049480654839086,0.9843568236604165,-0.14913703760485075,-0.09380718377408202,0.15028877791854098,0.9886279597710845,0.005295317801139118,0.091950676696404,-0.019310649220388484,0.9955763013861672,-0.882954356633234,0.26468357156561734,2.0066154166119605
9.250252146690595,-9.150016471159846,3.981306944736971,0.9756746845578312,-0.20300574555605758,-0.08275008872626845,0.20473642303559436,0.9787320628758458,0.01290527726871079,0.07837031960867795,-0.02953330949997498,0.9964867669138473,-0.592144839499378,0.5508501605246572,2.587087930852999
6.615600369388088,-4.245585468367831,2.772589711954432,0.9610321824376884,-0.26784341229209824,-0.06838896702523183,0.26933563287551415,0.9629524659536882,0.013448612465890644,0.06225320218751451,-0.03134413510429704,0.9975680849004562,-0.25263108079695856,0.692971605085977,3.0070246434141796
3.8583830979553744,-0.21326776739395448,1.488096017617009,0.9423867286372145,-0.33027335380470385,-0.053167334473729226,0.33117491772061514,0.9435274619082454,0.008893958496012138,0.04722740265134697,-0.025989236071453745,0.9985460089786697,0.029585574684754645,0.7820069257519378,3.1816684663866055
1.4936005555978988,2.740000255624581,-0.024645414735895436,0.9198285812292233,-0.39078691605704313,-0.03465497644580337,0.3909715804504214,0.9204014314350222,-0.001558297937575493,0.03250545237238782,-0.012115743930435397,0.999398121028391,0.3685393526197256,0.9070456360435498,3.119473715560204
-0.6836961431230064,5.290573105555694,-1.700797175707084,0.9008941366407388,-0.4338352167380059,-0.01329508496493046,0.4335896066608956,0.9009326554980461,-0.017899811532218902,0.019743544818176823,0.010361224595882868,0.999751387827437,0.7891169037045411,1.0844268198710898,2.450624267001346
-2.932125105877054,7.759145415661327,-3.2817467638869715,0.8849427841657901,-0.46562938114648633,0.008096182189131164,0.4656185198676543,0.8843299651099507,-0.034057403965781496,0.008698431419204783,0.033908586254419774,0.9993870847019547,0.8370065724261735,1.0657019712521087,1.8815460131736508
-5.074705680968996,9.949539086130217,-4.474843827442809,0.8731783344677184,-0.48645239819975683,0.03039178346010478,0.4874004519846586,0.8715589120079567,-0.053158840324609116,-0.000628984365046107,0.06123011665195248,0.9981234779291873,0.9295364201290871,1.0069717702052396,1.1791375595999989
-6.868332270853264,11.676710494520727,-5.234055970632659,0.8608822870860077,-0.5060609702601212,0.052763454785948904,0.5087219987276105,0.857966274425302,-0.07138487206230903,-0.00914416711076159,0.08829590210282444,0.9960523168386785,0.9295364201290872,1.0069717702052396,1.1791375595999989
-8.064609285648388,13.321586358592441,-5.730006477003602,0.8640133718103532,-0.49916444510546826,0.06569436867383446,0.5033591891148865,0.8591632470965065,-0.09202196244479341,-0.01050809528449499,0.11257607019760735,0.9935875443826555,1.0496530713062298,0.6974127472584377,-0.3325241727084652
-8.027786495051199,14.38717982688216,-6.034398299734733,0.8735776330939745,-0.48148461567156875,0.07095550598459897,0.4866233939568521,0.8664507808463247,-0.11162758093190116,-0.0077324906623583885,0.13204396708064758,0.9912137001402682,0.9031120962634938,0.35787450618035566,-0.9541292762753808
-7.48399064171978,15.060388995066312,-6.215576924665089,0.888556628072609,-0.4536326443099793,0.06844371939462524,0.4587618294501041,0.879307698126531,-0.1278888417924511,-0.0021685358720558694,0.1450358439550596,0.989424025087533,0.7222393321665053,0.0660383267319879,-1.6136882070613248
-6.264402162134432,14.927042849521671,-6.266765335480818,0.9073861605783075,-0.4164832249663126,0.05649848593207847,0.4202243439418265,0.896477653562317,-0.14049668117810998,0.007864880775909872,0.151226783292714,0.9884678060844062,0.4893542586463964,-0.30510529228461697,-2.090245370618952
-4.504248373928826,13.669270218817942,-5.978967485718272,0.9269699203401702,-0.3733354008096535,0.036707564436136396,0.37453936124042086,0.9155399687128988,-0.14665208000843818,0.021143170674132686,0.1496904946597444,0.9885068144137225,0.19582721358309,-0.645531680702901,-2.5098214474311193
-2.022670286445077,10.778663077268595,-5.094101855226055,0.9472729215682926,-0.3201753240192881,0.012719038981559558,0.3184652192037481,0.9363422351791987,-0.1477941906068376,0.03541067947638792,0.14405200626428363,0.9889363494534192,-0.01583613453609206,-0.7134274150534099,-2.781376181057873
1.0209537459738933,6.052273290953987,-3.66107359540922,0.9631589709328972,-0.268733506730935,-0.010348868130201831,0.2644493613356915,0.9533980108777836,-0.14525415017626794,0.04890124743426137,0.13716608623992765,0.9893402512710144,-0.1324462773895672,-0.7500754557951842,-2.8473168238527307
3.9907655131930797,0.6746655102407237,-2.0349816805941545,0.9754272924511916,-0.21799320309696102,-0.031946213310244116,0.21163517914017524,0.9673811537490098,-0.13922734760649616,0.061254780153410134,0.12904521213420175,0.9897450101584733,-0.2479241097485752,-0.7031057708940756,-2.7597242320280464
6.054954012312397,-3.8528695327179707,-0.4102669722032345,0.9837474712174034,-0.17174751118076917,-0.052380390191126815,0.1639208976541367,0.978080341608543,-0.128408662757531,0.07328609817438285,0.1177354566905261,0.9903370689074745,-0.4335020657028816,-0.686257900079033,-2.4218034868188854
7.263221491903366,-7.328559622706518,1.3626159858373759,0.9883960698736501,-0.13416567604670748,-0.07122345420752474,0.12563493005959533,0.9856053955176308,-0.11312766538497276,0.08537607046029998,0.10286678617252334,0.9910243947024182,-0.6359113117335597,-0.6960052880172473,-1.9595693747815577
8.236998291239068,-10.302813767794627,3.275812176338919,0.9899938099146378,-0.11208749342889315,-0.08572426813643182,0.10350978970526196,0.9897190614190833,-0.09870107850930701,0.09590609868966385,0.08884015578867312,0.9914178972328334,-0.7277906409361078,-0.6947313486987867,-1.3493039183328617
9.173398019349397,-12.985895987787972,5.178265183917246,0.9897507105466024,-0.10090293098238676,-0.1010550814737124,0.09278214354297575,0.9922975597940541,-0.08207939245837095,0.10855876202345753,0.07186202993186504,0.9914892051061404,-0.7279838209022568,-0.6689539473304209,-0.5811640963359225
10.137123747542429,-14.881614247978087,6.683114631566895,0.9881915030199792,-0.10592608213998185,-0.11071232307917428,0.09871491560890577,0.992740298858388,-0.06871727918714544,0.11718753686053969,0.05697687377376222,0.9914740122966049,-0.7780681076848215,-0.56205604629809,0.24584959061860603
11.034051103077326,-15.508636931610312,7.611909083142578,0.9851925738684443,-0.12679070149488916,-0.11541104976952125,0.12106380934007926,0.9910989307973139,-0.0553756574722956,0.12140488648542136,0.04058358518975254,0.991773071902342,-0.8161451046509611,-0.3114176363159362,1.0699322359228167
11.59823179831733,-14.764934648604703,7.631768300774064,0.9806599303265892,-0.15995285885753727,-0.11278822631440387,0.155598652105486,0.9867270512911474,-0.046462734672340814,0.11872304121275064,0.02801444615867079,0.9925321306091901,-0.739768227007557,0.053042436401985166,1.9333396786492087
11.365428504430872,-12.284514099710847,6.667903085037846,0.9716051230066095,-0.21234747249494926,-0.10436491686537748,0.20915259636873848,0.977032109305587,-0.04078539957006315,0.11062855137588166,0.01779910983394369,0.993702427947921,-0.5575224708527704,0.29554909232948584,2.5790480423747266
9.609373644316449,-8.135323982660646,4.932875555557336,0.9584572402116454,-0.26984632971559613,-0.09242660344780274,0.266988533692901,0.9627736680147413,-0.04223727091034951,0.10038347255594625,0.015805774782061105,0.9948232686870307,-0.22323113457414293,0.48074713225010324,3.0004139883571326
6.699669133606614,-3.3400231357586625,3.1142649676335967,0.9391648813521425,-0.33497407619938857,-0.07590582263029419,0.331983761428274,0.9419877416425276,-0.049455805959912204,0.08806876735114702,0.021247655625403032,0.9958877594125121,0.06699913517831918,0.6218476229830152,3.1770599346623083
3.617783227400578,0.6026893997720572,1.6333521026460045,0.915734181950247,-0.39769844564348467,-0.05715640244686139,0.39439076182025407,0.9169060962375774,-0.06114848872380382,0.07672571276144065,0.03345380419506368,0.9964908469153777,0.32845223296449777,0.6864920458083767,3.0984637828752493
-1.593003918458251,5.741527462319434,-1.3516381579094032,0.8750206529961186,-0.4838424070013813,-0.015342164689347626,0.48033719531216795,0.8717453841710506,-0.09662382716548892,0.06012516636056663,0.07717843198443163,0.9952027200558378,0.7895895276863094,0.8425924022838777,2.425874112446681
-4.017898901400351,7.856117054561255,-2.897487249506698,0.8578737841239559,-0.5138161465691392,0.006748187733348138,0.5111426834208461,0.8519141018843065,-0.11391014088302631,0.052779993351462454,0.10116981039566594,0.9934681382743606,0.8571194350932749,0.912205718278498,1.824875714861447
-5.9466277046927605,9.658206653544791,-4.11618538718636,0.8473377722909369,-0.530354279509947,0.027258720705797962,0.5290395533981763,0.8385433315683407,-0.13023913399022896,0.04621526359645662,0.12477747908878245,0.991107829715293,0.8784657497993598,0.9377019172597285,1.14649102655955
-7.2450681946725854,10.931266995856308,-4.86479216171014,0.8350839230998561,-0.5478161563901235,0.050321965165369825,0.5487009447673259,0.8228618609598481,-0.1477350025861789,0.039523595377912585,0.15098283536762058,0.987745953589665,0.8784657497993595,0.9377019172597283,1.14649102655955
-7.575386863025441,12.116208068768273,-5.301206686273689,0.8388593875040932,-0.5405719691223537,0.06400682928749202,0.5431020788346708,0.8231816342372354,-0.1655660865635601,0.036811139098324334,0.17364890801181054,0.9841194016909681,0.9067182214686409,0.7569921234174568,-0.3004712176913151
-7.319833610129236,13.330723460054779,-5.600085904367563,0.8489380006177215,-0.5238240670126538,0.0700900700920438,0.5272030484020556,0.8301275294195334,-0.18150821098617154,0.03689467255261701,0.19104091634553932,0.9808884500385817,0.7279673655411197,0.45682683005212177,-0.8834515922663453
-6.702346618177657,14.271441118237435,-5.919240132794455,0.8630411209179867,-0.5006034520862083,0.06749968417701033,0.5036655631191185,0.8426347163103782,-0.1904933998762914,0.03848407635017474,0.19840090379808942,0.9793651296832937,0.37883416710734774,0.13122220956291641,-1.4182066317242088
-5.812941098010999,14.498932405594918,-6.17399820735078,0.8812190888405591,-0.4693882124236156,0.05592515981896843,0.47069066969939655,0.8603772877220097,-0.195451314219298,0.04362580567677874,0.1985588799572557,0.9791175416001756,0.13049814544407437,-0.21330296041136465,-1.8293132310264646
-4.680616399733587,13.72937848656392,-6.141133472596289,0.9004273788237663,-0.43327768173135595,0.03874256029307737,0.43202509840480735,0.8802935654352905,-0.19605497443711914,0.050841418281530486,0.19327102516084677,0.9798272608069227,-0.07431766238404175,-0.4430085611325385,-2.176068028416142
-3.030371271330922,11.785026346517025,-5.574131328829685,0.9208034090912434,-0.3895584678628187,0.019112349994621563,0.38562903984137614,0.9019884512712875,-0.19418310277735684,0.05840655303099192,0.18617474020284386,0.9807790988155495,-0.16898065765412607,-0.4864646242000614,-2.5282941853489955
-0.7613387312600575,8.41461130848271,-4.4949360002930705,0.9395393195123407,-0.342440435923849,0.0006441541520389206,0.3363566748210789,0.922491279077218,-0.18940440155863428,0.06426549924799721,0.17816954810169353,0.9818989549519053,-0.274996136100813,-0.4271125940442666,-2.7125261229152686
1.6714278641204334,4.028532764060368,-3.113534469713824,0.9565561370012329,-0.2910182703677239,-0.017570517279138328,0.2831718164969302,0.9417272007353202,-0.18155881068415775,0.06938356510807916,0.16869571929185195,0.9832231054981863,-0.37124276720494653,-0.38862568612702847,-2.804112341759399
3.4699712348115543,-0.14453199838423236,-1.6992795165548644,0.9700235227177986,-0.24062457479676944,-0.03397321559738075,0.2315882794483354,0.9577070507640746,-0.17077492128218633,0.07362903093421748,0.15778789218647646,0.9847241983840129,-0.4863738119947457,-0.35468357580460186,-2.7666338926013774
4.384686380100106,-3.248578515742734,-0.4540030108391917,0.9804611008458144,-0.1905802988265757,-0.04873581257541783,0.1807622270440556,0.970597890126251,-0.15894890045716592,0.07759540580657133,0.14703361990253058,0.9860831950784232,-0.4805285988858601,-0.3013737866743458,-2.5973553717718882
4.872678608194855,-5.813552138484911,0.7223939839531082,0.9877185051507998,-0.14388015228831708,-0.06091515706422772,0.13360620464337591,0.979902035122973,-0.14812624224845153,0.08100331266967571,0.13816838762663933,0.9870906543966433,-0.4078795911758125,-0.23594758145572053,-2.3962516182611497
4.87745805599639,-7.439274434341866,2.009860106675799,0.9922125501543753,-0.10222155019725736,-0.0711688835898127,0.09181545943376747,0.9863534989465402,-0.13666271080613931,0.0841675514976939,0.12906405305578258,0.9880578391388316,-0.4268567082118424,-0.2047760333730933,-2.0982707500323254
4.964966491245248,-8.885250934379513,3.2405406762081155,0.9940495943584138,-0.07722953555744212,-0.07681798483072864,0.06692686620787867,0.9894262802814418,-0.12867179359914643,0.0859429958487893,0.12276495723947621,0.9887075233548719,-0.41653398914723117,-0.15399430772971165,-1.7277423151824332
4.9331599057023725,-10.28234457563338,4.2708695241939285,0.9955029101942204,-0.0488213255628829,-0.08118148782277822,0.03889826260312671,0.9920584225885574,-0.11961191971354847,0.08637639122639422,0.11591619533691216,0.9894961115119755,-0.31863502559061985,-0.037179116413081054,-1.3359657663710982
4.910852780071033,-11.237292359769217,4.6867369202287,0.9963167955533141,-0.027505668232691172,-0.08121749265674355,0.01795140588325049,0.9930745153012202,-0.11610664962034063,0.08384861313814251,0.11422103691666825,0.9899105842451081,-0.08119996651475554,0.11196157718722724,-0.9539328592903551
4.765919868144117,-10.897262761287543,4.351981134995276,0.9967443424238652,-0.017728706770784274,-0.07865372719872515,0.00848184834180724,0.9931690668669213,-0.11637552520781291,0.08017963640926867,0.11532951736187612,0.9900860206721203,0.05535991085618087,0.19823586145574545,-0.5051917951960243
3.164180946223541,-5.346003741895661,2.3865208453120945,0.9972826621251227,-0.010014766360112795,-0.07298627459584582,0.001146049355877648,0.9927061139084447,-0.12055396293638385,0.07366124079529043,0.12014273121394196,0.990020073403036,0.12389962061717585,0.17092658778444672,-0.18212847959629253
2.073547550971119,-2.2675477847803958,1.5227140004291408,0.9975230461728621,-0.011003834754593681,-0.06947436919258168,0.0023527852695385217,0.9923549127135111,-0.1233944553650375,0.0703010437724007,0.12292535472412686,0.989922785074906,0.13262406843459723,0.161659276451436,0.06754388612402633
1.1507644673843596,-0.4354611061549052,1.0482924244154381,0.997629679237245,-0.01611514483772544,-0.0668978715046325,0.007531895029061919,0.9919220954290543,-0.12662474938535592,0.0683980530590045,0.12582074036696875,0.9896922994705201,0.12366294353949973,0.08218120153210932,0.23059073196494914
0.3804153418182529,0.7091203863244087,0.7004172742221577,0.9976473613428424,-0.02055656817228678,-0.06540007576938793,0.011995537241213982,0.9916113762321728,-0.12869726342556753,0.06749703320856565,0.12760997622409237,0.9895250600546348,0.09290466224452945,0.04786160543627335,0.23892906722329046
0.0136170658117191,0.7525074001125948,0.19759286641905127,0.9976643755335938,-0.02409430320378383,-0.06391602572350649,0.015394505069680606,0.9909604845897273,-0.1332678775825274,0.06654925247381367,0.1319726582850254,0.9890168929094997,0.21200623949638892,0.04891173875441164,0.1792150176003977
-0.19604959814344383,0.6038534292118366,-0.9672182995254099,0.9978438943317943,-0.025309068952345897,-0.06055587150329546,0.01623832776725204,0.9891741996936585,-0.1458448469152493,0.06359150301794672,0.1445470639244348,0.9874524125519892,0.33027450175830053,0.08280633273273848,0.04366980591891528
-0.1152671089926091,0.6160434047158094,-1.3179865596446438,0.9979305975551532,-0.02546927055134318,-0.05904099186833301,0.016285510414060202,0.9883830493995479,-0.1511083379903415,0.06220373472523676,0.1498341213383396,0.9867524671714787,0.25049021650906167,0.06969707020970989,0.018019435643431697
-0.049052116281664664,0.43490223728168775,-1.4741618641384922,0.9979258885954129,-0.02600359380976375,-0.058887468786080394,0.01665878623058337,0.9879382379179198,-0.15394974147740012,0.062180428692463284,0.15264943880870138,0.9863223322621312,0.1290750480934895,0.003189301198945304,0.025001243664616504
-0.010330651174073707,-0.019082573094250432,-1.600108298482121,0.9978209039709168,-0.027101285669414426,-0.06015782504152105,0.01754253762617023,0.987902625969578,-0.1540800473002439,0.06360584070897794,0.1526889711717118,0.9862253166037811,0.0053814557234810115,-0.09799276422575082,0.06115159072632681
0.02964753640385801,-0.6228554951156272,-1.8616564409242224,0.9974871885568528,-0.03028812758605395,-0.06404637376366822,0.02019990833130071,0.9880714301819254,-0.15266568888145907,0.0679063499854883,0.15098833791248373,0.9862004103862835,-0.07687552323026096,-0.20918560248655854,0.12329450091244332
0.08572957125205677,-1.241416213240482,-2.3570404493144475,0.9968847205624776,-0.03603208507486036,-0.07016083490258566,0.025181640350203094,0.9883942515960055,-0.14980883952972995,0.07474449075579345,0.14757537822119726,0.986222474315267,-0.1481530264146233,-0.3187819615771669,0.2191866033032791
0.1257711086482748,-1.7760414832383236,-3.0885773870774127,0.9959858597202197,-0.04421451296258729,-0.07782829871489495,0.03248784587331441,0.9887566405409227,-0.14596179519565824,0.08340687686207594,0.14284741030102277,0.9862240669657203,-0.21362393037935687,-0.42590894075677,0.33706187111594826
0.08711805349722379,-2.146679336576379,-3.9766879655279475,0.9947456844383843,-0.05454852819573524,-0.08663418126171775,0.04193953184898537,0.989089885649187,-0.14121711572881349,0.093392178256517,0.13684171943583676,0.9861806350067652,-0.2875311879060937,-0.5293831664087415,0.4653814836566618
-0.06831724027861388,-2.3375647312367676,-4.9721148002165645,0.992792251877168,-0.06854835478324667,-0.09830904164506137,0.055032689985013095,0.9894320836760997,-0.13414751143939893,0.10646571112651118,0.12777039895406284,0.9860729067900841,-0.4007249165878388,-0.6527149488108241,0.5938189026314434
-0.34785098818015725,-2.3911880728520742,-6.034284213979082,0.9901061813636566,-0.08391587400448486,-0.11246277479921918,0.06973276561477833,0.9897532544636909,-0.12460271537268094,0.12176654312737502,0.11552757838972637,0.9858125012426119,-0.5773042204268547,-0.8368984134857379,0.7026931691197962
-0.628070787983515,-2.4642551302900157,-7.008021757572767,0.9859465902903778,-0.10238749833037014,-0.13200803490858035,0.08783491009745001,0.9898504600637882,-0.11171882240552981,0.14210682482889211,0.09855387814365238,0.984932882708206,-0.7287146663442184,-1.0517518014608502,0.787000312176986
-0.7330068640311427,-2.7105994417629993,-7.635377755793254,0.9808874193289597,-0.12068785036769987,-0.1526247469311441,0.10642214735283949,0.9894359094853005,-0.09844240739541717,0.1628932078233548,0.08031826563502495,0.9833690960419688,-0.8210734550097836,-1.1748298130071488,0.8506958374144564
-0.5618606335269635,-3.0613809871968036,-7.643885652854876,0.9743515394473101,-0.14069787253912674,-0.1756222828675768,0.12764575923485583,0.9882918332662498,-0.08358117281176944,0.18532576109654264,0.0590200047627689,0.980903155929162,-0.8780169618526401,-1.211045469833715,0.8899631434450659
-0.3214765713491684,-3.2205297289007118,-6.974698096422323,0.967156091282294,-0.15953385620855373,-0.19788391500771885,0.14841029233425232,0.9864508760872523,-0.06992177197377536,0.20635765123885144,0.03825725800314663,0.9777284397956648,-0.8992678416307462,-1.2502201740479926,0.9266691159358316
-0.10355190537428494,-3.1378878251550795,-5.785967316067445,0.9575114403778627,-0.18116368301745153,-0.22439153616182037,0.1734494590041967,0.983372362515844,-0.053796671004418296,0.2304064380972476,0.012590337388586278,0.9730130300709136,-0.9523965553623879,-1.2858198832795862,0.9568185788914092
0.05772358831048752,-2.859148557865124,-4.294338958727294,0.9465129133542143,-0.2020562579436407,-0.25156822827918707,0.1990921702271966,0.9792646261530948,-0.037457972708930365,0.2539204848135363,-0.01463080965124178,0.9671144331468782,-0.9961893613883263,-1.309616539252435,0.9622122210610764
0.181415064759808,-2.386688300115921,-2.6260669217927526,0.9366562956872309,-0.21807612160087822,-0.2740762465756423,0.2200080144925132,0.9752011349985711,-0.02406698686083513,0.272527901889945,-0.03775647606724443,0.961406777179383,-1.0236407243006416,-1.3195023544104327,0.9409618988430309
0.3593894504746916,-1.7406172881535344,-0.7755236192734366,0.9245620302200926,-0.2349046126109889,-0.30000812530559956,0.2435295093689152,0.9698528150247369,-0.008882300103443388,0.29305021812282395,-0.06484859414569698,0.9538952927315932,-1.0259724430179156,-1.3090342728770363,0.8957107787489805
0.5727440135722013,-0.9358162360034895,1.279990678043819,0.9128543999041973,-0.24876787006664744,-0.32374587471974087,0.26451585138993217,0.9643692937291183,0.004819717404538728,0.3110115897181422,-0.09003561592449862,0.9461317978622694,-0.9948477338490345,-1.2580595886638104,0.8214717480625924
0.8540123481568251,-0.040909525590479,3.463016949270785,0.9043034881946684,-0.2578713915024403,-0.3402022144013012,0.2792918713382615,0.9600945005372008,0.01464925399444695,0.3228486516052466,-0.10826308458018798,0.940238189329628,-0.926181267545138,-1.1162713292895718,0.7243649873009473
1.1686596382421814,0.9761110040779751,5.547546964396867,0.893690885660143,-0.2682733109485454,-0.3596470930241103,0.297784912072442,0.9542168179797873,0.028185287412696696,0.335619944326907,-0.13228641244373274,0.9326626174843563,-0.8709354112887643,-0.9148060076252729,0.600930037146491
1.4238438432792635,2.141500550245099,7.246674637865738,0.8870977496432388,-0.27371072481009134,-0.37167192751381545,0.3092711004459542,0.9501980817848436,0.03840562200188073,0.34264992194198607,-0.14901692687858398,0.9275693971325346,-0.8560832783333165,-0.7757240099437882,0.46455889151291613
1.478937521883494,3.450522351876949,8.396766478465569,0.8802224219273624,-0.27822035251465616,-0.38445015721540227,0.3214376323528386,0.9455186374893042,0.05169482244645279,0.34912223710862167,-0.1690796901079173,0.9216971964529794,-0.8493051740286826,-0.6638722647219082,0.34574516706691405
1.490930697245977,4.637374955958104,9.0529636739278,0.875232848687826,-0.2805996426668413,-0.39399403690034784,0.33128464790004936,0.94124923317007,0.0655771539676335,0.3524456591356067,-0.18791945506518298,0.9167706014944375,-0.8244569408166281,-0.49041015498014606,0.21525648134427716
1.562192741497951,5.588303428107702,9.389715051935298,0.8726115384462457,-0.28126381390902166,-0.3992990983659067,0.33869976739629903,0.9375036345629781,0.0798085380576407,0.3518971021991628,-0.2048843629137083,0.9133404772029301,-0.7410428568246789,-0.25564347445490065,0.08545387982655885
1.6714567944466303,6.308771323401061,9.596443283567764,0.8731095582544547,-0.2803674038578441,-0.3988405923908973,0.3422876677155282,0.9350815464999983,0.09198724870890859,0.3471582518313137,-0.21683316224503793,0.9123949407664662,-0.6200592618067199,0.019426810880804557,-0.050455345732075475
1.842089148877882,6.952081571725865,10.033822236763005,0.880116921563706,-0.2764072444214264,-0.38599642434688114,0.3424833362688479,0.9327030912312374,0.11300490248592054,0.32878468449029574,-0.2316548700956812,0.9155526486257194,-0.49191921528037474,0.3282797371244752,-0.18411354617413567
2.052110024678298,6.807883313872373,10.226431476777526,0.8897661751825969,-0.2723857739920833,-0.3662269018350024,0.3358868586005769,0.9340539402371985,0.12133942041562312,0.30902454873418583,-0.23097451559446305,0.9225804037727748,-0.2589900451990123,1.0034146897938985,-0.4614372763767329
2.220312262923871,6.4758443924634665,10.354371017682503,0.898922878011919,-0.2690579407278648,-0.34575350167141927,0.3286147725344421,0.936025733027317,0.1259688786280567,0.28974124776928906,-0.22685601522100723,0.9298313598170057,-0.10676112595375636,1.3474242853383636,-0.5588340551381733
2.6758179030181584,5.806232484348969,10.175891573145508,0.915694383963325,-0.2634547139759083,-0.3034722538584003,0.313200954936661,0.941003337912791,0.12813227487151096,0.2518113520173166,-0.21237780420951957,0.9441857398173065,0.12751220934701668,1.6896183727470886,-0.6302389488692366
3.0461511944668715,4.9643699913285335,9.785158531551353,0.9286629157446727,-0.2585780061519294,-0.26593721750648935,0.29927837719057576,0.9458931537926135,0.12537381925441168,0.2191292811715876,-0.19601927543676692,0.9558027002422981,0.36883548537692945,2.016854956848029,-0.712824023149042
3.610868966724142,3.7592130401720265,8.919860479475947,0.9433872242707266,-0.25089393634144663,-0.2169626184158599,0.2804176973322923,0.9526374034200974,0.11767706925254678,0.17716224232501393,-0.17185520158583448,0.9690610556524627,0.5959686921489612,2.340460172810737,-0.8427433556767007
4.207540280300569,2.185872653555193,7.6045479090010355,0.9564305687153574,-0.2401859642545922,-0.16598575180390657,0.2596462447985394,0.9597153133699705,0.10737944330827716,0.1335080326753166,-0.14579855917762072,0.9802644466433007,0.7502271157561421,2.6077888045440294,-1.0166737880555636
4.769441227707122,0.2261799861722269,5.894720502573724,0.9686964423968818,-0.22419807205187914,-0.10659468549530654,0.23424279658492325,0.9676788731498102,0.09342328782261505,0.08220410412927859,-0.11546784378229803,0.9899038651892261,0.8480360057531469,2.793511754326872,-1.1804735110464573
5.069765853832208,-1.891229029527591,3.857080987707951,0.9776708710068729,-0.2049396612783709,-0.04646937937790093,0.20804490507825857,0.9751149964442118,0.07660327134386946,0.029613940224818815,-0.08456050463845755,0.9959781802829067,0.9442525677054651,2.9100277807153363,-1.2885007345668424
4.974294940598863,-3.766839676661401,1.5290205059793167,0.9832015174444404,-0.1818984857685478,0.01509029390228344,0.1808062977968748,0.9819315422854406,0.05585274336971349,-0.024977165009980047,-0.05218608186139843,0.9983249741882749,1.0473204586904123,2.952433850360959,-1.3670327187812095
4.450320088778347,-5.099314990060993,-0.9726085231496939,0.9849121567797131,-0.15643926402458683,0.07399189211648383,0.15444006382301245,0.9874823280418118,0.03204556898334491,-0.07807887111040784,-0.020134757921763925,0.9967438394138969,1.1397130245048217,2.913411676504805,-1.4098615937627
3.5424486110315776,-5.868658438891444,-3.543687156941563,0.9829578518386392,-0.12858642234589604,0.13137501093072745,0.12897613548517428,0.9916320309537889,0.005574196065129693,-0.1309924348352834,0.011465041419260729,0.991317070790763,1.1726576656852274,2.830105456873961,-1.4052603525104022
2.2631410357597237,-6.215856384987721,-6.084714896978619,0.9776407713926375,-0.1000162028385921,0.18497373132571074,0.10577435195703792,0.9941576422142135,-0.021502764825551628,-0.1817424237179515,0.04058745615117933,0.9825081932606469,1.1511737156684383,2.722975522191269,-1.3654933409353764
0.6644647918646163,-6.119357723384747,-8.270046629185094,0.9695854241038818,-0.07193287964277996,0.23394393813815959,0.08515161552866327,0.9952640658870193,-0.04688967399008451,-0.22946308578538852,0.06538424871737111,0.9711187323296324,1.0145252213220797,2.5229547658303217,-1.261562215174333
-1.1339668417261128,-5.798348572160223,-10.1227497454226,0.9602131292141921,-0.04601057336447434,0.2754519443085486,0.06751019664877463,0.9953240999529741,-0.06908190357282233,-0.27098546055670847,0.08492916572929061,0.9588294514539043,0.847868534202203,2.2123248483712628,-1.131318320241691
-2.7805122841271577,-5.191810866522253,-11.480345253645002,0.9509773936705525,-0.023459862674670828,0.30836931035828924,0.05310219828095264,0.9946962897355234,-0.08808772743187804,-0.3046672828928173,0.10014452570993629,0.9471794553858522,0.7006756320750626,1.8044573708911913,-0.9640177235752754
-4.054978693269126,-4.229963184937504,-12.46338606688937,0.9432071832809075,-0.005777855118890103,0.332154822029607,0.04272507494945671,0.993654988793265,-0.1040400462169189,-0.3294461676478547,0.11232265860671434,0.93746938242572,0.6054858514118704,1.3667882556214614,-0.7622652486895238
-4.983609774200775,-2.8419602366115493,-13.135949094630979,0.9373710474538188,0.007717263553641453,0.3482469859719858,0.035677592006734364,0.9923696050990547,-0.11802404968541884,-0.34650054664304664,0.12305694096144651,0.9299432028125593,0.5355215003519651,0.9193508583729818,-0.5631683047414917
-6.140832983126686,0.3440808216163378,-13.660748062477554,0.9322384577668485,0.023186841349509664,0.36110085606201314,0.02843781894018763,0.990163231268546,-0.136996590825305,-0.3607253086690917,0.13798241131413708,0.9224088604591376,0.4291959678123787,0.4415157284570802,-0.37957474912672257
-6.347839853808318,1.8046061798750967,-13.86643436877701,0.9416607203674888,0.014933378711216864,0.3362321845351034,0.03100140933884655,0.9909194669150058,-0.13083395089916444,-0.33513280999625505,0.13362486403789967,0.9326469832551151,-0.11335458215180018,-0.6319232522390452,0.10503269166923841
-6.030999411243015,1.3354923734658861,-13.836817479696052,0.951315379145816,0.0021239996424685685,0.30821183952951825,0.035280208809009936,0.9926533327730414,-0.11573533514430638,-0.30619333151955413,0.12097458228938483,0.9442514464764485,-0.7525351367750522,-1.793315200805738,0.516205090127508
-5.31947916757972,0.04206819149695096,-13.647020492129078,0.9627006251545682,-0.014322482642059951,0.2701895127831021,0.04168702064002011,0.994525915641769,-0.09581438006405027,-0.2673381728020914,0.10350395938256518,0.9580277823502675,-0.7525351367750523,-1.793315200805738,0.516205090127508
