0.054527679730644256,-0.04275388320150178,-0.2837701851608932,0.9999961388159624,-0.0023561203538251547,-0.0014734483516005807,0.002359504412512422,0.9999945732226669,0.00229918771388337,0.0014680231925545493,-0.0023026554441836614,0.9999962713359543,-0.11597168400000002,-0.07412843,0.11883911
0.13494227772961095,0.020724705540926532,-0.332511116859269,0.9999845528634085,-0.0046137025365867,-0.003099642475037334,0.004629567696492728,0.9999761204240283,0.005130856132531919,0.0030758962129358567,-0.005145126880169507,0.9999820331045324,-0.14557701504897066,-0.08301909898998214,0.11616088940449243
0.20955785442635738,0.060105906893903834,-0.42826158878458737,0.9999666221885222,-0.006592412802919092,-0.004826448208903596,0.006631575332442267,0.9999448503248664,0.00814361820020223,0.004772495938967739,-0.008175353338934663,0.999955192436289,-0.15422020296369188,-0.08748819832277459,0.10160721243343797
0.26129103140262183,0.12228580797456998,-0.5318725155626114,0.9999434636501313,-0.008168271774482809,-0.006807998207733552,0.00824661095227664,0.999899181618369,0.011559412040304421,0.006712891417273689,-0.011614901425923996,0.9999100115278803,-0.16753818165691045,-0.09615906847106814,0.07803583497898206
0.27829298608256353,0.22306070014995896,-0.6253346578326336,0.9999167240307764,-0.009052939808487172,-0.009197243303510256,0.009194869164912849,0.9998374577299425,0.015508465467780556,0.009055351158303634,-0.015591741434141193,0.9998374358936808,-0.2003692225266222,-0.12037331842219799,0.04644143467220392
0.22326106550441108,0.4013653667781259,-0.7775392510558388,0.9998099668464615,-0.00809584201199225,-0.017733796451804604,0.008580743540956795,0.9995866197907582,0.027440123461275348,0.017504314746984682,-0.027587078087440965,0.9994661335372177,-0.2929467925520954,-0.2101805759336551,-0.01897883099891957
0.12890718712607732,0.4099622143645319,-0.8430970528636852,0.9996796986678103,-0.007174979482225048,-0.02426972889971029,0.008010136711910603,0.9993729023371684,0.03449115515665667,0.02400703607887249,-0.0346745114401589,0.9991102744317534,-0.3265170474997694,-0.3043419200822705,-0.03324675132243353
0.06482139708325796,0.34177084016915893,-0.925505621967338,0.999475155193695,-0.004967513102186871,-0.0320115286126507,0.006280649767634649,0.9991372858872303,0.041051642943921704,0.03177998724095502,-0.041231150402074965,0.9986440930819578,-0.3393937738338463,-0.40758542307718065,-0.0996191064803719
0.13654704077163204,0.21777733633561697,-1.0155004972804442,0.9991525231695049,-0.001911757621836653,-0.04111667091104325,0.003880451302141479,0.9988467888034577,0.047854305916108245,0.04097776887171128,-0.04797330173978139,0.9980077077750854,-0.32631386716705785,-0.4487870777002038,-0.12855897282455736
0.2672217428340264,0.13340464761268364,-1.0558421883543943,0.9987221714364044,0.0019688426906719824,-0.05049898949298429,0.0007662336163348881,0.99853606581676,0.054084546306984886,0.050531546259721276,-0.054054129552205156,0.9972585993166239,-0.30844522022488785,-0.4851841667277136,-0.17204807912418146
0.3646611458047935,0.15052160106747065,-1.0110264321990794,0.9980913807277081,0.0073053382800709055,-0.061320695932701515,-0.003568398702545944,0.9981417254849121,0.060830603948196386,0.061651133385824924,-0.06049568479335023,0.9962627213108128,-0.31606175808221276,-0.5407780793701648,-0.2287353776456197
0.44855295049656474,0.24307705343220357,-0.8963903573657341,0.9972433385760443,0.01397004193987047,-0.07287360011625242,-0.008996311483560199,0.9976353119230401,0.06813846772499017,0.07365317403476901,-0.06729503943395104,0.9950108479922148,-0.3472484340548389,-0.5996174109823176,-0.29571240606318333
0.574900478109102,0.3317563393931121,-0.7422314353226872,0.9961520006113195,0.022256461814511127,-0.08476934343006977,-0.015857994168126836,0.9970257603109096,0.0754198733585294,0.08619579861588131,-0.07378538597820143,0.9935421486363917,-0.33618545102182,-0.6239864310650045,-0.3706153210016024
0.7286481849925153,0.38510247124821556,-0.5414002350444662,0.9947593937435296,0.03235737136833247,-0.09698839661081793,-0.02437664681356522,0.9963037038848004,0.08236934329928218,0.09929515420770649,-0.0795734261142507,0.9918712326745379,-0.2996169585498351,-0.6335238453740861,-0.44384001753150143
0.8777328477205936,0.4302501519531439,-0.2870015677095214,0.9931399487350966,0.043737884195495576,-0.10844371679609274,-0.034118218615970745,0.9954446469548242,0.0890275351082947,0.11184359340133251,-0.08471689521628625,0.9901081043401219,-0.28685893164304915,-0.6335888647265044,-0.5288867867553368
1.0473882714928129,0.5223273514755301,-0.011796211582807171,0.9912249302408285,0.05713468712229895,-0.11920052515195499,-0.04572773251117769,0.9942985935223773,0.09632902677183626,0.12402464331112202,-0.09003296311273976,0.9881861936926101,-0.30072835917693197,-0.6080237219771052,-0.6267735765820623
1.2569921520384684,0.5697798318929292,0.2325382699988674,0.9890674943590904,0.07296281296497287,-0.1281480375443536,-0.05967861946738098,0.9927211325587312,0.10460982434636835,0.1348478920142923,-0.09581847888350595,0.9862225231273886,-0.3254102249261512,-0.528548950771436,-0.7461510476246186
1.4180820876015185,0.6480586578746012,0.4409271959113682,0.9866785592650614,0.0904793125175326,-0.13519953658565925,-0.07520737073658178,0.990619531037229,0.11409117456872535,0.14425419256823255,-0.10240331407691677,0.9842277628641407,-0.3583118491838647,-0.4376313939629892,-0.8134816415536754
1.4177358099736823,0.7043090908462529,0.6038015218866148,0.9840096661386534,0.10899034324166447,-0.14087612297958785,-0.09170535296189934,0.9880527488316562,0.12386239850875724,0.15269284588293353,-0.10896270282198796,0.9822484534016316,-0.37856000166590065,-0.4042827638895799,-0.9101198677817537
1.3280156229221858,0.7161921336746193,0.7281617719236877,0.9809355204548535,0.12888261583187496,-0.14544681518100921,-0.10949724112761623,0.9848811212107814,0.13423684765382154,0.16054861847865906,-0.11575166702440148,0.9802171660839579,-0.39488192242580405,-0.3669532169701231,-0.985608361427267
1.1213275178623603,0.5899320692963899,0.85148829294666,0.9740779197252603,0.17021896160784136,-0.14898896406397863,-0.14696484143110886,0.9768838622126154,0.15523934788478566,0.17196959523950262,-0.12931908156847016,0.9765772030185061,-0.4013475997114651,-0.253696490158481,-1.0732602421785713
0.9516252829896155,0.4957208717240429,0.8322758636213227,0.9691877945572729,0.19554970096473717,-0.14978428934241034,-0.16980668885997408,0.9709096869137098,0.168819632375901,0.17843964609811647,-0.13818355296389004,0.9741994654025705,-0.4294740711513365,-0.21469382115028263,-1.0825549325698116
0.7494434815987585,0.3946904612454718,0.7554834056274823,0.9645693428036671,0.21745342472167828,-0.14939876505552052,-0.18950321049296792,0.9650295055246373,0.1811258862772859,0.18356066064426557,-0.14639693146950758,0.972045998047496,-0.4509361169252493,-0.17445526650789603,-1.0776748593479581
0.5519838313147435,0.29078902805138834,0.6450754515206633,0.9597182291939607,0.2387586250151938,-0.14810550136190812,-0.20874937646797437,0.958754926437668,0.19290590674143163,0.1880548281141437,-0.15421838415816694,0.9699752943300172,-0.4278876128559274,-0.13838952723623785,-1.0545221699693537
0.36051831141425494,0.21015411225436503,0.5270887177751375,0.954978778380203,0.2581371447503786,-0.14622156935136824,-0.22639461133684266,0.9526168265563951,0.20314197429202902,0.19173161659229554,-0.16089249908477815,0.9681697118466159,-0.3874344742447568,-0.10937981660907807,-1.0243339290790978
0.2058546506160186,0.2765234531914804,0.411304507631138,0.9500637305457601,0.27681550852055237,-0.14405582995485125,-0.2434608477808084,0.9462935729976037,0.21273290601427713,0.19520687359650848,-0.16703786380918853,0.966432940536869,-0.35942834257267425,-0.09834051046729463,-0.9912676663274608
0.07782237774958606,0.3984048324327643,0.28642942250949355,0.9447065190484074,0.2957862248692927,-0.14156306737639177,-0.26080140667936436,0.939420445636463,0.22242268902756843,0.1987768073531358,-0.17320431720301183,0.9646180826424168,-0.34395711696282055,-0.09075781349885322,-0.9570043773860377
-0.00036248552540091294,0.5563603667187361,0.15298335530383783,0.9392554118889577,0.31383063651702814,-0.138958996904198,-0.2772759277039587,0.932437849886202,0.23168451829051084,0.20228032814194594,-0.17908095287582537,0.9628149776379015,-0.3326076231978406,-0.08552471051163543,-0.9196629995284993
-0.03635323043781738,0.6756933069463839,0.01703610029424897,0.9340704629962823,0.3300037190721644,-0.1364181643200438,-0.2920697741576544,0.9258393614981342,0.23982644500601777,0.2054449249346587,-0.18417117608156633,0.9611833127553375,-0.3093473280879488,-0.07972435577624118,-0.8795369983956921
-0.047248470300603335,0.7524605857132046,-0.10710197146754816,0.9285880636113019,0.346206362087276,-0.13366137425938113,-0.30694770397095844,0.9189243739401682,0.24771173166732946,0.20858407212817,-0.1889951053042477,0.9595694529451563,-0.28237789554876636,-0.07375565198472148,-0.8427256357777678
-0.049247580767991295,0.8104244249890823,-0.2054892325329592,0.923326919332368,0.3610006772900919,-0.1309423958551746,-0.3205932874082972,0.9123446514886253,0.2546510965396378,0.21139381283504882,-0.19314695932422402,0.9581267703174078,-0.2582866516999289,-0.06780013680038523,-0.8129062436604514
-0.04494280691616909,0.8555107233075185,-0.27465631888903114,0.917680913205319,0.3761463817788197,-0.12796734354261552,-0.3346291804623287,0.9053473736916149,0.2614755142127191,0.21420796698947037,-0.19712948136795155,0.956689560125875,-0.2357478382057201,-0.0628029582578237,-0.7862146929852469
-0.03456840742299172,0.8756858929749518,-0.3254222826994546,0.9125560998204577,0.38932903788973955,-0.12515696119802494,-0.3469507431828709,0.8990663627504083,0.26702969343427885,0.21648682750996232,-0.2002562748744733,0.9555264925097948,-0.20611723379405478,-0.05467747502058011,-0.7591619938599085
-0.018793893951232155,0.8711287289113689,-0.3741625799140568,0.9066336413714942,0.4040145872754057,-0.12160449663621846,-0.36082785010295787,0.8918363606113702,0.27282076255582804,0.21867487949817724,-0.2034701923136389,0.9543485620654061,-0.17902117420893499,-0.03881032745459303,-0.7307050006304785
-0.007185552147338403,0.8594596563407031,-0.4192302595719891,0.9019651475708873,0.4152526441920148,-0.11842345231822586,-0.37154760668087017,0.8860768760933382,0.2771644739543445,0.22002556337195261,-0.20599274536791448,0.9534965864221246,-0.1670927563606763,-0.016327774878718282,-0.7071242115931392
0.00435089910152231,0.8412278362749979,-0.4583145254921134,0.8961309392439952,0.4289455056529535,-0.11382044152878061,-0.38473526051061174,0.878731779168766,0.28250529127562723,0.221197014106219,-0.20937099478921778,0.9524891954722985,-0.16373516147651912,0.01130130445544053,-0.6882298400823039
0.10297011257272659,0.787903162892575,-0.5291547102848312,0.887219457091843,0.4490744982710065,-0.10570586530698534,-0.40439343174730846,0.8672825440074022,0.2903221335339136,0.22205311823365667,-0.21483268806839353,0.9510727253054931,-0.15817869410042076,0.042443289187878486,-0.6719383123924232
0.24786778765737386,0.8134525241702475,-0.59186071947106,0.8824627415993074,0.4598733749863503,-0.09887359944746156,-0.41533420759323353,0.8604541403717131,0.2951544821277109,0.22080988585644162,-0.219397245415341,0.9503198635260793,-0.18894531690812072,0.16016994634363044,-0.6866169025720027
0.4441955219623004,0.8787231151339081,-0.6728232403956287,0.8771964520446408,0.4717042153445704,-0.08956292618297382,-0.4275893475264671,0.8523375941963478,0.30114444275375934,0.2183889521065211,-0.22586668356741887,0.9493632112379704,-0.23350657115813678,0.24555644505515575,-0.7350946216849705
0.6762237982486428,0.9620297275949559,-0.758743947086089,0.8715361784720727,0.4841535211498503,-0.07758902997522629,-0.44083696482989915,0.8429715986621017,0.308320700389421,0.2146799013737845,-0.2345085324828537,0.9481130144338705,-0.29897203982739207,0.35650345292727453,-0.8170709958245583
0.9386853485022423,1.061641068999781,-0.8751613771303273,0.8652426267421606,0.49751057082361344,-0.06195505457255362,-0.4555290585427521,0.8317464526554457,0.31731863373939584,0.209400271469452,-0.2463352804895079,0.94629300742142,-0.4017903788578966,0.5086728177308096,-0.9365770447851203
1.2226634311053861,1.1927493269314935,-1.0780960867666294,0.8579908661339004,0.5119915042008456,-0.04142913536334597,-0.47208530564888457,0.8177586261804938,0.3292511100934834,0.2024528039351363,-0.2629363590938814,0.943333097715359,-0.5709168341514635,0.7101222309341171,-1.0963429314047637
1.5009473066817143,1.3121967095993443,-1.3956914854592821,0.8491591562262926,0.5279412636860777,-0.014378786269977725,-0.49133950053152936,0.7996863349562358,0.34509022139389994,0.19368588646176138,-0.2859716555566476,0.9384593702466358,-0.7861233357006554,0.9465629995157634,-1.2869398215658983
1.7045245963443436,1.3069825960971784,-1.7694695796112248,0.8387980377282104,0.5441437070668018,0.01804100781280749,-0.5125145716114161,0.7779934259267409,0.3633937851707699,0.18370265591240253,-0.31406027331448744,0.9314609379551885,-0.9890840190898238,1.1840932669211508,-1.4850145243689472
1.7773932063387474,1.092764599701622,-2.099949210449128,0.8259512809393489,0.5608380535825039,0.05714157128078107,-0.5367585491088849,0.7513839972912371,0.38381290829408976,0.17232162218704195,-0.3476819901410339,0.921641194966022,-1.1556156832953381,1.4029611823635675,-1.684156832577011
1.7090482872013164,0.7131361344280538,-2.3557456665164422,0.810752200651939,0.5766319761639487,0.10087830888400484,-0.5629872222174062,0.7208439212340594,0.40426405830822304,0.1603940670909218,-0.3845511738184707,0.9090622299693624,-1.2927900908894743,1.6059262524037354,-1.884048670779386
1.464300455069354,0.25880805174755017,-2.5719735934019874,0.792180737270347,0.5915811199275538,0.14993818073816367,-0.5919832231027161,0.6851510723117362,0.4244100277738478,0.14834265422571333,-0.4249703362063506,0.8929695797069084,-1.394521882600465,1.7497228005373846,-2.0608912891522735
0.9865720122154773,-0.20491300902905252,-2.6959894661325343,0.771108398334682,0.6044440020888215,0.2000981917873566,-0.6215976476553395,0.6466188645693122,0.4421542812327416,0.13787023771311155,-0.46532944493330947,0.874334206828824,-1.44099954119632,1.7931646437784265,-2.171257062591043
0.2938606286540507,-0.6835162859590745,-2.628987920256606,0.743235851788527,0.6163108523227149,0.26031020326800713,-0.6565640955472754,0.5971548008522269,0.46079250455853327,0.12854593363607847,-0.5133878427937165,0.8484744343922471,-1.4894277566591088,1.7715589955448547,-2.1911534267653554
-0.3760277949494109,-1.0884031695246106,-2.400345586880369,0.7222524911949701,0.6213709763281091,0.30372594347488974,-0.6803764919723638,0.5594311612009798,0.47341800245523374,0.12425444915189081,-0.5485753235922809,0.8268167549170645,-1.586721356849465,1.784024619439339,-2.140787205869597
-1.009467531667896,-1.4195493269699675,-2.0664286188773926,0.6956808458896153,0.6224019135981572,0.35866979049211983,-0.7078655889153896,0.5089639487399147,0.48977750756087446,0.12228846508063673,-0.5946188332305203,0.7946533674979281,-1.7156896423624055,1.8024713630816758,-2.014061794167813
-1.6727565900304313,-1.7100404824865496,-1.5263534427709202,0.6739722965142775,0.6198572259561714,0.40191835360081607,-0.7282102103034083,0.46582618788029967,0.5027085162345811,0.12438341184071565,-0.6314926619643553,0.7653403064938081,-1.7044550785565489,1.6339959065206324,-1.7939449511424328
-2.381656324837585,-2.050702429638833,-0.6687108334131706,0.6549933613698348,0.6159935057763616,0.437647914884548,-0.7444367491775018,0.4266978026707808,0.5135590634678363,0.1296056443040917,-0.6621789682837073,0.7380524310150648,-1.5532541718122852,1.3327428302602016,-1.5038217659496826
-2.9233296279530414,-2.3754383114419695,0.2729424036860002,0.6401732750981952,0.6116895181027708,0.4647731826313245,-0.756087197500056,0.3945257710343137,0.5221892049499797,0.13605266490062665,-0.685700626682651,0.7150554684361614,-1.3374950927695881,1.0454926210866642,-1.1852505812165264
-3.223034010158229,-2.5311676218592654,1.0016013981461644,0.6297713152896798,0.6064749552013438,0.4853619465428197,-0.7634929455699402,0.36820789539553567,0.5305671190653706,0.14306156892486419,-0.7047063746567918,0.694926120544363,-1.1562461520509975,0.8328289470534428,-0.8360086848011726
-3.349347396614961,-2.4687934436505485,1.4676614511437214,0.6245539750677327,0.6007645949603186,0.49901326001345736,-0.7664036722393256,0.3485866703636796,0.539548648800866,0.15019235468282302,-0.719422848321436,0.678139382360221,-0.9838763997289668,0.6325878848313593,-0.46165003386163245
-3.2914139944875394,-2.2612405276816734,1.7973711375007542,0.6246052174235264,0.594243027146152,0.5066986748112602,-0.7650289109954874,0.33528976003727406,0.5498286479942692,0.15684096310711818,-0.7310649776198591,0.6640368293922464,-0.8164935293499054,0.4822534107667307,-0.09342469991568061
-3.055788697313654,-2.053743411443657,2.054739598811682,0.6295469377508777,0.5861642900322352,0.5099824293635011,-0.7598471254065188,0.3274753342537312,0.5615979446782703,0.16218199400655825,-0.7410609492790812,0.6515563446653289,-0.6841614871937345,0.42495396374684835,0.2207278754483834
-2.6496239806763455,-1.838287949982197,2.149368614712797,0.6380388126227601,0.5764261472501514,0.5105285206071111,-0.7520579752980412,0.32419417713123155,0.5738527139474161,0.16527333534950467,-0.7500873497670462,0.6403543490458236,-0.5654361313027355,0.43745561715710957,0.4510033841497009
-1.9666139233466506,-1.5049117552865632,2.1314440590001587,0.6584983004800098,0.5614676911188489,0.5011327370014933,-0.7346440498267895,0.33504797149138377,0.5899499782639229,0.1633343451911841,-0.7566352414665726,0.6331074182567993,-0.14695422017044085,0.25757669091412483,0.762671852260621
-1.5798865357814902,-1.3235709249299676,2.1076436514798287,0.6712541112304438,0.5519402981812236,0.4947522869071444,-0.7238417181535781,0.3443952247510238,0.5978671225524685,0.15959663284889022,-0.7594431093981397,0.6306941242559526,0.017251647201374287,0.26753921970905814,0.8320881461452196
-1.0900035334867202,-1.0524390605884755,1.8608843909247683,0.6875987713137584,0.5369595781973175,0.4887559115447801,-0.7100507864389548,0.35655498438023026,0.607203774519754,0.15177552623935156,-0.7645540886659188,0.6264353399505774,0.051422506367776566,0.4192386076858756,0.8467055531331888
-0.6067217921608005,-0.685435477606329,1.4647039543013898,0.7018751693159453,0.5188730709458697,0.48799793334082464,-0.6978677700156769,0.3637073840869912,0.6170068997458173,0.14265981309065293,-0.7736198517410224,0.6173819747296966,-0.11519847247394577,0.749244757097296,0.8209387259577807
-0.1614993160613829,-0.3304920120301202,1.223890254036376,0.716365148984332,0.4997668244468709,0.4868820129178594,-0.6849507036418208,0.37080235693670266,0.6271747329658313,0.13290412672761892,-0.7827762983589103,0.607945523732425,-0.11519847247394574,0.7492447570972961,0.8209387259577807
0.25642343907728715,-0.06115997192084882,1.2211652528574057,0.7245320516225608,0.4823582981042266,0.4923248708135688,-0.6780312844870738,0.37050666637356144,0.6348215398279742,0.12380179089339602,-0.7937602172084121,0.5954979715740798,-0.4276585734507019,1.3486316845116688,0.6414948959341994
0.6438765905655373,0.2016032986063035,1.2093858058710893,0.7357670686699256,0.44948449793102885,0.506567376348454,-0.6686487847434718,0.3634130991524575,0.6487216059493359,0.10749708517882661,-0.8160236549782721,0.5679346539822687,-0.7232160803704252,1.7518058470673188,0.5097284835771814
0.9217478667731993,0.5184462163196779,0.9906872160771292,0.7450683352723938,0.4112223025846831,0.5251374997382833,-0.6608446825845529,0.348516355560557,0.6646959119826975,0.09031877586718084,-0.8422782009311056,0.5314225728759698,-1.1230629413214193,2.1971187149100904,0.39006347809245057
0.9732829285910691,0.7126859375334083,0.579307760981751,0.7531319674115238,0.3627207653938568,0.548840492324448,-0.6540961864192676,0.32363748197185077,0.6836789883963759,0.07035921101475551,-0.8738949745907777,0.48099600290477124,-1.4951479027322192,2.5757057230332374,0.2668303418910328
0.8634751368302263,0.8111864463804386,0.16331769438563987,0.7587613563905717,0.31427854118215326,0.5705350143512297,-0.6492833543484868,0.29488978401785326,0.7010500274929615,0.052080032779539064,-0.9023685576494356,0.4278067979256068,-1.763877108789057,2.784228305827341,0.1898593515196016
0.6750263520645415,0.8058738095682723,0.02128689198617295,0.7632462711205256,0.26249015430196543,0.5903846614836331,-0.6452543668761853,0.2627233722899921,0.7173724497635718,0.03319535581715305,-0.9284801282456754,0.3698955525618931,-1.742952015994256,2.6783391874383162,0.1574823794207142
0.41729934443366873,0.5858741233627035,0.09517982527297397,0.7664059740953897,0.21400456385182878,0.605659912427334,-0.6421657996887619,0.2322827697279983,0.7305257015311533,0.015651472166887313,-0.9488133438870258,0.31544931428191614,-1.6203303113601617,2.4837117004073037,0.14542663452923138
0.12146502451287328,0.2730567136964693,0.0904523545484273,0.7689760226438217,0.1689665052893334,0.6165437508313573,-0.6392776200432095,0.20319661385032653,0.74164362104157,3.332835800924568e-05,-0.964448783611692,0.2642698293017002,-1.5493980051505518,2.306879450578617,0.1716371812570738
-0.1154290864997261,0.025554655948024904,0.021971525677604,0.7719720414826644,0.1268294421941888,0.6228751558392732,-0.6354967514100968,0.1759552374062721,0.7517869601000784,-0.014249425121810575,-0.9761936524184198,0.21643222232764858,-1.4615986763811724,2.1478563482035944,0.2619792837127844
-0.1196009901601489,-0.16613305847707774,0.046028511648989114,0.7749569671948355,0.08631331538624651,0.6260924137722941,-0.6313831242235954,0.1499806691672174,0.7608292510950183,-0.028232064073241296,-0.9849141132419564,0.17072533524634378,-1.3528086029388744,2.0087163115913795,0.30216591170298257
0.01289006206846086,-0.4275743007899721,0.312371294300794,0.7774837717361377,0.05397028436095741,0.6265829498900741,-0.6275806727065211,0.1311549271771659,0.7674248395265713,-0.04076130434837564,-0.9898917079575679,0.13584153482889347,-1.0387508480309244,1.7033074053685688,0.30744270066769136
-0.00209678054245405,-0.8398225671935566,0.7151456732848569,0.7802864104055067,0.02660670695601621,0.6248561441495525,-0.6230828253468423,0.11940684765813882,0.7729875791305726,-0.05404544841415041,-0.9924888351398741,0.10974972268033654,-0.5854070650317775,1.2939757901755897,0.31461726798924483
-0.15681115091367404,-1.282351403933328,0.9710926836200363,0.7832701837872984,0.009448140572643936,0.6216096458626843,-0.6181532107644883,0.11821208713791491,0.777118080137152,-0.06613945275980937,-0.9929434198856544,0.09843240164912898,-0.06590548160021537,0.8247763706926541,0.3199256831608082
-0.2298526242156224,-1.4986637393933466,1.0930918166578083,0.7865605989731975,1.798579343807033e-05,0.6175130960711979,-0.6128729093950299,0.12238352311659756,0.7806465718872027,-0.07555938771984134,-0.9924828829486592,0.09627308025259347,0.2070305523674072,0.4332289620736767,0.31516098229741946
-0.17908724497561895,-1.609162574354429,1.304906525555653,0.7908289641992408,-0.0034511250623039847,0.612027482323597,-0.6063757866104061,0.13128058439876678,0.7842664174708301,-0.08305392703640496,-0.9913392446058636,0.10172780990520237,0.45957019480560984,0.13095671464334807,0.375267267826209
-0.01450972379525571,-1.8324515557998664,1.5413706026385032,0.7955238176621594,-0.00912726023948493,0.6058535703061795,-0.5991096174022292,0.1376691614707088,0.7887425868533456,-0.09060641185026214,-0.9904362145542106,0.10405086751751821,0.3187748067336117,0.22466316018057703,0.41430623418920964
0.2151855458346532,-1.984322958732962,1.5708286952455865,0.8000868872371399,-0.018446209237382546,0.5996004588356778,-0.5918968125195396,0.13828980605412694,0.7940617689265249,-0.09756606069937648,-0.9902200093445316,0.09972560801179911,0.038178335910402504,0.4147793625555172,0.4548983839749823
0.8106839676094257,-1.6674727900983002,1.2681201128932906,0.8084895817299773,-0.04900620659949436,0.5864665275604521,-0.5767479570093996,0.132263705166748,0.806143973729909,-0.1170742940169677,-0.9900023757599234,0.07866959813128234,-0.13637350160625158,0.7093595503687992,0.4921040417177258
0.8147636338257215,-1.5786966667830566,1.0078496722959613,0.8113117937384292,-0.06862723958948867,0.5805716797495897,-0.569822657484519,0.12914453840639256,0.8115564226947387,-0.13067253865374515,-0.9892481944315734,0.06567113106730268,-0.12283185248346398,0.8741474793404249,0.4196920813453685
0.5721855851356739,-1.523851175455416,0.6029263344579303,0.8133646828271819,-0.09175243580286167,0.5744731353628995,-0.562611584218384,0.12717078086659053,0.8168817526405292,-0.148007087778658,-0.9876280084211992,0.051815238581496,-0.05650457819741542,0.9969750233321938,0.40804420436545696
0.46940816334025653,-1.3905231641122047,0.2783521364852173,0.8146881821165154,-0.11444334899373311,0.5684944026028638,-0.5564736271542908,0.12153677511975454,0.821928168744227,-0.16315718862935918,-0.9859673078579178,0.03532986886438966,-0.25900038845447676,1.177013306375741,0.45423264017582854
0.6145839682252979,-1.2146954357609347,0.11485721084551606,0.8150614348257121,-0.14183363689501494,0.5617455624257172,-0.550548824584044,0.11241616018586349,0.8271992496842553,-0.18047395714889303,-0.9834865664431824,0.013539734739656598,-0.3661437240079543,1.2100324080983642,0.4061115084323619
0.8329570545485286,-1.066558167275078,-0.08455901314778086,0.8143780398716831,-0.16547916425754608,0.5562419027467997,-0.5460296039630834,0.10616917848910606,0.8310112978382831,-0.19657080091070292,-0.980481897709271,-0.0038946750509446706,-0.2762318643245054,1.2153212877926858,0.35293133058699533
0.9395729323706421,-0.9146424860465624,-0.5416672812691607,0.8116710618190422,-0.19256597706184952,0.5514602722624399,-0.5430825264290432,0.09881283370886508,0.8338449456474943,-0.21506151885680866,-0.9762962503116767,-0.02437569966920321,-0.3039615515465533,1.2586809297519752,0.24510933283878208
0.7805578575299419,-0.705118489112405,-1.234785448956957,0.8080454490160967,-0.21574297696595757,0.548194783096521,-0.5418780977984227,0.09292263759983078,0.8353044418341462,-0.23115077211798227,-0.9720186990543738,-0.041820679548566456,-0.28296029982571536,1.2263812941312497,0.15556926029145313
0.5208482324177548,-0.46898627713432917,-1.813651502471669,0.8025668698868847,-0.24004515736027895,0.5461361934424853,-0.5424190360952296,0.08745479203794526,0.835543684454094,-0.24833044243807795,-0.9668143471098674,-0.06001674417218779,-0.2540909146292149,1.1713426000603593,0.04414712835721052
0.34838649034041275,-0.3088762192277348,-2.0173501570103065,0.7966834547022809,-0.2582727752494854,0.5464344851567918,-0.5452370016841547,0.08299166189813316,0.8341636506404841,-0.260791267104773,-0.962500679283041,-0.07470178968118635,-0.25376012867405223,0.9455066614992068,-0.09400894990901384
0.22830607369909817,-0.2065119286639256,-1.909182639441292,0.7915407264020735,-0.2706501748376763,0.5479158341453672,-0.5492311223661218,0.07808911547931323,0.8320139808128884,-0.26797099221992116,-0.9595053792991439,-0.08683878410409282,-0.31220568988272324,0.6902470438627493,-0.16036003304417135
0.09037380919374122,-0.1284029898606591,-1.754378434241238,0.786586711139514,-0.2794658496464088,0.5506180025572485,-0.5549353036551583,0.07111448932925063,0.8288483203606062,-0.2707917181449265,-0.9575184427930622,-0.09914775385891514,-0.41063294386616844,0.45966626845721126,-0.2083640424976511
-0.07327365064531671,-0.09118887357653012,-1.766636171262007,0.7819961871526083,-0.2864279369838191,0.5535711338156791,-0.5614673127680609,0.06190278770767164,0.825180284281582,-0.27062228284418205,-0.9560999329511598,-0.11241218011848758,-0.5905460383114735,0.4086783459059182,-0.24448904304763894
-0.23408842607412977,-0.042875731519181476,-1.9000131002835046,0.7765556701282428,-0.2948236659413361,0.5568126230542798,-0.5701523264269511,0.047251951576585134,0.8201789912830859,-0.2681186600399387,-0.954382658619233,-0.1314006281007524,-0.8196012092415794,0.4397019291170623,-0.2557242531751055
-0.2344971799820284,0.2190924230750925,-1.554785987608794,0.7645981772627523,-0.3119716748220338,0.5639710111656557,-0.5898334363074887,0.01399698976528145,0.8074036175861556,-0.259780955306923,-0.9499882938153741,-0.1733092521291828,-1.069336080245229,0.5068529544605872,-0.33716111931841153
-0.15401300546636004,0.32352283206313626,-1.0954521160608406,0.7556463687520174,-0.3232745734019646,0.5696420942869902,-0.6040394368852657,-0.007679211821473089,0.7969174288426203,-0.2532487395412312,-0.9462740511593766,-0.2010733598048206,-1.1153413288832,0.5095714651648894,-0.4202784430574015
-0.20607604492367942,0.3955910942093738,-0.6502669046570775,0.7471240506416459,-0.332497132094177,0.5755443598038008,-0.6175698951770903,-0.027050704588418385,0.7860506879026495,-0.24579071895370302,-0.942716243909278,-0.2255504509988934,-1.1638754688937927,0.46467518362830457,-0.48694539694822864
-0.345054280288178,0.5228939230916336,-0.3091483988001056,0.7385280883642891,-0.3405292296351352,0.5819073005738029,-0.6311507212353644,-0.04564151602392348,0.7743162268086068,-0.2371181768255423,-0.9391254952236888,-0.2486328104651346,-1.1952005979360185,0.4122654961220004,-0.5390568523029783
-0.5793068448574591,0.6838341004329362,-0.03559002153861529,0.729849314412146,-0.34730465674021094,0.5888119000654495,-0.6448491499056882,-0.06386903264120336,0.7616366066145906,-0.22691309375625038,-0.9355748083804099,-0.2705738823425608,-1.206427723378261,0.33659952636795226,-0.5741676827711546
-0.827312785254028,0.8999654171353849,0.22657203258608227,0.7211845137254526,-0.3521564410257896,0.5965557293385357,-0.658456781375561,-0.08090643631365214,0.7482571854807424,-0.21523838928759984,-0.9324376599039068,-0.29022826562863413,-1.1429756327783718,0.21554883227687688,-0.5970641049719433
-1.0352397603578367,1.124343131949344,0.4941907457028969,0.712229306893991,-0.3550712359409041,0.6055194726915925,-0.6721884635629956,-0.09649169402743701,0.7340654074648493,-0.2022179118033953,-0.9298461003795807,-0.30739900090071837,-1.0537534496749106,0.09284402671641119,-0.626833803386602
-1.1928063634168304,1.284437002720945,0.7190328367337406,0.7055227744675009,-0.35575287101600506,0.6129253702299733,-0.6823303136855638,-0.10731761800792844,0.7231239671666709,-0.19147573667031825,-0.9283979877342329,-0.3184559916810874,-0.9694883728158603,-0.022800117659928232,-0.6267948997355424
-1.2867322101869756,1.3646693564161891,0.8528958676302516,0.6971799004757233,-0.35476188740603465,0.622964035572495,-0.694670963948899,-0.11961295555957799,0.7093130428158008,-0.1771226643289029,-0.927273823693093,-0.32983453074931424,-0.888528555315758,-0.12897319626753298,-0.627356615321688
-1.3368670403842482,1.3528206499430355,0.9098993675980616,0.6893202854069339,-0.35184101523102695,0.633281488856025,-0.7060007768363473,-0.1301931351986694,0.6961412576866963,-0.16248214435124422,-0.9269615135205668,-0.3381447991891641,-0.810282546201946,-0.2420646925163473,-0.6223178272955563
-1.3382425317935764,1.2811100769422314,0.9110100465307416,0.6817637121900972,-0.34769400489794744,0.6436669322707238,-0.7166367247230861,-0.1405276669776949,0.6831425763279391,-0.1470715659770683,-0.9270171809474896,-0.3449769567800444,-0.7799617422711356,-0.30976902349319624,-0.5962479135760683
-1.2618527850688697,1.1779784872768868,0.9404833129544448,0.6746458157610642,-0.34170117134482264,0.6542884171202059,-0.7264461703994058,-0.150194367011138,0.6706098818464885,-0.1308777474902697,-0.9277294657494168,-0.34955550859938317,-0.7249124871958346,-0.4077297737111101,-0.565614285307493
-0.5905284671326005,0.9131602108460166,0.9383264205169597,0.6610926093018041,-0.3249032555648626,0.6763094235997941,-0.7435826485032311,-0.16332370034836644,0.6483904793790835,-0.10020681998473718,-0.9315381062671937,-0.3495645145043699,-0.5501011669709104,-0.5449674006069524,-0.5475692449863723
-0.13936521710132294,0.5728665772568263,0.8018115180554072,0.6538872544141947,-0.3165681445064097,0.6871797933571935,-0.7517362951861424,-0.16910358690011262,0.6374139309721192,-0.08558037750840111,-0.9333748372338327,-0.3485504442749062,-0.499450898129231,-0.5454409780232176,-0.5501032806956901
0.3312445010694205,0.07788081376719312,0.5930955085268846,0.6458624621792525,-0.308682378271102,0.6982670472624711,-0.7601464333513607,-0.17496451470066707,0.6257514030817398,-0.07098647625400471,-0.9349345474098467,-0.3476468211397643,-0.49006198990689676,-0.5095180080413626,-0.5630956625846868
0.815068166278888,-0.42482285634675043,0.36767726356826197,0.638136813828335,-0.30204059125845234,0.7082039876118077,-0.767759691700979,-0.18073181672433192,0.6147203154465782,-0.057675494243568895,-0.9360061386848728,-0.3472262169076423,-0.48997121747766365,-0.4622969419894555,-0.5487898170233079
1.291016437155838,-0.8350088401662547,0.17233637637021146,0.6307420348821656,-0.29648667849422844,0.7171193310099548,-0.7746353539395379,-0.18593554882020435,0.6044568140999793,-0.045875416724792784,-0.9367623077175916,-0.3469464295535223,-0.44081234878983955,-0.3967420596503468,-0.5074182152194511
1.7084108499651385,-1.2256871496841881,0.008517562085527952,0.6240290554782604,-0.29220985414803596,0.72470762315412,-0.7805555020610211,-0.1899709360522197,0.5955200682241627,-0.03634344674324394,-0.9372963483307856,-0.34663339320468534,-0.34558103646108207,-0.3086772096901806,-0.43509297566646005
2.0624334869306384,-1.7127270732825564,-0.1451208286833968,0.6185774797669159,-0.28985298275578664,0.7303062028442484,-0.7851238888019265,-0.19170422672725532,0.5889227187733939,-0.030698220758741172,-0.9376751771495697,-0.34615441843167166,-0.21013841859353893,-0.2051092285851106,-0.3689141559341579
2.3732601541783613,-2.316674080407483,-0.3253012997291162,0.6137575175594958,-0.2895531946329507,0.7344798548068272,-0.7889739621805324,-0.19117151457164333,0.583929395575815,-0.02866699566328376,-0.9378765374473521,-0.34578288544317043,-0.06610618075210338,-0.07791487146665405,-0.3045488492224311
2.6225950218060774,-2.9662897504009167,-0.5991560500539587,0.6101775354961814,-0.29252155490575377,0.7362842624226914,-0.7916696514811198,-0.18910916176929968,0.5809448234201559,-0.030700783370630674,-0.9373733860369788,-0.3469705996910929,0.040149123723126345,0.11088621178899369,-0.21764706114104812
2.805084719782912,-3.5786465409447636,-0.9147988443647398,0.6082617274750033,-0.29873694149217417,0.7353733138189245,-0.7928754179906338,-0.18553795988472385,0.5804517525066086,-0.03696271682796507,-0.9361260092688984,-0.3497168173465207,0.15840424381266324,0.3137169252271032,-0.10887076450692387
2.942893594165148,-4.146680279293777,-1.1127396591540664,0.6080519481193425,-0.3075336237318279,0.7319124938560915,-0.7924449470621868,-0.17937284646481685,0.5829720300552316,-0.047998273551055994,-0.9344776360221133,-0.3527714749106541,0.32968012895437415,0.46720645031626956,0.01195759423189452
3.0491322949490707,-4.724295016260226,-1.1420085710512153,0.6093844024555306,-0.3182185063357228,0.7262145910606436,-0.7903512839625544,-0.1707766824494472,0.588370778226029,-0.0632099516109555,-0.9325086095886835,-0.3555730516508787,0.5058649857882479,0.5997243683355528,0.1268540371532469
3.123444764007389,-5.327655758654801,-1.1122322310627366,0.6110377580226272,-0.3308981954756898,0.7191239409876532,-0.7872462838137768,-0.15885340358175168,0.5958262202957268,-0.08292253548994576,-0.9301999679646431,-0.3575638022877783,0.6685943087515607,0.6794302568807978,0.16309658799366844
3.1902712111390823,-5.899627089882624,-1.095737428333586,0.6137520161559576,-0.3449347211799963,0.7101608978175126,-0.782385616381972,-0.14525900643362266,0.6056175099256287,-0.1057412405029394,-0.927318639505533,-0.3590249725054019,0.8071699188210157,0.7779489154975725,0.2617246890612639
3.268024798593023,-6.393240399743872,-1.0345006999521664,0.616487239412799,-0.3589248299006843,0.7007970106399936,-0.7766070842524457,-0.130561631836093,0.6163076317726494,-0.12971091060547862,-0.9241897136265146,-0.35923314559883834,0.936733121115374,0.8264819692600502,0.3061379985949121
3.357493808983051,-6.7784335956749215,-0.8556472151746436,0.6189866087880882,-0.3717612884743367,0.691844724293626,-0.7702049733646418,-0.11487771271259706,0.6273654518112182,-0.15375264923049403,-0.9211930609344714,-0.3574401591046838,1.0457658912610965,0.7946984532760345,0.3203388483129944
3.415042527239421,-7.021181876041692,-0.6425381075094039,0.6213912142820741,-0.3846176420710272,0.6825996104751105,-0.7624822286188666,-0.09641420057415143,0.6397852397234983,-0.18026039457811405,-0.9180269992409636,-0.3531750540612575,1.1129887777499663,0.7216232062955039,0.31120001518012774
3.3991871987456093,-7.078587304744376,-0.4677608783008326,0.6230337500605777,-0.3962850670133144,0.6743790417470774,-0.754288725177307,-0.0761492056055201,0.6521118136915183,-0.20706874548286566,-0.9149641764287271,-0.3463568831368175,1.1275516098933132,0.6105359671123098,0.2556842244210853
3.2756483257184366,-6.909786757182153,-0.2115962547193988,0.6233800652730703,-0.4042116401907393,0.6693356737500659,-0.7473129454195768,-0.05614806314915957,0.66209573070132,-0.23004489959236274,-0.9129404936461674,-0.3370741746746989,1.0913219154774645,0.4179929276620138,0.1433559319378913
2.968687077340437,-6.477696994110391,0.21399610891696197,0.6212487329608687,-0.4073914006604688,0.6693894669491122,-0.7434321077092026,-0.03638770468442859,0.6678208114268764,-0.24770690951519475,-0.9125284552361628,-0.325473663086172,1.0006164033571892,0.16278727881983973,-0.08497872375446697
2.426783285645157,-5.67483637462819,0.7514363839885619,0.6164739643818621,-0.40528795813269447,0.675056680754988,-0.743741064971939,-0.018288861570978726,0.6682175886766554,-0.2584745239162221,-0.9140061206223218,-0.3127039045986051,0.892502397984409,-0.13572071039887065,-0.3918751498939217
0.6417096124318311,-2.7118774780450603,1.7218153232883138,0.5978439699580159,-0.3850801452014758,0.7030617820337336,-0.7566356993370101,0.018572764020302543,0.6535728505112801,-0.2647357287440323,-0.9226962307326576,-0.2802617699903249,0.716039073175612,-0.6023596158982667,-0.8900199067874717
-0.4964735620078865,-0.8024490476894361,1.9843490640254704,0.5842140188410085,-0.37017312902462285,0.7222643800837457,-0.7670425035204543,0.03897947579662056,0.6404111165959683,-0.26521647381471786,-0.928144630440072,-0.26116616741558735,0.5955054095657469,-0.729065243820641,-1.1013537635303976
-1.6291543720778108,1.1789667133953334,2.0136737417019264,0.5674382809782794,-0.35206486292909434,0.7443548411686008,-0.7803819452172573,0.0584802220231207,0.6225625134964813,-0.2627124223544558,-0.934146881342994,-0.24156114591922606,0.4439670586190746,-0.7866856506551019,-1.2164575784022023
-2.640198255740276,3.1127616397333884,1.7890733570375854,0.5505541011399829,-0.3360768784579014,0.7641613137839015,-0.7937398633378654,0.07280579642184237,0.6038843807847396,-0.2585869506884165,-0.9390163192263333,-0.2266740857713832,0.2708645416000215,-0.7406651700591277,-1.2896510980892173
-3.527451853768374,4.890278349406385,1.3739094533823608,0.5329438651728758,-0.32214950394238717,0.7824260563684401,-0.8073350224346492,0.08325780472100881,0.5841902939141348,-0.25333968920214867,-0.9430205910067443,-0.21571084073881552,0.10153493977964634,-0.6417824328342717,-1.32203818117923
-4.344166028345358,6.438021419324338,0.8688230976765074,0.5138171989040848,-0.3094211019811787,0.8001565270365001,-0.8215441692340709,0.09117297900752341,0.5628078410047201,-0.2470972766095603,-0.9465442776477199,-0.20735685748123187,-0.028827840104239166,-0.5277057350922397,-1.2895060386273731
-5.120940617730693,7.698229816598403,0.25423396853167124,0.49774998107795326,-0.3012569237260439,0.8133198769512632,-0.8328141859276116,0.09586354468679863,0.5451886944148897,-0.24220959529842692,-0.9487119935508352,-0.20317496213404257,-0.10640754362469584,-0.3589874234275358,-1.1775455620339002
