-0.3760514541207333,-0.9391209290008127,-0.33390214605638735,0.9999968443752519,-0.0022839799248803748,0.0010462672893570145,0.0022821015734799943,0.9999957886124533,0.0017929779044383912,-0.0010503580086595101,-0.001790584558245599,0.9999978452751753,-0.08676636,0.050764162,0.11055542500000001,2.4527543,-9.491429,-0.23999481
-0.4925344083597988,-0.9679171340841367,-0.513031838610269,0.9999874236554693,-0.004825097591514271,0.0013678319082491928,0.004819511984736901,0.9999801528887818,0.004057848291538898,-0.0013873842747555002,-0.0040512049763657895,0.9999908314095253,-0.1268033313248536,0.018444457641126424,0.1424094865259927,2.4286988,-9.496771,-0.25849915
-0.6332324579246561,-0.9554126068559345,-0.7346061934869593,0.9999638761267127,-0.008472878756822753,0.0006758455539253468,0.008467549225014427,0.999935774190181,0.007533133797109538,-0.0007396294765192032,-0.007527138915642388,0.9999713971549296,-0.16591647147498556,-0.032060704453793915,0.17452857349959752,2.398198,-9.503309,-0.28674164
-0.79695078294554,-0.9591893927171589,-0.9851174370439042,0.9999296161425898,-0.011826368064838073,-0.0009485669864814423,0.0118358135502415,0.9998731165000943,0.010661351602518973,0.0008223615608621779,-0.01067182827745988,0.9999427162606263,-0.18882349424714118,-0.09618801859370421,0.20327746704670505,2.3615556,-9.51103,-0.3231613
-0.9516946897286254,-0.9871774150692758,-1.2121272874269506,0.9998530132489548,-0.016571981520943264,-0.004395602968273669,0.016633559394237725,0.9997584808367326,0.014363310791961943,0.004156512824898634,-0.014434314098620673,0.9998871806247136,-0.18133884884901244,-0.16534475347781152,0.23375994715096265,2.3186524,-9.519953,-0.36289826
-1.0773721950868413,-1.0054625093092542,-1.3880995926773483,0.9997239653740904,-0.02164869472999664,-0.009128366403239947,0.021804024155554904,0.9996130121184885,0.017274563207960662,0.00875086209058061,-0.01746882995192481,0.9998091129774634,-0.14989249350476275,-0.23664837897902155,0.26211302775436385,2.2695572,-9.530008,-0.40068513
-1.1718546446979217,-0.9792599566663538,-1.5364283324783514,0.9995000423245453,-0.027448328765235726,-0.015692502707588284,0.02775348514310728,0.999423199847748,0.019570683904740156,0.015146268703659411,-0.01999642103186129,0.999685317332546,-0.11467371001770468,-0.3123774942294692,0.28658062564929765,2.214929,-9.541059,-0.43506774
-1.240374025539719,-0.8855650431785536,-1.6974265438404488,0.9991542164809283,-0.033441053518049275,-0.023927967485460562,0.033952754020154755,0.9991962628024733,0.021308188473379244,0.023196167416820238,-0.02210258675298324,0.9994865749353504,-0.09178283666792342,-0.4002301511663141,0.304276305844267,2.155931,-9.552846,-0.46800232
-1.240293008151638,-0.606651276545971,-1.930611833129849,0.9980516722088281,-0.045035385658641076,-0.04318186702470725,0.04608606775452845,0.9986574177681663,0.02365240570307215,0.042058696604709886,-0.025596405513180404,0.9987872096020844,-0.0716804633778882,-0.49499543526236656,0.3142157644801763,2.029956,-9.577063,-0.5337952
-1.1557914016602056,-0.4797433937203312,-1.9306619498654702,0.9971378879708643,-0.05138466950694394,-0.05545852605926515,0.05279759491125829,0.9983090683574822,0.024319087293768867,0.05411512121940323,-0.027177560134740264,0.998164782929418,-0.04790185972861983,-0.5826598765296254,0.320722415114991,1.9647338,-9.588931,-0.5644501
-1.0259081789799036,-0.3756967077066939,-1.8570550839163549,0.9958970112516423,-0.05786277267571991,-0.069577600693933,0.05967552127550329,0.9979229389792312,0.024261904697486243,0.06802922269542232,-0.028314437966007962,0.9972814635107412,-0.017623354796284678,-0.6594046975362194,0.32438088445660845,1.8988663,-9.600614,-0.59097594
-0.854537893823009,-0.26160948240712134,-1.701150971599283,0.994433652731443,-0.0634528677350206,-0.08411565782541375,0.06555482208761883,0.9975960734738273,0.0224641823946969,0.08248803317003461,-0.02785332593791176,0.9962027487504418,0.07184824485453851,-0.7743249274800481,0.3221308505580159,1.8333511,-9.612272,-0.6098129
-0.44522183900608464,0.07783268277102535,-1.161300765688126,0.9900610633641214,-0.07525788656822738,-0.11880800191733576,0.07808759285358607,0.996758931648226,0.019338045966927585,0.11696759659255372,-0.028423277234869464,0.9927289149906895,0.04353058268451063,-0.8207100893473334,0.3038354241824344,1.7054977,-9.633707,-0.64636385
-0.21468836882630637,0.15342639146441342,-0.8391312748830072,0.9873174619182289,-0.08101044172133277,-0.13653401672646157,0.08428593545381523,0.9962722108573936,0.018372886490580047,0.13453665105101437,-0.02964776897904779,0.9904649914653939,0.007633524423311694,-0.8291430164972621,0.29371278014324437,1.6427155,-9.642601,-0.6748001
0.0634981436130477,0.08635157291148923,-0.48067287891001337,0.9846252759927261,-0.08591834908094073,-0.15208912902457675,0.08961343957523779,0.9958211529929352,0.017597235558904217,0.14994164639533578,-0.030955912892789417,0.9882101163888328,-0.00021594216706105618,-0.8295591000708961,0.2868483936126152,1.5806396,-9.650629,-0.7052673
0.40429757404855926,-0.06180442240242578,-0.03023617265731202,0.981350254039837,-0.0914184393508404,-0.1690986334734999,0.09557144268748509,0.9952846771988666,0.016568363702542107,0.16678662487915827,-0.03242036828605861,0.9854598629480633,0.002588244523927488,-0.8091654825958585,0.2867018812699965,1.5186294,-9.658356,-0.7339264
0.7804426692855675,-0.1856123809014073,0.5501472371492205,0.9778953852695375,-0.0970391583688768,-0.1852134369088916,0.10166238246351025,0.9946965243956453,0.015607188954627267,0.18271665348398552,-0.03409143731617249,0.9825743729821835,-0.006398541347561126,-0.7537541434134789,0.28681461195865315,1.4565521,-9.665873,-0.760318
1.1492390662537115,-0.2249127980296335,1.2394076614080949,0.975114488995188,-0.10167134116821383,-0.1970143947449299,0.10678374510956849,0.9941618509651243,0.01547403845063241,0.1942909291038289,-0.036126894007838625,0.9802784718626223,-0.04796220145739989,-0.6711605198101548,0.285450132417617,1.3939621,-9.672773,-0.788678
1.491005486473464,-0.19921106298559038,2.006305664930046,0.9720501678094368,-0.10706800475096262,-0.2089375830727799,0.11295061267330109,0.993465348140247,0.016393936113787234,0.20581698267726312,-0.039535356369013126,0.977791555106917,-0.10155642025666445,-0.5678862268980313,0.27684043303085826,1.3316803,-9.678586,-0.8218506
1.8129878811922733,-0.13091963097399406,2.8019717370044583,0.9695581231692345,-0.11181964433639933,-0.21783804290581052,0.11864628787589793,0.9927647502081328,0.01847184661727945,0.21419641493223476,-0.0437552040866443,0.9758101136724884,-0.16441072780001015,-0.4555721814454307,0.26076615185348384,1.2714523,-9.683138,-0.8600311
2.2483526458263627,-0.18597514354220546,3.781400036792463,0.9676070015463025,-0.11667182481325969,-0.22388473787491348,0.12435645001871308,0.9920260909740065,0.020486780263735602,0.21970927130487217,-0.047664663237825415,0.9744002852940404,-0.15587784893904166,-0.2935998576765417,0.24893921736308056,1.2158264,-9.687601,-0.89281005
2.752257891063779,-0.36808864101628336,4.7858275150813805,0.9664935365391808,-0.12168451943415937,-0.2260157551102707,0.1296485535357123,0.9913444072221544,0.020676528612221533,0.22154344132491402,-0.04928634698810781,0.9739041839968051,-0.07006724197314117,-0.10512122560966743,0.26076916559057495,1.1637787,-9.6935625,-0.90199584
3.3625556295107133,-0.7246949407273451,5.837835816252704,0.9662993985204925,-0.1283017382483255,-0.22316840363589444,0.13520616897266818,0.9906903352551628,0.015872980304483163,0.21905424965215706,-0.04551179621230493,0.9746506615782192,0.16350650076403206,0.14538010347749658,0.31183772937504595,1.1135575,-9.702124,-0.85581666
3.990544412742484,-1.0378982630892206,6.836588370202224,0.967207148443079,-0.13612516511600709,-0.21443010848000946,0.14070996823027748,0.9900315042170388,0.006190759111859382,0.21144984474159118,-0.0361602002191165,0.9767197157213888,0.4162659558806209,0.4569820309083513,0.3804377575503028,1.0614579,-9.711485,-0.74433744
4.588986400404976,-1.2972189881689724,7.749711612668134,0.9693317997574774,-0.14610578261754345,-0.1976081027302422,0.14741882316381005,0.9890407332401332,-0.008131332536332723,0.1966304975224546,-0.02124919475025557,0.980247376516019,0.6083232214021769,0.8283544809517652,0.4622190624788773,1.0010483,-9.718724,-0.5754608
5.221465582121618,-1.7900432851013517,8.517041068283907,0.9723474576827852,-0.15735451152817478,-0.17256876669766943,0.1551157733744661,0.9875416418472898,-0.026468896236902583,0.174583843434226,-0.00103117374296504,0.98464177155575,0.8569456830589773,1.3076202920492903,0.5737352830230957,0.9221878,-9.717572,-0.33457336
5.96125381081586,-2.6136255505882007,8.724255270131469,0.9759497372137416,-0.1705305493966778,-0.13579927155510374,0.16487933329923204,0.9849466940746907,-0.051911610282649394,0.14260755899751698,0.028272629057167094,0.9893754305434139,1.1970240955692106,1.8607182488227594,0.702997547057428,0.8159073,-9.698877,-0.009864807
6.654982689562569,-3.4943695984308922,7.96535890850574,0.9791092247290084,-0.1835407025683143,-0.08750963690525979,0.17623410866907044,0.9806694864698291,-0.08502292190121025,0.10142319750520126,0.06782454428693666,0.9925286727344911,1.6119888616743383,2.426413830879777,0.7926417092373569,0.6796295,-9.653302,0.4077118
7.043031688676491,-4.203917535230746,6.407468673249273,0.9805176415877592,-0.19323755961553624,-0.03527605546275854,0.1877155762006775,0.9746792001035727,-0.12150440048453719,0.057862051353431386,0.11251534312835429,0.9919638504370418,2.065716506319193,2.944608747962576,0.8429029750041643,0.5137817,-9.572098,0.92011106
7.150527630061562,-4.759408906819011,4.380620265142323,0.9795327134700502,-0.19946174734786892,0.027030993080835217,0.20116638841536383,0.9654776333922512,-0.16548420949207263,0.006909950355842402,0.16753492401356854,0.9858419253723427,2.50773323210698,3.4333374399824352,0.8578888671324635,0.31846315,-9.448802,1.5163711
6.831310525829093,-4.931736716337438,1.9649543643982643,0.9737231865377799,-0.19979528843680727,0.10929317781621022,0.21983156643974502,0.949949452880285,-0.2219687351162205,-0.059474687013558146,0.24016219454964183,0.9689091195327555,2.8171021097084727,3.851965880566941,0.8365127916314278,0.09139557,-9.277151,2.1704743
4.729035247870947,-4.024481875282319,-2.5434378631678634,0.9449828638732432,-0.17774755709910042,0.27461462621504074,0.2657381778021209,0.9066849467467307,-0.3275753778923045,-0.19076322455948586,0.38252870910322523,0.9040360495397778,2.9830878337993942,4.174378617117912,0.8065949393209633,-0.45217592,-8.808851,3.509317
2.951885743391705,-3.1408763605894063,-4.5767236260016935,0.9205682710132492,-0.15295054391204,0.3593886329875905,0.2924137511086988,0.8798927271745022,-0.374543704830233,-0.2589367810223526,0.44988322905219313,0.8547261688115991,2.869862164081333,4.436410778063213,0.7081526493966421,-0.7530502,-8.530794,4.136824
0.7942602425267451,-1.9220255355341336,-6.260970037281929,0.8863313506035642,-0.11632910375604243,0.44820115635345975,0.32373410992113216,0.847735741271355,-0.4201670370753497,-0.33107848466917145,0.517505219867802,0.7890344633783389,2.7097172337096316,4.385212642538831,0.6178681389073726,-1.0598999,-8.238287,4.721364
-1.4137078201383784,-0.33347188113211734,-7.204401605150839,0.8525632484736506,-0.08023150868651535,0.5164289034958662,0.3503056816683456,0.8210376376282528,-0.4507583909243325,-0.38784254117222966,0.5652080171155603,0.7280920687971845,2.3471422291337865,4.1481352177496476,0.5454848711717208,-1.3604126,-7.952643,5.2252975
-3.355942897875711,1.4476687315322572,-7.298901303750692,0.8170511642888898,-0.0445923481244838,0.5748381662893614,0.3746193675528051,0.798935262804521,-0.47049205657673665,-0.4382781358777856,0.5997615929152316,0.6694761439179723,1.7910304076785506,3.720124323239147,0.532296918241147,-1.6432374,-7.7015395,5.6172867
-4.672595194250631,3.0293754553017713,-6.866846569206226,0.784318147462927,-0.016663926016982966,0.6201349507405816,0.3943670995954192,0.7850442149968582,-0.47768208178312827,-0.47887329672578255,0.6192155473416889,0.6222961285540135,1.1282500525274743,3.1195928145950447,0.6078028640852093,-1.8993576,-7.513083,5.87471
-5.492743939905646,4.35971539749881,-6.456104959801654,0.7537447757444743,0.0015053585154078206,0.6571655399772974,0.41083051193911324,0.7794202792626641,-0.47299293729817643,-0.5129201726367939,0.6264996106701514,0.5868655163939951,0.4346733440639887,2.4049543719450512,0.7725914658860891,-2.1225753,-7.404826,5.985733
-6.078294110811032,5.510382021878828,-6.401455317159089,0.7290143882126664,0.006598854734446045,0.6844665637524642,0.42254968027887047,0.7823426834409309,-0.4575933711961608,-0.5385070003956646,0.6228132792279218,0.567550728783099,-0.23237005770833627,1.63005391701788,0.9711824407663765,-2.3097184,-7.381311,5.9523954
-6.586877804413824,6.397516068220359,-6.670111025265989,0.7094566085718638,-0.0014979370395948877,0.7047475269473001,0.4300289938134268,0.7931754956585989,-0.4312165321118237,-0.5583425337850604,0.6089912883378231,0.5633677535101893,-0.8386446820760294,0.8253135687183227,1.1380993084769062,-2.4533448,-7.4414687,5.785515
-6.940770114222878,7.008398167339182,-7.105494540291803,0.6979490436894059,-0.020407371827576307,0.7158565998774724,0.4320948388531527,0.8091450593614498,-0.3982189387101319,-0.5711052290511022,0.5872544696177691,0.5735599404285843,-1.3643410913864538,0.07557502067200483,1.2423997895417083,-2.5445023,-7.5753813,5.50708
-7.073860933546268,7.367809445564028,-7.5938688851274305,0.694129572230435,-0.04833250751104454,0.7182256648664743,0.4291948721882196,0.8287909704801704,-0.3590226858262233,-0.5779064791491191,0.5574670357682439,0.5960323861915865,-1.8058341802068685,-0.6250961807936575,1.280660183361363,-2.579207,-7.76801,5.139392
-7.009985688994949,7.438858029276339,-8.217788279282,0.6983485446366918,-0.08592075533707352,0.7105821092640331,0.421381452399385,0.8518443336240897,-0.31112522052433345,-0.5785732293993555,0.5166999662036349,0.6310896633185837,-2.1778853921242183,-1.2853143020282547,1.2812321085366127,-2.5593705,-8.006572,4.6982527
-6.8837703996042645,7.272326229609302,-8.997414727887374,0.7099381712491757,-0.12492677024760795,0.6930953001419635,0.41005645290621767,0.873442225263693,-0.26258786064168876,-0.572574447939608,0.4706293458783779,0.6713170043762808,-2.4810283574273813,-1.8975334757845246,1.211017049843597,-2.485251,-8.27724,4.198508
-6.891969421317023,6.980031055455136,-9.820088359276783,0.7239183737464127,-0.15456964007789903,0.6723469450503505,0.3990586938145489,0.8888060347241364,-0.22533528691481733,-0.5627560279938149,0.4314302481330511,0.7051053779063657,-2.709256666675983,-2.4841210971995364,1.0751415700150169,-2.358052,-8.561148,3.651773
-6.772961662681905,6.060745745458968,-11.060935386142065,0.7522839382658666,-0.19689753307241042,0.628729065414665,0.3791833125835701,0.9097986525071421,-0.16877922666708467,-0.538784643141718,0.36537347107608675,0.7590871721669809,-2.877930803596602,-3.0535111685013456,0.8737264640384477,-2.1802077,-8.836261,3.0645385
-6.510207755651376,4.606564391946916,-12.124628004873905,0.784136468672928,-0.2320266210284529,0.5755811373136459,0.3588135364229824,0.9262430528332601,-0.11544112420517871,-0.5063426158015769,0.2970478988517534,0.8095552490169989,-2.9764511838452106,-3.5951123532215856,0.6650591747877599,-1.9645538,-9.077708,2.4395814
-5.823418870055285,2.3354181488433667,-12.710974389671925,0.8263135033977218,-0.2641926342227026,0.4974014938910554,0.33286637940205555,0.9414884337945361,-0.05291032503092405,-0.45431923530305235,0.2092887504229045,0.8659054517555995,-2.983103344780754,-4.076755603626806,0.38517749875531404,-1.7243515,-9.268488,1.7885056
-5.309615796924137,-0.1779444323209221,-12.110967436373814,0.8570399890431908,-0.2787599179852386,0.4333305497027776,0.3148391155000205,0.9490671993683517,-0.012156579875840838,-0.40787104399799246,0.14684808207115377,0.9011530681632345,-2.852686067532594,-4.579693633419607,0.1096635120082663,-1.4779419,-9.404959,1.1333268
-4.183323007964819,-3.2236054296614514,-10.694917463284334,0.8955277084391831,-0.28811042946260146,0.3391496776536015,0.2936117951638584,0.9552391072825142,0.03619891792252104,-0.3343983211057171,0.0671612116699848,0.9400357091561453,-2.586534257883353,-4.972121674339687,-0.08159510863423619,-1.2523117,-9.493544,0.49775237
-2.581480251848408,-6.486859905551145,-8.506033849192214,0.9281893145893564,-0.28882508711026117,0.23461599548601048,0.27753399922870875,0.9573332518886041,0.08054765111726721,-0.24786987625417556,-0.009649553572061362,0.9687452764073741,-2.239304097788682,-5.199939266103766,-0.12093472754652085,-1.0717255,-9.542036,-0.100666806
0.8576288591340653,-11.671798650289979,-2.9417932526284547,0.9577496303295459,-0.2866135381023167,0.023839575920948958,0.2794211810579248,0.9469312747352998,0.15888664042131984,-0.06811350218431769,-0.14551233866807062,0.9870089716489591,-1.9354123596994761,-5.294519315327635,0.3738566792651504,-0.9422119,-9.515009,-1.2253113
2.0531583858508218,-13.059837358973592,-0.025304244326658232,0.9579263221930603,-0.2743065324971928,-0.08445760758536963,0.2859278689520385,0.9376267957974801,0.19774034883931996,0.024948246556092443,-0.21356946886649453,0.9766092703644891,-1.9354123596994766,-5.294519315327636,0.3738566792651504,-1.014888,-9.411745,-1.8176666
3.153915747390459,-14.019206693826874,2.872278226277624,0.9460270393959058,-0.2682374914110239,-0.1818831738598673,0.3070139006879664,0.9215027784515725,0.23785519563463586,0.10380416906934564,-0.28085810920739374,0.9541191838424957,-2.3383298669868844,-5.11067641630866,1.0137404293583376,-1.1851028,-9.239804,-2.4192398
4.149270664854343,-14.590862324018278,5.914237839565749,0.9229143241677311,-0.26230531142814045,-0.28182454442898863,0.3396881299742411,0.8993244289384486,0.27536801896577584,0.18122120350727125,-0.3498735415991313,0.9191013982625947,-2.2907059569603785,-4.835983999452678,1.357164044463741,-1.4545425,-9.014201,-2.9798005
4.965516340387993,-14.44116876094056,8.915702058763813,0.8925010209542232,-0.25900922377108276,-0.36926433566913963,0.3789102081208124,0.8746636856224861,0.3023086026482389,0.24468138829406802,-0.4097287627867848,0.8787794712939634,-2.1540088242265716,-4.43429341928783,1.7083416930565782,-1.8168685,-8.748149,-3.4594955
5.752280979768244,-13.219175769871786,11.708189790202661,0.8554518526510317,-0.2593482081876342,-0.44826402343460664,0.4252441530240396,0.845795024918119,0.32217725888495774,0.29558338606015255,-0.46622878797176553,0.833823230158283,-2.158153028317443,-3.9662738269485085,2.039514022138052,-2.2649446,-8.443853,-3.8539886
6.5638104420621595,-10.817985033011567,14.082531929786828,0.8080008134308316,-0.26276185255034645,-0.5273432414845429,0.48375354772130086,0.8067975176241128,0.3392053517010366,0.3363289915576265,-0.5291823640295271,0.7790050288913098,-2.292820277010096,-3.422487189973735,2.2444371077240994,-2.781093,-8.101855,-4.177942
7.3289122135752365,-7.722444068679758,15.358406492381933,0.760523263924788,-0.2667518938859961,-0.591986310768604,0.5412897037749206,0.7640133845910446,0.3511253405167374,0.3586221153476825,-0.5874750848112373,0.7254400065543549,-2.4641841109773335,-2.9327599559723314,2.3211781292301583,-3.3379624,-7.727426,-4.449074
7.853459541136676,-4.450398838161972,15.264641090554587,0.7158250081067798,-0.27004371211203715,-0.6439494943842106,0.5939073366284395,0.7204586071550513,0.3580690867348317,0.36724465042780724,-0.6387611360477049,0.6761032301410804,-2.5305978365250548,-2.5281825330577945,2.309491426427658,-3.9094176,-7.3345046,-4.675194
8.055257522945615,-1.4759563684462096,14.2162792743386,0.6736409288187216,-0.27270478471142345,-0.686906106695629,0.6407868538723563,0.6786089516633615,0.35900153011751945,0.36823919797411253,-0.6819985272109094,0.6318844055343765,-2.3455819877500947,-2.1580248321239535,2.2331217755405146,-4.461632,-6.946431,-4.8491564
8.04148652408609,0.9453870718194413,13.033294997428065,0.6304176632868229,-0.27842581341436556,-0.7246051588558637,0.6853007417544299,0.6380655363853446,0.35104880661826776,0.3646045298221213,-0.7178798212109262,0.5930532009283467,-1.914614451913578,-1.679246334901442,2.202706116017592,-4.9712234,-6.5942383,-4.940277
7.870968260899116,2.968534798710314,11.763348472032565,0.5917261003149847,-0.29203735018697,-0.7513816662002036,0.7215711831029874,0.607463855813857,0.3321485986649892,0.35943740751537756,-0.738716352855096,0.5701779547677104,-1.175738375308808,-0.9467239692987879,2.1584662647497197,-5.4136305,-6.3311753,-4.9087358
7.369585737511971,4.697641880214641,10.491454963740443,0.5608976204074954,-0.31273125067556434,-0.7665461657800573,0.7479097378851968,0.5884423457285666,0.3071915196257176,0.35499983577137806,-0.7456103342928927,0.563950659187428,-0.4763142549515012,-0.21614331415295152,2.0261400685983926,-5.7722826,-6.1762147,-4.764595
6.634540273996079,6.260100881169063,9.19119376623431,0.537362111232641,-0.340903296797128,-0.7713798698724568,0.7662199763632287,0.5794886317833424,0.2776686396693048,0.35234771069716336,-0.7402552720965375,0.5726021506244529,0.1790930056623501,0.48384864196104915,1.7511764391562217,-6.0336456,-6.124121,-4.5380125
6.040998830837795,7.448601218099897,8.002498120789866,0.5246408752893855,-0.37519578822818694,-0.7641858886890134,0.7749979707709428,0.5819807842173697,0.24632602806576404,0.3523210145258271,-0.7214752159967555,0.5961068825520525,0.8657343911805837,1.2589383460969596,1.413772290484565,-6.1828675,-6.175125,-4.231993
5.720234209959543,8.106331325729364,6.883634842349174,0.5236435084986015,-0.41011265833438815,-0.7467295919415385,0.7748122893764529,0.5936791349906978,0.21728092624046844,0.3542081199499731,-0.692353011223753,0.6286365528752736,1.6382962661981046,2.196416299861775,1.0819829696234335,-6.216348,-6.3279357,-3.8239486
5.717705999524385,8.240297016082925,5.637424147252851,0.537459834362717,-0.46943400918559514,-0.7005488116232441,0.7635085100358812,0.6235904893860875,0.16789775653655348,0.35803865929476003,-0.6251132797878786,0.6935717020490757,2.417842811298203,3.1962917647126683,0.7112504015919847,-6.133368,-6.572226,-3.2999802
5.802703226063529,8.152216675412555,4.0092446208412,0.565641543999061,-0.527077306069404,-0.6342232707248913,0.7421502329935868,0.6606655288576112,0.11284542811676856,0.3595311883132297,-0.5345190103316371,0.7648704153150152,3.1241884384667014,4.142726594607784,0.2924773258145559,-5.938924,-6.882852,-2.6630752
5.75765359585935,8.12127452480097,1.8629849001672691,0.6008421822179099,-0.5707772394851314,-0.5596445433963897,0.7154222694272707,0.6962848410651359,0.057951673922598854,0.3565945154866427,-0.4352019795320693,0.826704051360712,3.738759859425091,4.937758273739781,-0.12581927331851317,-5.6391006,-7.2232056,-1.9215317
5.4785312452349695,8.38083907830477,-0.6058630702354673,0.650885900691857,-0.6077451251237818,-0.4549652812785054,0.6767466343574947,0.7360618835910955,-0.015063081030485377,0.3440371159720317,-0.2980918757910179,0.8903817700408287,4.200813179854784,5.594828274932167,-0.4904856692561592,-5.254373,-7.5501375,-1.0871048
4.70389276309475,9.089114891472885,-2.999323322543158,0.695555916135993,-0.6213123203534814,-0.3607949114180976,0.6410379691782916,0.7634448709836962,-0.07888124644336042,0.3244569148592632,-0.17641691966945866,0.9293033847212376,4.4744478049050915,6.073220200239966,-0.8678631053370885,-4.804765,-7.838051,-0.19125518
3.5362372609997963,9.786814050273033,-4.794629896547928,0.7516019862253802,-0.6148202323990153,-0.23893625956494066,0.5935544034495674,0.7884042072115647,-0.16159200536143836,0.2877283865865367,-0.020368796820740276,0.9574954243589804,4.493821975925521,6.218075539308961,-1.1815158185149073,-4.3147187,-8.060455,0.7272583
2.2566555876174057,10.287203715686648,-6.338185100608374,0.7891093220352143,-0.5945262707679256,-0.1544182348167075,0.5593467398437423,0.7993868428640691,-0.2193442501685232,0.25384582427784985,0.0867132563256548,0.9633499409218337,4.3654342105874,6.239887269169067,-1.4673080889463759,-3.8017106,-8.207791,1.6426986
0.7804086595959729,10.819876527503935,-7.563762022743916,0.8369293508473918,-0.5456929770854712,-0.04205278171249888,0.5107522447275008,0.8063268833342545,-0.2982768876703078,0.19667589124237436,0.2281581293139966,0.9535525480181758,4.1363677839639195,6.1027967484790135,-1.7275007147756634,-3.278183,-8.277395,2.5358658
-0.7869410494234081,11.410821225630519,-8.753893420485777,0.8752877954656573,-0.4807601621807577,0.0523540024143496,0.46423723869777844,0.804971414659821,-0.36946557050262085,0.135480852208464,0.34769338222131474,0.9277684251171578,3.8337211299281133,5.814479687164488,-2.016584677649284,-2.7482407,-8.261072,3.3856537
-4.3915462651162365,13.14155070971583,-10.467837954283919,0.928544652669884,-0.31243603933249176,0.20047081913433365,0.3712194383957035,0.7829249718322656,-0.4992240148857259,-0.0009780364733777414,0.5379704544003054,0.8429631270921558,3.327855855712755,5.319867263514521,-2.32752303433833,-1.6569061,-8.044939,4.8025346
-6.007270076429403,13.380790212938315,-10.592981430832362,0.9435631961641457,-0.2154312227936908,0.2515509552558236,0.32292695920653613,0.7670712150257529,-0.5543644379796869,-0.07353008814167172,0.6043104660061166,0.7933487170301271,2.5286286601707446,4.666015665215705,-2.5823824493859764,-1.0936401,-7.9224653,5.2834196
-6.956729021270782,11.837253485475006,-10.865221789792086,0.9549679954740153,-0.12358617684955168,0.2697454068414377,0.26403620299068553,0.7686980534455445,-0.5825703272046141,-0.1353551296796785,0.6275585705898228,0.7667132641011608,0.6673236815194235,3.126649088933091,-2.855154355179895,-0.5282593,-7.8191743,5.588954
-8.272937355154411,3.563189063100354,-12.658512227168908,0.9667591839812925,0.013076215524433967,0.2553540537672829,0.14371225183386616,0.7982255322788482,-0.5849639205036392,-0.21147923978647393,0.6022167485263986,0.7698126518404513,-0.9182670512424915,1.7516812771220491,-2.9109919580155337,0.6243622,-7.7226195,5.700284
-8.649273842785439,-0.8962513397236664,-13.712179270204587,0.9680937068224026,0.07443449887897763,0.23927824846294757,0.07920683399650207,0.8150174539912619,-0.573997236176143,-0.237741145490449,0.574635584580555,0.7831175471630383,-1.5507614883667449,1.0998468290626273,-2.7802858907559096,1.1961838,-7.738791,5.5437074
-8.422582095596594,-4.892604304260137,-14.289568134432294,0.9682653417371716,0.1210844187436172,0.21863392126593525,0.02078353001773043,0.8327592309035846,-0.553245070673812,-0.2490587739281645,0.540232012085909,0.8038153396440069,-2.0815299740498854,0.4915433234502511,-2.568987697763971,1.7427323,-7.798227,5.266968
-7.7352095325602725,-8.598845080258567,-13.780289164066037,0.9687680906908367,0.15876416692708994,0.1904792003321583,-0.0377502329673705,0.8536326147956204,-0.5195058025355443,-0.2450781637970634,0.4960900102371927,0.8329654226753486,-2.59040696883819,-0.1783567093931624,-2.295518691940941,2.2504761,-7.89908,4.8729095
-6.746345652135026,-12.092325623616135,-12.04469648607245,0.9703059744821877,0.181862192030615,0.15947557491350275,-0.08591504166959132,0.875452047198884,-0.4756073156188769,-0.22610820750048977,0.44778326918845623,0.8650810495761737,-3.1490979830825925,-0.8436882285937528,-1.8868327807080798,2.6928146,-8.044067,4.3480697
-5.586659478292161,-15.345489224425792,-9.339245520163994,0.9730011197677377,0.19314821641484417,0.12634313367371164,-0.12298931273058913,0.8971239287621793,-0.4243138996030749,-0.1953009213618458,0.3973190442680487,0.8966577536480341,-3.5810066710124633,-1.4395190189905365,-1.4190729058011982,3.0433488,-8.2240095,3.7021027
-4.376818431083001,-18.195994757679586,-5.918005362937528,0.9771037890845377,0.19612898610325524,0.08247185075374991,-0.15488143736584473,0.9214401653479319,-0.35631413393670525,-0.14587640561834994,0.335382531586968,0.9307194162529259,-3.7473971619383293,-1.9448886623617485,-0.9439101135498442,3.2814713,-8.412903,2.9773057
-3.0260056244426905,-20.092105973073483,-2.389415395039202,0.9814989418586795,0.1893457195496399,0.02842579143176093,-0.17442838751944337,0.9454684133004653,-0.27507129453737245,-0.07895926011342584,0.26502391956072213,0.9610035157599646,-3.746353165111648,-2.330221620710065,-0.4346110573135886,3.3881316,-8.582767,2.2171142
-1.2520895699941734,-20.462071056538278,0.49181675882346365,0.9842931259821753,0.17518699081799916,-0.021830263222697065,-0.17596618188646107,0.9635755279485851,-0.20139042869735518,-0.014245875772968666,0.20206860267428442,0.9792677544148605,-3.7923237650340984,-2.6118627118291267,0.10167824101305634,3.3615036,-8.731318,1.434262
2.9465121262489236,-16.190970997826696,5.28946306365723,0.9822878383973852,0.1345663743613004,-0.13039360961276988,-0.1420946495213561,0.9885782702204486,-0.05022065536556514,0.12214627752820105,0.06785937325969177,0.9901895739436999,-3.82059545293336,-2.7897765441358557,0.6366393650674217,2.9198868,-8.966693,-0.14205627
4.360849263697135,-12.501957530241974,7.2507751111850824,0.9771084345050192,0.10423261760283754,-0.1854579969880294,-0.10207725407209961,0.9945514167023846,0.02115924706548592,0.18665299735137297,-0.001743835697212509,0.9824243571984613,-3.7694015580623446,-2.754827607028533,1.4063305790768739,2.541713,-9.040586,-0.89767915
4.9460038117945295,-8.839968465502851,8.288117209658564,0.9699175933086052,0.07899768535630007,-0.23025904520515741,-0.06347141056870781,0.9952299920492952,0.07408537619514927,0.2350132809669756,-0.057241843383187094,0.9703051731982224,-3.63198655977599,-2.7038265275715805,1.6184037675833107,2.0936005,-9.079741,-1.6086929
5.0089031615067885,-5.255788636077955,8.758106143326073,0.9529528563329684,0.03963305807772566,-0.3005163461681327,0.005257651810848038,0.9891048847993021,0.1471186050898858,0.3030729461767805,-0.14177710525174952,0.9423619483628152,-3.347834739583843,-2.5533323154118817,1.7439550991156025,1.5965774,-9.088315,-2.2474778
5.120884355236947,-2.563519205930895,8.202206884714096,0.9388808471888638,0.015065688502471454,-0.34391245951821586,0.052204991072568915,0.9812555487848592,0.18550522064361563,0.34026077306829744,-0.1921212455947292,0.9204955368181287,-2.9336248121423902,-2.2969842478427323,1.7897067170559446,1.0785949,-9.071083,-2.7846024
5.239046417032447,0.012522679373247803,7.470958176629585,0.9202132803458473,-0.012818437506790304,-0.39120736999067385,0.10752967288910821,0.9692877673389754,0.22117548131604514,0.37635739413952973,-0.2455950157208157,0.8933298383741559,-2.4862124684708604,-1.9728404747430157,1.7379807925796382,0.5699234,-9.036283,-3.2117386
5.472782432784317,2.427494223130951,6.73355271726186,0.9070544057933319,-0.030343734780554805,-0.4199185191087355,0.14308653520355502,0.9602476320667943,0.2396888160794218,0.3959527097701801,-0.27749548261130463,0.8753386251936854,-2.0550215039421538,-1.6386045048542184,1.5933330793100944,0.09811096,-8.991613,-3.5390306
5.526216664277265,4.963854474255394,6.206007037469039,0.8893685088566775,-0.05211471928670782,-0.4542110869273427,0.18716132980368977,0.9479220623669069,0.25770991502886115,0.41712623039095176,-0.3142098338877008,0.8528058912836489,-1.6004170721728608,-1.3092632836233853,1.3885597693302243,-0.3142212,-8.944109,-3.7748046
5.501195223013853,7.16461669176792,5.914151482833347,0.8800560625963488,-0.06305678747355672,-0.47066460270656274,0.20867538955905085,0.941671567316583,0.26402507664975133,0.4265629009651339,-0.3305729887045279,0.8418821714819517,-1.1274217988985271,-0.9834756737594468,1.1295826652466385,-0.6479492,-8.902247,-3.9275222
5.216340032810452,9.095200393556814,5.811595329818415,0.8696646682767732,-0.07524770109277386,-0.48787411104843725,0.23093824398999246,0.9355104503324694,0.2673718848000993,0.4362922096644283,-0.3451926719949194,0.830957957412491,-0.6512297025552537,-0.6634815851371818,0.8226493333723117,-0.88793945,-8.874797,-4.0068574
4.922895724334627,10.453389022489379,5.896871930777305,0.865317143110717,-0.08101929703959428,-0.494633314027591,0.23918529120359988,0.9339843311272296,0.2654499306473247,0.4404731981750501,-0.34800738888137256,0.8275712772767146,-0.15748500010602,-0.34026125306805977,0.5074112527184822,-1.026619,-8.869444,-4.018439
4.6240108503747726,11.135488678649601,6.2430348474065624,0.8643309438929327,-0.0850426525727555,-0.49568111389535724,0.23936957452327084,0.9363677356395163,0.2567443678951341,0.44230558013855215,-0.3405630791743488,0.8296882323388622,0.3789796673445247,0.0038906634515678967,0.20357789726427722,-1.0604599,-8.893419,-3.956752
4.344459704184885,11.296033285977142,6.807693102812628,0.8677302784219879,-0.08532267473246148,-0.489657232241288,0.23023377352490088,0.9420898567394125,0.24384239040248262,0.44049582681131627,-0.3243250576277003,0.8371240550579135,0.8712660584268007,0.3453179913611285,-0.10666185878658163,-0.98950803,-8.945755,-3.8240433
4.222806183093767,10.849698563653334,7.695613392070693,0.8761935657353288,-0.08135250200105226,-0.4750437935413739,0.2102671327871092,0.9514257961879078,0.22489261263476984,0.43367334277483477,-0.2969355565882496,0.8507389182352763,1.3292853551958639,0.7122385911839811,-0.4354554985304964,-0.8144165,-9.018478,-3.6251893
4.35214000695562,9.905827797990575,8.718185617853795,0.8911431550991843,-0.07078507328606569,-0.44816665485035573,0.1752406964758224,0.9648048322254635,0.19606716709602975,0.41851472545006196,-0.25326095063053117,0.8721836477870816,1.7240961440440574,1.0564547848988757,-0.7407876735167513,-0.54559326,-9.099642,-3.3664093
5.0231698623155925,6.042876180794039,10.575740644397749,0.9179151688967417,-0.044156108408627076,-0.39431203481439936,0.10817457462711999,0.9839916750546188,0.1416285452422833,0.3817459942337426,-0.17265752666307235,0.9079974528450412,2.080010744009985,1.388225825020827,-1.0176267920839295,0.21957245,-9.243128,-2.669983
5.604519111999662,3.2154297758321926,11.118404660215594,0.9332630428505334,-0.02369462160953797,-0.35841129691479406,0.06586982136719473,0.9921901569304327,0.10592383642700871,0.35310233570796185,-0.12246328999803464,0.9275351654360281,2.397513302866372,1.7219696777783309,-1.2585951732424827,0.6841553,-9.287415,-2.2266266
6.30856240710384,-0.006922604561626966,11.170259173539744,0.9498529134486774,0.0028434166760217885,-0.3126841182322288,0.01769170867439644,0.9978682421890069,0.06281699351927357,0.31219616630772495,-0.06519882063524397,0.947777752181667,2.9424072508238885,2.3705549672210418,-1.5986514937930298,1.1772797,-9.304347,-1.7209396
7.014392496503972,-3.431223722149787,10.621289912121952,0.9645371787670067,0.03387297671548858,-0.26176449763979764,-0.030322266625931488,0.9993853356940618,0.017592923188941928,0.2621995250240739,-0.009031735608289876,0.96497141762285,2.96381033440947,2.6869768196168184,-1.7099360907252827,1.6724685,-9.293081,-1.1734512
7.64732735063631,-6.903987988987769,9.230102029009506,0.9772581583558689,0.07190785606040033,-0.19948872690879707,-0.07981799409870918,0.9962993154033917,-0.031886704828036294,0.19645757746891454,0.04708433246344922,0.979381174973012,2.792633374156696,3.01184708796637,-1.7271853774725774,2.1390367,-9.260348,-0.6130127
7.982296670001577,-10.052218369465754,7.058580274819651,0.9847510059161688,0.10798301877477866,-0.136400601184085,-0.1192508593491951,0.9898494907482145,-0.07731247124479812,0.12666763158586603,0.0923994227351288,0.987632349503925,2.584848483607005,3.3014601873090856,-1.5878814296198,2.54776,-9.21063,-0.052082825
7.976956897737676,-12.884543166774433,4.222638635126442,0.9874282367692848,0.1387659486897227,-0.07569338620343755,-0.1471127488490913,0.9819422637662203,-0.11894212775855954,0.05782141780314422,0.12858227760430505,0.9900117582783168,2.4800099746155766,3.5401449928231647,-1.3362473305200355,2.8789382,-9.142769,0.5162964
7.53669871792715,-14.90692527732066,0.5933464962632415,0.9850261311323116,0.17236372581160347,0.00377716968809326,-0.16925871750684143,0.9709838150218951,-0.16894353350591462,-0.03278730752058618,0.1657744762919408,0.9856184938786832,2.3083327252295245,3.7547970080330915,-0.9789175997178298,3.109468,-9.060245,1.0816605
6.713135364815473,-15.868931923263867,-2.8333334314162393,0.9790108984553014,0.19257238675170327,0.06673482274267546,-0.17552119094986995,0.9630743860900531,-0.2041568964909222,-0.10358557927280751,0.18815845109380094,0.9766608546720295,2.113694465651031,3.91278158603285,-0.5256915722484962,3.2221634,-8.974767,1.6231079
5.349958344287877,-15.590946965329742,-6.4582584302471755,0.9646957317341076,0.21192071870714968,0.15637056678493033,-0.1693337844603969,0.9538407268801771,-0.24802003383802262,-0.20171319890952813,0.21278504817618,0.956051415279715,1.921513659216079,3.941607411073326,-0.031779647015224066,3.2115006,-8.894394,2.1246536
3.8897735177310695,-14.584122819398317,-9.35948249198555,0.9527301830445511,0.21762378461779266,0.2120025629197097,-0.1566526261337609,0.9497602021854977,-0.2709529720633401,-0.26031740825632993,0.22493431644191086,0.938956548646165,1.7312791489092696,3.8433896692936695,0.4781726136761152,3.0839386,-8.826994,2.572075
2.1778562147253977,-12.808399520969072,-12.221187968671988,0.929006311323588,0.21446095484321806,0.30158543129381565,-0.12268236815893965,0.9473513249127398,-0.29576088945124157,-0.34913652066756873,0.23776451802952103,0.9064059377024922,1.4129702462913722,3.727119736054131,1.0480862906762538,2.8411682,-8.788378,2.9333375
0.7362867707082867,-10.571083190543256,-14.266928176092692,0.9105854744544596,0.2024866428254727,0.3603238171281731,-0.09102929266213011,0.9486199341088988,-0.3030410673302536,-0.40317212402394526,0.2431447718716086,0.8822317486474425,1.1240464815753923,3.511405514621752,1.6737280860424626,2.486615,-8.788954,3.188539
-0.7758502663428448,-7.783548299243737,-15.597202333491852,0.8855999219656053,0.1753981084317632,0.430056137932101,-0.04025460063745133,0.9514518192891448,-0.3051540638741265,-0.46270114041574784,0.25293267707027245,0.8496662377239854,1.1102094544675218,3.0978270160362342,2.1762834990263524,2.0294404,-8.81646,3.365152
-2.113636393631882,-4.754400210697398,-16.14779122736006,0.8614255512829737,0.14092826800366978,0.4879397943131015,0.015409995215060923,0.9530361806462434,-0.3024641638718398,-0.5076500287051082,0.268069509002246,0.8187980133702072,1.2489376058076571,2.617742712994227,2.5701038205600133,1.4797332,-8.850939,3.4916306
-3.3000842997017568,-1.7001858185468093,-16.029605169349445,0.8363086713063637,0.09589223188583385,0.5398078233609989,0.07983687388392019,0.9527905665930366,-0.2929440386486161,-0.5424148595551455,0.28808820884456965,0.7891712767571435,1.2948999153755614,2.0905898606797195,2.9387841403531567,0.85450286,-8.879619,3.5565674
-4.476776611059082,1.15064410948382,-15.267585532128514,0.8103481554843242,0.03848869875807206,0.5846832364375305,0.15205786562036666,0.9498423031801385,-0.2732727659179135,-0.565874785094841,0.31035176680237975,0.7638504489993504,1.2106382456178029,1.5142760212671196,3.321993608063101,0.17203064,-8.896902,3.5377228
-6.775523356124715,5.293811513684983,-12.93457596161324,0.7800408762942672,-0.08916846247256201,0.6193425680593514,0.2815870113070512,0.9339302309312602,-0.22018873453436275,-0.5587888567010215,0.3461550361513768,0.7536124365838217,0.9899578430928287,0.037622162998042,3.5464318446821577,-1.2337738,-8.87542,3.2890716
-8.19436321353539,6.50516439598317,-11.632457618998535,0.7533646535998976,-0.16468869675242462,0.6366469444427545,0.3571810826771691,0.9153527403174908,-0.18587908696468233,-0.5521443406246885,0.36743297886178766,0.7484180871417269,0.9899578430928286,0.037622162998041775,3.5464318446821577,-1.8886139,-8.838182,3.1160736
-8.9077882379067,7.715892622998737,-10.196242846329,0.747198234884479,-0.22713529886057662,0.6245833441559558,0.40680355892885967,0.899472174483576,-0.15956400525369063,-0.5255527206934936,0.3733086703269869,0.7644834690366851,0.7236812598810187,-1.6466801935404454,3.2406777280208265,-2.482219,-8.799655,2.921373
