0.21201667620526465,0.3589646299692848,-0.34590102495601066,0.9999951070540994,0.003003676523404641,0.0008739537762278791,-0.0030076537835354734,0.9999849624590305,0.004585725082232822,-0.0008601665993398678,-0.004588331194909787,0.9999891036057679,-0.22642091,0.042799074,-0.14836304,0.88303983,0.14214325,9.765093
0.3103534969084916,0.5079884277876374,-0.5568810715958352,0.9999704206045862,0.007395711506506243,0.0021121948772884307,-0.007419489402754791,0.9999065682552618,0.01148067667813419,-0.002027089758624831,-0.011496008494167709,0.9999318640266507,-0.3493059130609706,0.06088117270922293,-0.22278639466733588,0.8741943,0.083415225,9.765483
0.4448052795483461,0.7068631714322944,-0.8246621206900119,0.9998949151340338,0.013951267742607425,0.003939646872176904,-0.014034653422586092,0.9996595190510057,0.02199714695181461,-0.0036314174107728516,-0.022050126963033927,0.9997502711720075,-0.517457218030086,0.08433472502466434,-0.32338605344912774,0.8618576,-0.0045425417,9.764667
0.6091856172394182,0.9734224995126222,-1.1251714985651144,0.9997141834109275,0.023026782315023534,0.006427968826845032,-0.023244480497106503,0.9990762676498812,0.036142849157231,-0.005589777584305788,-0.03628193372739714,0.9993259606712709,-0.7302068850080342,0.11434020395353604,-0.47033327677627756,0.8463577,-0.12995759,9.76079
0.8072785544004223,1.26078958936208,-1.4545761806624535,0.9992881082403975,0.03629168047531606,0.01030488513304789,-0.036809925367031586,0.9977752937223688,0.055583204582983915,-0.008264751889882276,-0.055922957410332326,0.9984008797625734,-0.9417053929914727,0.1570414630802744,-0.6463987411749129,0.8271271,-0.29499665,9.751968
1.018565324983663,1.4928477084060263,-1.8073664200411965,0.9984818585204568,0.05295969438686645,0.01514097011371671,-0.05397968166912978,0.9955204743295106,0.07762202752856474,-0.010962306893814392,-0.07832149105574764,0.9968678808479938,-1.1267144631598633,0.1876048072306088,-0.8573376993257446,0.8069595,-0.4940628,9.737276
1.2097708472461364,1.6881278724014992,-2.182461173120136,0.9969645885442586,0.07488875554879741,0.021290455164927426,-0.07671448528033052,0.9915621123287642,0.10449624463248705,-0.013285214975726534,-0.10581234184380903,0.9942973656691328,-1.3483512413461687,0.202864910842096,-1.1047708136700232,0.79169464,-0.72928464,9.714381
1.3733418733536957,1.9325396625149376,-2.5906828023251127,0.9944344659798464,0.10128158612202505,0.029019531077959633,-0.10432017420620816,0.9851071896385357,0.13667891635527457,-0.014744291266935085,-0.1389455477338968,0.9901902547692352,-1.6803110356886461,0.22708684726570674,-1.3827213904474251,0.78501284,-1.0174576,9.676447
1.567817698661437,2.307718671381586,-3.3434268374673146,0.9848711487302476,0.16546048974175692,0.05149414270749916,-0.17276947312923288,0.9605440049997678,0.21795853645510924,-0.013398863885031781,-0.22355769007892318,0.9745985992464622,-2.101164639981326,0.26074757013243793,-1.6694440031056188,0.81722564,-1.8060806,9.509115
1.618634365915581,2.0546699063178986,-3.4781309438308594,0.9770521773853956,0.2020158430872337,0.06751771477332083,-0.21278491293681856,0.9399751104014222,0.26677588469032265,-0.00957201613704571,-0.275020710070329,0.9613906518889622,-2.566445928192798,0.31509485457120884,-1.9489429616849827,0.86287844,-2.299266,9.361781
1.5661331618749474,1.4068648996277644,-3.2725479814346525,0.9670057748086445,0.23935321532475534,0.0872345676921379,-0.25473062954703213,0.9131431709410509,0.31824810405451726,-0.003483942781614388,-0.32996907078910215,0.9439853147508548,-2.952245880672254,0.38840211008363784,-2.195710367137017,0.9299515,-2.8250031,9.175458
1.346771697171408,0.6347575387120368,-2.8130883847333354,0.9520178913232387,0.2836440610207994,0.11492598160591352,-0.3059617025962748,0.8734883330261546,0.37868927712780254,0.007026460335217126,-0.39568191608262576,0.9183607407442562,-3.403342729419166,0.4672168006400575,-2.5758180675922975,1.0230453,-3.3701081,8.94887
0.9789930117828258,0.09130593030307721,-2.2911883112563376,0.9352790414932324,0.3228817340060582,0.14491549395679273,-0.35332444945036634,0.8282951383819285,0.4348436467898052,0.020370271576383263,-0.4579023362881025,0.8887690940046247,-3.6065716465953708,0.5261745868886956,-2.656571409245675,1.1415131,-3.9293199,8.673775
0.4774526966383291,-0.28054263577056127,-1.7936057720631,0.9149010348838509,0.3607912717794785,0.1810683698943714,-0.40185930103284884,0.7714847151371172,0.493275213732852,0.03827791193166866,-0.5240620120916486,0.8508194925720755,-3.7619513150189685,0.5954970519176866,-2.6669458835151065,1.2823089,-4.494667,8.350052
-0.17079929784556835,-0.5661755346409012,-1.2085244916409263,0.8939305621380831,0.3916448729197056,0.2179505530876169,-0.4443785170881089,0.7110431966650227,0.5449268813583699,0.05844556121780162,-0.5839793369564485,0.809661812352443,-3.8300694626827214,0.6449373371840509,-2.6228211602292912,1.444278,-5.0547714,7.9900284
-0.8770908549559968,-0.732407679873117,-0.4558384776906259,0.8708972789297276,0.41827151983066546,0.2580443086978303,-0.4844854936212366,0.6424955211552162,0.5936946283789954,0.08253324192943483,-0.6420657606460821,0.7621940848514801,-3.797111927025955,0.6644015309306079,-2.524643966657842,1.626146,-5.594374,7.605899
-1.476572571079826,-0.6929635931161595,0.3635338897647268,0.8489620397621767,0.4376544700991798,0.296179033432568,-0.5174425366563077,0.5746263584714131,0.6340802547064278,0.10731577843695542,-0.6915656967722509,0.7142970045760946,-3.6872781180245253,0.6737622726726414,-2.3676396143897365,1.8238357,-6.0959396,7.200952
-1.920302619923841,-0.4892602635932848,1.1183565506593443,0.826998368008618,0.45158106453578395,0.3348854154241569,-0.545955424758312,0.5028992325771907,0.6700933039885143,0.13418782913533203,-0.7369985780352635,0.6624399765155682,-3.52751998284415,0.6825859733353427,-2.1589269155816235,2.0310273,-6.5455995,6.774719
-2.2555170359327117,-0.2114643624470922,1.7349848712697784,0.8080291043942334,0.4594255530211782,0.36880499953639106,-0.5671644438467651,0.4372210327316919,0.6979701012027824,0.1594159969634242,-0.7731532382188002,0.6138571577687603,-3.3088874507146464,0.6661134923999679,-1.927985610329866,2.2411194,-6.9323106,6.335977
-2.4853646880280813,0.16544240492435502,2.112546578329928,0.7906343512496606,0.46338352487824774,0.4002162309245319,-0.5837051982931635,0.37304333907102305,0.7211982450479759,0.1848933857918306,-0.8038124010278465,0.5654202506492686,-3.076070980610641,0.620999056333088,-1.6970225148210203,2.4525864,-7.256491,5.900386
-2.3514534606985364,1.0475399267354164,1.9173899656893483,0.7669707805389735,0.4582062311443101,0.44922474502187054,-0.6009617629305025,0.2675009653018616,0.7531853643413648,0.22494617421707802,-0.8476380614997765,0.48052984860672393,-2.7207341279775488,0.6793919080200054,-1.3147227975356357,2.8594513,-7.7719345,5.0502396
-2.082830448451668,1.312094043235979,1.7535786520721357,0.7567755338821708,0.45077856869920774,0.47338089665601085,-0.6065045186627185,0.2141097089923538,0.7657083657352278,0.2438094751215777,-0.8665770101478014,0.43543222816442734,-2.592552633671662,0.7767510050912592,-1.1729851841452579,3.0402055,-7.975665,4.6227126
-1.3109907125186022,1.430187855775544,1.994425321223122,0.7404068205995723,0.4238234036305868,0.5217005487294576,-0.6146065566505565,0.11264449026238467,0.7807496393439277,0.2721332771488607,-0.8987129360082181,0.343887391626546,-2.269082036566538,0.9335489949423216,-1.0442914345408205,3.3435578,-8.296698,3.7779236
-0.2312705262109307,1.493424177155807,2.0977071808430816,0.7262394611237398,0.38715373543700005,0.5680565378937884,-0.6249831750704452,0.02768882973332132,0.7801470115221003,0.28630800894415254,-0.9215993239174908,0.262073291598474,-1.917247493673969,1.1224193299866032,-1.0945827812977313,3.540538,-8.558232,2.9907272
0.10531525703264966,1.4355402052779171,1.9806148505399408,0.7182630043783512,0.36500488592060265,0.5923425443064784,-0.6316351271471946,-0.014951487300304558,0.7751216157360443,0.29177957895495665,-0.9308855387648883,0.21981080733956587,-1.7531905326020334,1.1601159800887608,-1.1454139368276983,3.600412,-8.666469,2.6165757
0.5995167326951362,1.1389204259681263,1.2002297366237804,0.7001045815599303,0.3180142489027422,0.6393125310625623,-0.6489397617975865,-0.09013275951768095,0.7554821448716174,0.29787708947968206,-0.9437918325332936,0.1432697330442163,-1.4901068253232714,1.1384881000657026,-1.2065365239710566,3.6749024,-8.829794,1.9264755
1.0360435231749423,0.42693998871881206,0.06417256774401417,0.6819613011308123,0.2752709920769759,0.6776095222773415,-0.6641798645478137,-0.1548629480676002,0.7313566673279595,0.30625788363602563,-0.9488115451641433,0.07721891267049431,-1.403176728813245,1.018499545692691,-1.1855906456709722,3.7416046,-8.936686,1.2862228
1.2138617041832156,0.05031703791396894,-0.23135598080706438,0.672482524839685,0.2549734902710098,0.6948062845457442,-0.671235552541825,-0.18536495356299598,0.7176925992334456,0.31178532163832445,-0.9490144115078588,0.046492579636744594,-1.3410507682857036,0.9000536279025172,-1.1508085027133832,3.7850845,-8.958258,0.9909042
1.3119825567582177,-0.2062516030139732,-0.46123287655990614,0.6620739848662068,0.2356860988608349,0.7114141560069931,-0.6780379647344875,-0.21600160736937807,0.7025722909370672,0.319253123621517,-0.9475206427395689,0.0167950778592619,-1.277403178823335,0.7507254248920009,-1.0965955288898341,3.8415895,-8.957336,0.7241303
1.2209681041355305,-0.4834804144448489,-0.7621501417776103,0.6526304045403754,0.21839903778157524,0.7255173432562089,-0.6831620600061729,-0.24448364359063524,0.6881259679628212,0.32766317284307084,-0.9447378516354308,-0.010355522665834165,-1.3045013877140361,0.6897019341005014,-1.0445914154847475,3.9139924,-8.9405575,0.46928102
0.8387233616194495,-0.851761340903805,-0.847868620351657,0.643096112256507,0.1998936864382813,0.7392360276141038,-0.6872332180803274,-0.275228111222572,0.6722796968225448,0.3378430025433755,-0.94036801355372,-0.03962454690601745,-1.3266302294045298,0.6593891083168701,-0.9787986008377147,3.9971604,-8.91391,0.21334533
0.3552812275822732,-1.1214386204850617,-0.47793554643243746,0.635397009832048,0.18546967808644899,0.7495809752168214,-0.6894531906316729,-0.3008891303093282,0.6588778560473121,0.34774263158879215,-0.935450014577051,-0.06331139236738093,-1.2517155434563323,0.5402351054819087,-0.8523328532013157,4.0893965,-8.878565,-0.022305299
0.08227401124795913,-1.2115562907674213,0.11708691458327103,0.628014236181073,0.17293782486704068,0.7587427942881304,-0.6905580242022421,-0.32567295614203023,0.6458070461427369,0.35878647461101326,-0.9295319437049853,-0.08510365014635204,-1.132658101073031,0.4015112149589465,-0.7170108538292361,4.1871595,-8.835689,-0.22354737
0.10909089034910481,-1.2218981101270343,0.6208866988361277,0.6222100807462291,0.16403833844052843,0.7654711222113098,-0.6907509269058111,-0.34510035679921786,0.6354281239572384,0.3683989310469482,-0.9241196715029515,-0.1014152865437094,-0.9806653138680501,0.28586612951990625,-0.5864046926584384,4.2828264,-8.79082,-0.3886856
0.29567325668668526,-1.2332407567757557,0.9739578199869614,0.6172338629888526,0.1563405238468752,0.7710901367435219,-0.6903728305630961,-0.3624518768829395,0.6261102073631553,0.37736946511364333,-0.9187961022704215,-0.11578432213613202,-0.8505623713074894,0.22961223103416215,-0.48150969480065764,4.370143,-8.747945,-0.5259598
0.4390362708351225,-1.1912493469705006,1.3094618917623149,0.613269079719409,0.14900513455609735,0.7756922751555728,-0.6902198471137351,-0.3763984604525388,0.6179973799452962,0.3840541609075492,-0.9143968880332422,-0.12798723625705946,-0.709201131015358,0.2386084261428915,-0.42609746304309726,4.441046,-8.710721,-0.6469513
0.36495634800155097,-1.068630876775927,1.7584497308931024,0.6100667261567524,0.1409134075984479,0.7797191809846518,-0.6899854975908072,-0.3893056183617618,0.6102140187068245,0.38953639464207795,-0.9102661957202188,-0.1402741964093585,-0.5409752302751428,0.2348044697647227,-0.32603868386595103,4.4890947,-8.682457,-0.7520813
0.21470208372802915,-0.9220888610477856,2.165711607806607,0.6090468100457799,0.13632346317047808,0.7813308496163884,-0.6895141132400313,-0.3958298756806722,0.6065385372434607,0.3919595270125135,-0.9081490091982872,-0.14708197128232844,-0.3299975055890748,0.17597664330573135,-0.17313227019950594,4.517198,-8.663554,-0.824762
0.1253736304766797,-0.8204031816178295,2.578067725397798,0.6102374730094207,0.13335565784314926,0.780913884532922,-0.688612550393136,-0.39808105389259346,0.6060892920789998,0.3916924584111082,-0.9076054996819835,-0.15109359672361747,-0.11595819301627686,0.1516805523584006,-0.004933470821188515,4.5220704,-8.657547,-0.86806947
0.2209265810729209,-0.7715679507106793,2.9163268966363023,0.6131675126642016,0.13211416611148755,0.7788269695676076,-0.6877173841359682,-0.39582035187243664,0.6085811766730564,0.3886777598093026,-0.9087750525604489,-0.15184697189399374,0.10710941436957706,0.13312678489779467,0.14363141874600793,4.4991865,-8.6673765,-0.88451385
0.5300576326024367,-0.7789085849395829,2.9366300880169804,0.6179569566368154,0.1314354134914041,0.7751476838799877,-0.6867258426885522,-0.38980631998759957,0.6135622624326101,0.38280127576572065,-0.9114690148206184,-0.15062343208833057,0.2821377903394724,0.14587191736667787,0.2545605808467809,4.4524903,-8.69073,-0.8784607
0.9302287427965465,-0.8544284481819329,2.573370004135967,0.6237628049780365,0.12957926499484415,0.7707977537651033,-0.6856288503540316,-0.38277641827052084,0.6191892224338212,0.3752772877328727,-0.9147083839669271,-0.14991840985173047,0.36548593821157366,0.24276864865879438,0.3174209294750676,4.383432,-8.724358,-0.8730011
1.2438997844990625,-0.9421979346682052,2.1855961297065023,0.6315630750795468,0.12537949864787087,0.7651196400007492,-0.6841721937985162,-0.37412127361996245,0.6260524593497759,0.36474167766926896,-0.9188651990057006,-0.1505000153728278,0.4176160463727765,0.3761115938727824,0.36119250392521,4.292128,-8.7664385,-0.8801483
1.3886406747610591,-0.9680537786409176,2.1628283471226437,0.6410229375149241,0.11814802130847706,0.7583736800816798,-0.6824734620589799,-0.3643413335051544,0.6336287290558378,0.35116885847832296,-0.9237404601729738,-0.15291826272376396,0.45217916652354606,0.5241561655347439,0.38075755328497274,4.1780686,-8.815771,-0.90448606
1.4325463561657246,-0.8929085252467149,2.503779973560204,0.6507452142669021,0.10926796083990735,0.7513928259190481,-0.6811195001528602,-0.3533430536521647,0.6412682067179705,0.33556950490210263,-0.9290905225916644,-0.15551176228859903,0.537768596575128,0.6235633450674771,0.3892863963899908,4.0403,-8.87269,-0.93723905
1.4960071421085432,-0.7371510850869277,2.8737236486412274,0.6605376593006858,0.09951662635279382,0.7441682885778798,-0.6801502165012692,-0.3404200142470748,0.6492379355007672,0.3179397484411922,-0.9349923288345096,-0.15717398443053987,0.6576326895050115,0.6801270049087184,0.4026753271947389,3.8788147,-8.937795,-0.96367645
1.6339617471969732,-0.5218709761796327,2.9328211479026605,0.670607086820953,0.08797502445690408,0.736577579198093,-0.6796128757356668,-0.325141410052025,0.6575784383658565,0.2973423519107441,-0.9415643677100296,-0.1582531744357728,0.7423562621869781,0.7250254621904222,0.3818292424295942,3.697635,-9.008634,-0.9815323
1.737483011167114,-0.28176656603232086,2.3686686333430202,0.6889605068313741,0.0564291052568552,0.7225989040308378,-0.6802268973610481,-0.2938790938731128,0.6715105704982467,0.2502494518140235,-0.954175473518487,-0.1640864942722337,0.8025142754504015,0.9310645166809006,0.30062255212051564,3.2825348,-9.155667,-1.0340378
1.7292988824550537,-0.15245195012911517,2.243890915902651,0.6968969449172021,0.04147901176430877,0.7159707673837861,-0.6799229202642869,-0.2793398224553139,0.677992688817452,0.2281216137597562,-0.959295968496527,-0.16646853805435594,0.8025142754504014,0.9310645166809006,0.3006225521205156,3.0430253,-9.230222,-1.069278
1.698837384996716,0.06988171966393308,2.3555097250089854,0.7054340014594537,0.020824963099765736,0.7084696115549332,-0.6803730302142831,-0.26023208825398286,0.6851071449050914,0.19863385749146287,-0.9653214910872254,-0.16940782007686814,0.8725302598275596,1.0178996179751734,0.23707037433506056,2.7804718,-9.30488,-1.0972519
1.5864519971841682,0.2961160770096075,2.4993968117516485,0.7117519159778047,1.3946609823004843e-05,0.7024309289228492,-0.6817996592291314,-0.24056852911215879,0.6908516537404056,0.16899241041231766,-0.9706321561777684,-0.17121560272571615,0.9702670940645826,1.0688467459302002,0.1553641010778762,2.4936492,-9.377942,-1.115741
1.4002298763000474,0.470784889189815,2.53145696931185,0.7162052893970855,-0.022413219200889067,0.6975296632005626,-0.6843005206877104,-0.21883041624163385,0.6955904300046417,0.13705028575733127,-0.9755054569465849,-0.1720648791626798,1.0767756246153368,1.124819491127072,0.06205805823451954,2.1831176,-9.447988,-1.1201477
1.1116448162896468,0.5905369573410381,2.3107846094412534,0.7167167824440668,-0.042221816951108736,0.6960850321163154,-0.6892368818286846,-0.1948363219372392,0.6978476398047362,0.1061582521055093,-0.9799265920605046,-0.16874329522261766,1.367462321488981,1.100687894054056,-0.15324162638349065,1.8517196,-9.51388,-1.0973206
0.6648437317399043,0.6254443920415482,1.7321345102240293,0.7150065418021269,-0.06313580381707273,0.6962610971873525,-0.695619962524494,-0.16374581897154766,0.6994999460377099,0.06984635221388182,-0.9844801557399255,-0.16099785724258892,1.524977299821781,0.9898199395649488,-0.2458196550275597,1.5080856,-9.573484,-1.0377991
0.10531617879536573,0.5870028941610667,0.8516571580669908,0.7113970343685333,-0.079497898474623,0.6982795597966296,-0.7018327185387522,-0.13221246492330918,0.6999647843337603,0.036675532445499294,-0.988028313489558,-0.14984978165755788,1.6546843946659857,0.8210233923336633,-0.3338299661777002,1.1635544,-9.624674,-0.9363495
-0.4114670694028748,0.4983485833167376,-0.21809714967643798,0.7067197804776904,-0.0906824939519012,0.701657920337417,-0.7074434052149504,-0.10238687629715423,0.6993144900400584,0.00842498067897146,-0.99060265134552,-0.13651156305523804,1.7454088139755386,0.6189753456562372,-0.4119068890128602,0.8291901,-9.667007,-0.79361266
-0.8435815483057638,0.4038728200748589,-1.374940121998418,0.6988772943461653,-0.10026821790466224,0.7081785169896126,-0.7147605001394102,-0.06159899810025074,0.6966512691967953,-0.02622889414070193,-0.9930517851105589,-0.1147179027043612,1.7807748777515748,0.3893717220509307,-0.4852205480853178,0.5162155,-9.701762,-0.6108505
-1.2946903655608615,0.3118948730198825,-2.67160997862878,0.6910338353243517,-0.10445768094546702,0.7152348085268307,-0.7208228552731075,-0.026037579060993098,0.6926301002646127,-0.053727551152475794,-0.9941884315199693,-0.0932883319553976,1.6735224947976917,0.18062641713029745,-0.5171607686553983,0.24107666,-9.729655,-0.40514526
-1.8572279428273681,0.14951611442314275,-4.212019361926859,0.6842848241648061,-0.10412392616986645,0.7217426739612347,-0.7254849258153342,0.0027700356683416725,0.6882324820270513,-0.07366072109652518,-0.9945604732249153,-0.07364484548270517,1.4482108418344415,-0.02304142620272536,-0.48494897729253206,0.021524047,-9.749662,-0.19712372
-2.467155660616118,-0.1425176096747578,-5.883297354243876,0.6785497501306536,-0.09829342905497582,0.7279482388207574,-0.7293119922550859,0.028036038458161563,0.683606610925092,-0.08760282273160733,-0.994762475343831,-0.052662729679229164,1.1817131084631034,-0.27597815201883463,-0.4103416823524392,-0.12879486,-9.761223,0.0084991455
-2.9753269638603674,-0.5484373643257706,-7.474944182140041,0.6748831318952817,-0.08634147659245234,0.7328559938371599,-0.7321499243472018,0.04565484371216805,0.6796117446925151,-0.09213710740848523,-0.9952189631761704,-0.032403221644531854,0.9030535465784046,-0.6214412114219285,-0.3412985188238133,-0.19638062,-9.764952,0.22166595
-3.334152231364285,-0.9657450432645007,-8.931924885045078,0.6732828394166667,-0.07048161903162391,0.7360180429348949,-0.7340916408045416,0.05518004767251172,0.6768047172115124,-0.08831580293428366,-0.9959856945345849,-0.01458818818538946,0.582382039489484,-0.990574460942753,-0.2594488720411818,-0.1702652,-9.760526,0.44505614
-3.366497283350156,-1.2810841041580299,-10.213876220175887,0.6726584491148445,-0.03655657066570835,0.739049543654264,-0.7367573278380639,0.05963760554495637,0.6735220826979468,-0.06869680277369519,-0.9975504865148562,0.013182417936202763,0.16580147610375884,-1.3231185878730483,-0.17449896537927817,-0.042143248,-9.744638,0.6630524
-3.2614813886431535,-1.5059194816314796,-11.029630652477527,0.6732774673929226,-0.011469430940328781,0.7393009563465192,-0.7378228589109729,0.0546419077404743,0.6727790802239025,-0.04811320784785653,-0.9984401404552931,0.028326756930549108,-0.31907088273089307,-1.5893508976396034,-0.07267885246322449,0.1903305,-9.712912,0.8573807
-2.8544288914777103,-1.7136884516687825,-11.308890178901306,0.6750004479058622,0.02798741433233782,0.7372863080010887,-0.7377796103229901,0.03570603942940249,0.6740966735861578,-0.0074593510805386724,-0.9989703616160266,0.04475013624785148,-0.8489629142543101,-1.7700521490716221,0.03786353709026667,0.5226532,-9.661158,1.0094376
-2.453955630406389,-1.8484740653451894,-10.917581851647164,0.6763265132258681,0.06347331354676672,0.7338621028334509,-0.7357080935685848,0.009142175242325724,0.6772370498499896,0.03627738366281087,-0.9979416611702466,0.05288092600691493,-1.4080089360235577,-1.8758247169206455,0.13153506276832239,0.9468506,-9.58609,1.1025772
-1.8825724530884926,-1.9484454113742027,-9.797145552467313,0.6766114273963768,0.10503237778955198,0.7288107957025002,-0.7302437318802688,-0.031388492071157445,0.6824652772230079,0.09455722270782038,-0.9939733206587442,0.05546142310121515,-1.9295181717417373,-1.9595639070258706,0.1931630765151508,1.452623,-9.480789,1.1371368
-1.0735831896225483,-1.9287648466678906,-7.78691117304938,0.6741578143715365,0.1461560614515992,0.7239818002013243,-0.7214176537797934,-0.07982202123591256,0.6878844479566838,0.15832817227724094,-0.9860359276551585,0.05162692356298698,-2.3990984982198973,-2.006627335741517,0.18541656256545058,2.025804,-9.337202,1.1162841
-0.04635629507049466,-1.8332584431109216,-4.811453061832041,0.6687838556967383,0.1823456833365884,0.7207483653314227,-0.7103018721868628,-0.12956550968516983,0.6918699509791271,0.21954362830025972,-0.9746603667270635,0.04286915912661078,-2.6984869048889317,-1.9369568529776693,0.1148277359663758,2.6334336,-9.159142,1.0510788
1.0359851325555343,-1.8426105876409642,-1.0818640471240188,0.6595120797815808,0.21728980334011058,0.7196033337795142,-0.6949338267134086,-0.1886836541789074,0.6938771181809877,0.28654980912859235,-0.9576970397835162,0.02656288535262751,-2.8626215885424835,-1.694226805534537,-0.007531115828726176,3.2363205,-8.96283,0.9389526
1.8458039959505868,-1.8111282945764937,2.76318914185841,0.648833208355708,0.24229551274829095,0.7213240272144565,-0.679596155031289,-0.24190254701783054,0.6925548525661879,0.34229305251717757,-0.9395616223794628,0.007708693154076934,-2.8212214455536033,-1.380345019098336,-0.16066848330960637,3.7998428,-8.766584,0.7906311
2.3457745115611726,-1.4447746375067902,5.9917369098296485,0.6385947207993155,0.26012567543333204,0.724245411133269,-0.6625978080758839,-0.2927603427664973,0.6893877910409183,0.3913577995904503,-0.9201228258681527,-0.01459650698369841,-2.6493539751114707,-1.0068205415109335,-0.20403840674599777,4.29836,-8.584152,0.6116638
3.792562082092731,-0.10756187167777087,10.417088900184522,0.6347003851528057,0.2632360371675521,0.7265412650518923,-0.6375686933492388,-0.3528736998262336,0.6848257539198486,0.43664812188743574,-0.8978791347989256,-0.05613801693065783,-1.8235426539975124,-0.12650422221115984,-0.08688828583424535,4.993741,-8.325498,0.19505462
4.569523942848497,0.5676672193782992,12.378616234685301,0.6323406790150671,0.26493777492237786,0.7279788740629388,-0.6213921876788844,-0.387697764134264,0.680854017229055,0.4626197301828085,-0.8828920767027366,-0.08052680386749123,-1.8235426539975124,-0.12650422221115964,-0.0868882858342453,5.1452684,-8.2737,-0.016659547
5.214042197422806,0.8996760599473399,14.119032831314454,0.6349684498193185,0.25674783668928386,0.7286258409426782,-0.6101380066611711,-0.41185355659454814,0.6768369528534577,0.4738635674554277,-0.8743324289283756,-0.10486240109124532,-1.2345987611371831,0.38446738089277965,-0.09628589370716395,5.1399827,-8.282132,-0.20589142
5.7989105493785615,0.7563656002989152,15.37616415744114,0.6413151660105161,0.24049426622138478,0.7286133170341748,-0.6073902193116689,-0.42110189910915324,0.6736099108914497,0.46881977275860215,-0.8745488542564681,-0.12398516923112396,-0.4974977123813464,0.8777900244683073,-0.14780468006963593,4.9683256,-8.35301,-0.3556656
5.942259428547718,0.37148046177904703,15.24083260336289,0.6505473256946597,0.21572398444155413,0.7281835891917554,-0.6130785590479294,-0.41673087527860525,0.6711706623692976,0.4482441940139785,-0.8830620250730898,-0.13884740691338499,0.314310615203778,1.3363168931213265,-0.22840955055145434,4.6384215,-8.483579,-0.43393248
5.75761794007132,-0.2973076467856828,13.754564219998883,0.6606386715065029,0.18380396522209388,0.7278548262385562,-0.6280644564965666,-0.3957628184232528,0.6700050970249073,0.41120747098732974,-0.8997710230510412,-0.14601548507567835,1.2161425140609385,1.5996308556185952,-0.31588618905848476,4.179263,-8.659792,-0.43567505
5.154351547288054,-0.8083560904176772,10.811146480454958,0.6697788243407382,0.14806055861470244,0.7276499140709367,-0.6490693573169447,-0.3592648874777654,0.6705503038682158,0.3607011170718874,-0.9214156562639304,-0.14452644233773207,1.9985976086087496,1.742107677295692,-0.3628318015961788,3.621965,-8.858813,-0.36767426
4.246643567098859,-1.0197769113907043,7.219139539957606,0.6767881134314302,0.11502863409397457,0.7271356564331038,-0.6724071621158886,-0.3055281426583886,0.6741818466697039,0.2997106235240641,-0.9452094833327629,-0.12943173785678289,3.023178731843588,1.7206540303900617,-0.31096574367879554,3.0107346,-9.058405,-0.24892731
3.23080942020174,-1.0539120583192716,3.910877269451639,0.6806826764077122,0.08247453906126252,0.7279210427272086,-0.6949686540392136,-0.2415855215593841,0.6772407294867934,0.2317103017592402,-0.96686833963033,-0.10712585999248406,3.268129750460427,1.5527485478790632,-0.3280041346162692,2.372902,-9.244118,-0.08005981
2.107287837914772,-1.1062518336118816,1.2128777994353812,0.6797427105173073,0.05629546065293137,0.7312869946939158,-0.7136734645125956,-0.1792089447118661,0.6771664050924618,0.16917456531397873,-0.9821990507250209,-0.08163939738687973,3.324274691329371,1.2881980059736138,-0.4352743874366487,1.7437241,-9.400465,0.14348297
0.8552207083066782,-1.1810078016576657,-1.2642217618977647,0.6746679885068022,0.03433989955592069,0.7373220982600993,-0.7301291368040077,-0.11555234915671951,0.6734679637474957,0.1083261227683359,-0.9927076235744599,-0.05288690975209859,3.1859897228829412,1.0099169307863296,-0.5388284868907178,1.1537735,-9.518423,0.40232545
-0.4829620122921186,-1.062785782974713,-3.8423753531057936,0.6669761879795296,0.009469177716572724,0.7450188583798857,-0.7441843372982553,-0.04052117588382917,0.6667441086540988,0.036502558653505,-0.9991338093460567,-0.01997984567967704,3.1859897228829412,1.0099169307863296,-0.5388284868907178,0.6331161,-9.59864,0.6721115
-1.7429130479074628,-0.7859529956462852,-6.489495594658446,0.6576023148092293,-0.0057967539252025205,0.7533429452788915,-0.7531494689734665,0.018873154374109764,0.6575786503749621,-0.01802977932558492,-0.9998050818474071,0.008045207863630631,2.8557202959820267,0.7270975494946408,-0.610421015675042,0.21275635,-9.64664,0.9285202
-2.9360826755534712,-0.6487623419553374,-9.077030921727859,0.6508807953687772,-0.007506676500440644,0.7591428324288034,-0.7579878651569213,0.049589192844135495,0.6503808947285583,-0.04252747929234903,-0.9987414889554672,0.026586683585094185,1.737345166327514,0.11400129927453428,-0.49919718088455933,-0.08277893,-9.6692705,1.1547897
-3.777706894775475,-0.8549251288163318,-11.227971288492453,0.6422001311109405,-0.00928667593126271,0.7664807559562333,-0.7629687510549704,0.08862523756237363,0.6403313612346591,-0.07387608892401892,-0.9960217492189412,0.04982969564556705,1.737345166327514,0.11400129927453423,-0.4991971808845593,-0.24597779,-9.672978,1.3394744
-4.424085557971427,-1.461855631628734,-13.004644852092504,0.6413221792682173,0.000565942514823406,0.7672714917731108,-0.7637092822324965,0.09672246668217202,0.6382733714254741,-0.07385116526223523,-0.9953112297909558,0.06246247866858896,0.4813101593362138,-0.5747925963818912,-0.12376579926320516,-0.27134246,-9.660418,1.4918823
-4.722017896824703,-2.2104325105771183,-14.159148364724475,0.6430213185577148,0.02224834931659339,0.7655250452029543,-0.7636845127318649,0.09371326416356725,0.6387517429591122,-0.057528678880993465,-0.9953506091184627,0.0772503464957356,-0.1425383256357336,-1.0272554400704574,0.016396832404537404,-0.14944153,-9.630928,1.6274292
-4.5903065977979205,-2.7755438495046625,-14.61414621318514,0.6467635033954023,0.05089974452225335,0.7609902671409635,-0.762188140773197,0.07934694968917282,0.642474357184566,-0.027680475797990326,-0.9955467229530676,0.09011389280795531,-0.722538244255983,-1.4432152074507827,0.1629397393046449,0.109465025,-9.582044,1.7473176
-4.035513654817447,-2.914711911449866,-14.449827190813552,0.6498339296228113,0.08201804584456143,0.7556380774331153,-0.7600612310083547,0.06387668140393692,0.6467044879161459,0.004773785608912068,-0.9945817260178561,0.10384797177750188,-0.7225382442559829,-1.4432152074507827,0.16293973930464486,0.4967575,-9.509771,1.8369553
-3.2568693029446187,-3.0109629673356375,-13.59196027089203,0.654536922503825,0.11212629025406272,0.7476691194058264,-0.7543426379304626,0.03082101736595143,0.65575700491008,0.05048367735549034,-0.9932158677359055,0.10475513542675334,-2.004776211003735,-1.8081496859769215,0.4324779554498967,0.99398345,-9.415434,1.8530747
-2.303389665490416,-3.3182875109297623,-11.503217901782332,0.6588438055271405,0.14871171700275346,0.7374345158348697,-0.7432702878633787,-0.02257542707300526,0.6686102222311304,0.11607807328693144,-0.9886228680940791,0.0956593204211148,-2.6803745068098017,-1.7952960167909586,0.47903795721055276,1.5836884,-9.293663,1.7742904
-1.2038932898755366,-3.757949450608834,-7.520429146592902,0.6582119338849949,0.18480424669359838,0.7297975339060739,-0.7305917946923863,-0.07708797106628493,0.6784490211099442,0.18163887144423035,-0.9797473322856733,0.08427624374384075,-2.8871414615212445,-1.8576058350766322,0.33140749790578194,2.220459,-9.142794,1.6676117
0.1392956606910769,-4.066121807248083,-2.1436326110765256,0.6525524212644321,0.22382551606867954,0.7239319552682536,-0.715146119502446,-0.13389531602408902,0.6860306641159726,0.25048226536527635,-0.9653880995244332,0.0726942365946631,-2.8590106848896966,-1.9146944552735783,0.19454505113501974,2.8601303,-8.9704485,1.580658
1.4669213568694457,-3.671618008193965,2.8890074809322384,0.6451179397812484,0.2535553909434529,0.7207860344761897,-0.6992516687723489,-0.18435433581337235,0.6906957235902763,0.30800965486731635,-0.9495910396535562,0.0583687409337718,-2.77378977027087,-1.607466080147013,0.08566531122884696,3.4610336,-8.798193,1.4779221
2.617967531250248,-2.544106489212499,6.576602594037354,0.6374811119891648,0.2752983373713311,0.7196031248526088,-0.6811976623984133,-0.23499332483866808,0.6933598503116583,0.35998274486424453,-0.9321957748895066,0.03772877785133555,-2.5959981090198365,-1.1128843829756836,0.005134026792571189,3.984694,-8.6460905,1.3312027
3.7104541773226836,-1.0673847827113203,9.315738512110146,0.6335228927413031,0.28581377750146125,0.7189987684016136,-0.664917832357552,-0.2740674140343658,0.6948174787506785,0.39564254142549704,-0.9182578816186983,0.016414696449015703,-2.2088170684271553,-0.586390754609557,0.02252844000224158,4.3961763,-8.530039,1.1490936
4.820503966399522,0.4738517597869003,11.833786547288721,0.6337324770024074,0.2878838486670698,0.7179874910254561,-0.648924532581784,-0.3073539227374127,0.6960104289387029,0.4210464328383589,-0.9070041101640933,-0.007965270838663541,-1.661505054058772,-0.08137365456276804,0.06493723869064105,4.673532,-8.45901,0.9570831
5.893887855567816,1.449865276498123,14.240163135182687,0.6378008282559817,0.28055240169475476,0.7172868696548746,-0.6410327790250164,-0.32289080064207804,0.6962890973411702,0.4269509101658507,-0.9038981584028265,-0.0260967343652228,-0.9774984452727782,0.47025169893206586,0.04499915789875275,4.7920914,-8.441701,0.7741089
6.862319492112628,1.592229131655634,16.32484186390901,0.6458536515820983,0.2607963339200981,0.7175362938220664,-0.6403211126742075,-0.3267853674824297,0.6951260290501555,0.4157666814473409,-0.9084033222160786,-0.04406212415505338,-0.18567114016648506,1.0213271376364035,-0.06869787366060526,4.731955,-8.482654,0.6140305
7.504286100067196,0.8980952209862103,17.702009659778884,0.6534310771953085,0.23578377221783217,0.7193287427276273,-0.6494744820157385,-0.3135159786086211,0.6927413863538587,0.3888582319634848,-0.9198444128850306,-0.051725540291278786,0.8055920262964384,1.3253905857223132,-0.22399937620576288,4.4902925,-8.573,0.52501374
7.630393240485558,-0.1873174942849536,17.413499631472085,0.6587648115077127,0.2130351505353239,0.7215573073260365,-0.6636121456495524,-0.2873314160135798,0.6906949960134559,0.3544683952986576,-0.9338397517818684,-0.047911112764908066,1.8821319513723842,1.4685089883204272,-0.31179253496035614,4.0799775,-8.703379,0.55261385
7.285733068384328,-1.3357889089374182,14.419165867321349,0.6649873439000108,0.18195961202319563,0.7243497304791227,-0.6838973663417753,-0.24138891780462826,0.6884880410521982,0.3001270143848978,-0.9532167067112688,-0.03607887585456272,2.552451590235905,1.5981384516223713,-0.3042962510303897,3.540912,-8.858961,0.65432435
4.420813876393996,-2.0075686669367716,4.303000105455271,0.6725166224625241,0.11446736031266268,0.7311761866572589,-0.7199594841861783,-0.12762699341968572,0.6821801020852359,0.17140517390665694,-0.9851946883604789,-0.0034194128627954984,3.0017208322927407,1.6965963931228523,-0.299732093688294,2.2671113,-9.172401,0.97349244
2.744219167172244,-2.050250764228731,0.31014544009804673,0.6693900074737875,0.08891478853264642,0.737571134382602,-0.7360832501505055,-0.054915245026765175,0.6746597399515685,0.10049112767857409,-0.994524246181984,0.02868897025066433,3.382758926603341,1.1364866010305752,-0.407550129728262,1.6257751,-9.2992525,1.2137588
1.2142767299841746,-2.2247593708418516,-2.94988025874376,0.6623860470787938,0.07052870664491698,0.7458353881214849,-0.7479963283991666,0.006730616828694223,0.6636687362671762,0.041787765394864736,-0.9974870426908307,0.057213480292700826,3.1427509818571875,0.9104345662631308,-0.5597257185650499,1.0322266,-9.396948,1.4735336
-0.39202035526713236,-2.444601129449957,-6.034911825417167,0.6524757537461904,0.056233457152875185,0.7557203114049386,-0.7577612657933621,0.059677172231684145,0.6497972754464817,-0.00855890393581925,-0.9966325468351231,0.08154944360540904,2.7120116652944772,0.7431684765056988,-0.6779758268959648,0.5109299,-9.46565,1.718338
-1.9900391341024164,-2.474523946848458,-8.922460902367101,0.6415470435782902,0.048174179609380564,0.7655694869147538,-0.7656622204508818,0.10094560542867649,0.6352726571471988,-0.04667713626799293,-0.993724928319502,0.10164650405310614,2.155874184223391,0.4714529462152751,-0.7158215583361642,0.093859866,-9.504268,1.9389725
-3.2914450181677326,-2.310503284386807,-11.459823426233164,0.6307339273897953,0.047392898632747635,0.7745505961514918,-0.7726645125352534,0.13078946937500455,0.6211953523403594,-0.07186281311014592,-0.990276743067204,0.11911216659982882,1.511465320046826,0.11834781467874188,-0.6818302400248933,-0.1902481,-9.514429,2.134105
-4.128100449726297,-2.239569902185936,-13.59906957851482,0.6230290649668033,0.05296773365118572,0.7804032312839617,-0.7780075361876995,0.1451069187050285,0.6112677447559922,-0.08086444114526649,-0.9879971666638462,0.13161512383641336,0.7718439926360711,-0.21573682824209192,-0.5325997453535462,-0.3241318,-9.504814,2.286647
-4.483207644573515,-2.52446091207732,-15.207638654607862,0.6189326886668903,0.06359173486164073,0.7828655172868849,-0.7819322004883573,0.1440342498573141,0.6064949865476839,-0.07419137914211947,-0.9875273293055369,0.13887193069754117,-0.03489764849864474,-0.47820951305487874,-0.30267449986250744,-0.30431062,-9.485965,2.3756745
-4.4130369386374815,-3.13759798738823,-15.977714548707695,0.6189765713686729,0.07786087688525137,0.7815405862444655,-0.7835936968307519,0.12884364456168548,0.6077665946259113,-0.05337529750547617,-0.9886035601325338,0.14076248971043434,-0.7910878548618315,-0.7390393102643651,-0.05732087620039829,-0.13008729,-9.462015,2.4012496
-3.9739383007285016,-3.8713400119067662,-15.649157163403512,0.6223776249731154,0.0991039826435661,0.776417730707516,-0.7825471537598313,0.09945648488625729,0.6145960948106126,-0.016310857586619324,-0.9900943430998138,0.13945303039566986,-1.4436343082557646,-1.051786970473569,0.16216670336264113,0.18704681,-9.428328,2.3815904
-3.317555377654908,-4.468108708385641,-14.11698092315869,0.628218346345723,0.1258071273663497,0.7677983303045619,-0.7772991152279443,0.05851404988244346,0.6264041757780745,0.03387912012582803,-0.9903275582705857,0.1345493684463728,-2.0099888905421635,-1.313053186006385,0.3712043646046771,0.6251343,-9.376007,2.3247743
-2.450817043423955,-4.711468010596057,-11.238782829265467,0.6343852227563528,0.16074344642176616,0.7561196555974632,-0.7666849484776108,0.00589426099473298,0.6419964544023652,0.09873995607785176,-0.9869786229294824,0.12697881301211325,-2.4670316658787685,-1.6062998799636434,0.49742519793336776,1.1664765,-9.291098,2.238002
-1.6771771040467793,-4.24726773507652,-7.73108456184076,0.637754079753559,0.197877209022053,0.7443885705109495,-0.7530789559971143,-0.04267815538679648,0.6565444852308758,0.16168432141672817,-0.9792972915322607,0.12179899427166474,-2.7024574084333755,-1.9756291324605368,0.5716887838463116,1.7830948,-9.159967,2.1672058
-0.22127028998807985,-3.646111338690357,-2.9891306925400873,0.6368531583143995,0.24202878389234156,0.7320110125623587,-0.7345779876631033,-0.09783447610285911,0.6714339843398631,0.23412226460932867,-0.9653240300817503,0.11548282193004397,-2.764940608128322,-2.086959135392223,0.4986305382852234,2.4246688,-8.997371,2.116684
1.23977842859245,-2.598349080944165,1.6487063056776379,0.6315928495996578,0.2795265469621944,0.7231565403686654,-0.7154185455376477,-0.14932270379749893,0.6825533201379947,0.2987754625724494,-0.9484553967762507,0.10566732366546618,-2.821617575156642,-1.9416274078646147,0.34581303221333504,3.0536423,-8.8246355,2.0457337
2.711379034353377,-1.3402980091990488,5.803710110272451,0.6250096995241701,0.30922107025457,0.716760214584575,-0.6936331700839256,-0.20122049428498112,0.6916526137007153,0.3581004061154233,-0.9294582520965236,0.08872123054626069,-2.7357037568949707,-1.477775463632785,0.23909580137313913,3.6168702,-8.676405,1.9224167
3.7061312162480062,0.15936208065737456,9.334524543142113,0.6196848323931962,0.3298750346941203,0.712160915795981,-0.6734253939347583,-0.2425537128687995,0.6983308207270925,0.40309917800168293,-0.9123322628621172,0.07183936828268056,-2.373186046400811,-1.0979335104531385,0.21222566375543855,4.086957,-8.555077,1.788388
4.27526928824336,1.6967701860221793,12.317132796636884,0.6170988894696199,0.345326065940205,0.7070635535774871,-0.6541055711366461,-0.27437908220352186,0.7048844026201416,0.4374184065895768,-0.8974775916040536,0.05656067666870198,-1.7997031781913755,-0.7420591210309131,0.2821310799880242,4.440164,-8.464981,1.6697525
4.84975276751538,2.789766789187717,14.77838586202412,0.6187305717185553,0.3519110588879278,0.7023753172294768,-0.640185403233319,-0.29234498151791016,0.7104203412545875,0.4553406736805127,-0.889209209586624,0.0444055455828052,-1.1520660316375106,-0.27550946227515016,0.31887392584056073,4.648267,-8.41717,1.5717773
