0.621223076547387,0.4814971175449492,-0.9947567442331138,0.9989920192797903,0.038189566656939365,0.02359030338597054,-0.03890903364086672,0.9987669775441832,0.030831990989731443,-0.02238375563708756,-0.031718788845291127,0.9992461588206216,-1.5192077,1.1165990999999997,-1.8725391999999998,-0.3227417,-3.815596,8.98451
0.3235180898191239,0.038012558305498906,-0.9671870336639251,0.9961757516824946,0.07395054010398897,0.046531595482479725,-0.07660518519092363,0.995366189031467,0.058118803625316046,-0.04201805994665988,-0.061461104377501005,0.9972246563773968,-1.4496779957934993,1.080528590460025,-1.86658451230264,-0.37321624,-4.091586,8.866209
-0.02717669248094429,-0.29428609191580557,-0.8715730942654664,0.9915782081963176,0.10937263737824389,0.06935620536842764,-0.1150157614228057,0.989857017408481,0.08339340328538049,-0.0595317701274923,-0.09066813817495667,0.994100224859332,-1.3501207619939462,0.9936605094326222,-1.8248465631395858,-0.40430754,-4.3464994,8.747183
-0.36869641605989073,-0.4865194975081913,-0.7613757678065645,0.985901354655124,0.14145885854651777,0.08937510966655104,-0.15054511425131997,0.9830362788325636,0.10476565789457422,-0.07303894484621722,-0.11674359013557116,0.9904727389979036,-1.2409190133292511,0.8647764943593468,-1.7531744560850413,-0.41110688,-4.578462,8.6306
-0.66796861149706,-0.4663994771630029,-0.7049245416631822,0.9788565630663804,0.1736531355971845,0.10809448385157974,-0.186721075163864,0.9743549510173224,0.1255693812905108,-0.08351687872235311,-0.14309793124045114,0.9861784387438102,-1.163829041785306,0.7057621864905491,-1.6542089721720095,-0.39069366,-4.789378,8.518428
-0.8924355384865214,-0.2616027081017721,-0.6875410725674356,0.9736839695979757,0.19453542353933803,0.11872445551064537,-0.2103339241310507,0.9676268479569295,0.13949166094276122,-0.08774490131946275,-0.160792574770439,0.983080149423805,-1.1265461568580268,0.5202531839172881,-1.5273084321098647,-0.33986968,-4.985364,8.409796
-1.0350761172615257,0.08583518532662729,-0.5397864997894855,0.9591982890192863,0.24548170540120998,0.14027606586936986,-0.2680775685120502,0.9473126551221926,0.1753087296913891,-0.08985020647244643,-0.20576070022882187,0.974468816657672,-1.0918852616101296,0.32435669560217345,-1.3835697647235556,-0.15005799,-5.33322,8.202105
-0.9736618670212314,0.20273995682275733,-0.4835087426863356,0.9527986503902838,0.26686889108211026,0.14476092976718227,-0.29185396302691924,0.9364658444062247,0.19455843987351987,-0.08364207123174287,-0.22762406997754261,0.9701501361577614,-1.097948929176895,0.013356912353961942,-1.0806622120950753,-0.020625304,-5.4915133,8.096895
-0.8794590095847699,0.37166980267304983,-0.4257900952900403,0.9469035925272685,0.28590031368546964,0.14708703917579857,-0.312846478362924,0.9248275231484256,0.2163819156100262,-0.07416648457941995,-0.2509084754680442,0.9651654104366942,-1.2058385294363039,-0.0866942681920232,-0.9422549744564905,0.12709045,-5.6543946,7.979022
-0.7514620873906911,0.5461036728269499,-0.32590392890955283,0.9403539358733874,0.3053637834223754,0.14995811102238493,-0.3341571237720471,0.9117779574254655,0.23874667115048617,-0.0638239133853612,-0.2746159429585586,0.9594334744802058,-1.2058385294363039,-0.0866942681920232,-0.9422549744564906,0.291037,-5.828546,7.8414125
-0.5979597522727862,0.5984868795824516,-0.22361092782624603,0.9348658472060637,0.32114656757984766,0.15129682699703698,-0.3511951667043002,0.8988854033341626,0.262043863802071,-0.05184402194301442,-0.29811057311752975,0.9531223864668745,-1.3492242494720603,-0.1462561588544869,-0.8260993911758301,0.46570435,-6.004817,7.691272
-0.4604386893770479,0.490942167842498,-0.1442257705421353,0.9295662477174395,0.3359790151762972,0.15173889569153262,-0.3666991488282997,0.8850217638265653,0.2868243570583142,-0.03792526009298837,-0.3222647652388956,0.9458895790378488,-1.392892346701425,-0.19254694474924816,-0.7448231437116846,0.64345855,-6.1694045,7.5424604
-0.3549553406379237,0.34804280929070164,-0.04807033505141001,0.9254131062788938,0.3475642852771479,0.15102864075080008,-0.37816649132915203,0.8727436659576279,0.3087209069153534,-0.02450892823130319,-0.3428083446047157,0.9390855931736614,-1.3258808687790662,-0.23222013351759485,-0.608923412864566,0.81919706,-6.3239427,7.395027
-0.25770156917301595,0.26570265119263864,0.05954124988878513,0.9213489110630801,0.35831426771306885,0.15075499871023798,-0.388601973748818,0.859157634663448,0.33292140934165193,-0.010231817111322405,-0.3653204680178162,0.9308255827843605,-1.3588475101857709,-0.19638459438242323,-0.5303586606881164,0.98887634,-6.4792557,7.2393174
-0.18524121779731959,0.16751088882675838,0.1042148548347738,0.9184886509080974,0.3654711665591778,0.15102789334059197,-0.3954469998824319,0.848363164526365,0.3519966070273909,0.0005181090689980522,-0.3830284160329172,0.9237364148253047,-1.3526910023399943,-0.14987458019916935,-0.4553467170021672,1.1477509,-6.635147,7.0767927
-0.1944567484759868,-0.011227817317722003,0.043353371959121464,0.9152268942509759,0.3732481278535212,0.15180766480502483,-0.40272331881051093,0.8350128815570153,0.37492321363193465,0.013178031945660085,-0.4042762949861041,0.914541971035965,-1.2706443462082544,-0.11445430009239041,-0.3931571063846172,1.2916381,-6.7827287,6.918486
-0.2999387771809735,-0.18848616286171466,-0.02355310868770505,0.912219867311544,0.38028742310582814,0.1524348697301188,-0.4089039945695625,0.8218855242353822,0.39661279389019477,0.02554284453941421,-0.42412929736091093,0.9052413502558174,-1.1643830379260849,-0.11169463195163942,-0.33900064681112746,1.4222015,-6.91723,6.769803
-0.4673078665020624,-0.338988416268993,-0.027177143756763417,0.9096062718409414,0.3868494533999122,0.15153854503661005,-0.41371587505697177,0.8098711644060981,0.41587001790145317,0.03815239118938356,-0.44097187831844814,0.8967096506555688,-1.0058024223234674,-0.16749466862806214,-0.2723908383360015,1.5449203,-7.0292892,6.6381545
-0.6601482025350087,-0.5486521852806613,0.0002855094022625182,0.9079840285512156,0.3915712611101388,0.1491205933750297,-0.4161568225548877,0.8013441471926089,0.4297220692507774,0.048769897856416326,-0.45223832791213736,0.890562738851289,-0.8141505354667017,-0.21973135430873622,-0.1749095150811068,1.6569427,-7.113832,6.5290923
-0.8578600690525375,-0.8260999553715398,0.11443010815423316,0.907385714817438,0.39441725155646024,0.14521086811907333,-0.41617966272173335,0.7949119198954534,0.4414855920015379,0.05869968383280534,-0.46103152959724164,0.8854401593756388,-0.6527583489088765,-0.2343129625609744,-0.03987055039156637,1.7511154,-7.17565,6.4408827
-1.0274788391801715,-1.056145523913382,0.4441239465568412,0.9081093982475041,0.3940391926969171,0.1416701642312798,-0.413432484583907,0.7900763080202409,0.45260690250578695,0.06641461815996191,-0.4695876298667454,0.880384323105994,-0.6561107338528654,-0.15570273446363994,0.11698863220638026,1.8222336,-7.236702,6.3535004
-1.151558330714704,-1.1684443136808293,0.9713182448242725,0.9106549267362362,0.38925128686164256,0.1385317295336183,-0.4065011253623038,0.7841091631186271,0.4689665823836351,0.07392184717795508,-0.48338003267611473,0.8722839586509874,-0.749032915324821,-0.01231032461632986,0.26534582896476056,1.8658264,-7.316522,6.246417
-1.2912168711385426,-1.2482022842193445,1.5401018108458502,0.913966154315698,0.38198414292474653,0.13694518362987507,-0.39832160015708096,0.7800610972189608,0.48253972629603614,0.07749691357516075,-0.4955732026245952,0.8651019762009137,-0.7546507543720163,0.1273989697903986,0.4074769932544646,1.8767624,-7.4101944,6.126509
-1.4851874501807263,-1.341357831989213,2.056061679257644,0.9192842795162272,0.3693723386642485,0.13594296180396626,-0.38572902291762995,0.7767691426005783,0.4978381463714617,0.07829134251845117,-0.5100919275319562,0.8565492928917706,-0.705982436958839,0.26322876202639206,0.5535730733044989,1.8511902,-7.507167,6.006154
-1.685688817052762,-1.331224938115334,2.471019895950127,0.9242869821944395,0.35654592956396886,0.1362665573692277,-0.3740080884661579,0.7746847716001404,0.5098837655904811,0.0762333542997173,-0.5222437216110921,0.8493821112608918,-0.724723922889568,0.4306674671055568,0.6910859981484685,1.7875321,-7.6120176,5.878171
-1.7886823636384368,-1.0861003715546664,2.7785730428082998,0.9309820038510119,0.33768882904669406,0.13870386888124983,-0.3581207396978651,0.771031878596354,0.526554249803789,0.0708663834537095,-0.5398852627413069,0.8387501766145519,-0.8831324914757084,0.6458704015717626,0.8102479587847946,1.6857727,-7.738818,5.720801
-1.7971078556660016,-0.664209367158175,2.9434891441138014,0.9383388658807255,0.314479446291342,0.1436065828503862,-0.3400434085028278,0.7646019061851982,0.5474983154236552,0.06237510009172572,-0.5625714202821297,0.8243923483210496,-1.1356731171254704,0.8895087499614349,0.9097510365718154,1.5475724,-7.8958893,5.514586
-1.7435483621772483,-0.1875583240477714,3.0057323726447236,0.9467674544876706,0.2839759200902947,0.15162144944501424,-0.31811176171357564,0.7530865446580537,0.5759041268427226,0.04935883084536835,-0.5934798505963487,0.8033339111189781,-1.4267506378206392,1.1333833881220399,0.9858024393435635,1.3734696,-8.0839405,5.248004
-1.3038919661281347,0.5120478490882359,2.9282866175072004,0.9597379616779991,0.22431907656428954,0.16906802418998054,-0.2802456352448857,0.7236913935210432,0.6306608842077979,0.019116193144814983,-0.6526497673583556,0.757418545011102,-1.7864550547006188,1.4679960691413731,1.0718673747449208,0.9340088,-8.500142,4.5843477
-0.916738213185845,0.6936112699190395,2.719063600085973,0.9660214144670936,0.1864802589263758,0.17896295656293681,-0.258454060522939,0.7024038340199801,0.6631970691681603,-0.0020311056596659955,-0.6869162736351387,0.7267337253939813,-1.8535650509864963,1.572649150972741,1.0698157341327035,0.67791903,-8.701239,4.2061477
-0.6068036183242216,0.6302547673562077,2.2513788620624977,0.9719011404369154,0.1407565825749403,0.18866838017868,-0.23370319394289543,0.672773614855275,0.7019675778093003,-0.028124550810854396,-0.7263354924663883,0.686764706449958,-2.0322040567709263,1.6557568186174967,1.1126400891031154,0.40455323,-8.885727,3.7938247
-0.32786691072987234,0.5519457289888541,1.6434084635097639,0.9757517385474304,0.10158157462769282,0.19388070666733542,-0.213137979840931,0.6425269066378263,0.7360240320775903,-0.049807090569453816,-0.7595000710616066,0.6485976378205683,-2.331500041489658,1.7028276752695575,1.2010284014775132,0.121203616,-9.056343,3.3212905
0.03493494019061652,0.5231219637070185,0.8271303279553663,0.9792275715872207,0.05706041150496126,0.19456996808931895,-0.18919344367971966,0.6022799593256192,0.7755415472193221,-0.07293287264329326,-0.7962430282480445,0.6005645977364813,-2.6474945795399165,1.6922858480196483,1.354278547241448,-0.17017059,-9.208769,2.786342
0.6296836397294779,0.45245980322581836,0.1555079655487267,0.9813422682309016,0.013744105822401037,0.1917770897124348,-0.16666368756625186,0.558143446236758,0.8128339982245911,-0.09586744927371028,-0.8296306364751117,0.5500203988868543,-2.8367329592564983,1.7106661259497984,1.4189082914267535,-0.4675766,-9.335325,2.209334
1.3353621569311105,0.176580050769635,-0.12177976891367087,0.9820355944414695,-0.028107112203307007,0.18659067901044768,-0.14619897025669046,0.5118347994127322,0.8465524196445321,-0.11929774660852804,-0.858623973782307,0.4985307606360997,-2.6317722201324045,1.56913570558583,1.2926529075533237,-0.7367813,-9.438609,1.6443634
1.9805600740593032,-0.2332174751070525,-0.12247698642450366,0.9815028072543576,-0.06705412178787065,0.17932089700610024,-0.12777904467594658,0.46805442715296897,0.8744126994527293,-0.142564915366711,-0.8811519721215884,0.4508286225748302,-2.4783874953166762,1.545842641003509,1.2805494221788236,-1.0088974,-9.505808,1.1005188
2.419324533298275,-0.4338594200049055,-0.21181996952632187,0.9798127239132263,-0.10344104567361709,0.17107593672896323,-0.11160857755867103,0.4269351679883636,0.8973683122052385,-0.16586305035502555,-0.8983464322880663,0.40677160191221506,-2.1799741983263616,1.4438941236808798,1.1602980469490518,-1.2701584,-9.541174,0.6107437
2.6057825147093037,-0.32551537207522596,-0.4622682190097502,0.9772933573529553,-0.134979190950685,0.16333496773222544,-0.09872073228587039,0.3920188747978176,0.9146449687278638,-0.18748842815152675,-0.9100009998964574,0.36979219772288063,-1.9194133855816204,1.3838018216321313,1.0483021326939916,-1.5203232,-9.554364,0.17033997
2.5140053590103624,-0.27310531940757415,-0.6407005333522899,0.9735843403416081,-0.16847376618924206,0.1541107470217709,-0.08554696632208549,0.35664074418416875,0.9303166644432694,-0.21169612371199376,-0.9189254429461488,0.3328074240631376,-1.5920364575345018,1.271230200620783,0.9357263848668878,-1.755983,-9.549646,-0.20465088
2.3229691402205037,-0.44257371319946454,-0.6449495944187686,0.9698697293903166,-0.19530673285643385,0.14562962649577754,-0.07505610601728042,0.3291494084213275,0.9412902038613881,-0.23177421979563864,-0.9238592679823244,0.30457308482741396,-1.3944589455033534,1.2020447446011364,0.8860579156367563,-1.9786727,-9.528111,-0.5345947
2.026105616839488,-0.10198100250067617,-0.7868764091867014,0.9612585758376351,-0.2392065485291639,0.13697509817250075,-0.06429762757103846,0.288632294025991,0.9552786053995088,-0.2680443348913341,-0.9270769256032959,0.2620698543262914,-1.1005566501394979,1.1447245328574551,0.6008405670593963,-2.3885117,-9.425735,-1.0753067
2.0400552002056305,0.3987562011329975,-0.44985829516316206,0.9556242994343508,-0.2610749584056339,0.13646268509780496,-0.06330929613997331,0.27040083645075874,0.9606639998818483,-0.2877049380057067,-0.9266732184218054,0.24187313804328472,-0.8629630321194666,1.0417493854112614,0.2996737117064866,-2.5634797,-9.351817,-1.2973359
2.019537979731971,0.7666259469972141,0.3161594513585726,0.9484086221601394,-0.2855236034833646,0.13783090098443113,-0.06354398288744292,0.2547269027140963,0.9649229851508793,-0.31061752631026196,-0.9238996032511098,0.22344188385648747,-0.6564838368515101,1.0586675345244265,0.1958975652364386,-2.7287872,-9.273821,-1.4690201
1.9179867149297745,1.0949882099473802,0.8132392277259326,0.9407146170429225,-0.3094411571774866,0.13893228396037224,-0.0650542250568111,0.23739626781192308,0.9692321496067017,-0.3329023236386996,-0.9208089825113719,0.20319168448124747,-0.8494718766903736,1.2100127378549996,0.21128434037844684,-2.9182754,-9.176595,-1.6568635
1.7195555517672458,1.579739059828952,0.7494789889447471,0.9345210230163714,-0.3268895657565475,0.14076103629886372,-0.06837327145905969,0.22323910629822272,0.9723627909217613,-0.34927861842720953,-0.9183177626609794,0.18627112897846848,-0.9740532793046632,1.2217530271528478,0.12077430264771793,-3.092006,-9.066319,-1.8632355
1.5961898085533635,2.062901619596964,0.5748091051800677,0.9251511224708036,-0.3517645236376178,0.14267838133722896,-0.0747208108234642,0.1997575540264251,0.9769921801320951,-0.37217227331021885,-0.9145264564349027,0.15852179490443635,-1.186080554437001,1.277645816124173,0.13119572815439284,-3.2608414,-8.936518,-2.1093354
1.6160633053594295,2.3896016844237304,0.550358518179431,0.9147116915944112,-0.37799002357054823,0.14291977939258987,-0.08246262597021681,0.1716324472479537,0.9817037324823485,-0.3956038884775863,-0.909761422095274,0.12582415622049214,-1.3632478503641956,1.3012340396616395,0.17743626608100382,-3.4268188,-8.789991,-2.386177
1.6665069410745121,2.7471472185254857,0.3734132978533788,0.9028930014028375,-0.4062461280523726,0.14052868554224263,-0.09103041337125485,0.13880365420098942,0.9861272785101883,-0.420116283734913,-0.9031598025947059,0.0883440949801331,-1.5053111727010242,1.3469168857643574,0.25500196134861386,-3.592772,-8.627657,-2.696666
1.6428194834521284,3.0876476598885634,0.014574999130269162,0.8923100528276485,-0.42959531205614754,0.13867457402891067,-0.10005701326544489,0.11133784455122896,0.988732763929205,-0.44019468842674303,-0.8961315485072872,0.05636385411604812,-1.4736588070705756,1.3017864455810138,0.19149678670572334,-3.7523758,-8.462756,-3.006256
1.5613294900707162,3.148614046019924,-0.22361797079113618,0.8816156128010845,-0.45115383371909773,0.13861504098014993,-0.11148796995868011,0.08631375514963215,0.9900102869296167,-0.4586113210768576,-0.8882624353154482,0.02579732907898693,-1.3253699771992302,1.1578496694114828,0.050973504422948235,-3.8830688,-8.314096,-3.291037
1.4248683600859025,2.9066616354971435,-0.1655806339355142,0.8729392936292975,-0.46732520402510036,0.1399433575446906,-0.12112759975270025,0.07024580356402438,0.9901482877123984,-0.4725516841744749,-0.8812903498646423,0.0047143418760998215,-0.9724002931140463,0.9547870113694518,-0.055015641312443464,-3.9893677,-8.187311,-3.518228
1.1755891737785138,2.5463420296197214,-0.21993571243772433,0.8643328246123226,-0.4827605786842237,0.14096450605083824,-0.13032862470449555,0.05570896774664093,0.9899045208984747,-0.48573986647208434,-0.8739786808504415,-0.014766432832771001,-0.8301899901532845,0.8542405240129967,-0.05420640477126698,-4.0800323,-8.081446,-3.6919036
0.7655158202708525,2.24114777077633,-0.6803959456109632,0.8589713035260396,-0.4916647356562184,0.14294784864025273,-0.13892982749444485,0.0449070526597562,0.9892835082289495,-0.49281518112892964,-0.8696258645725271,-0.029733027349157642,-0.7699126019298188,0.5837742491073815,-0.12624993991143335,-4.1347075,-7.9949584,-3.8518767
0.26021081709577193,1.956091407448272,-1.1501838785557317,0.854427768280244,-0.4986601322527381,0.14591525380618267,-0.14911637826557886,0.03367226440090908,0.988246165863077,-0.497712260773831,-0.866143320191178,-0.0455878751819525,-0.6519115511417148,0.36077779094564777,-0.14561702617073635,-4.1492844,-7.9337783,-3.9830108
-0.16424248894470206,1.5776974505499681,-1.185292250829545,0.8525108747284263,-0.5011459592499314,0.14858645966991327,-0.1564216091559189,0.026644697877785523,0.9873309173038566,-0.49875594097599063,-0.8649524770774797,-0.055675162673195944,-0.49619193580200693,0.15092953872877524,-0.14509042719224396,-4.1373687,-7.894357,-4.081697
-0.3974730280058826,1.150690424376301,-0.8818942346530505,0.8521361085779365,-0.5011136248362917,0.15082833772565024,-0.1618485079383647,0.021725067870983505,0.9865764450381566,-0.49766365442513055,-0.86510875410519,-0.06259177769316852,-0.34415521850952013,0.0012860102956917191,-0.11169109297172003,-4.109352,-7.8755555,-4.1463213
-0.4531352486619062,0.7985241048675419,-0.43147318864869394,0.8530632766169736,-0.4988236456335816,0.15316010134605956,-0.1659797940888301,0.018877807525391616,0.985948445070666,-0.49470572469069113,-0.8664978932114363,-0.06669068164594698,-0.245143908653775,-0.13955604930220095,-0.1180746021655057,-4.065976,-7.874522,-4.188672
-0.523559857850301,0.43543631393283644,0.5978268227493384,0.8573521917091361,-0.48928251214810403,0.15984318151732477,-0.17492923829051696,0.015091702085932,0.9844653382010203,-0.4840939794736551,-0.8719947613570797,-0.072650913298944,-0.19327937949813417,-0.26995127980453554,-0.1495470382669558,-3.9320922,-7.917479,-4.234839
-0.5622352771031741,0.5275676994844839,0.9724821344511276,0.8605544950402094,-0.4828654066367282,0.16213253880586997,-0.17816252625814705,0.012853309360559378,0.983917123885847,-0.47718348180066433,-0.8756002464093015,-0.07496754754269588,-0.16937737149227017,-0.3489906437826193,-0.08479700828349912,-3.871779,-7.93703,-4.255269
-0.5000741486859054,0.6746883967552562,1.19779907232674,0.863413280623417,-0.47785200869816535,0.16178678755150722,-0.17903613592844295,0.009590786554114564,0.9837957505727934,-0.47166043810661096,-0.8783879977529305,-0.07727196470051796,-0.1763714206295149,-0.3074729078178468,0.04265705325045701,-3.8210387,-7.9516096,-4.2761
-0.35606321912858585,0.7293256598432731,1.40925246825069,0.8658693159422816,-0.47397808166002553,0.16004719871190218,-0.17826441042471244,0.006596171228635405,0.9839605126736808,-0.4674314149536536,-0.8805119355414808,-0.0787820010117847,-0.11751898487953726,-0.2302306213853797,0.11026319859184908,-3.7806976,-7.963481,-4.292328
-0.23402612927619426,0.7078082317070821,1.6208900565791016,0.8678099355040786,-0.47113447596396846,0.15791840107651609,-0.1764272451984544,0.004953910654464388,0.9843012170676783,-0.46452055174350587,-0.8820474841681621,-0.0788219048267974,-0.030108736560743025,-0.1729878817902015,0.12925269824708646,-3.7551804,-7.974359,-4.2957582
-0.12902194344835793,0.6930985745060556,1.7322852741524517,0.8695710894053672,-0.46871645275955787,0.1554059438466233,-0.17287007052318482,0.005847326352095004,0.9849272803064407,-0.4625603303220801,-0.8833293245936248,-0.07594238029782253,0.11356344655251716,-0.12591405657975963,0.12646305344726105,-3.746762,-7.987451,-4.2775893
0.032875982990251296,0.7007423940979122,1.686079894960856,0.8707709117612444,-0.46689504830326056,0.15416560284443068,-0.16898786632919344,0.01026025363182562,0.9855647255400927,-0.4617370683235184,-0.8842532109443012,-0.06996526760254801,0.2743910524845261,-0.09911890468360884,0.06751108218283014,-3.7508545,-8.008128,-4.2318544
0.19307924438941848,0.6431895812036786,1.4206674580433865,0.8714472872577833,-0.4653275344475616,0.15508033794135057,-0.16556057888797987,0.018558478532512045,0.9860249883206997,-0.4617026318414561,-0.8849439917641747,-0.06086716020286598,0.4299465446951141,-0.08445858416127633,-0.0389547007823019,-3.7616546,-8.03945,-4.1575775
0.2501327222689459,0.47113318929576303,0.8933227830158239,0.8718574198475388,-0.46397587558961806,0.1568152617816243,-0.16325309299242696,0.02655737230406504,0.9862267151140808,-0.46175000496502233,-0.8854496557383432,-0.05259125466892271,0.5381939866643302,-0.09792591535216887,-0.11043761839890598,-3.7737167,-8.080683,-4.0607347
0.2279624738317081,0.20281806113215065,0.14135920107779826,0.8725221081745853,-0.4613840552260583,0.16071690741715527,-0.160609126371658,0.03980722048450253,0.9862150342209511,-0.4614215851829103,-0.8863070228653589,-0.039369810093962045,0.5819753459046343,-0.12496106421441161,-0.17185120826168576,-3.782228,-8.128899,-3.951776
0.1890423012072336,-0.1199524097043568,-0.750196307808255,0.8732339896134484,-0.45821329219547113,0.16584021900361567,-0.16007702428720336,0.05170560945376994,0.985749398298761,-0.4602583466697085,-0.8873370886007201,-0.028198324674784177,0.5576644034195238,-0.17136914897399383,-0.2628911036370811,-3.7787795,-8.182422,-3.8416886
0.12190396668324788,-0.4689727806198247,-1.6274770943568302,0.8744187613624141,-0.4530337711860589,0.17364398043801757,-0.16172093202432142,0.06527359659019545,0.9846754276071715,-0.4574255894925489,-0.8891005341091177,-0.016188586234634712,0.5374494768952685,-0.25350486487266133,-0.3718968833535846,-3.754724,-8.243843,-3.7320952
-0.021873831199039406,-0.8592805427529662,-2.371800018889865,0.8758754315041064,-0.44689911651091463,0.1819983740291629,-0.16468532052957416,0.07767322489462009,0.9832830799604669,-0.45356474035088595,-0.8912059525139147,-0.005565654876093319,0.5231346656257394,-0.336157179310056,-0.4554788496731108,-3.7099197,-8.313164,-3.6209579
-0.24870308327603374,-1.3161516480950568,-2.982268302304739,0.8782178791633265,-0.4379256446449183,0.19223549745091634,-0.16910448566951003,0.0916489915237308,0.9813277410117043,-0.4473667730669311,-0.8943274523992966,0.006432592064260318,0.5060504293620639,-0.43727465189260767,-0.503033559083019,-3.644223,-8.389369,-3.5079713
-0.7775886204675637,-2.3953834316522986,-3.7687711946663143,0.8853217612624441,-0.41285264835541235,0.21391135963544772,-0.18062936239757332,0.11855022572787034,0.9763804982790869,-0.42846051448763595,-0.9030495748992929,0.03038178400287008,0.47596228199969426,-0.6251577989898973,-0.5599228667850693,-3.452809,-8.558133,-3.2744842
-1.0425140933317563,-2.9667998719282975,-3.902982458901315,0.8889513985983953,-0.3999902083286185,0.22309918012217117,-0.18589413121863535,0.13007872974780657,0.9739214013695698,-0.4185794821875832,-0.9072416201367891,0.04127783646400509,0.46172096933876594,-0.7154290261132803,-0.5507975213721865,-3.3321395,-8.647577,-3.1535325
-1.3785925694632168,-3.4833955301383064,-3.8571567988543958,0.8940895853312163,-0.3827117857136403,0.23267037301326088,-0.19147785808628245,0.14300558020664447,0.9710229831947601,-0.4048951015571104,-0.9127327610563991,0.05457896691418385,0.4641888702600927,-0.8400987857328807,-0.5170837794668598,-3.1923995,-8.740486,-3.0280945
-1.816288328445851,-3.965355639851956,-3.5308332840311905,0.8997469457548438,-0.36387957298032175,0.2409296369741351,-0.19608129129397622,0.15613667218698596,0.9680772008486004,-0.3898814702051338,-0.9182662990473038,0.06913351737508298,0.49443687073524084,-0.9044887553171999,-0.4636427386220672,-3.0451493,-8.834101,-2.8949356
-2.3543965056069514,-4.410501837988825,-2.9702167425258037,0.9049959626780345,-0.34692144982156503,0.24622716176360532,-0.19856202907693665,0.16741476771043307,0.9656839111020296,-0.3762385255995284,-0.9228314056241071,0.08262426186373953,0.46943913551750904,-0.8408611659239763,-0.33350938252741497,-2.9082565,-8.9216,-2.7644744
-2.946882641336712,-4.773630873914008,-2.3618944214261863,0.9096462760905241,-0.3339818171743174,0.24698137215503313,-0.1978523305858559,0.17443794175493138,0.9645858488273864,-0.36523705682253443,-0.9262977654476147,0.09259774322503034,0.3516998291938499,-0.6990942402008501,-0.103565108311651,-2.7994905,-8.992648,-2.6601288
-3.4672295233792347,-4.972629218544103,-1.6466540519012813,0.9145661945606145,-0.3227865999632368,0.24367496106717568,-0.19396108450417104,0.17863387681780676,0.9646082291536847,-0.3548912135639341,-0.9294615370940393,0.10076446594858689,0.25901787600548354,-0.6107556118680639,0.10654071608801627,-2.7140458,-9.04775,-2.581447
-3.8140093047324752,-4.964529196858825,-0.683476243189146,0.9192401583401277,-0.31474270609761107,0.2365048842057384,-0.18674229388070152,0.18026899923263337,0.9657279138514324,-0.34659031574899846,-0.9319013450328408,0.10693472847953414,0.20226954207559322,-0.5070456366356672,0.3270556793473429,-2.6559157,-9.086848,-2.5226562
-4.030185456605584,-4.847737722251782,0.39325521343027087,0.9240332489936302,-0.30919387813950844,0.22485929039140645,-0.17518135718170114,0.18034874884098875,0.967876965779984,-0.33981472429877596,-0.9337416529814556,0.11248323713872167,0.18895965478472201,-0.40204406629106887,0.5523215608342515,-2.6277986,-9.11201,-2.4733567
-4.175966195554573,-4.730325858090989,1.3985589260903475,0.9284606284126203,-0.3068418307862278,0.20930588230481734,-0.1598189901861623,0.17865248314290097,0.9708456008257709,-0.3352890571783059,-0.9348429713843025,0.11683264522320391,0.1717582104203233,-0.28843801675998126,0.8110742141135274,-2.6340928,-9.122081,-2.4331527
-4.203369717971273,-4.4917265947746445,2.1457157362957697,0.9333124148357149,-0.30813946377478507,0.1843312430873129,-0.13558153882362356,0.17292787571040258,0.9755580946988791,-0.33248395847581014,-0.9354923947669889,0.1196177106008139,0.09868243703568319,-0.15191950863471249,1.1419760703952704,-2.680388,-9.1135,-2.4090133
-4.081506018064703,-4.093414617998559,2.8249078806058048,0.9366553526822007,-0.312544094540442,0.15809155341028572,-0.11083067700885657,0.16369396109647588,0.9802657028246502,-0.3322548890920047,-0.9356925114953314,0.11868535126972804,-0.054433487188067564,-0.006521387225184805,1.4990118399233734,-2.768216,-9.081807,-2.4142747
-3.6590032090600197,-3.6018789083072225,3.602855009845582,0.9391525593188528,-0.32127974148097815,0.12153928598919853,-0.07708477829510046,0.1476800470356708,0.9860266429781391,-0.3347393124209396,-0.9353982742241179,0.11392831649110964,-0.21670128620248874,0.15219204618243692,1.8494068349477448,-2.9005065,-9.02507,-2.4519851
-2.9505456095432008,-3.05295521893165,4.45826404776416,0.9397311817858208,-0.33238547239748495,0.08015736846057832,-0.03930842887254905,0.1278565786008813,0.9910133918005597,-0.33964710126688236,-0.9344370460590578,0.10708526300769196,-0.32922243928369166,0.2912707446686688,2.2031611926641395,-3.074344,-8.946401,-2.5100067
-1.973262476055895,-2.465181147408405,5.265365299187153,0.9378749187741926,-0.34560669336799177,0.030767681640710504,0.006211703877158747,0.10538441145413449,0.9944121582912236,-0.346917931893472,-0.9324431024581118,0.10098420276977768,-0.2758635409300968,0.3791937435957835,2.4444283942783103,-3.2838607,-8.851418,-2.5605254
-0.768144684048828,-1.7158986195946093,5.963716808864892,0.9329291825162551,-0.3595662953148199,-0.01884727256467874,0.05268850454725151,0.0845494451604632,0.9950252824987079,-0.3561840281345106,-0.9292811579907523,0.09782365514148637,-0.15665350574597703,0.4926725091169556,2.5547553478152376,-3.5209548,-8.743985,-2.580536
0.528873188392633,-0.7500396209685829,6.422588344399292,0.9236952659822221,-0.37652733622072115,-0.07081116211840952,0.10163120320182105,0.06260200061089632,0.9928504862542321,-0.3694024284405585,-0.924287917587394,0.09609209782378884,-0.1147906699332284,0.678552883642592,2.5926115094787985,-3.7894835,-8.619336,-2.58031
1.673165981989728,0.26827833554249597,6.555121255401389,0.9115226853468645,-0.3941240790447441,-0.11744191932684389,0.1450915591023494,0.04098919097934324,0.9885688269918843,-0.3848049292502505,-0.9181427430089458,0.0945466545400652,-0.16626125680356196,0.8735846888667033,2.5963400707768662,-4.0864716,-8.471873,-2.571843
2.6548103828568155,1.352535058896704,6.401098303716566,0.8915338056159811,-0.41817730698379724,-0.17405520207010458,0.19583654233597098,0.009368739419837745,0.9805917985622643,-0.40843055974030357,-0.9083171068770324,0.09024694579186633,-0.34280783276270765,1.0550836367388796,2.556230024071027,-4.4071336,-8.293669,-2.5787368
3.4861487805308453,2.4823727464261074,6.066732842880852,0.8723131992762835,-0.4383681482515222,-0.21657111757320335,0.23169069302883252,-0.019456518040372302,0.9725949139644756,-0.43056835128954196,-0.8985848933207571,0.08459364257158641,-0.5618569560351007,1.2318646699592797,2.4829347931498833,-4.7478666,-8.080213,-2.6083863
4.239856662688496,3.6717639923567855,5.575619905282722,0.8489837982220553,-0.4609442215460133,-0.25837363445172273,0.26422824961178215,-0.05312414642415397,0.9629959798326266,-0.45761331106464415,-0.8858375978078855,0.07669294521928482,-0.7579034335673811,1.388017644131813,2.3236912281894515,-5.1003723,-7.8320055,-2.656961
4.8963982458705635,4.798529188042077,4.844643842328422,0.8229594580509183,-0.48497218863727076,-0.2958710980358071,0.29056978050440874,-0.0881968870209093,0.9527804111008173,-0.4881669110684981,-0.870070850774922,0.06833580005856804,-0.896199483878676,1.5628501516074995,2.110745240188926,-5.4605165,-7.5516996,-2.710759
5.350066497016762,5.775934622222401,3.681723629796365,0.7940483123902616,-0.5109193658718669,-0.3293154705859819,0.3101627667496095,-0.1253742684471894,0.9423801520265382,-0.5227679558966914,-0.8504367668371481,0.058914937827119054,-1.0627460080759805,1.7272023576707458,1.866020433685803,-5.8247466,-7.2400575,-2.7677276
5.474408467155046,6.567136791050841,2.009542053945813,0.761697683763321,-0.5389336642360587,-0.3596764436305038,0.3225643708476612,-0.16602482408043678,0.9318733736129144,-0.5619331501248567,-0.825824595990066,0.04738007438364655,-1.2360768851716981,1.8186904984974936,1.5968909394763686,-6.182985,-6.8998537,-2.8353684
5.238514494548861,7.1179263351497255,0.07993743188646807,0.7279408695806735,-0.5662483983248177,-0.3866068310166178,0.3278759015852827,-0.20772328707867016,0.9216010140862869,-0.6021623398667268,-0.7976301068790042,0.0344489338937679,-1.359724729404972,1.8250882283915706,1.3819315678681314,-6.524484,-6.5409317,-2.9142241
4.772822561098482,7.290222027410093,-1.669143450652499,0.6990248929105731,-0.5882223600633041,-0.4066431534071594,0.32812909293511766,-0.24140956207448108,0.9132648694155416,-0.6353703624351228,-0.7718263266179539,0.02426157617502268,-1.3478056433006909,1.7886209579963328,1.187242625212265,-6.842415,-6.178766,-2.9906707
3.5314066306734175,6.632359652008307,-4.628651064214588,0.6399033649841873,-0.6270725540976538,-0.4441888060041123,0.32222577353780185,-0.30580204250936754,0.8959105210148312,-0.697634742791584,-0.716425238733634,0.006375182787658907,-1.2925055185560321,1.6972613059476358,1.0663468445440663,-7.391637,-5.4911804,-3.1195817
2.822953268360345,6.14523380370975,-5.863147254647311,0.6110100272636801,-0.643290702125009,-0.46134999636149343,0.3162464441772572,-0.33590961045528056,0.8872163885710321,-0.7257099511020076,-0.6879984056400822,-0.0018057431230888727,-1.214509493145463,1.5272427585058597,0.9246358992806666,-7.6108065,-5.1894164,-3.174054
2.150535579861148,5.717507869788853,-6.754277709367141,0.5924872684749335,-0.6533280394461183,-0.4712974746045258,0.31019382721298205,-0.3549072541176687,0.8819413985824802,-0.7434639374267425,-0.6687326176044865,-0.007619704572772088,-0.9203017643196908,1.0848720002053216,0.5903019597486509,-7.786551,-4.932332,-3.221965
1.5071665594381205,5.32752330746394,-7.344558486560463,0.5777949466280194,-0.6611544615555962,-0.47856846700995037,0.303690694259215,-0.37009472448332215,0.8779532203540071,-0.757578353618608,-0.6526137240931607,-0.013052404137757148,-0.727668191139757,0.7917381767570454,0.3926734594348378,-7.914729,-4.731885,-3.264299
1.0050613685470875,4.955548439096195,-7.634371730402194,0.5701209067440137,-0.6654276675500095,-0.481838324495196,0.29817984143996185,-0.3789021183647778,0.8760833104548477,-0.7655396357160245,-0.6431478865374887,-0.017602902889530175,-0.5201846738101397,0.45373142126342575,0.18734053555246677,-7.9915953,-4.59816,-3.3040633
0.6485611957513036,4.645931465707393,-7.667648128711965,0.5689085753683525,-0.6670316697303416,-0.4810527875910338,0.2934841216032519,-0.3817560987960034,0.876429889608305,-0.7682513281727015,-0.6397898347182527,-0.02142111463185555,-0.2877387488348477,0.1030706424705581,-0.04984198960049595,-8.015135,-4.539012,-3.3419158
0.42087346050507857,4.497147888698442,-7.444750498074014,0.5746962766299392,-0.6659612730246558,-0.47562566421405855,0.2891891962790981,-0.3784297294719486,0.8792954842413551,-0.7655676314886453,-0.642873644414801,-0.024893351194599667,-0.056331161615708725,-0.2703310287429991,-0.3111468039826725,-7.9829116,-4.560608,-3.3783615
0.3467451924820164,4.590814524435647,-6.97164891263899,0.589670795236907,-0.6606103141194862,-0.4646314304086921,0.2836027290585959,-0.36929204844776947,0.8849818501098025,-0.7562128306999232,-0.6536186929947798,-0.030409847954320914,0.08206882800758325,-0.6801659645827645,-0.5375492403597641,-7.8915925,-4.6577272,-3.4261642
0.40265522439936285,4.903350578518223,-6.330197755958448,0.6076903727246183,-0.6529958468493402,-0.4520053483038972,0.27767843496381406,-0.3585238095409333,0.8912661581975978,-0.7440477791471873,-0.6671260015842359,-0.03654860265958547,0.16436292338887415,-1.0834796000089832,-0.7711107667400503,-7.739133,-4.821242,-3.4950013
0.7167582560261905,5.318868687584126,-5.566230154050996,0.6333152968606746,-0.6414995760324661,-0.43288569936236276,0.26870552007561693,-0.34228451868644466,0.9003547366168976,-0.7257472550710532,-0.686527204280905,-0.044399544356628004,0.2463966053607558,-1.4161890592184072,-1.0393821583787015,-7.5281754,-5.043083,-3.5790038
1.344793118475193,5.74194208297012,-4.60078706393393,0.6660951673611583,-0.626327500499965,-0.40500751861610806,0.25493026859532114,-0.3191233409788571,0.9127819298147896,-0.7009477770647602,-0.7112483078081514,-0.05289667728707232,0.3320436623812154,-1.6849046250888335,-1.374800436348817,-7.2616487,-5.3164473,-3.6662354
2.2088967224801057,6.173475750563807,-3.2908238057051205,0.7038822543808058,-0.6072218501099309,-0.36855311247752,0.23545992130196938,-0.29005927120554853,0.9275905587316952,-0.6701555024233299,-0.7396940204819686,-0.06119116468049514,0.39302688446203293,-1.9163748895151294,-1.694055614103957,-6.939798,-5.631871,-3.7520034
3.9723731337814403,6.80460438349078,0.002880446009112081,0.7712529941605794,-0.5692954754054632,-0.2847305404785536,0.18418407718541774,-0.22858650220417964,0.955941649224165,-0.6092988139736512,-0.7897156910514862,-0.07144286246627923,0.4329534308322258,-2.0902017266387913,-2.240431648616197,-6.177266,-6.3268175,-3.8897126
4.798661700643281,6.781423564702324,1.76704202532723,0.8064058834220236,-0.5447787485243286,-0.23005578962202305,0.14702476550490237,-0.19211593438508168,0.9702964423739673,-0.5727942645580303,-0.8162766583160477,-0.07482745203340646,0.3932279097600426,-2.088205814155396,-2.5043286201595665,-5.75488,-6.67894,-3.9380279
5.4477933393473235,6.4540286465732,3.4965387332006506,0.8350222517342597,-0.5217605244687225,-0.1746533544332047,0.1047136941050816,-0.1609277858179515,0.9813955828403759,-0.540160051628695,-0.8377757473559708,-0.07974281012499052,0.15926843786221978,-2.0122347657285005,-2.748572282669938,-5.3150177,-7.0087786,-3.9947555
5.863525999509486,5.956057351479093,5.1274118987696955,0.8612988412598717,-0.49645784327013653,-0.10813841084447041,0.04843769668859691,-0.13163267000251944,0.9901144528424547,-0.5057846335980427,-0.8580224064927282,-0.08932779171411992,-0.17738224778199307,-1.878497818408437,-2.9396977157170645,-4.865491,-7.297241,-4.0778227
5.87960402567353,5.196719086510154,6.458270993854824,0.8800759476159451,-0.47324307220331696,-0.03882423263198913,-0.015496504206173427,-0.11034615101048083,0.993772401163648,-0.4745800088344267,-0.8739935477843864,-0.10444660667526293,-0.5824124579724892,-1.6716860523089072,-3.0746048690422914,-4.4139113,-7.5266037,-4.203696
5.609718284495199,4.151368779703676,7.514394357056502,0.8895913079297788,-0.45600309937273564,0.026238868463500736,-0.07979272935924885,-0.09858693585023683,0.9919242594175551,-0.4497337269954159,-0.88450087023254,-0.12408781310302941,-1.0052665931925004,-1.3852400960132654,-3.19968338819323,-3.9662108,-7.689882,-4.3712893
5.1775758273707,2.932866666425227,8.452768669751617,0.8908064133875485,-0.4438864746345049,0.09710165551711092,-0.1535843573782279,-0.09302023177634816,0.983747468433334,-0.427639777191422,-0.8912418493971351,-0.1510370379967953,-1.3937277725840227,-1.0269345879553802,-3.3532097949150974,-3.5257065,-7.787172,-4.5759535
4.504981120831564,1.7137737941425115,9.140156794261886,0.8830563841716551,-0.43951947288092613,0.1644203616714053,-0.2265711947388716,-0.09249733572114102,0.9695925621615984,-0.41094636643762017,-0.8934578198454382,-0.18126281490905355,-1.6800261000980636,-0.61187531691243,-3.455201363601938,-3.1035507,-7.8262343,-4.80578
3.569295093479746,0.46378340916619065,9.318662495557968,0.8649027119363255,-0.44364622409389004,0.23477931495858884,-0.30569907735703084,-0.09459314895835655,0.9474176535579251,-0.39810974992864717,-0.8911959178639544,-0.2174361124431126,-1.8470404778086071,-0.14467326351280158,-3.5039027941133023,-2.7178726,-7.8140078,-5.0500245
2.4390614585572004,-0.9214777297656795,9.072577844405448,0.8394477753790072,-0.4550989196633206,0.2970057335010811,-0.37817205385045205,-0.09670724560676068,0.9206701941160508,-0.39027340429212837,-0.88517381455194,-0.25328637534182674,-1.9033342026647482,0.28805695852410473,-3.5185923989655,-2.376349,-7.761647,-5.3042526
1.178669271921713,-2.2994507858865676,8.715306035734752,0.8047887185151023,-0.4732454418878839,0.3582650838180602,-0.45159434005949944,-0.09648271099097941,0.8869913407165024,-0.38519822244793,-0.8756311085224032,-0.2913631603528188,-1.8124881566247824,0.616340919392715,-3.461150996923141,-2.0821166,-7.689621,-5.5548096
-0.17687130327165468,-3.5842789934129518,8.340707755329674,0.766325335648365,-0.4948385305978809,0.40973199604027943,-0.5149398996960478,-0.09173807152557875,0.8523033649668376,-0.38416452158475717,-0.8641290151756842,-0.3251133117653856,-1.5784431450935492,0.9039890896551813,-3.3361375194983283,-1.8470901,-7.612242,-5.7834578
-1.4144699303218946,-4.562545074463451,7.852832988536874,0.7227971405125396,-0.5195870161639837,0.4556244355834142,-0.5727383056730657,-0.08146836467668139,0.8156799242176157,-0.38669772029537774,-0.8505246840572679,-0.35647248831802225,-1.2510012108167132,1.077526943610333,-3.089183207607292,-1.6754563,-7.5371413,-5.9755354
