-0.5423011447472177,0.6156338034325659,-0.6598193496831467,0.9998346041089966,0.017541428821086624,-0.004802364117896737,-0.017102412224524983,0.9966628619589608,0.07981633346549977,0.006186430498157157,-0.07972100016111308,0.9967980187635824,3.683307,-2.4565475,8.484645
0.1280048245444546,1.0241563549609027,-0.9256618114587749,0.9985706061842368,0.05276065741822945,-0.008547367644038547,-0.048744997703483665,0.9645721006771765,0.25927704833653553,0.02192417988736406,-0.25848979791089444,0.9657651654062965,3.8560913,-3.7922654,7.76313
0.4414141236166969,1.2581797728342223,-1.0793613119863172,0.9975252521607723,0.07018961103189775,-0.004097536428016293,-0.06328960465567815,0.921791982880102,0.38248394246098416,0.030623475376187835,-0.3812780596902481,0.9239530528953965,3.9403977,-4.5140505,7.269821
0.6336789502408032,1.1499960196970147,-1.2371597506654615,0.99661405517468,0.08216273383137303,0.003116119002084209,-0.07344143615388964,0.8725065285242103,0.4830514601347203,0.036969994372928305,-0.4816447267976533,0.8755864187298015,4.017128,-5.2348785,6.685399
0.7432678298085671,0.4216400057386902,-1.163103496637987,0.9956173570971749,0.09247523192231102,0.013943088888469039,-0.08346565968382945,0.811391278693767,0.5785133330470754,0.04218485392152172,-0.5771416848059132,0.8155537467015963,4.085373,-5.905403,6.0427704
0.7760714732602233,-0.46114580226769974,-0.728116461385985,0.9945304238240252,0.10100965382643742,0.026576040379794975,-0.09344480766008638,0.7468094844132459,0.6584403252473155,0.04666159030481795,-0.6573223287126984,0.7521635807229304,4.152196,-6.4910827,5.3981705
0.8341369922985428,-0.8840040708262057,0.030139616366197164,0.9924816759378574,0.10974166880115839,0.05419307203249399,-0.11122469274513519,0.6238947381287698,0.7735531161200137,0.05108023738524021,-0.7737649008994723,0.6314100787005992,4.2702074,-7.4399796,4.134593
0.9455329754717898,-0.7102433227468248,0.2744020313336544,0.9911000906562799,0.11264010225790805,0.07094235451718602,-0.12120372665337051,0.5431906712801384,0.8308149922091964,0.055047860507463166,-0.8320192918421785,0.5520087237136658,4.3162065,-7.8088136,3.4996307
0.9577317656583731,-0.6125698310168946,0.5503706611658333,0.9894691922480299,0.1138414739786381,0.08939147830975039,-0.1322552407616951,0.46012597648928194,0.8779479694440042,0.05881554967096343,-0.8805249596474568,0.47033660983889675,4.352858,-8.096626,2.8981385
0.7151112641605487,-0.7636467616747802,0.9329733865840741,0.9878117888359187,0.11278609828539173,0.1072714587872305,-0.14294119085934856,0.384531598838431,0.9119776671884409,0.061609137248413166,-0.9161958008680882,0.3959666257138198,4.3828416,-8.315488,2.344577
0.35563246446497215,-1.0728570274406637,1.4278891135616103,0.9862882121822805,0.11050393571952549,0.12257423342928177,-0.1520319739747259,0.31944681122124974,0.9353288265043064,0.06420156851377792,-0.9411389987621753,0.3318667558061525,4.412352,-8.468626,1.8558152
0.11104882675465438,-1.4187392421864446,1.8528072189753058,0.9847627847584406,0.10783901709787613,0.13642948415267658,-0.16033016733226269,0.2591537337298848,0.952435603984368,0.06735350917368799,-0.9597968997059866,0.2724948001646379,4.445183,-8.5598345,1.4593079
0.047287513476057585,-1.6184450690998875,2.0161710796114622,0.9838067905796004,0.1083956795320778,0.14273953715857973,-0.16469182518338676,0.23249714793199847,0.9585518655353243,0.07071634554493907,-0.9665378693368746,0.2465841552300212,4.4827604,-8.602391,1.161267
0.14225895812101716,-1.380933264812947,1.6347015864379548,0.9826057266894223,0.11012644052319992,0.14952642901789226,-0.16926143701674107,0.19986402128015734,0.9650932281063587,0.07639732859321996,-0.9736151909740391,0.21502769144555448,4.524269,-8.617371,0.9339401
0.30827346786430954,-0.9825132225634432,0.9197967146238946,0.9819915123202372,0.11063136186595669,0.1531449362620179,-0.170933919085502,0.17503949588659612,0.9696095967892628,0.0804628177302088,-0.9783260584546696,0.19079795153896462,4.5613203,-8.627089,0.7197388
0.4324456426055272,-0.8133592082626039,0.4263432500179597,0.9816218305988575,0.11079563658974732,0.15537988481274148,-0.17112760761966242,0.15069110067955638,0.9736567845428666,0.08446255739745868,-0.9823525431781891,0.16688186632832372,4.594406,-8.634573,0.5093063
0.3373329419784634,-1.1540626926136734,0.5212055228103514,0.9817307009565834,0.11345971718078665,0.1527472532537049,-0.16678870896898504,0.1267767637719362,0.9778083548057734,0.09157705695071629,-0.9854209987334195,0.14338444091139957,4.656714,-8.62324,0.20525512
0.28874445805997073,-1.1643543088717023,0.6500950416176322,0.9819473247911323,0.11494825327256294,0.15022100520608078,-0.1636455657912728,0.11795328300301754,0.9794422656929115,0.09486611688265106,-0.9863437139752025,0.1346346826386514,4.68517,-8.610608,0.10531922
0.5493674330479529,-0.5565324831718693,0.6821022452744383,0.9831867100967929,0.11424193387301225,0.14245235566321532,-0.15442621373275647,0.10386895901686385,0.9825292788843076,0.09744966701436122,-0.9880081072024189,0.11976452939448613,4.717511,-8.592674,-0.063397214
0.9592382940045807,-0.0398863530323359,1.6072308429774673,0.9861401729440549,0.1016444605470712,0.13113337845859202,-0.14006490328825252,0.08635683925314852,0.9863692610686211,0.08893470735726229,-0.9910655376685741,0.09939676993231387,4.6713653,-8.610855,-0.2683731
1.4515678284615294,-0.06548436152403114,3.723876696264473,0.990928295693853,0.0729897830725964,0.1128432734383896,-0.11823110451374834,0.07426464639202454,0.9902051142171131,0.06389459068446207,-0.9945638510740685,0.08222060215044744,4.4806304,-8.692065,-0.4981796
1.910879764072975,-0.12966328169533053,4.800347526926364,0.9935844254558297,0.0511799905786385,0.10084938302230281,-0.10420906031142733,0.06787972569310127,0.9922362695390842,0.043937014470921305,-0.9963799232241679,0.07277765697782691,4.3050246,-8.759911,-0.6180252
3.263966164637346,-0.08351348781520496,6.800915657383158,0.9971858663129486,-0.021585613587824765,0.0717942150297013,-0.07046661804254332,0.05700128605191017,0.9958841845968205,-0.025589133774713276,-0.998140728892707,0.055319811624719016,3.7441392,-8.9453335,-0.8713455
4.238777485172257,0.703456161545631,7.183407317785161,0.9924721887507498,-0.11435175683093275,0.04384780799509709,-0.038192286338888666,0.051188620025937395,0.9979584532654894,-0.11636281115762032,-0.9921206584329944,0.04643592671603058,2.924977,-9.165613,-1.0913544
4.2373399954332704,1.1101013079567599,6.445296641227802,0.9854051709606982,-0.16762992911141136,0.029611752903536705,-0.021602704441844693,0.0494020413817358,0.9985453226910209,-0.1688489626995535,-0.9846114183643309,0.04505976721937563,2.434935,-9.2760315,-1.1677994
3.9243888721612583,1.3710014667003585,5.232105876432795,0.9746774517853447,-0.22296755470512977,0.017009836273228753,-0.005952819660142264,0.050168894570705204,0.9987230076230581,-0.2235361915201225,-0.9735340525972205,0.04757120467583997,1.9171448,-9.380322,-1.2100433
3.296949333000641,1.6201280034963015,3.5969283884635352,0.9627859728501155,-0.2701293410922786,0.008562100449548192,0.006004249319265466,0.053051236998890985,0.9985737405134382,-0.27019829657710426,-0.9613613812370134,0.05269891073724618,1.3980057,-9.475241,-1.2161331
2.429002143054011,1.8316070586182596,1.5708957815122675,0.9470880713690678,-0.32096488002312806,0.0023939219199274973,0.017600669175750976,0.0593794254036224,0.9980803075320648,-0.32049087586854236,-0.9452278189042438,0.06188674215484177,0.90888214,-9.558546,-1.1852417
1.3075392319234225,1.7852036428753277,-0.6326550088191623,0.9330949053253395,-0.35963014841942664,0.000232386998780081,0.02632237533383848,0.06894034834445445,0.9972734634627202,-0.35866562452050027,-0.9305446709954153,0.07379420755962476,0.4775589,-9.628181,-1.1049073
-0.03676066792565491,1.4369361082946943,-2.9911634025595863,0.919466883190104,-0.39316450840596634,0.001523169908742531,0.03506732209458656,0.08586697064237944,0.9956892819920353,-0.39160047706532547,-0.9154499072492142,0.0927390623179565,0.1304535,-9.681776,-0.9633392
-1.5468224814261209,0.9892680747724126,-5.598674964888036,0.9096712445409567,-0.41528574919330385,0.005997780611481775,0.04279681912508335,0.10808978788401763,0.9932195276110728,-0.4131182144714536,-0.9032465578523637,0.11609908096007282,-0.11291657,-9.717855,-0.76492614
-3.045557993860283,0.5845915159715729,-8.319110874919879,0.9044571498032544,-0.42636405328694366,0.01307509978935757,0.049933344616306746,0.13626675015630732,0.9894129743930322,-0.42363182749316936,-0.8942287553342074,0.14453721966410815,-0.24469757,-9.737142,-0.52240145
-4.230415838387312,0.0924644027273589,-10.772635506633023,0.9045320549289859,-0.4259848638653406,0.01893825133356088,0.054324111143447734,0.15917553212613333,0.9857545540959148,-0.42293102576474584,-0.8906177888016771,0.16712062025851335,-0.26802978,-9.742279,-0.24975586
-4.857214113539495,-0.2663963049571292,-12.672630174628814,0.9098595521452757,-0.41401180753871686,0.027382815569671926,0.05738402291409463,0.19092339395717556,0.9799261867886107,-0.4109290319315402,-0.8900238653308106,0.19747113677043918,-0.17994079,-9.733841,0.03674469
-4.956867674773079,-0.44167739726266353,-13.995727598268104,0.9196875645112607,-0.39103878707927753,0.035545051454642575,0.05719944022441326,0.2229855577750056,0.9731421607667518,-0.3884623633266927,-0.892953586712846,0.22744424427824797,0.017407227,-9.713618,0.32804567
-4.713083369664145,-0.508752031359204,-14.799643612962065,0.9334382504131589,-0.35626285735686697,0.04206909950951779,0.05371563621262747,0.2547515418183642,0.9655134811940422,-0.3546937595897251,-0.8989874461910388,0.256931719526841,0.31809083,-9.678804,0.60795593
-4.429186392830248,-0.75848859969547,-14.999163750691704,0.9459005886072418,-0.3214699396719294,0.04392213974523203,0.049726771152503714,0.27740794363773247,0.95946447617274,-0.32062333773950413,-0.9053739065678938,0.2783859992937308,0.7164749,-9.621262,0.86474
-3.7748421095585662,-0.9005021328362224,-14.522360102361354,0.9633674981315232,-0.26516197678575393,0.04015208102802573,0.04423052945093541,0.3047608795936725,0.9514013172861283,-0.2645122375397778,-0.9147731589505461,0.30532498072600905,1.202269,-9.529152,1.0880997
-3.1096370803169977,-0.9554678664649607,-12.788768136415081,0.9732767869326716,-0.226889505772269,0.03540407022406832,0.03971127181268205,0.3181508061010669,0.9472080444486627,-0.22617539854952085,-0.9204896614018299,0.3186588651572533,1.7589829,-9.393265,1.2580612
-1.4763593689631995,-0.6990307078729852,-9.41313645731452,0.9873210023435937,-0.1565823874082573,0.0260613561575803,0.028541881331344353,0.3366223525163041,0.9412070722197404,-0.15614928543323323,-0.9285296698220892,0.3368234744176409,2.3527465,-9.215001,1.3864243
0.5382094428515661,-0.6282518828578598,-4.434059208042033,0.9951869000278003,-0.09627853571000834,0.018261368365872714,0.016503781853627934,0.3483560675365538,0.9372169841584151,-0.09659533734909444,-0.9324046834781574,0.34826835490812263,2.9342713,-9.020215,1.4751953
2.532606050258177,-0.7571919467057828,0.7324372480114809,0.9994396140324484,-0.03153445264143996,0.011226584488428504,0.0007107738570682788,0.35530719098944497,0.93474932192097,-0.03346569442272447,-0.934217521955028,0.3551304956899787,3.4756622,-8.828,1.5295136
3.9298988750196675,-0.7814400620013371,4.838821005955655,0.9998312108962988,0.01745776274293212,0.005725053506547932,-0.011533780455424605,0.3538602298242228,0.9352271968121721,0.014301105763101014,-0.9351353721621046,0.35400185607591506,3.9562697,-8.656863,1.5311508
4.668202318966061,-0.4996068118427477,7.974651320150736,0.9982526205543005,0.05908017567335139,-0.0011128337154311264,-0.019395894115998312,0.3453971653074855,0.9382561470563322,0.05581670760545806,-0.9365950731452507,0.3459395382319392,4.3548174,-8.522534,1.4643646
5.227760850137659,-0.06413080322886877,10.898623506617053,0.9962622214402114,0.085918586696539,-0.008920907525867206,-0.020527002236633583,0.33579685567572254,0.9417107379113154,0.0839060683752548,-0.9380077122168907,0.3363053724094216,4.645723,-8.433042,1.359288
6.027043298394457,0.29070628900768014,13.927129895634,0.9949794819115888,0.09850315566093469,-0.01769064441405839,-0.01575353234374684,0.3287170320242952,0.9442970608213455,0.09883145649863419,-0.9392775102076991,0.32861847486771395,4.804077,-8.391301,1.2651551
7.2897162613271025,0.5633918663317337,16.59076916014876,0.9953068185181498,0.09359814649500911,-0.02457079534688306,-0.007263284242987733,0.32545134200399906,0.9455308925094941,0.09649653731240869,-0.9409148797635699,0.32460376973507254,4.8038025,-8.400296,1.2068741
8.862750724645942,0.5736707552015323,17.791832252625895,0.9973424411783758,0.068392122903068,-0.025111203658337435,0.0016079986205031272,0.3239197907721505,0.9460831800040426,0.0728386529584071,-0.9436092870838736,0.3229489804354038,4.616655,-8.465375,1.1867859
10.526646530653316,0.4593901412431416,17.454025646769015,0.9994646654214043,0.02646643185473885,-0.019233059012012305,0.009615318840535153,0.3242824382110454,0.9459114366110039,0.031271843848355255,-0.9455899895053755,0.323854355427785,4.241704,-8.583891,1.2087265
11.302414952778284,0.43402461507032264,14.755996928910706,0.9994234681860067,-0.03334646275220227,-0.006383154468651793,0.01695145036049281,0.3271964950388055,0.944804266483273,-0.02941733451097233,-0.9443677604917668,0.3275731267580304,3.7106736,-8.7410145,1.269603
10.348511867221292,0.692356866242251,10.140307006267863,0.9943147073694127,-0.10573956601260169,0.012546190192504827,0.023809401227263896,0.33562388582255254,0.9416951309625468,-0.10378523556883726,-0.9360426012980578,0.33623336157062717,3.0812988,-8.899492,1.3855546
7.871872641335818,1.0967631742185224,5.3225807917286305,0.9832533752780053,-0.17916796563132897,0.03334126716161076,0.031728244133785194,0.34844790419073135,0.9367909994173047,-0.17946063225286463,-0.9200450522428865,0.34829726285858786,2.3947968,-9.040834,1.5405945
5.230486509600105,1.199080738847539,1.5158139091302099,0.9665228491650256,-0.24983768199044704,0.05843556023143685,0.03893394169430591,0.3679176318484562,0.929042929233718,-0.2536094048454552,-0.8956660922646688,0.3653279635358754,1.6936753,-9.153412,1.7450988
3.1765833912764134,0.8967059529677167,-1.5617032831656825,0.9454430252670041,-0.3132851359249716,0.08938629415322992,0.04363405719971404,0.3936655938306841,0.9182175500861578,-0.3228522185555919,-0.8642220917347606,0.38585829151558393,1.0149581,-9.225972,2.0195663
1.2215848522651456,0.47417587643305037,-4.686379235489371,0.9233968773256157,-0.36376280140376605,0.12253502054591106,0.04457164040507425,0.4186828364728341,0.9070380649755894,-0.38125001746479065,-0.8320945299411266,0.4028239285657574,0.397995,-9.263208,2.3225067
-3.9728269035457373,-0.02726133916851392,-10.735251605330868,0.8807075844315703,-0.4364520301529226,0.18402112949360389,0.04173655282782331,0.4585047807400866,0.8877113417077277,-0.4718179849081204,-0.7741337038353749,0.42202464110921645,-0.52056277,-9.2667055,2.825386
-7.786458424413652,-0.043868097751747825,-14.28252793508079,0.8558006710207527,-0.463470597631554,0.22978297720127272,0.029279418035526035,0.4868770656263083,0.8729796324351531,-0.5164764536355272,-0.7403686433785295,0.4302398688428389,-0.8465454,-9.217192,3.1378784
-8.607410989369335,-0.1216229498810133,-15.432982458051882,0.8518571958093829,-0.463121216271009,0.2446590627535327,0.02166686660621666,0.49786613813339176,0.866983192104443,-0.5233257731463679,-0.7332448755632748,0.43414523793421056,-0.7706299,-9.193092,3.2140853
-8.230422799744852,-0.615740310804048,-16.212059477139995,0.8630251139533185,-0.44451979458555446,0.23997875928398138,0.014515423369041238,0.49667933851955104,0.86781273162601,-0.5049524286210333,-0.7454607883110929,0.4350991357384228,-0.5412369,-9.181615,3.2065673
-7.1337229626016745,-1.1216028780742455,-16.00130887370023,0.8788349222276379,-0.41637297658448863,0.23298653146333478,0.003932524777628068,0.49461697175624436,0.8691021726468957,-0.47710975123341975,-0.7628811149981717,0.43632406495302184,-0.17103271,-9.177175,3.125377
-5.511413163677005,-1.4786806624495847,-14.43041776585574,0.8975013123221606,-0.3832682460883273,0.21816701382284634,-0.004148662325641667,0.48733721468788954,0.8732040012397769,-0.44099227088567916,-0.784606838308605,0.43579573919264575,0.3188141,-9.159907,3.00495
-3.135381448798976,-1.6922099020467698,-11.190659301445073,0.9195625460036206,-0.34026599037035926,0.1965293356845709,-0.010807881283657964,0.4780553185605431,0.8782632305283734,-0.39279500211878765,-0.80974203805487,0.4359242114373156,0.90380704,-9.117292,2.861061
0.16375780278469554,-1.979169819577774,-6.19343517345844,0.9436892724938972,-0.285153748186918,0.1677435449574498,-0.017807150426556288,0.4625178079467788,0.8864311494559469,-0.33035354148794316,-0.8395026010841519,0.43139531800810677,1.5126846,-9.065855,2.6881728
3.796235871819738,-2.162029960368132,-0.3317685436720361,0.9618891583896079,-0.23410467440539576,0.14129489868383957,-0.023565219974341873,0.44383762378159064,0.8957973231281007,-0.27242233274842526,-0.8649873786000887,0.42140587025153264,2.080214,-9.022397,2.4952896
6.8563253147996015,-1.9617158597689013,4.876719106216285,0.9725388593194865,-0.19798913899871168,0.12234569036995857,-0.026808556038310213,0.42687854124582436,0.9039115069225396,-0.23119141081946312,-0.8823689771645331,0.40984816664335655,2.5678222,-8.9914875,2.289299
8.751894466436354,-1.387934205907039,8.903431309884905,0.9805199658924235,-0.1665892958468271,0.1040605736846559,-0.02732268754290762,0.40895692363314207,0.9121445638482684,-0.1945098126875713,-0.8972191711737847,0.396438761533823,2.9542038,-8.973465,2.0898132
9.85402331059521,-0.6851007867586301,11.968517789739854,0.9848113668360889,-0.1489519700414248,0.0892181728753365,-0.023564939004310004,0.3944288829836111,0.9186242702639762,-0.17202111905274348,-0.906774044009354,0.38492800328212384,3.2086167,-8.972311,1.9152511
10.829477596394254,-0.060445096670608045,14.32288693486188,0.9859782665962322,-0.14683917205082972,0.07927871941017042,-0.01662622615999004,0.3862756459799361,0.9222335354596789,-0.16604344733703477,-0.9106203286080367,0.37841801056797447,3.3048828,-8.987839,1.7884719
11.988793407607327,0.2669365225863576,15.724592940761477,0.9840577589926301,-0.16127893066959664,0.07496288073756673,-0.007277338196482885,0.3846292836545684,0.9230424445842923,-0.17770021754397852,-0.9088726097080072,0.37732374959360543,3.222978,-9.01076,1.7412231
13.252882475036502,0.047898963892811786,15.661470085437344,0.9776147761909422,-0.19374097595527912,0.0820596344680554,3.728069523904927e-05,0.39017153214209255,0.9207421865625798,-0.21040282313525346,-0.9001281074057107,0.38144467786944863,2.9599166,-9.035765,1.7781448
13.814570457636197,-0.5490577149263949,13.873004583097952,0.9670834603826637,-0.2342076935050224,0.09948033452573002,0.002679139413301333,0.40029792510741014,0.9163811397921201,-0.254445284621857,-0.8859505220144962,0.38774897765944216,2.5334136,-9.06544,1.8859146
12.95934792453911,-1.1577577275214495,10.06205438786963,0.9494053142780027,-0.2882997234951369,0.12455046629103866,0.007196689676629162,0.4164579280984196,0.9091265048284913,-0.31397094909941253,-0.8622331839801793,0.3974621737536983,1.9673264,-9.099358,2.0584931
10.208569296099231,-1.4991072705007569,4.691976976532097,0.9249338991223796,-0.3461907354164828,0.15700081836113874,0.013126309639628235,0.44186230842206436,0.8969868451606011,-0.37990127961026543,-0.8275926988003929,0.4132376345914827,1.3450028,-9.115512,2.3044388
5.998097882812128,-1.3173329506436644,-0.7575359206343375,0.8984143775992814,-0.3953245275423073,0.19123316670062157,0.020374112921159603,0.4725164105934605,0.8810863392667867,-0.4386758503104222,-0.7876844289709695,0.4325699234934214,0.73048246,-9.097521,2.6118348
1.6893977471969532,-0.8708340725716079,-5.045082297597445,0.8727381580679611,-0.4333744942681794,0.22475465550226664,0.027632798967781945,0.50349955455903,0.8635534881986543,-0.48740592515207365,-0.7474454804710886,0.4513986241117635,0.15806274,-9.052609,2.9545166
-1.8440132910174647,-0.4583087328788804,-8.108085231900553,0.8471033473823238,-0.46387754149356825,0.2592943218652212,0.03417808544385835,0.5344648832826376,0.8444993469583428,-0.5303279903315061,-0.7065160401827815,0.46860143793567954,-0.34176025,-8.995944,3.2959595
-4.598478025076284,-0.1644415835394275,-10.477470430777723,0.8276172174843521,-0.48166488698367593,0.2881816752856808,0.037658428359480314,0.5599172996451576,0.827692249771355,-0.5600281993765603,-0.674159887715871,0.48153594019342955,-0.7287033,-8.932958,3.610878
-6.838488375674276,0.04113488432315826,-12.480544275505697,0.8144180430324188,-0.48926292442677966,0.31200166981059724,0.03748180064008573,0.5809072544554613,0.8131063130623161,-0.579066805993939,-0.6505140678743017,0.49143980475090204,-0.9762573,-8.868193,3.8716965
-8.440980010539697,0.165424583877523,-14.085821229280565,0.8106472048616626,-0.48649893109637704,0.32583722821687616,0.0339626434826015,0.5946079966268126,0.8032981197507687,-0.5845490981069489,-0.6401250818313006,0.4985401002054115,-1.0696274,-8.810425,4.0602446
-9.129186920054774,0.294700045492192,-15.181645785333075,0.8172570401078357,-0.47134818108469806,0.33154460119616846,0.02721551838460233,0.6062522701020263,0.7948065805937916,-0.5756303031922804,-0.6405381153251419,0.5082919209100977,-0.9991776,-8.764017,4.186447
-8.788861657342212,0.145572441768552,-15.8561049571408,0.8316954018009636,-0.4508413813525019,0.3240753114374837,0.022056850290776205,0.6100422153928685,0.7920618604590235,-0.5547938842294353,-0.6516061266583728,0.5173134463001006,-0.7749008,-8.735606,4.2421417
-7.534246361081472,-0.21893572915401194,-16.089559187605396,0.8545390832284637,-0.42030021046761296,0.30514044031549986,0.014856442869607484,0.6070405138091279,0.7945320010544636,-0.5191745769395096,-0.674425346258004,0.5249840102178839,-0.40516204,-8.730156,4.2100496
-5.694416165609259,-0.4932851183512472,-15.302349267758409,0.8824637699743519,-0.38134613701027814,0.27537759253430943,0.00841822723826704,0.5981460029609652,0.8013429307056898,-0.47030503732452067,-0.7048379125225583,0.5310524352058111,0.092279054,-8.7322445,4.0964327
-3.172304036650182,-0.7600963562307399,-12.640813353168495,0.9105936207012735,-0.3359086019490447,0.24080006037121998,0.0015549063668853086,0.585403897370199,0.8107403155203088,-0.413299939758446,-0.7378805378111135,0.5335873609028284,0.68798524,-8.724536,3.92265
0.14446286299710076,-1.2791483089144262,-7.752617701484144,0.9368854516624965,-0.28436344641022687,0.20342831860106836,-0.005327584604761237,0.5701498961215896,0.8215234097667685,-0.34959586282654836,-0.7707571123890048,0.532650172623949,1.3231735,-8.703804,3.721878
6.331636025102104,-1.9895937263760595,3.669371627992514,0.9657846715594246,-0.21052350632537156,0.1514589761794436,-0.013840529046930963,0.5413343518298689,0.8406934990141384,-0.25897568985631664,-0.8140251671867431,0.519898662481486,2.4975677,-8.647349,3.3035417
7.970433890804892,-1.5156524248274357,7.701825892217949,0.9801853436490715,-0.16141831391646666,0.11480775247306363,-0.015470404445800518,0.5154415495092397,0.856785081351091,-0.19747748905086526,-0.8415843017617887,0.5027310457354772,2.9626434,-8.636435,3.0696106
9.200715413266211,-0.7763075436320035,11.128743733621635,0.9865864609653765,-0.13529424576637786,0.09133795543102541,-0.01244488813082334,0.49556655464866,0.8684808084656024,-0.16276449182553415,-0.8579680978778651,0.48723553157031985,3.3174317,-8.64245,2.8312805
10.125588549206471,0.014454296288101354,14.114614590203214,0.989985528999654,-0.12227071874559002,0.07055865438563419,-0.003846455941283286,0.4762684792379167,0.8792914991406959,-0.14111646660814023,-0.8707572606770715,0.471028593431646,3.5289185,-8.670665,2.6105072
12.195421160284177,0.9236553431444321,18.024645840092006,0.990710432891705,-0.12839843930734288,0.044795970164380694,0.017945678028504594,0.44997135419891543,0.8928626619141882,-0.13479907566310234,-0.8837644602403014,0.44809551215844656,3.4192643,-8.7755785,2.3411179
13.165591398917496,0.7861666464282511,17.830819014351363,0.987887953260276,-0.15004343937335443,0.03955196713485057,0.030836667509003372,0.43964993485403336,0.8976397020630169,-0.15207396798979436,-0.8855477971763338,0.43895171394582844,3.072122,-8.846403,2.3108659
13.390588727026714,0.3493516689653493,15.117706089945807,0.9797434982803443,-0.19449780095923333,0.047678957616691525,0.0421222925748329,0.4329175165551807,0.9004488526995486,-0.1957763776496849,-0.8802005619639853,0.43234081541377833,2.5542877,-8.926234,2.3519394
11.866153941283502,-0.0999768565636483,10.025543861371647,0.9665223254715362,-0.24752340556701724,0.06757779266592578,0.04939507804064469,0.4379471074243296,0.8976427225594933,-0.25178308249453857,-0.864253721308255,0.4355120946361649,1.9248321,-8.993342,2.4617448
8.924982033768725,-0.21595026799093375,4.281893937829089,0.9448050913332617,-0.31405893164514137,0.09332913181134048,0.0591804336456172,0.44376307120470426,0.894187906934825,-0.32224372090742576,-0.8393100285882917,0.4378557527849283,1.2481216,-9.028407,2.633615
5.409336419380898,-0.3548996391732197,-0.7194066019552725,0.9244596637689214,-0.36191969604828605,0.11995192235461732,0.06561982375249101,0.4609336242435996,0.8850052162401926,-0.3755906931686992,-0.8102804006354679,0.44986364995527245,0.57041323,-9.015627,2.8751495
2.5031941597423084,-0.4610338036985483,-3.9782905218428266,0.8968428337130002,-0.4132822053716944,0.157704630054871,0.07244194395521372,0.48892433908616995,0.8693130364863624,-0.4363772408978552,-0.7682127370541696,0.46842725609652014,-0.06982727,-8.956255,3.1833344
-0.26887732446315304,-0.5237368524058201,-6.878562947632243,0.8742112962703448,-0.44669757807074534,0.19030471149988146,0.07668818510338529,0.5140480316269922,0.8543263682258448,-0.4794512819243177,-0.7322676388631026,0.48364302262617553,-0.63891447,-8.871222,3.5192428
-2.826641542905282,-0.4119779990367771,-9.592878654856705,0.8544644291201146,-0.47012055837806477,0.2210818851890233,0.07834841093540948,0.5373038814988172,0.839741665889099,-0.513567975902248,-0.7002079687611386,0.4959402530658977,-1.0974624,-8.778284,3.8339202
-5.0795410088661335,-0.20911675179756806,-11.94722052736368,0.840370007466535,-0.48298122934196314,0.24598248444558224,0.07726499999349912,0.5559454228991116,0.8276199650404348,-0.5364777444840554,-0.676501159541395,0.5045174038746797,-1.4157455,-8.69164,4.088037
-6.731615370290588,0.03526992262813877,-13.622583982170921,0.8310933204876593,-0.48592676948080177,0.2704793288640519,0.07219988023568216,0.5765169246311406,0.8138890667086043,-0.5514263957544552,-0.6568891918092439,0.5142232197688543,-1.575853,-8.618864,4.2790937
-7.4669818098613705,0.06355803304659169,-14.7517670256364,0.8330250661835548,-0.47826134937728715,0.2780922882816062,0.06763381268613829,0.5869325825854046,0.8068059313621594,-0.5490855183770736,-0.6532811226351497,0.5212761919722949,-1.5688813,-8.562866,4.420764
-7.300627286472078,-0.036576983812002695,-15.615534573975694,0.8461664804993972,-0.45657341872091345,0.2748508697398645,0.061937681925860064,0.596506969972859,0.8002144452154357,-0.5293071044648026,-0.6600910150057292,0.5330233025598325,-1.3944962,-8.52754,4.5105867
-6.443587608775298,-0.36309290519270654,-16.198722491740494,0.8654692914362837,-0.42852637455478304,0.25947649583673305,0.05704880080792285,0.5988944921740648,0.7987933534838313,-0.49770306399213,-0.6765282947183369,0.5427717075698982,-1.0615753,-8.520754,4.5257735
-4.896576293804873,-0.6801488127065456,-15.950743933395078,0.8915439658614357,-0.39072738224488024,0.22908834474963108,0.05387818697745378,0.5936831125247223,0.8028932076378392,-0.4497182427966261,-0.7034717298278725,0.5503462795630529,-0.5841858,-8.54088,4.4424148
-2.527496412651912,-0.9811813297142598,-13.850252211150897,0.9192823531992947,-0.3450722541655339,0.18932800770483907,0.0512000924163409,0.5817696226713003,0.811740510676564,-0.3902544114201973,-0.7365251153504598,0.5524782790527294,0.020855714,-8.570208,4.261937
0.7016430874346931,-1.5162071908619725,-9.266634557571086,0.9457801658260493,-0.29143680143110334,0.14340316838081857,0.04914678533686484,0.5648225263605181,0.8237475992115376,-0.32106770535371804,-0.7720363362480601,0.5485211245627363,0.69176024,-8.597082,4.022252
3.9613997301640635,-2.1239504020188105,-3.169682527710088,0.9648174207907435,-0.24252097580967946,0.10154270446968325,0.04962697337981367,0.5472498406450501,0.8354967237680375,-0.25819470957371654,-0.8010625370133635,0.5400317617898565,1.360112,-8.620908,3.756642
8.278163390262062,-2.1720172147260572,6.5587317380969115,0.9848158696981432,-0.17096778947616634,0.030128354623553302,0.06178408274883066,0.5073575865060369,0.8595178919217754,-0.16223572328428462,-0.8446054074989108,0.510216890855274,2.49487,-8.6785555,3.180011
9.381150007690739,-0.3321364423966404,13.075450250950627,0.9933076642370435,-0.10717403830075989,-0.04305356759033516,0.08800692733462336,0.46092127335404237,0.8830664530548108,-0.07479749266564104,-0.8809456880443844,0.46726869123336107,3.1624863,-8.771822,2.6183853
9.60692667023596,0.6416917091496028,15.791553275815573,0.9931686418788228,-0.0912389377561498,-0.07274273177234734,0.10580482580457265,0.44124975689488605,0.891125126386113,-0.049207597228865654,-0.8927340635807126,0.44788894170053867,3.2443452,-8.832385,2.4162629
10.104160909455404,1.2704851774880899,17.548115217126988,0.9912903406883481,-0.09277076997463508,-0.09347216000655842,0.12441563270708601,0.4270084734468709,0.8956475389028132,-0.04317650745571887,-0.8994761519033648,0.4348315091630781,3.137796,-8.890622,2.2957215
10.860381297474156,1.378942447418643,17.684526582778528,0.9882284849068821,-0.11208798716275942,-0.10411889719185882,0.14185611107582677,0.41654387534959997,0.8979799795425161,-0.057282679485953204,-0.9021792965051552,0.4275408887912029,2.8345902,-8.937007,2.2789109
11.543535274737255,0.7050135166554279,15.191278506602963,0.9829378477005849,-0.1617595805548317,-0.08756155352930968,0.1489299255422108,0.42052161865868865,0.8949756675567587,-0.10794936236834728,-0.8927459920601155,0.43743745704370823,2.3433182,-8.97054,2.3793838
10.801794163545534,-0.057425789408726224,10.01028612357425,0.9720823827053391,-0.22690848618512321,-0.059735919940066044,0.155553553775903,0.43260428934379,0.8880634103199161,-0.17566710887812048,-0.8725629305319637,0.45582342976186796,1.7237381,-8.980708,2.576442
8.305468476631852,-0.5013663281393748,3.8498208438244816,0.9568351935068009,-0.28943775022556884,-0.026309717048342618,0.16048364900861273,0.45071241008748875,0.8781248896335906,-0.24230437649304426,-0.8444430780919974,0.47770752243902187,1.0458496,-8.9535475,2.8432236
5.07497658686869,-0.6211522504780572,-1.2262034532925767,0.9365079947884445,-0.35026554246145986,0.01633479297407542,0.1633262231702214,0.47696183605483206,0.8636156273320628,-0.3102858690341498,-0.8061150393779917,0.5038861208312249,0.36631927,-8.880628,3.1685653
2.2284452255909057,-0.6078675157146947,-4.620533373151506,0.9181305016475446,-0.3925465672085269,0.054254718847572866,0.16425432643949445,0.5015705929329807,0.8493806311370444,-0.36063402250804844,-0.7709306926550907,0.5249847320941865,-0.28392944,-8.772975,3.5392196
-0.17920952129723622,-0.583157088778091,-7.27051281446575,0.8886115942942652,-0.44374837024964936,0.11600352747474513,0.16250040444167385,0.5411058154516607,0.825104911535911,-0.4289091431085331,-0.714347170768648,0.5529421909863005,-0.87083435,-8.6460705,3.9210267
-2.3177090286772115,-0.5503987777199892,-9.686621957782982,0.8599486574239493,-0.4818256122656385,0.16832226816315604,0.16366231520188135,0.5727107855616034,0.8032540088192333,-0.48342833303138805,-0.6632091943468911,0.5713585663628746,-1.360225,-8.508982,4.275037
-4.071461516994167,-0.4805666800178763,-11.816969288626925,0.8437284235404953,-0.49496171818821827,0.20769026177950017,0.15503026941859152,0.5951418368462063,0.7885250849524829,-0.5138948947731132,-0.6331027496098001,0.5788721323078527,-1.7301315,-8.374914,4.567932
-5.331560406837867,-0.28935919876386507,-13.32638376287339,0.8334114095273185,-0.4980231609332738,0.2395795351104063,0.14359622631592317,0.6137590623119278,0.7763246339114888,-0.5336717589094571,-0.6125950902545763,0.5830280517594949,-1.9693954,-8.259015,4.7923994
-5.888994825758649,-0.1486774574356664,-14.224267450589867,0.8303976641436341,-0.492848179489987,0.2598853427152088,0.13205203763504628,0.6272350051441574,0.7675535861933283,-0.541296571891258,-0.6030563160229842,0.5859360894872045,-2.0708299,-8.175024,4.9515944
-5.755200345685912,-0.23778593540437853,-14.819973902225884,0.8356017111138868,-0.47798492761906153,0.27074007710818243,0.11805833910275446,0.6375889726103741,0.7612769079473937,-0.5364997753511578,-0.6041611630803878,0.5892005431714306,-2.0257218,-8.135384,5.040918
-5.061873857311145,-0.6545381761518358,-15.34486597223577,0.8500538268419436,-0.45325499554506204,0.26826926861795464,0.10303296184153314,0.6426049714344918,0.7592384733809496,-0.516519796566915,-0.6177529924663421,0.5929490197760264,-1.8316635,-8.142825,5.0637283
-4.210440200606135,-1.0936006585341733,-15.488928620491285,0.8675805126973302,-0.42669643232191246,0.25540988358242706,0.09284836062851959,0.643551588407127,0.7597503109491025,-0.4885521834117963,-0.6354301753162294,0.5979508812445643,-1.4935592,-8.181516,5.0390368
-3.0757346810906556,-1.1951232803744887,-14.617817118256603,0.8926941675746848,-0.38774004594732453,0.2296840872740355,0.08477120957603874,0.6450338453371237,0.7594374104536967,-0.4426183064505525,-0.6584747490514491,0.6086871443167454,-1.0089905,-8.215993,4.9953523
-2.000242585473356,-1.0788883827659497,-12.735822637962912,0.9175496029389979,-0.3440583207717356,0.19931532317968,0.07865810476027883,0.6484231725085424,0.7572055810078765,-0.3897635548662902,-0.6790959146259746,0.6220233999105674,-0.39469758,-8.214099,4.945676
-0.3207147176780012,-0.6734266117280114,-9.091657055760265,0.9438016836663478,-0.28848275544677515,0.16129501454912615,0.07196623639155006,0.6556777484266667,0.7516033202679258,-0.3225821488058539,-0.697756683972265,0.6395907810810166,0.31307068,-8.149918,4.906934
1.6163212248418297,-0.11486590448456657,-4.286209837386699,0.9704809201310947,-0.214048803209102,0.11113007471541639,0.0620245402540875,0.6667897001961695,0.7426603881442508,-0.2330659564753546,-0.7138449450385229,0.660382960391298,1.0769485,-8.024959,4.8736115
2.913130527894112,0.49107704596951207,0.2385393307221703,0.9886793725214508,-0.13788757636819562,0.05916176665629885,0.050197517595486144,0.6755442590509352,0.7356087025658218,-0.14139769297212784,-0.7243113766513862,0.6748182881898889,1.865744,-7.860617,4.824399
3.4119240076458137,0.9753486311581396,3.432843444682446,0.9975502910686045,-0.0690279032952145,0.011338666394592654,0.03876845884873867,0.6804591355218651,0.7317597771696169,-0.05822734226662736,-0.7295275960863309,0.6814683141284432,2.643582,-7.685849,4.7500277
3.3784298167954185,1.1297773886190554,5.548206510577153,0.9993282208296441,0.0016361354896473812,-0.03661188487522312,0.025608791232746703,0.6834589851505675,0.7295395845521693,0.026216347286657893,-0.7299870811717245,0.6829579521883683,3.3927643,-7.4966,4.662196
3.085649534043365,1.0256077431310078,7.364623110864173,0.995330533226288,0.060298525053311146,-0.07537385159236304,0.013491199659259729,0.6863022037325701,0.7271913590545268,0.09557780683415132,-0.7248126468462117,0.6822840389548627,4.0847216,-7.287776,4.585481
1.7727922635712052,0.5133994796641179,11.161234895990832,0.9737328844914662,0.17236656662024127,-0.14877512013598893,-0.013049985925426902,0.6945747581027834,0.7193021640964274,0.2273190874679778,-0.6984666578427404,0.6785796639707944,5.195264,-6.835054,4.5060396
1.489251363882602,0.07655582407513428,11.938527783665883,0.9624330915872547,0.21233554007462263,-0.16922222856060226,-0.028315413808453982,0.6983347737631908,0.7152110045951243,0.27003848162559047,-0.6835511408624301,0.6781128639592486,5.5693207,-6.631189,4.4861555
1.6728288823396504,-0.25085570341944763,11.699062613511005,0.9548779946022848,0.2375524046966459,-0.1782606811586866,-0.04064005652237458,0.6990709119309004,0.7138965232426581,0.29420469273989514,-0.6744395563094875,0.6771815736232668,5.8150663,-6.476561,4.4687605
2.5397726797337374,-0.43676190469115594,5.999700942558438,0.9458717367233952,0.2691060572938309,-0.18140724240127995,-0.05946633541822196,0.6932131370032715,0.7182752269416012,0.31904609795419037,-0.6686086124287147,0.6716934648828679,6.008757,-6.3678236,4.40721
2.4724124458569925,-0.5997834255100926,2.857479076564543,0.9441502519357413,0.27710970915486943,-0.17829893679374312,-0.06535203462522582,0.6878173219601665,0.7229359883017897,0.3229696786697148,-0.670907997197564,0.6675125811221337,6.0075836,-6.382675,4.387343
